condition,run,model,prediction_status,frequency,triples,prediction,test
90L_10NL,3,90L_10NL_3_1,1,300,"('n', 'n', 'n')",tɾasponejs,tɾasponejs
90L_10NL,3,90L_10NL_3_1,1,300,"('n', 'n', 'n')",tɾasponejs,tɾasponejs
90L_10NL,3,90L_10NL_3_1,1,300,"('n', 'n', 'n')",tɾasponejs,tɾasponejs
90L_10NL,3,90L_10NL_3_1,1,672,"('n', 'nɡ', 'n')",tɾasponejs,tɾasponejs
90L_10NL,3,90L_10NL_3_1,1,672,"('n', 'nɡ', 'n')",tɾasponejs,tɾasponejs
90L_10NL,3,90L_10NL_3_1,1,672,"('n', 'nɡ', 'n')",tɾasponejs,tɾasponejs
90L_10NL,3,90L_10NL_3_1,1,672,"('n', 'nɡ', 'n')",tɾasponejs,tɾasponejs
90L_10NL,3,90L_10NL_3_1,1,672,"('n', 'nɡ', 'n')",tɾasponejs,tɾasponejs
90L_10NL,3,90L_10NL_3_1,1,672,"('n', 'nɡ', 'n')",tɾasponejs,tɾasponejs
90L_10NL,3,90L_10NL_3_1,1,672,"('n', 'nɡ', 'n')",tɾasponejs,tɾasponejs
90L_10NL,3,90L_10NL_3_1,1,300,"('n', 'n', 'n')",tɾasponejs,tɾasponejs
90L_10NL,3,90L_10NL_3_1,1,300,"('n', 'n', 'n')",tɾasponejs,tɾasponejs
90L_10NL,3,90L_10NL_3_1,1,672,"('n', 'nɡ', 'n')",tɾasponejs,tɾasponejs
90L_10NL,3,90L_10NL_3_1,1,672,"('n', 'nɡ', 'n')",tɾasponejs,tɾasponejs
90L_10NL,3,90L_10NL_3_1,1,672,"('n', 'nɡ', 'n')",tɾasponejs,tɾasponejs
90L_10NL,3,90L_10NL_3_1,1,672,"('n', 'nɡ', 'n')",tɾasponejs,tɾasponejs
90L_10NL,3,90L_10NL_3_1,1,672,"('n', 'nɡ', 'n')",tɾasponejs,tɾasponejs
90L_10NL,3,90L_10NL_3_1,1,672,"('n', 'nɡ', 'n')",tɾasponejs,tɾasponejs
90L_10NL,3,90L_10NL_3_1,1,672,"('n', 'nɡ', 'n')",tɾasponejs,tɾasponejs
90L_10NL,3,90L_10NL_3_1,1,300,"('n', 'n', 'n')",tɾasponejs,tɾasponejs
90L_10NL,3,90L_10NL_3_1,1,672,"('n', 'nɡ', 'n')",tɾasponejs,tɾasponejs
90L_10NL,3,90L_10NL_3_1,1,672,"('n', 'nɡ', 'n')",tɾasponejs,tɾasponejs
90L_10NL,3,90L_10NL_3_1,1,672,"('n', 'nɡ', 'n')",tɾasponejs,tɾasponejs
90L_10NL,3,90L_10NL_3_1,1,672,"('n', 'nɡ', 'n')",tɾasponejs,tɾasponejs
90L_10NL,3,90L_10NL_3_1,1,672,"('n', 'nɡ', 'n')",tɾasponejs,tɾasponejs
90L_10NL,3,90L_10NL_3_1,1,672,"('n', 'nɡ', 'n')",tɾasponejs,tɾasponejs
90L_10NL,3,90L_10NL_3_1,1,672,"('n', 'nɡ', 'n')",tɾasponejs,tɾasponejs
90L_10NL,3,90L_10NL_3_1,1,672,"('n', 'nɡ', 'n')",tɾasponejs,tɾasponejs
90L_10NL,3,90L_10NL_3_1,1,672,"('n', 'nɡ', 'n')",tɾasponejs,tɾasponejs
90L_10NL,3,90L_10NL_3_1,1,672,"('n', 'nɡ', 'n')",tɾasponejs,tɾasponejs
90L_10NL,3,90L_10NL_3_1,1,672,"('n', 'nɡ', 'n')",tɾasponejs,tɾasponejs
90L_10NL,3,90L_10NL_3_1,1,672,"('n', 'nɡ', 'n')",tɾasponejs,tɾasponejs
90L_10NL,3,90L_10NL_3_1,1,672,"('n', 'nɡ', 'n')",tɾasponejs,tɾasponejs
90L_10NL,3,90L_10NL_3_1,1,672,"('n', 'nɡ', 'n')",tɾasponejs,tɾasponejs
90L_10NL,3,90L_10NL_3_1,1,1050,"('nɡ', 'nɡ', 'n')",tɾasponejs,tɾasponejs
90L_10NL,3,90L_10NL_3_1,1,1050,"('nɡ', 'nɡ', 'n')",tɾasponejs,tɾasponejs
90L_10NL,3,90L_10NL_3_1,1,1050,"('nɡ', 'nɡ', 'n')",tɾasponejs,tɾasponejs
90L_10NL,3,90L_10NL_3_1,1,1050,"('nɡ', 'nɡ', 'n')",tɾasponejs,tɾasponejs
90L_10NL,3,90L_10NL_3_1,1,1050,"('nɡ', 'nɡ', 'n')",tɾasponejs,tɾasponejs
90L_10NL,3,90L_10NL_3_1,1,1050,"('nɡ', 'nɡ', 'n')",tɾasponejs,tɾasponejs
90L_10NL,3,90L_10NL_3_1,1,1050,"('nɡ', 'nɡ', 'n')",tɾasponejs,tɾasponejs
90L_10NL,3,90L_10NL_3_1,1,1050,"('nɡ', 'nɡ', 'n')",tɾasponejs,tɾasponejs
90L_10NL,3,90L_10NL_3_1,1,1050,"('nɡ', 'nɡ', 'n')",tɾasponejs,tɾasponejs
90L_10NL,3,90L_10NL_3_1,1,1050,"('nɡ', 'nɡ', 'n')",tɾasponejs,tɾasponejs
90L_10NL,3,90L_10NL_3_1,1,1050,"('nɡ', 'nɡ', 'n')",tɾasponejs,tɾasponejs
90L_10NL,3,90L_10NL_3_1,1,1050,"('nɡ', 'nɡ', 'n')",tɾasponejs,tɾasponejs
90L_10NL,3,90L_10NL_3_1,1,1050,"('nɡ', 'nɡ', 'n')",tɾasponejs,tɾasponejs
90L_10NL,3,90L_10NL_3_1,1,1050,"('nɡ', 'nɡ', 'n')",tɾasponejs,tɾasponejs
90L_10NL,3,90L_10NL_3_1,1,1050,"('nɡ', 'nɡ', 'n')",tɾasponejs,tɾasponejs
90L_10NL,3,90L_10NL_3_1,1,1050,"('nɡ', 'nɡ', 'n')",tɾasponejs,tɾasponejs
90L_10NL,3,90L_10NL_3_1,1,1050,"('nɡ', 'nɡ', 'n')",tɾasponejs,tɾasponejs
90L_10NL,3,90L_10NL_3_1,1,1050,"('nɡ', 'nɡ', 'n')",tɾasponejs,tɾasponejs
90L_10NL,3,90L_10NL_3_1,1,1050,"('nɡ', 'nɡ', 'n')",tɾasponejs,tɾasponejs
90L_10NL,3,90L_10NL_3_1,1,1050,"('nɡ', 'nɡ', 'n')",tɾasponejs,tɾasponejs
90L_10NL,3,90L_10NL_3_1,1,1050,"('nɡ', 'nɡ', 'n')",tɾasponejs,tɾasponejs
90L_10NL,3,90L_10NL_3_1,1,300,"('n', 'n', 'n')",tɾasponemos,tɾasponemos
90L_10NL,3,90L_10NL_3_1,1,300,"('n', 'n', 'n')",tɾasponemos,tɾasponemos
90L_10NL,3,90L_10NL_3_1,1,300,"('n', 'n', 'n')",tɾasponemos,tɾasponemos
90L_10NL,3,90L_10NL_3_1,1,672,"('n', 'nɡ', 'n')",tɾasponemos,tɾasponemos
90L_10NL,3,90L_10NL_3_1,1,672,"('n', 'nɡ', 'n')",tɾasponemos,tɾasponemos
90L_10NL,3,90L_10NL_3_1,1,672,"('n', 'nɡ', 'n')",tɾasponemos,tɾasponemos
90L_10NL,3,90L_10NL_3_1,1,672,"('n', 'nɡ', 'n')",tɾasponemos,tɾasponemos
90L_10NL,3,90L_10NL_3_1,1,672,"('n', 'nɡ', 'n')",tɾasponemos,tɾasponemos
90L_10NL,3,90L_10NL_3_1,1,672,"('n', 'nɡ', 'n')",tɾasponemos,tɾasponemos
90L_10NL,3,90L_10NL_3_1,1,672,"('n', 'nɡ', 'n')",tɾasponemos,tɾasponemos
90L_10NL,3,90L_10NL_3_1,1,300,"('n', 'n', 'n')",tɾasponemos,tɾasponemos
90L_10NL,3,90L_10NL_3_1,1,300,"('n', 'n', 'n')",tɾasponemos,tɾasponemos
90L_10NL,3,90L_10NL_3_1,1,672,"('n', 'nɡ', 'n')",tɾasponemos,tɾasponemos
90L_10NL,3,90L_10NL_3_1,1,672,"('n', 'nɡ', 'n')",tɾasponemos,tɾasponemos
90L_10NL,3,90L_10NL_3_1,1,672,"('n', 'nɡ', 'n')",tɾasponemos,tɾasponemos
90L_10NL,3,90L_10NL_3_1,1,672,"('n', 'nɡ', 'n')",tɾasponemos,tɾasponemos
90L_10NL,3,90L_10NL_3_1,1,672,"('n', 'nɡ', 'n')",tɾasponemos,tɾasponemos
90L_10NL,3,90L_10NL_3_1,1,672,"('n', 'nɡ', 'n')",tɾasponemos,tɾasponemos
90L_10NL,3,90L_10NL_3_1,1,672,"('n', 'nɡ', 'n')",tɾasponemos,tɾasponemos
90L_10NL,3,90L_10NL_3_1,1,300,"('n', 'n', 'n')",tɾasponemos,tɾasponemos
90L_10NL,3,90L_10NL_3_1,1,672,"('n', 'nɡ', 'n')",tɾasponemos,tɾasponemos
90L_10NL,3,90L_10NL_3_1,1,672,"('n', 'nɡ', 'n')",tɾasponemos,tɾasponemos
90L_10NL,3,90L_10NL_3_1,1,672,"('n', 'nɡ', 'n')",tɾasponemos,tɾasponemos
90L_10NL,3,90L_10NL_3_1,1,672,"('n', 'nɡ', 'n')",tɾasponemos,tɾasponemos
90L_10NL,3,90L_10NL_3_1,1,672,"('n', 'nɡ', 'n')",tɾasponemos,tɾasponemos
90L_10NL,3,90L_10NL_3_1,1,672,"('n', 'nɡ', 'n')",tɾasponemos,tɾasponemos
90L_10NL,3,90L_10NL_3_1,1,672,"('n', 'nɡ', 'n')",tɾasponemos,tɾasponemos
90L_10NL,3,90L_10NL_3_1,1,672,"('n', 'nɡ', 'n')",tɾasponemos,tɾasponemos
90L_10NL,3,90L_10NL_3_1,1,672,"('n', 'nɡ', 'n')",tɾasponemos,tɾasponemos
90L_10NL,3,90L_10NL_3_1,1,672,"('n', 'nɡ', 'n')",tɾasponemos,tɾasponemos
90L_10NL,3,90L_10NL_3_1,1,672,"('n', 'nɡ', 'n')",tɾasponemos,tɾasponemos
90L_10NL,3,90L_10NL_3_1,1,672,"('n', 'nɡ', 'n')",tɾasponemos,tɾasponemos
90L_10NL,3,90L_10NL_3_1,1,672,"('n', 'nɡ', 'n')",tɾasponemos,tɾasponemos
90L_10NL,3,90L_10NL_3_1,1,672,"('n', 'nɡ', 'n')",tɾasponemos,tɾasponemos
90L_10NL,3,90L_10NL_3_1,1,1050,"('nɡ', 'nɡ', 'n')",tɾasponemos,tɾasponemos
90L_10NL,3,90L_10NL_3_1,1,1050,"('nɡ', 'nɡ', 'n')",tɾasponemos,tɾasponemos
90L_10NL,3,90L_10NL_3_1,1,1050,"('nɡ', 'nɡ', 'n')",tɾasponemos,tɾasponemos
90L_10NL,3,90L_10NL_3_1,1,1050,"('nɡ', 'nɡ', 'n')",tɾasponemos,tɾasponemos
90L_10NL,3,90L_10NL_3_1,1,1050,"('nɡ', 'nɡ', 'n')",tɾasponemos,tɾasponemos
90L_10NL,3,90L_10NL_3_1,1,1050,"('nɡ', 'nɡ', 'n')",tɾasponemos,tɾasponemos
90L_10NL,3,90L_10NL_3_1,1,1050,"('nɡ', 'nɡ', 'n')",tɾasponemos,tɾasponemos
90L_10NL,3,90L_10NL_3_1,1,1050,"('nɡ', 'nɡ', 'n')",tɾasponemos,tɾasponemos
90L_10NL,3,90L_10NL_3_1,1,1050,"('nɡ', 'nɡ', 'n')",tɾasponemos,tɾasponemos
90L_10NL,3,90L_10NL_3_1,1,1050,"('nɡ', 'nɡ', 'n')",tɾasponemos,tɾasponemos
90L_10NL,3,90L_10NL_3_1,1,1050,"('nɡ', 'nɡ', 'n')",tɾasponemos,tɾasponemos
90L_10NL,3,90L_10NL_3_1,1,1050,"('nɡ', 'nɡ', 'n')",tɾasponemos,tɾasponemos
90L_10NL,3,90L_10NL_3_1,1,1050,"('nɡ', 'nɡ', 'n')",tɾasponemos,tɾasponemos
90L_10NL,3,90L_10NL_3_1,1,1050,"('nɡ', 'nɡ', 'n')",tɾasponemos,tɾasponemos
90L_10NL,3,90L_10NL_3_1,1,1050,"('nɡ', 'nɡ', 'n')",tɾasponemos,tɾasponemos
90L_10NL,3,90L_10NL_3_1,1,1050,"('nɡ', 'nɡ', 'n')",tɾasponemos,tɾasponemos
90L_10NL,3,90L_10NL_3_1,1,1050,"('nɡ', 'nɡ', 'n')",tɾasponemos,tɾasponemos
90L_10NL,3,90L_10NL_3_1,1,1050,"('nɡ', 'nɡ', 'n')",tɾasponemos,tɾasponemos
90L_10NL,3,90L_10NL_3_1,1,1050,"('nɡ', 'nɡ', 'n')",tɾasponemos,tɾasponemos
90L_10NL,3,90L_10NL_3_1,1,1050,"('nɡ', 'nɡ', 'n')",tɾasponemos,tɾasponemos
90L_10NL,3,90L_10NL_3_1,1,1050,"('nɡ', 'nɡ', 'n')",tɾasponemos,tɾasponemos
90L_10NL,3,90L_10NL_3_1,1,300,"('n', 'n', 'n')",tɾasponen,tɾasponen
90L_10NL,3,90L_10NL_3_1,1,300,"('n', 'n', 'n')",tɾasponen,tɾasponen
90L_10NL,3,90L_10NL_3_1,1,300,"('n', 'n', 'n')",tɾasponen,tɾasponen
90L_10NL,3,90L_10NL_3_1,1,672,"('n', 'nɡ', 'n')",tɾasponen,tɾasponen
90L_10NL,3,90L_10NL_3_1,1,672,"('n', 'nɡ', 'n')",tɾasponen,tɾasponen
90L_10NL,3,90L_10NL_3_1,1,672,"('n', 'nɡ', 'n')",tɾasponen,tɾasponen
90L_10NL,3,90L_10NL_3_1,1,672,"('n', 'nɡ', 'n')",tɾasponen,tɾasponen
90L_10NL,3,90L_10NL_3_1,1,672,"('n', 'nɡ', 'n')",tɾasponen,tɾasponen
90L_10NL,3,90L_10NL_3_1,1,672,"('n', 'nɡ', 'n')",tɾasponen,tɾasponen
90L_10NL,3,90L_10NL_3_1,1,672,"('n', 'nɡ', 'n')",tɾasponen,tɾasponen
90L_10NL,3,90L_10NL_3_1,1,300,"('n', 'n', 'n')",tɾasponen,tɾasponen
90L_10NL,3,90L_10NL_3_1,1,300,"('n', 'n', 'n')",tɾasponen,tɾasponen
90L_10NL,3,90L_10NL_3_1,1,672,"('n', 'nɡ', 'n')",tɾasponen,tɾasponen
90L_10NL,3,90L_10NL_3_1,1,672,"('n', 'nɡ', 'n')",tɾasponen,tɾasponen
90L_10NL,3,90L_10NL_3_1,1,672,"('n', 'nɡ', 'n')",tɾasponen,tɾasponen
90L_10NL,3,90L_10NL_3_1,1,672,"('n', 'nɡ', 'n')",tɾasponen,tɾasponen
90L_10NL,3,90L_10NL_3_1,1,672,"('n', 'nɡ', 'n')",tɾasponen,tɾasponen
90L_10NL,3,90L_10NL_3_1,1,672,"('n', 'nɡ', 'n')",tɾasponen,tɾasponen
90L_10NL,3,90L_10NL_3_1,1,672,"('n', 'nɡ', 'n')",tɾasponen,tɾasponen
90L_10NL,3,90L_10NL_3_1,1,300,"('n', 'n', 'n')",tɾasponen,tɾasponen
90L_10NL,3,90L_10NL_3_1,1,672,"('n', 'nɡ', 'n')",tɾasponen,tɾasponen
90L_10NL,3,90L_10NL_3_1,1,672,"('n', 'nɡ', 'n')",tɾasponen,tɾasponen
90L_10NL,3,90L_10NL_3_1,1,672,"('n', 'nɡ', 'n')",tɾasponen,tɾasponen
90L_10NL,3,90L_10NL_3_1,1,672,"('n', 'nɡ', 'n')",tɾasponen,tɾasponen
90L_10NL,3,90L_10NL_3_1,1,672,"('n', 'nɡ', 'n')",tɾasponen,tɾasponen
90L_10NL,3,90L_10NL_3_1,1,672,"('n', 'nɡ', 'n')",tɾasponen,tɾasponen
90L_10NL,3,90L_10NL_3_1,1,672,"('n', 'nɡ', 'n')",tɾasponen,tɾasponen
90L_10NL,3,90L_10NL_3_1,1,672,"('n', 'nɡ', 'n')",tɾasponen,tɾasponen
90L_10NL,3,90L_10NL_3_1,1,672,"('n', 'nɡ', 'n')",tɾasponen,tɾasponen
90L_10NL,3,90L_10NL_3_1,1,672,"('n', 'nɡ', 'n')",tɾasponen,tɾasponen
90L_10NL,3,90L_10NL_3_1,1,672,"('n', 'nɡ', 'n')",tɾasponen,tɾasponen
90L_10NL,3,90L_10NL_3_1,1,672,"('n', 'nɡ', 'n')",tɾasponen,tɾasponen
90L_10NL,3,90L_10NL_3_1,1,672,"('n', 'nɡ', 'n')",tɾasponen,tɾasponen
90L_10NL,3,90L_10NL_3_1,1,672,"('n', 'nɡ', 'n')",tɾasponen,tɾasponen
90L_10NL,3,90L_10NL_3_1,1,1050,"('nɡ', 'nɡ', 'n')",tɾasponen,tɾasponen
90L_10NL,3,90L_10NL_3_1,1,1050,"('nɡ', 'nɡ', 'n')",tɾasponen,tɾasponen
90L_10NL,3,90L_10NL_3_1,1,1050,"('nɡ', 'nɡ', 'n')",tɾasponen,tɾasponen
90L_10NL,3,90L_10NL_3_1,1,1050,"('nɡ', 'nɡ', 'n')",tɾasponen,tɾasponen
90L_10NL,3,90L_10NL_3_1,1,1050,"('nɡ', 'nɡ', 'n')",tɾasponen,tɾasponen
90L_10NL,3,90L_10NL_3_1,1,1050,"('nɡ', 'nɡ', 'n')",tɾasponen,tɾasponen
90L_10NL,3,90L_10NL_3_1,1,1050,"('nɡ', 'nɡ', 'n')",tɾasponen,tɾasponen
90L_10NL,3,90L_10NL_3_1,1,1050,"('nɡ', 'nɡ', 'n')",tɾasponen,tɾasponen
90L_10NL,3,90L_10NL_3_1,1,1050,"('nɡ', 'nɡ', 'n')",tɾasponen,tɾasponen
90L_10NL,3,90L_10NL_3_1,1,1050,"('nɡ', 'nɡ', 'n')",tɾasponen,tɾasponen
90L_10NL,3,90L_10NL_3_1,1,1050,"('nɡ', 'nɡ', 'n')",tɾasponen,tɾasponen
90L_10NL,3,90L_10NL_3_1,1,1050,"('nɡ', 'nɡ', 'n')",tɾasponen,tɾasponen
90L_10NL,3,90L_10NL_3_1,1,1050,"('nɡ', 'nɡ', 'n')",tɾasponen,tɾasponen
90L_10NL,3,90L_10NL_3_1,1,1050,"('nɡ', 'nɡ', 'n')",tɾasponen,tɾasponen
90L_10NL,3,90L_10NL_3_1,1,1050,"('nɡ', 'nɡ', 'n')",tɾasponen,tɾasponen
90L_10NL,3,90L_10NL_3_1,1,1050,"('nɡ', 'nɡ', 'n')",tɾasponen,tɾasponen
90L_10NL,3,90L_10NL_3_1,1,1050,"('nɡ', 'nɡ', 'n')",tɾasponen,tɾasponen
90L_10NL,3,90L_10NL_3_1,1,1050,"('nɡ', 'nɡ', 'n')",tɾasponen,tɾasponen
90L_10NL,3,90L_10NL_3_1,1,1050,"('nɡ', 'nɡ', 'n')",tɾasponen,tɾasponen
90L_10NL,3,90L_10NL_3_1,1,1050,"('nɡ', 'nɡ', 'n')",tɾasponen,tɾasponen
90L_10NL,3,90L_10NL_3_1,1,1050,"('nɡ', 'nɡ', 'n')",tɾasponen,tɾasponen
90L_10NL,3,90L_10NL_3_1,1,300,"('n', 'n', 'n')",tɾaspones,tɾaspones
90L_10NL,3,90L_10NL_3_1,1,300,"('n', 'n', 'n')",tɾaspones,tɾaspones
90L_10NL,3,90L_10NL_3_1,1,300,"('n', 'n', 'n')",tɾaspones,tɾaspones
90L_10NL,3,90L_10NL_3_1,1,672,"('n', 'nɡ', 'n')",tɾaspones,tɾaspones
90L_10NL,3,90L_10NL_3_1,1,672,"('n', 'nɡ', 'n')",tɾaspones,tɾaspones
90L_10NL,3,90L_10NL_3_1,1,672,"('n', 'nɡ', 'n')",tɾaspones,tɾaspones
90L_10NL,3,90L_10NL_3_1,1,672,"('n', 'nɡ', 'n')",tɾaspones,tɾaspones
90L_10NL,3,90L_10NL_3_1,1,672,"('n', 'nɡ', 'n')",tɾaspones,tɾaspones
90L_10NL,3,90L_10NL_3_1,1,672,"('n', 'nɡ', 'n')",tɾaspones,tɾaspones
90L_10NL,3,90L_10NL_3_1,1,672,"('n', 'nɡ', 'n')",tɾaspones,tɾaspones
90L_10NL,3,90L_10NL_3_1,1,300,"('n', 'n', 'n')",tɾaspones,tɾaspones
90L_10NL,3,90L_10NL_3_1,1,300,"('n', 'n', 'n')",tɾaspones,tɾaspones
90L_10NL,3,90L_10NL_3_1,1,672,"('n', 'nɡ', 'n')",tɾaspones,tɾaspones
90L_10NL,3,90L_10NL_3_1,1,672,"('n', 'nɡ', 'n')",tɾaspones,tɾaspones
90L_10NL,3,90L_10NL_3_1,1,672,"('n', 'nɡ', 'n')",tɾaspones,tɾaspones
90L_10NL,3,90L_10NL_3_1,1,672,"('n', 'nɡ', 'n')",tɾaspones,tɾaspones
90L_10NL,3,90L_10NL_3_1,1,672,"('n', 'nɡ', 'n')",tɾaspones,tɾaspones
90L_10NL,3,90L_10NL_3_1,1,672,"('n', 'nɡ', 'n')",tɾaspones,tɾaspones
90L_10NL,3,90L_10NL_3_1,1,672,"('n', 'nɡ', 'n')",tɾaspones,tɾaspones
90L_10NL,3,90L_10NL_3_1,1,300,"('n', 'n', 'n')",tɾaspones,tɾaspones
90L_10NL,3,90L_10NL_3_1,1,672,"('n', 'nɡ', 'n')",tɾaspones,tɾaspones
90L_10NL,3,90L_10NL_3_1,1,672,"('n', 'nɡ', 'n')",tɾaspones,tɾaspones
90L_10NL,3,90L_10NL_3_1,1,672,"('n', 'nɡ', 'n')",tɾaspones,tɾaspones
90L_10NL,3,90L_10NL_3_1,1,672,"('n', 'nɡ', 'n')",tɾaspones,tɾaspones
90L_10NL,3,90L_10NL_3_1,1,672,"('n', 'nɡ', 'n')",tɾaspones,tɾaspones
90L_10NL,3,90L_10NL_3_1,1,672,"('n', 'nɡ', 'n')",tɾaspones,tɾaspones
90L_10NL,3,90L_10NL_3_1,1,672,"('n', 'nɡ', 'n')",tɾaspones,tɾaspones
90L_10NL,3,90L_10NL_3_1,1,672,"('n', 'nɡ', 'n')",tɾaspones,tɾaspones
90L_10NL,3,90L_10NL_3_1,1,672,"('n', 'nɡ', 'n')",tɾaspones,tɾaspones
90L_10NL,3,90L_10NL_3_1,1,672,"('n', 'nɡ', 'n')",tɾaspones,tɾaspones
90L_10NL,3,90L_10NL_3_1,1,672,"('n', 'nɡ', 'n')",tɾaspones,tɾaspones
90L_10NL,3,90L_10NL_3_1,1,672,"('n', 'nɡ', 'n')",tɾaspones,tɾaspones
90L_10NL,3,90L_10NL_3_1,1,672,"('n', 'nɡ', 'n')",tɾaspones,tɾaspones
90L_10NL,3,90L_10NL_3_1,1,672,"('n', 'nɡ', 'n')",tɾaspones,tɾaspones
90L_10NL,3,90L_10NL_3_1,1,1050,"('nɡ', 'nɡ', 'n')",tɾaspones,tɾaspones
90L_10NL,3,90L_10NL_3_1,1,1050,"('nɡ', 'nɡ', 'n')",tɾaspones,tɾaspones
90L_10NL,3,90L_10NL_3_1,1,1050,"('nɡ', 'nɡ', 'n')",tɾaspones,tɾaspones
90L_10NL,3,90L_10NL_3_1,1,1050,"('nɡ', 'nɡ', 'n')",tɾaspones,tɾaspones
90L_10NL,3,90L_10NL_3_1,1,1050,"('nɡ', 'nɡ', 'n')",tɾaspones,tɾaspones
90L_10NL,3,90L_10NL_3_1,1,1050,"('nɡ', 'nɡ', 'n')",tɾaspones,tɾaspones
90L_10NL,3,90L_10NL_3_1,1,1050,"('nɡ', 'nɡ', 'n')",tɾaspones,tɾaspones
90L_10NL,3,90L_10NL_3_1,1,1050,"('nɡ', 'nɡ', 'n')",tɾaspones,tɾaspones
90L_10NL,3,90L_10NL_3_1,1,1050,"('nɡ', 'nɡ', 'n')",tɾaspones,tɾaspones
90L_10NL,3,90L_10NL_3_1,1,1050,"('nɡ', 'nɡ', 'n')",tɾaspones,tɾaspones
90L_10NL,3,90L_10NL_3_1,1,1050,"('nɡ', 'nɡ', 'n')",tɾaspones,tɾaspones
90L_10NL,3,90L_10NL_3_1,1,1050,"('nɡ', 'nɡ', 'n')",tɾaspones,tɾaspones
90L_10NL,3,90L_10NL_3_1,1,1050,"('nɡ', 'nɡ', 'n')",tɾaspones,tɾaspones
90L_10NL,3,90L_10NL_3_1,1,1050,"('nɡ', 'nɡ', 'n')",tɾaspones,tɾaspones
90L_10NL,3,90L_10NL_3_1,1,1050,"('nɡ', 'nɡ', 'n')",tɾaspones,tɾaspones
90L_10NL,3,90L_10NL_3_1,1,1050,"('nɡ', 'nɡ', 'n')",tɾaspones,tɾaspones
90L_10NL,3,90L_10NL_3_1,1,1050,"('nɡ', 'nɡ', 'n')",tɾaspones,tɾaspones
90L_10NL,3,90L_10NL_3_1,1,1050,"('nɡ', 'nɡ', 'n')",tɾaspones,tɾaspones
90L_10NL,3,90L_10NL_3_1,1,1050,"('nɡ', 'nɡ', 'n')",tɾaspones,tɾaspones
90L_10NL,3,90L_10NL_3_1,1,1050,"('nɡ', 'nɡ', 'n')",tɾaspones,tɾaspones
90L_10NL,3,90L_10NL_3_1,1,1050,"('nɡ', 'nɡ', 'n')",tɾaspones,tɾaspones
90L_10NL,3,90L_10NL_3_1,1,300,"('n', 'n', 'n')",tɾaspone,tɾaspone
90L_10NL,3,90L_10NL_3_1,1,300,"('n', 'n', 'n')",tɾaspone,tɾaspone
90L_10NL,3,90L_10NL_3_1,1,300,"('n', 'n', 'n')",tɾaspone,tɾaspone
90L_10NL,3,90L_10NL_3_1,1,672,"('n', 'nɡ', 'n')",tɾaspone,tɾaspone
90L_10NL,3,90L_10NL_3_1,1,672,"('n', 'nɡ', 'n')",tɾaspone,tɾaspone
90L_10NL,3,90L_10NL_3_1,1,672,"('n', 'nɡ', 'n')",tɾaspone,tɾaspone
90L_10NL,3,90L_10NL_3_1,1,672,"('n', 'nɡ', 'n')",tɾaspone,tɾaspone
90L_10NL,3,90L_10NL_3_1,1,672,"('n', 'nɡ', 'n')",tɾaspone,tɾaspone
90L_10NL,3,90L_10NL_3_1,1,672,"('n', 'nɡ', 'n')",tɾaspone,tɾaspone
90L_10NL,3,90L_10NL_3_1,1,672,"('n', 'nɡ', 'n')",tɾaspone,tɾaspone
90L_10NL,3,90L_10NL_3_1,1,300,"('n', 'n', 'n')",tɾaspone,tɾaspone
90L_10NL,3,90L_10NL_3_1,1,300,"('n', 'n', 'n')",tɾaspone,tɾaspone
90L_10NL,3,90L_10NL_3_1,1,672,"('n', 'nɡ', 'n')",tɾaspone,tɾaspone
90L_10NL,3,90L_10NL_3_1,1,672,"('n', 'nɡ', 'n')",tɾaspone,tɾaspone
90L_10NL,3,90L_10NL_3_1,1,672,"('n', 'nɡ', 'n')",tɾaspone,tɾaspone
90L_10NL,3,90L_10NL_3_1,1,672,"('n', 'nɡ', 'n')",tɾaspone,tɾaspone
90L_10NL,3,90L_10NL_3_1,1,672,"('n', 'nɡ', 'n')",tɾaspone,tɾaspone
90L_10NL,3,90L_10NL_3_1,1,672,"('n', 'nɡ', 'n')",tɾaspone,tɾaspone
90L_10NL,3,90L_10NL_3_1,1,672,"('n', 'nɡ', 'n')",tɾaspone,tɾaspone
90L_10NL,3,90L_10NL_3_1,1,300,"('n', 'n', 'n')",tɾaspone,tɾaspone
90L_10NL,3,90L_10NL_3_1,1,672,"('n', 'nɡ', 'n')",tɾaspone,tɾaspone
90L_10NL,3,90L_10NL_3_1,1,672,"('n', 'nɡ', 'n')",tɾaspone,tɾaspone
90L_10NL,3,90L_10NL_3_1,1,672,"('n', 'nɡ', 'n')",tɾaspone,tɾaspone
90L_10NL,3,90L_10NL_3_1,1,672,"('n', 'nɡ', 'n')",tɾaspone,tɾaspone
90L_10NL,3,90L_10NL_3_1,1,672,"('n', 'nɡ', 'n')",tɾaspone,tɾaspone
90L_10NL,3,90L_10NL_3_1,1,672,"('n', 'nɡ', 'n')",tɾaspone,tɾaspone
90L_10NL,3,90L_10NL_3_1,1,672,"('n', 'nɡ', 'n')",tɾaspone,tɾaspone
90L_10NL,3,90L_10NL_3_1,1,672,"('n', 'nɡ', 'n')",tɾaspone,tɾaspone
90L_10NL,3,90L_10NL_3_1,1,672,"('n', 'nɡ', 'n')",tɾaspone,tɾaspone
90L_10NL,3,90L_10NL_3_1,1,672,"('n', 'nɡ', 'n')",tɾaspone,tɾaspone
90L_10NL,3,90L_10NL_3_1,1,672,"('n', 'nɡ', 'n')",tɾaspone,tɾaspone
90L_10NL,3,90L_10NL_3_1,1,672,"('n', 'nɡ', 'n')",tɾaspone,tɾaspone
90L_10NL,3,90L_10NL_3_1,1,672,"('n', 'nɡ', 'n')",tɾaspone,tɾaspone
90L_10NL,3,90L_10NL_3_1,1,672,"('n', 'nɡ', 'n')",tɾaspone,tɾaspone
90L_10NL,3,90L_10NL_3_1,1,1050,"('nɡ', 'nɡ', 'n')",tɾaspone,tɾaspone
90L_10NL,3,90L_10NL_3_1,1,1050,"('nɡ', 'nɡ', 'n')",tɾaspone,tɾaspone
90L_10NL,3,90L_10NL_3_1,1,1050,"('nɡ', 'nɡ', 'n')",tɾaspone,tɾaspone
90L_10NL,3,90L_10NL_3_1,1,1050,"('nɡ', 'nɡ', 'n')",tɾaspone,tɾaspone
90L_10NL,3,90L_10NL_3_1,1,1050,"('nɡ', 'nɡ', 'n')",tɾaspone,tɾaspone
90L_10NL,3,90L_10NL_3_1,1,1050,"('nɡ', 'nɡ', 'n')",tɾaspone,tɾaspone
90L_10NL,3,90L_10NL_3_1,1,1050,"('nɡ', 'nɡ', 'n')",tɾaspone,tɾaspone
90L_10NL,3,90L_10NL_3_1,1,1050,"('nɡ', 'nɡ', 'n')",tɾaspone,tɾaspone
90L_10NL,3,90L_10NL_3_1,1,1050,"('nɡ', 'nɡ', 'n')",tɾaspone,tɾaspone
90L_10NL,3,90L_10NL_3_1,1,1050,"('nɡ', 'nɡ', 'n')",tɾaspone,tɾaspone
90L_10NL,3,90L_10NL_3_1,1,1050,"('nɡ', 'nɡ', 'n')",tɾaspone,tɾaspone
90L_10NL,3,90L_10NL_3_1,1,1050,"('nɡ', 'nɡ', 'n')",tɾaspone,tɾaspone
90L_10NL,3,90L_10NL_3_1,1,1050,"('nɡ', 'nɡ', 'n')",tɾaspone,tɾaspone
90L_10NL,3,90L_10NL_3_1,1,1050,"('nɡ', 'nɡ', 'n')",tɾaspone,tɾaspone
90L_10NL,3,90L_10NL_3_1,1,1050,"('nɡ', 'nɡ', 'n')",tɾaspone,tɾaspone
90L_10NL,3,90L_10NL_3_1,1,1050,"('nɡ', 'nɡ', 'n')",tɾaspone,tɾaspone
90L_10NL,3,90L_10NL_3_1,1,1050,"('nɡ', 'nɡ', 'n')",tɾaspone,tɾaspone
90L_10NL,3,90L_10NL_3_1,1,1050,"('nɡ', 'nɡ', 'n')",tɾaspone,tɾaspone
90L_10NL,3,90L_10NL_3_1,1,1050,"('nɡ', 'nɡ', 'n')",tɾaspone,tɾaspone
90L_10NL,3,90L_10NL_3_1,1,1050,"('nɡ', 'nɡ', 'n')",tɾaspone,tɾaspone
90L_10NL,3,90L_10NL_3_1,1,1050,"('nɡ', 'nɡ', 'n')",tɾaspone,tɾaspone
90L_10NL,3,90L_10NL_3_1,1,700,"('n', 'n', 'nɡ')",tɾasponɡajs,tɾasponɡajs
90L_10NL,3,90L_10NL_3_1,1,700,"('n', 'n', 'nɡ')",tɾasponɡajs,tɾasponɡajs
90L_10NL,3,90L_10NL_3_1,1,700,"('n', 'n', 'nɡ')",tɾasponɡajs,tɾasponɡajs
90L_10NL,3,90L_10NL_3_1,1,700,"('n', 'n', 'nɡ')",tɾasponɡajs,tɾasponɡajs
90L_10NL,3,90L_10NL_3_1,1,1008,"('n', 'nɡ', 'nɡ')",tɾasponɡajs,tɾasponɡajs
90L_10NL,3,90L_10NL_3_1,1,1008,"('n', 'nɡ', 'nɡ')",tɾasponɡajs,tɾasponɡajs
90L_10NL,3,90L_10NL_3_1,1,1008,"('n', 'nɡ', 'nɡ')",tɾasponɡajs,tɾasponɡajs
90L_10NL,3,90L_10NL_3_1,1,1008,"('n', 'nɡ', 'nɡ')",tɾasponɡajs,tɾasponɡajs
90L_10NL,3,90L_10NL_3_1,1,1008,"('n', 'nɡ', 'nɡ')",tɾasponɡajs,tɾasponɡajs
90L_10NL,3,90L_10NL_3_1,1,1008,"('n', 'nɡ', 'nɡ')",tɾasponɡajs,tɾasponɡajs
90L_10NL,3,90L_10NL_3_1,1,700,"('n', 'n', 'nɡ')",tɾasponɡajs,tɾasponɡajs
90L_10NL,3,90L_10NL_3_1,1,700,"('n', 'n', 'nɡ')",tɾasponɡajs,tɾasponɡajs
90L_10NL,3,90L_10NL_3_1,1,700,"('n', 'n', 'nɡ')",tɾasponɡajs,tɾasponɡajs
90L_10NL,3,90L_10NL_3_1,1,1008,"('n', 'nɡ', 'nɡ')",tɾasponɡajs,tɾasponɡajs
90L_10NL,3,90L_10NL_3_1,1,1008,"('n', 'nɡ', 'nɡ')",tɾasponɡajs,tɾasponɡajs
90L_10NL,3,90L_10NL_3_1,1,1008,"('n', 'nɡ', 'nɡ')",tɾasponɡajs,tɾasponɡajs
90L_10NL,3,90L_10NL_3_1,1,1008,"('n', 'nɡ', 'nɡ')",tɾasponɡajs,tɾasponɡajs
90L_10NL,3,90L_10NL_3_1,1,1008,"('n', 'nɡ', 'nɡ')",tɾasponɡajs,tɾasponɡajs
90L_10NL,3,90L_10NL_3_1,1,1008,"('n', 'nɡ', 'nɡ')",tɾasponɡajs,tɾasponɡajs
90L_10NL,3,90L_10NL_3_1,1,700,"('n', 'n', 'nɡ')",tɾasponɡajs,tɾasponɡajs
90L_10NL,3,90L_10NL_3_1,1,700,"('n', 'n', 'nɡ')",tɾasponɡajs,tɾasponɡajs
90L_10NL,3,90L_10NL_3_1,1,1008,"('n', 'nɡ', 'nɡ')",tɾasponɡajs,tɾasponɡajs
90L_10NL,3,90L_10NL_3_1,1,1008,"('n', 'nɡ', 'nɡ')",tɾasponɡajs,tɾasponɡajs
90L_10NL,3,90L_10NL_3_1,1,1008,"('n', 'nɡ', 'nɡ')",tɾasponɡajs,tɾasponɡajs
90L_10NL,3,90L_10NL_3_1,1,1008,"('n', 'nɡ', 'nɡ')",tɾasponɡajs,tɾasponɡajs
90L_10NL,3,90L_10NL_3_1,1,1008,"('n', 'nɡ', 'nɡ')",tɾasponɡajs,tɾasponɡajs
90L_10NL,3,90L_10NL_3_1,1,1008,"('n', 'nɡ', 'nɡ')",tɾasponɡajs,tɾasponɡajs
90L_10NL,3,90L_10NL_3_1,1,700,"('n', 'n', 'nɡ')",tɾasponɡajs,tɾasponɡajs
90L_10NL,3,90L_10NL_3_1,1,1008,"('n', 'nɡ', 'nɡ')",tɾasponɡajs,tɾasponɡajs
90L_10NL,3,90L_10NL_3_1,1,1008,"('n', 'nɡ', 'nɡ')",tɾasponɡajs,tɾasponɡajs
90L_10NL,3,90L_10NL_3_1,1,1008,"('n', 'nɡ', 'nɡ')",tɾasponɡajs,tɾasponɡajs
90L_10NL,3,90L_10NL_3_1,1,1008,"('n', 'nɡ', 'nɡ')",tɾasponɡajs,tɾasponɡajs
90L_10NL,3,90L_10NL_3_1,1,1008,"('n', 'nɡ', 'nɡ')",tɾasponɡajs,tɾasponɡajs
90L_10NL,3,90L_10NL_3_1,1,1008,"('n', 'nɡ', 'nɡ')",tɾasponɡajs,tɾasponɡajs
90L_10NL,3,90L_10NL_3_1,1,1008,"('n', 'nɡ', 'nɡ')",tɾasponɡajs,tɾasponɡajs
90L_10NL,3,90L_10NL_3_1,1,1008,"('n', 'nɡ', 'nɡ')",tɾasponɡajs,tɾasponɡajs
90L_10NL,3,90L_10NL_3_1,1,1008,"('n', 'nɡ', 'nɡ')",tɾasponɡajs,tɾasponɡajs
90L_10NL,3,90L_10NL_3_1,1,1008,"('n', 'nɡ', 'nɡ')",tɾasponɡajs,tɾasponɡajs
90L_10NL,3,90L_10NL_3_1,1,1008,"('n', 'nɡ', 'nɡ')",tɾasponɡajs,tɾasponɡajs
90L_10NL,3,90L_10NL_3_1,1,1008,"('n', 'nɡ', 'nɡ')",tɾasponɡajs,tɾasponɡajs
90L_10NL,3,90L_10NL_3_1,1,1050,"('nɡ', 'nɡ', 'nɡ')",tɾasponɡajs,tɾasponɡajs
90L_10NL,3,90L_10NL_3_1,1,1050,"('nɡ', 'nɡ', 'nɡ')",tɾasponɡajs,tɾasponɡajs
90L_10NL,3,90L_10NL_3_1,1,1050,"('nɡ', 'nɡ', 'nɡ')",tɾasponɡajs,tɾasponɡajs
90L_10NL,3,90L_10NL_3_1,1,1050,"('nɡ', 'nɡ', 'nɡ')",tɾasponɡajs,tɾasponɡajs
90L_10NL,3,90L_10NL_3_1,1,1050,"('nɡ', 'nɡ', 'nɡ')",tɾasponɡajs,tɾasponɡajs
90L_10NL,3,90L_10NL_3_1,1,1050,"('nɡ', 'nɡ', 'nɡ')",tɾasponɡajs,tɾasponɡajs
90L_10NL,3,90L_10NL_3_1,1,1050,"('nɡ', 'nɡ', 'nɡ')",tɾasponɡajs,tɾasponɡajs
90L_10NL,3,90L_10NL_3_1,1,1050,"('nɡ', 'nɡ', 'nɡ')",tɾasponɡajs,tɾasponɡajs
90L_10NL,3,90L_10NL_3_1,1,1050,"('nɡ', 'nɡ', 'nɡ')",tɾasponɡajs,tɾasponɡajs
90L_10NL,3,90L_10NL_3_1,1,1050,"('nɡ', 'nɡ', 'nɡ')",tɾasponɡajs,tɾasponɡajs
90L_10NL,3,90L_10NL_3_1,1,1050,"('nɡ', 'nɡ', 'nɡ')",tɾasponɡajs,tɾasponɡajs
90L_10NL,3,90L_10NL_3_1,1,1050,"('nɡ', 'nɡ', 'nɡ')",tɾasponɡajs,tɾasponɡajs
90L_10NL,3,90L_10NL_3_1,1,1050,"('nɡ', 'nɡ', 'nɡ')",tɾasponɡajs,tɾasponɡajs
90L_10NL,3,90L_10NL_3_1,1,1050,"('nɡ', 'nɡ', 'nɡ')",tɾasponɡajs,tɾasponɡajs
90L_10NL,3,90L_10NL_3_1,1,1050,"('nɡ', 'nɡ', 'nɡ')",tɾasponɡajs,tɾasponɡajs
90L_10NL,3,90L_10NL_3_1,1,700,"('n', 'n', 'nɡ')",tɾasponɡamos,tɾasponɡamos
90L_10NL,3,90L_10NL_3_1,1,700,"('n', 'n', 'nɡ')",tɾasponɡamos,tɾasponɡamos
90L_10NL,3,90L_10NL_3_1,1,700,"('n', 'n', 'nɡ')",tɾasponɡamos,tɾasponɡamos
90L_10NL,3,90L_10NL_3_1,1,700,"('n', 'n', 'nɡ')",tɾasponɡamos,tɾasponɡamos
90L_10NL,3,90L_10NL_3_1,1,1008,"('n', 'nɡ', 'nɡ')",tɾasponɡamos,tɾasponɡamos
90L_10NL,3,90L_10NL_3_1,1,1008,"('n', 'nɡ', 'nɡ')",tɾasponɡamos,tɾasponɡamos
90L_10NL,3,90L_10NL_3_1,1,1008,"('n', 'nɡ', 'nɡ')",tɾasponɡamos,tɾasponɡamos
90L_10NL,3,90L_10NL_3_1,1,1008,"('n', 'nɡ', 'nɡ')",tɾasponɡamos,tɾasponɡamos
90L_10NL,3,90L_10NL_3_1,1,1008,"('n', 'nɡ', 'nɡ')",tɾasponɡamos,tɾasponɡamos
90L_10NL,3,90L_10NL_3_1,1,1008,"('n', 'nɡ', 'nɡ')",tɾasponɡamos,tɾasponɡamos
90L_10NL,3,90L_10NL_3_1,1,700,"('n', 'n', 'nɡ')",tɾasponɡamos,tɾasponɡamos
90L_10NL,3,90L_10NL_3_1,1,700,"('n', 'n', 'nɡ')",tɾasponɡamos,tɾasponɡamos
90L_10NL,3,90L_10NL_3_1,1,700,"('n', 'n', 'nɡ')",tɾasponɡamos,tɾasponɡamos
90L_10NL,3,90L_10NL_3_1,1,1008,"('n', 'nɡ', 'nɡ')",tɾasponɡamos,tɾasponɡamos
90L_10NL,3,90L_10NL_3_1,1,1008,"('n', 'nɡ', 'nɡ')",tɾasponɡamos,tɾasponɡamos
90L_10NL,3,90L_10NL_3_1,1,1008,"('n', 'nɡ', 'nɡ')",tɾasponɡamos,tɾasponɡamos
90L_10NL,3,90L_10NL_3_1,1,1008,"('n', 'nɡ', 'nɡ')",tɾasponɡamos,tɾasponɡamos
90L_10NL,3,90L_10NL_3_1,1,1008,"('n', 'nɡ', 'nɡ')",tɾasponɡamos,tɾasponɡamos
90L_10NL,3,90L_10NL_3_1,1,1008,"('n', 'nɡ', 'nɡ')",tɾasponɡamos,tɾasponɡamos
90L_10NL,3,90L_10NL_3_1,1,700,"('n', 'n', 'nɡ')",tɾasponɡamos,tɾasponɡamos
90L_10NL,3,90L_10NL_3_1,1,700,"('n', 'n', 'nɡ')",tɾasponɡamos,tɾasponɡamos
90L_10NL,3,90L_10NL_3_1,1,1008,"('n', 'nɡ', 'nɡ')",tɾasponɡamos,tɾasponɡamos
90L_10NL,3,90L_10NL_3_1,1,1008,"('n', 'nɡ', 'nɡ')",tɾasponɡamos,tɾasponɡamos
90L_10NL,3,90L_10NL_3_1,1,1008,"('n', 'nɡ', 'nɡ')",tɾasponɡamos,tɾasponɡamos
90L_10NL,3,90L_10NL_3_1,1,1008,"('n', 'nɡ', 'nɡ')",tɾasponɡamos,tɾasponɡamos
90L_10NL,3,90L_10NL_3_1,1,1008,"('n', 'nɡ', 'nɡ')",tɾasponɡamos,tɾasponɡamos
90L_10NL,3,90L_10NL_3_1,1,1008,"('n', 'nɡ', 'nɡ')",tɾasponɡamos,tɾasponɡamos
90L_10NL,3,90L_10NL_3_1,1,700,"('n', 'n', 'nɡ')",tɾasponɡamos,tɾasponɡamos
90L_10NL,3,90L_10NL_3_1,1,1008,"('n', 'nɡ', 'nɡ')",tɾasponɡamos,tɾasponɡamos
90L_10NL,3,90L_10NL_3_1,1,1008,"('n', 'nɡ', 'nɡ')",tɾasponɡamos,tɾasponɡamos
90L_10NL,3,90L_10NL_3_1,1,1008,"('n', 'nɡ', 'nɡ')",tɾasponɡamos,tɾasponɡamos
90L_10NL,3,90L_10NL_3_1,1,1008,"('n', 'nɡ', 'nɡ')",tɾasponɡamos,tɾasponɡamos
90L_10NL,3,90L_10NL_3_1,1,1008,"('n', 'nɡ', 'nɡ')",tɾasponɡamos,tɾasponɡamos
90L_10NL,3,90L_10NL_3_1,1,1008,"('n', 'nɡ', 'nɡ')",tɾasponɡamos,tɾasponɡamos
90L_10NL,3,90L_10NL_3_1,1,1008,"('n', 'nɡ', 'nɡ')",tɾasponɡamos,tɾasponɡamos
90L_10NL,3,90L_10NL_3_1,1,1008,"('n', 'nɡ', 'nɡ')",tɾasponɡamos,tɾasponɡamos
90L_10NL,3,90L_10NL_3_1,1,1008,"('n', 'nɡ', 'nɡ')",tɾasponɡamos,tɾasponɡamos
90L_10NL,3,90L_10NL_3_1,1,1008,"('n', 'nɡ', 'nɡ')",tɾasponɡamos,tɾasponɡamos
90L_10NL,3,90L_10NL_3_1,1,1008,"('n', 'nɡ', 'nɡ')",tɾasponɡamos,tɾasponɡamos
90L_10NL,3,90L_10NL_3_1,1,1008,"('n', 'nɡ', 'nɡ')",tɾasponɡamos,tɾasponɡamos
90L_10NL,3,90L_10NL_3_1,1,1050,"('nɡ', 'nɡ', 'nɡ')",tɾasponɡamos,tɾasponɡamos
90L_10NL,3,90L_10NL_3_1,1,1050,"('nɡ', 'nɡ', 'nɡ')",tɾasponɡamos,tɾasponɡamos
90L_10NL,3,90L_10NL_3_1,1,1050,"('nɡ', 'nɡ', 'nɡ')",tɾasponɡamos,tɾasponɡamos
90L_10NL,3,90L_10NL_3_1,1,1050,"('nɡ', 'nɡ', 'nɡ')",tɾasponɡamos,tɾasponɡamos
90L_10NL,3,90L_10NL_3_1,1,1050,"('nɡ', 'nɡ', 'nɡ')",tɾasponɡamos,tɾasponɡamos
90L_10NL,3,90L_10NL_3_1,1,1050,"('nɡ', 'nɡ', 'nɡ')",tɾasponɡamos,tɾasponɡamos
90L_10NL,3,90L_10NL_3_1,1,1050,"('nɡ', 'nɡ', 'nɡ')",tɾasponɡamos,tɾasponɡamos
90L_10NL,3,90L_10NL_3_1,1,1050,"('nɡ', 'nɡ', 'nɡ')",tɾasponɡamos,tɾasponɡamos
90L_10NL,3,90L_10NL_3_1,1,1050,"('nɡ', 'nɡ', 'nɡ')",tɾasponɡamos,tɾasponɡamos
90L_10NL,3,90L_10NL_3_1,1,1050,"('nɡ', 'nɡ', 'nɡ')",tɾasponɡamos,tɾasponɡamos
90L_10NL,3,90L_10NL_3_1,1,1050,"('nɡ', 'nɡ', 'nɡ')",tɾasponɡamos,tɾasponɡamos
90L_10NL,3,90L_10NL_3_1,1,1050,"('nɡ', 'nɡ', 'nɡ')",tɾasponɡamos,tɾasponɡamos
90L_10NL,3,90L_10NL_3_1,1,1050,"('nɡ', 'nɡ', 'nɡ')",tɾasponɡamos,tɾasponɡamos
90L_10NL,3,90L_10NL_3_1,1,1050,"('nɡ', 'nɡ', 'nɡ')",tɾasponɡamos,tɾasponɡamos
90L_10NL,3,90L_10NL_3_1,1,1050,"('nɡ', 'nɡ', 'nɡ')",tɾasponɡamos,tɾasponɡamos
90L_10NL,3,90L_10NL_3_1,1,700,"('n', 'n', 'nɡ')",tɾasponɡan,tɾasponɡan
90L_10NL,3,90L_10NL_3_1,1,700,"('n', 'n', 'nɡ')",tɾasponɡan,tɾasponɡan
90L_10NL,3,90L_10NL_3_1,1,700,"('n', 'n', 'nɡ')",tɾasponɡan,tɾasponɡan
90L_10NL,3,90L_10NL_3_1,1,700,"('n', 'n', 'nɡ')",tɾasponɡan,tɾasponɡan
90L_10NL,3,90L_10NL_3_1,1,1008,"('n', 'nɡ', 'nɡ')",tɾasponɡan,tɾasponɡan
90L_10NL,3,90L_10NL_3_1,1,1008,"('n', 'nɡ', 'nɡ')",tɾasponɡan,tɾasponɡan
90L_10NL,3,90L_10NL_3_1,1,1008,"('n', 'nɡ', 'nɡ')",tɾasponɡan,tɾasponɡan
90L_10NL,3,90L_10NL_3_1,1,1008,"('n', 'nɡ', 'nɡ')",tɾasponɡan,tɾasponɡan
90L_10NL,3,90L_10NL_3_1,1,1008,"('n', 'nɡ', 'nɡ')",tɾasponɡan,tɾasponɡan
90L_10NL,3,90L_10NL_3_1,1,1008,"('n', 'nɡ', 'nɡ')",tɾasponɡan,tɾasponɡan
90L_10NL,3,90L_10NL_3_1,1,700,"('n', 'n', 'nɡ')",tɾasponɡan,tɾasponɡan
90L_10NL,3,90L_10NL_3_1,1,700,"('n', 'n', 'nɡ')",tɾasponɡan,tɾasponɡan
90L_10NL,3,90L_10NL_3_1,1,700,"('n', 'n', 'nɡ')",tɾasponɡan,tɾasponɡan
90L_10NL,3,90L_10NL_3_1,1,1008,"('n', 'nɡ', 'nɡ')",tɾasponɡan,tɾasponɡan
90L_10NL,3,90L_10NL_3_1,1,1008,"('n', 'nɡ', 'nɡ')",tɾasponɡan,tɾasponɡan
90L_10NL,3,90L_10NL_3_1,1,1008,"('n', 'nɡ', 'nɡ')",tɾasponɡan,tɾasponɡan
90L_10NL,3,90L_10NL_3_1,1,1008,"('n', 'nɡ', 'nɡ')",tɾasponɡan,tɾasponɡan
90L_10NL,3,90L_10NL_3_1,1,1008,"('n', 'nɡ', 'nɡ')",tɾasponɡan,tɾasponɡan
90L_10NL,3,90L_10NL_3_1,1,1008,"('n', 'nɡ', 'nɡ')",tɾasponɡan,tɾasponɡan
90L_10NL,3,90L_10NL_3_1,1,700,"('n', 'n', 'nɡ')",tɾasponɡan,tɾasponɡan
90L_10NL,3,90L_10NL_3_1,1,700,"('n', 'n', 'nɡ')",tɾasponɡan,tɾasponɡan
90L_10NL,3,90L_10NL_3_1,1,1008,"('n', 'nɡ', 'nɡ')",tɾasponɡan,tɾasponɡan
90L_10NL,3,90L_10NL_3_1,1,1008,"('n', 'nɡ', 'nɡ')",tɾasponɡan,tɾasponɡan
90L_10NL,3,90L_10NL_3_1,1,1008,"('n', 'nɡ', 'nɡ')",tɾasponɡan,tɾasponɡan
90L_10NL,3,90L_10NL_3_1,1,1008,"('n', 'nɡ', 'nɡ')",tɾasponɡan,tɾasponɡan
90L_10NL,3,90L_10NL_3_1,1,1008,"('n', 'nɡ', 'nɡ')",tɾasponɡan,tɾasponɡan
90L_10NL,3,90L_10NL_3_1,1,1008,"('n', 'nɡ', 'nɡ')",tɾasponɡan,tɾasponɡan
90L_10NL,3,90L_10NL_3_1,1,700,"('n', 'n', 'nɡ')",tɾasponɡan,tɾasponɡan
90L_10NL,3,90L_10NL_3_1,1,1008,"('n', 'nɡ', 'nɡ')",tɾasponɡan,tɾasponɡan
90L_10NL,3,90L_10NL_3_1,1,1008,"('n', 'nɡ', 'nɡ')",tɾasponɡan,tɾasponɡan
90L_10NL,3,90L_10NL_3_1,1,1008,"('n', 'nɡ', 'nɡ')",tɾasponɡan,tɾasponɡan
90L_10NL,3,90L_10NL_3_1,1,1008,"('n', 'nɡ', 'nɡ')",tɾasponɡan,tɾasponɡan
90L_10NL,3,90L_10NL_3_1,1,1008,"('n', 'nɡ', 'nɡ')",tɾasponɡan,tɾasponɡan
90L_10NL,3,90L_10NL_3_1,1,1008,"('n', 'nɡ', 'nɡ')",tɾasponɡan,tɾasponɡan
90L_10NL,3,90L_10NL_3_1,1,1008,"('n', 'nɡ', 'nɡ')",tɾasponɡan,tɾasponɡan
90L_10NL,3,90L_10NL_3_1,1,1008,"('n', 'nɡ', 'nɡ')",tɾasponɡan,tɾasponɡan
90L_10NL,3,90L_10NL_3_1,1,1008,"('n', 'nɡ', 'nɡ')",tɾasponɡan,tɾasponɡan
90L_10NL,3,90L_10NL_3_1,1,1008,"('n', 'nɡ', 'nɡ')",tɾasponɡan,tɾasponɡan
90L_10NL,3,90L_10NL_3_1,1,1008,"('n', 'nɡ', 'nɡ')",tɾasponɡan,tɾasponɡan
90L_10NL,3,90L_10NL_3_1,1,1008,"('n', 'nɡ', 'nɡ')",tɾasponɡan,tɾasponɡan
90L_10NL,3,90L_10NL_3_1,1,1050,"('nɡ', 'nɡ', 'nɡ')",tɾasponɡan,tɾasponɡan
90L_10NL,3,90L_10NL_3_1,1,1050,"('nɡ', 'nɡ', 'nɡ')",tɾasponɡan,tɾasponɡan
90L_10NL,3,90L_10NL_3_1,1,1050,"('nɡ', 'nɡ', 'nɡ')",tɾasponɡan,tɾasponɡan
90L_10NL,3,90L_10NL_3_1,1,1050,"('nɡ', 'nɡ', 'nɡ')",tɾasponɡan,tɾasponɡan
90L_10NL,3,90L_10NL_3_1,1,1050,"('nɡ', 'nɡ', 'nɡ')",tɾasponɡan,tɾasponɡan
90L_10NL,3,90L_10NL_3_1,1,1050,"('nɡ', 'nɡ', 'nɡ')",tɾasponɡan,tɾasponɡan
90L_10NL,3,90L_10NL_3_1,1,1050,"('nɡ', 'nɡ', 'nɡ')",tɾasponɡan,tɾasponɡan
90L_10NL,3,90L_10NL_3_1,1,1050,"('nɡ', 'nɡ', 'nɡ')",tɾasponɡan,tɾasponɡan
90L_10NL,3,90L_10NL_3_1,1,1050,"('nɡ', 'nɡ', 'nɡ')",tɾasponɡan,tɾasponɡan
90L_10NL,3,90L_10NL_3_1,1,1050,"('nɡ', 'nɡ', 'nɡ')",tɾasponɡan,tɾasponɡan
90L_10NL,3,90L_10NL_3_1,1,1050,"('nɡ', 'nɡ', 'nɡ')",tɾasponɡan,tɾasponɡan
90L_10NL,3,90L_10NL_3_1,1,1050,"('nɡ', 'nɡ', 'nɡ')",tɾasponɡan,tɾasponɡan
90L_10NL,3,90L_10NL_3_1,1,1050,"('nɡ', 'nɡ', 'nɡ')",tɾasponɡan,tɾasponɡan
90L_10NL,3,90L_10NL_3_1,1,1050,"('nɡ', 'nɡ', 'nɡ')",tɾasponɡan,tɾasponɡan
90L_10NL,3,90L_10NL_3_1,1,1050,"('nɡ', 'nɡ', 'nɡ')",tɾasponɡan,tɾasponɡan
90L_10NL,3,90L_10NL_3_1,1,700,"('n', 'n', 'nɡ')",tɾasponɡas,tɾasponɡas
90L_10NL,3,90L_10NL_3_1,1,700,"('n', 'n', 'nɡ')",tɾasponɡas,tɾasponɡas
90L_10NL,3,90L_10NL_3_1,1,700,"('n', 'n', 'nɡ')",tɾasponɡas,tɾasponɡas
90L_10NL,3,90L_10NL_3_1,1,700,"('n', 'n', 'nɡ')",tɾasponɡas,tɾasponɡas
90L_10NL,3,90L_10NL_3_1,1,1008,"('n', 'nɡ', 'nɡ')",tɾasponɡas,tɾasponɡas
90L_10NL,3,90L_10NL_3_1,1,1008,"('n', 'nɡ', 'nɡ')",tɾasponɡas,tɾasponɡas
90L_10NL,3,90L_10NL_3_1,1,1008,"('n', 'nɡ', 'nɡ')",tɾasponɡas,tɾasponɡas
90L_10NL,3,90L_10NL_3_1,1,1008,"('n', 'nɡ', 'nɡ')",tɾasponɡas,tɾasponɡas
90L_10NL,3,90L_10NL_3_1,1,1008,"('n', 'nɡ', 'nɡ')",tɾasponɡas,tɾasponɡas
90L_10NL,3,90L_10NL_3_1,1,1008,"('n', 'nɡ', 'nɡ')",tɾasponɡas,tɾasponɡas
90L_10NL,3,90L_10NL_3_1,1,700,"('n', 'n', 'nɡ')",tɾasponɡas,tɾasponɡas
90L_10NL,3,90L_10NL_3_1,1,700,"('n', 'n', 'nɡ')",tɾasponɡas,tɾasponɡas
90L_10NL,3,90L_10NL_3_1,1,700,"('n', 'n', 'nɡ')",tɾasponɡas,tɾasponɡas
90L_10NL,3,90L_10NL_3_1,1,1008,"('n', 'nɡ', 'nɡ')",tɾasponɡas,tɾasponɡas
90L_10NL,3,90L_10NL_3_1,1,1008,"('n', 'nɡ', 'nɡ')",tɾasponɡas,tɾasponɡas
90L_10NL,3,90L_10NL_3_1,1,1008,"('n', 'nɡ', 'nɡ')",tɾasponɡas,tɾasponɡas
90L_10NL,3,90L_10NL_3_1,1,1008,"('n', 'nɡ', 'nɡ')",tɾasponɡas,tɾasponɡas
90L_10NL,3,90L_10NL_3_1,1,1008,"('n', 'nɡ', 'nɡ')",tɾasponɡas,tɾasponɡas
90L_10NL,3,90L_10NL_3_1,1,1008,"('n', 'nɡ', 'nɡ')",tɾasponɡas,tɾasponɡas
90L_10NL,3,90L_10NL_3_1,1,700,"('n', 'n', 'nɡ')",tɾasponɡas,tɾasponɡas
90L_10NL,3,90L_10NL_3_1,1,700,"('n', 'n', 'nɡ')",tɾasponɡas,tɾasponɡas
90L_10NL,3,90L_10NL_3_1,1,1008,"('n', 'nɡ', 'nɡ')",tɾasponɡas,tɾasponɡas
90L_10NL,3,90L_10NL_3_1,1,1008,"('n', 'nɡ', 'nɡ')",tɾasponɡas,tɾasponɡas
90L_10NL,3,90L_10NL_3_1,1,1008,"('n', 'nɡ', 'nɡ')",tɾasponɡas,tɾasponɡas
90L_10NL,3,90L_10NL_3_1,1,1008,"('n', 'nɡ', 'nɡ')",tɾasponɡas,tɾasponɡas
90L_10NL,3,90L_10NL_3_1,1,1008,"('n', 'nɡ', 'nɡ')",tɾasponɡas,tɾasponɡas
90L_10NL,3,90L_10NL_3_1,1,1008,"('n', 'nɡ', 'nɡ')",tɾasponɡas,tɾasponɡas
90L_10NL,3,90L_10NL_3_1,1,700,"('n', 'n', 'nɡ')",tɾasponɡas,tɾasponɡas
90L_10NL,3,90L_10NL_3_1,1,1008,"('n', 'nɡ', 'nɡ')",tɾasponɡas,tɾasponɡas
90L_10NL,3,90L_10NL_3_1,1,1008,"('n', 'nɡ', 'nɡ')",tɾasponɡas,tɾasponɡas
90L_10NL,3,90L_10NL_3_1,1,1008,"('n', 'nɡ', 'nɡ')",tɾasponɡas,tɾasponɡas
90L_10NL,3,90L_10NL_3_1,1,1008,"('n', 'nɡ', 'nɡ')",tɾasponɡas,tɾasponɡas
90L_10NL,3,90L_10NL_3_1,1,1008,"('n', 'nɡ', 'nɡ')",tɾasponɡas,tɾasponɡas
90L_10NL,3,90L_10NL_3_1,1,1008,"('n', 'nɡ', 'nɡ')",tɾasponɡas,tɾasponɡas
90L_10NL,3,90L_10NL_3_1,1,1008,"('n', 'nɡ', 'nɡ')",tɾasponɡas,tɾasponɡas
90L_10NL,3,90L_10NL_3_1,1,1008,"('n', 'nɡ', 'nɡ')",tɾasponɡas,tɾasponɡas
90L_10NL,3,90L_10NL_3_1,1,1008,"('n', 'nɡ', 'nɡ')",tɾasponɡas,tɾasponɡas
90L_10NL,3,90L_10NL_3_1,1,1008,"('n', 'nɡ', 'nɡ')",tɾasponɡas,tɾasponɡas
90L_10NL,3,90L_10NL_3_1,1,1008,"('n', 'nɡ', 'nɡ')",tɾasponɡas,tɾasponɡas
90L_10NL,3,90L_10NL_3_1,1,1008,"('n', 'nɡ', 'nɡ')",tɾasponɡas,tɾasponɡas
90L_10NL,3,90L_10NL_3_1,1,1050,"('nɡ', 'nɡ', 'nɡ')",tɾasponɡas,tɾasponɡas
90L_10NL,3,90L_10NL_3_1,1,1050,"('nɡ', 'nɡ', 'nɡ')",tɾasponɡas,tɾasponɡas
90L_10NL,3,90L_10NL_3_1,1,1050,"('nɡ', 'nɡ', 'nɡ')",tɾasponɡas,tɾasponɡas
90L_10NL,3,90L_10NL_3_1,1,1050,"('nɡ', 'nɡ', 'nɡ')",tɾasponɡas,tɾasponɡas
90L_10NL,3,90L_10NL_3_1,1,1050,"('nɡ', 'nɡ', 'nɡ')",tɾasponɡas,tɾasponɡas
90L_10NL,3,90L_10NL_3_1,1,1050,"('nɡ', 'nɡ', 'nɡ')",tɾasponɡas,tɾasponɡas
90L_10NL,3,90L_10NL_3_1,1,1050,"('nɡ', 'nɡ', 'nɡ')",tɾasponɡas,tɾasponɡas
90L_10NL,3,90L_10NL_3_1,1,1050,"('nɡ', 'nɡ', 'nɡ')",tɾasponɡas,tɾasponɡas
90L_10NL,3,90L_10NL_3_1,1,1050,"('nɡ', 'nɡ', 'nɡ')",tɾasponɡas,tɾasponɡas
90L_10NL,3,90L_10NL_3_1,1,1050,"('nɡ', 'nɡ', 'nɡ')",tɾasponɡas,tɾasponɡas
90L_10NL,3,90L_10NL_3_1,1,1050,"('nɡ', 'nɡ', 'nɡ')",tɾasponɡas,tɾasponɡas
90L_10NL,3,90L_10NL_3_1,1,1050,"('nɡ', 'nɡ', 'nɡ')",tɾasponɡas,tɾasponɡas
90L_10NL,3,90L_10NL_3_1,1,1050,"('nɡ', 'nɡ', 'nɡ')",tɾasponɡas,tɾasponɡas
90L_10NL,3,90L_10NL_3_1,1,1050,"('nɡ', 'nɡ', 'nɡ')",tɾasponɡas,tɾasponɡas
90L_10NL,3,90L_10NL_3_1,1,1050,"('nɡ', 'nɡ', 'nɡ')",tɾasponɡas,tɾasponɡas
90L_10NL,3,90L_10NL_3_1,1,700,"('n', 'n', 'nɡ')",tɾasponɡa,tɾasponɡa
90L_10NL,3,90L_10NL_3_1,1,700,"('n', 'n', 'nɡ')",tɾasponɡa,tɾasponɡa
90L_10NL,3,90L_10NL_3_1,1,700,"('n', 'n', 'nɡ')",tɾasponɡa,tɾasponɡa
90L_10NL,3,90L_10NL_3_1,1,700,"('n', 'n', 'nɡ')",tɾasponɡa,tɾasponɡa
90L_10NL,3,90L_10NL_3_1,1,1008,"('n', 'nɡ', 'nɡ')",tɾasponɡa,tɾasponɡa
90L_10NL,3,90L_10NL_3_1,1,1008,"('n', 'nɡ', 'nɡ')",tɾasponɡa,tɾasponɡa
90L_10NL,3,90L_10NL_3_1,1,1008,"('n', 'nɡ', 'nɡ')",tɾasponɡa,tɾasponɡa
90L_10NL,3,90L_10NL_3_1,1,1008,"('n', 'nɡ', 'nɡ')",tɾasponɡa,tɾasponɡa
90L_10NL,3,90L_10NL_3_1,1,1008,"('n', 'nɡ', 'nɡ')",tɾasponɡa,tɾasponɡa
90L_10NL,3,90L_10NL_3_1,1,1008,"('n', 'nɡ', 'nɡ')",tɾasponɡa,tɾasponɡa
90L_10NL,3,90L_10NL_3_1,1,700,"('n', 'n', 'nɡ')",tɾasponɡa,tɾasponɡa
90L_10NL,3,90L_10NL_3_1,1,700,"('n', 'n', 'nɡ')",tɾasponɡa,tɾasponɡa
90L_10NL,3,90L_10NL_3_1,1,700,"('n', 'n', 'nɡ')",tɾasponɡa,tɾasponɡa
90L_10NL,3,90L_10NL_3_1,1,1008,"('n', 'nɡ', 'nɡ')",tɾasponɡa,tɾasponɡa
90L_10NL,3,90L_10NL_3_1,1,1008,"('n', 'nɡ', 'nɡ')",tɾasponɡa,tɾasponɡa
90L_10NL,3,90L_10NL_3_1,1,1008,"('n', 'nɡ', 'nɡ')",tɾasponɡa,tɾasponɡa
90L_10NL,3,90L_10NL_3_1,1,1008,"('n', 'nɡ', 'nɡ')",tɾasponɡa,tɾasponɡa
90L_10NL,3,90L_10NL_3_1,1,1008,"('n', 'nɡ', 'nɡ')",tɾasponɡa,tɾasponɡa
90L_10NL,3,90L_10NL_3_1,1,1008,"('n', 'nɡ', 'nɡ')",tɾasponɡa,tɾasponɡa
90L_10NL,3,90L_10NL_3_1,1,700,"('n', 'n', 'nɡ')",tɾasponɡa,tɾasponɡa
90L_10NL,3,90L_10NL_3_1,1,700,"('n', 'n', 'nɡ')",tɾasponɡa,tɾasponɡa
90L_10NL,3,90L_10NL_3_1,1,1008,"('n', 'nɡ', 'nɡ')",tɾasponɡa,tɾasponɡa
90L_10NL,3,90L_10NL_3_1,1,1008,"('n', 'nɡ', 'nɡ')",tɾasponɡa,tɾasponɡa
90L_10NL,3,90L_10NL_3_1,1,1008,"('n', 'nɡ', 'nɡ')",tɾasponɡa,tɾasponɡa
90L_10NL,3,90L_10NL_3_1,1,1008,"('n', 'nɡ', 'nɡ')",tɾasponɡa,tɾasponɡa
90L_10NL,3,90L_10NL_3_1,1,1008,"('n', 'nɡ', 'nɡ')",tɾasponɡa,tɾasponɡa
90L_10NL,3,90L_10NL_3_1,1,1008,"('n', 'nɡ', 'nɡ')",tɾasponɡa,tɾasponɡa
90L_10NL,3,90L_10NL_3_1,1,700,"('n', 'n', 'nɡ')",tɾasponɡa,tɾasponɡa
90L_10NL,3,90L_10NL_3_1,1,1008,"('n', 'nɡ', 'nɡ')",tɾasponɡa,tɾasponɡa
90L_10NL,3,90L_10NL_3_1,1,1008,"('n', 'nɡ', 'nɡ')",tɾasponɡa,tɾasponɡa
90L_10NL,3,90L_10NL_3_1,1,1008,"('n', 'nɡ', 'nɡ')",tɾasponɡa,tɾasponɡa
90L_10NL,3,90L_10NL_3_1,1,1008,"('n', 'nɡ', 'nɡ')",tɾasponɡa,tɾasponɡa
90L_10NL,3,90L_10NL_3_1,1,1008,"('n', 'nɡ', 'nɡ')",tɾasponɡa,tɾasponɡa
90L_10NL,3,90L_10NL_3_1,1,1008,"('n', 'nɡ', 'nɡ')",tɾasponɡa,tɾasponɡa
90L_10NL,3,90L_10NL_3_1,1,1008,"('n', 'nɡ', 'nɡ')",tɾasponɡa,tɾasponɡa
90L_10NL,3,90L_10NL_3_1,1,1008,"('n', 'nɡ', 'nɡ')",tɾasponɡa,tɾasponɡa
90L_10NL,3,90L_10NL_3_1,1,1008,"('n', 'nɡ', 'nɡ')",tɾasponɡa,tɾasponɡa
90L_10NL,3,90L_10NL_3_1,1,1008,"('n', 'nɡ', 'nɡ')",tɾasponɡa,tɾasponɡa
90L_10NL,3,90L_10NL_3_1,1,1008,"('n', 'nɡ', 'nɡ')",tɾasponɡa,tɾasponɡa
90L_10NL,3,90L_10NL_3_1,1,1008,"('n', 'nɡ', 'nɡ')",tɾasponɡa,tɾasponɡa
90L_10NL,3,90L_10NL_3_1,1,1050,"('nɡ', 'nɡ', 'nɡ')",tɾasponɡa,tɾasponɡa
90L_10NL,3,90L_10NL_3_1,1,1050,"('nɡ', 'nɡ', 'nɡ')",tɾasponɡa,tɾasponɡa
90L_10NL,3,90L_10NL_3_1,1,1050,"('nɡ', 'nɡ', 'nɡ')",tɾasponɡa,tɾasponɡa
90L_10NL,3,90L_10NL_3_1,1,1050,"('nɡ', 'nɡ', 'nɡ')",tɾasponɡa,tɾasponɡa
90L_10NL,3,90L_10NL_3_1,1,1050,"('nɡ', 'nɡ', 'nɡ')",tɾasponɡa,tɾasponɡa
90L_10NL,3,90L_10NL_3_1,1,1050,"('nɡ', 'nɡ', 'nɡ')",tɾasponɡa,tɾasponɡa
90L_10NL,3,90L_10NL_3_1,1,1050,"('nɡ', 'nɡ', 'nɡ')",tɾasponɡa,tɾasponɡa
90L_10NL,3,90L_10NL_3_1,1,1050,"('nɡ', 'nɡ', 'nɡ')",tɾasponɡa,tɾasponɡa
90L_10NL,3,90L_10NL_3_1,1,1050,"('nɡ', 'nɡ', 'nɡ')",tɾasponɡa,tɾasponɡa
90L_10NL,3,90L_10NL_3_1,1,1050,"('nɡ', 'nɡ', 'nɡ')",tɾasponɡa,tɾasponɡa
90L_10NL,3,90L_10NL_3_1,1,1050,"('nɡ', 'nɡ', 'nɡ')",tɾasponɡa,tɾasponɡa
90L_10NL,3,90L_10NL_3_1,1,1050,"('nɡ', 'nɡ', 'nɡ')",tɾasponɡa,tɾasponɡa
90L_10NL,3,90L_10NL_3_1,1,1050,"('nɡ', 'nɡ', 'nɡ')",tɾasponɡa,tɾasponɡa
90L_10NL,3,90L_10NL_3_1,1,1050,"('nɡ', 'nɡ', 'nɡ')",tɾasponɡa,tɾasponɡa
90L_10NL,3,90L_10NL_3_1,1,1050,"('nɡ', 'nɡ', 'nɡ')",tɾasponɡa,tɾasponɡa
90L_10NL,3,90L_10NL_3_1,1,700,"('n', 'n', 'nɡ')",tɾasponɡa,tɾasponɡa
90L_10NL,3,90L_10NL_3_1,1,700,"('n', 'n', 'nɡ')",tɾasponɡa,tɾasponɡa
90L_10NL,3,90L_10NL_3_1,1,700,"('n', 'n', 'nɡ')",tɾasponɡa,tɾasponɡa
90L_10NL,3,90L_10NL_3_1,1,700,"('n', 'n', 'nɡ')",tɾasponɡa,tɾasponɡa
90L_10NL,3,90L_10NL_3_1,1,1008,"('n', 'nɡ', 'nɡ')",tɾasponɡa,tɾasponɡa
90L_10NL,3,90L_10NL_3_1,1,1008,"('n', 'nɡ', 'nɡ')",tɾasponɡa,tɾasponɡa
90L_10NL,3,90L_10NL_3_1,1,1008,"('n', 'nɡ', 'nɡ')",tɾasponɡa,tɾasponɡa
90L_10NL,3,90L_10NL_3_1,1,1008,"('n', 'nɡ', 'nɡ')",tɾasponɡa,tɾasponɡa
90L_10NL,3,90L_10NL_3_1,1,1008,"('n', 'nɡ', 'nɡ')",tɾasponɡa,tɾasponɡa
90L_10NL,3,90L_10NL_3_1,1,1008,"('n', 'nɡ', 'nɡ')",tɾasponɡa,tɾasponɡa
90L_10NL,3,90L_10NL_3_1,1,700,"('n', 'n', 'nɡ')",tɾasponɡa,tɾasponɡa
90L_10NL,3,90L_10NL_3_1,1,700,"('n', 'n', 'nɡ')",tɾasponɡa,tɾasponɡa
90L_10NL,3,90L_10NL_3_1,1,700,"('n', 'n', 'nɡ')",tɾasponɡa,tɾasponɡa
90L_10NL,3,90L_10NL_3_1,1,1008,"('n', 'nɡ', 'nɡ')",tɾasponɡa,tɾasponɡa
90L_10NL,3,90L_10NL_3_1,1,1008,"('n', 'nɡ', 'nɡ')",tɾasponɡa,tɾasponɡa
90L_10NL,3,90L_10NL_3_1,1,1008,"('n', 'nɡ', 'nɡ')",tɾasponɡa,tɾasponɡa
90L_10NL,3,90L_10NL_3_1,1,1008,"('n', 'nɡ', 'nɡ')",tɾasponɡa,tɾasponɡa
90L_10NL,3,90L_10NL_3_1,1,1008,"('n', 'nɡ', 'nɡ')",tɾasponɡa,tɾasponɡa
90L_10NL,3,90L_10NL_3_1,1,1008,"('n', 'nɡ', 'nɡ')",tɾasponɡa,tɾasponɡa
90L_10NL,3,90L_10NL_3_1,1,700,"('n', 'n', 'nɡ')",tɾasponɡa,tɾasponɡa
90L_10NL,3,90L_10NL_3_1,1,700,"('n', 'n', 'nɡ')",tɾasponɡa,tɾasponɡa
90L_10NL,3,90L_10NL_3_1,1,1008,"('n', 'nɡ', 'nɡ')",tɾasponɡa,tɾasponɡa
90L_10NL,3,90L_10NL_3_1,1,1008,"('n', 'nɡ', 'nɡ')",tɾasponɡa,tɾasponɡa
90L_10NL,3,90L_10NL_3_1,1,1008,"('n', 'nɡ', 'nɡ')",tɾasponɡa,tɾasponɡa
90L_10NL,3,90L_10NL_3_1,1,1008,"('n', 'nɡ', 'nɡ')",tɾasponɡa,tɾasponɡa
90L_10NL,3,90L_10NL_3_1,1,1008,"('n', 'nɡ', 'nɡ')",tɾasponɡa,tɾasponɡa
90L_10NL,3,90L_10NL_3_1,1,1008,"('n', 'nɡ', 'nɡ')",tɾasponɡa,tɾasponɡa
90L_10NL,3,90L_10NL_3_1,1,700,"('n', 'n', 'nɡ')",tɾasponɡa,tɾasponɡa
90L_10NL,3,90L_10NL_3_1,1,1008,"('n', 'nɡ', 'nɡ')",tɾasponɡa,tɾasponɡa
90L_10NL,3,90L_10NL_3_1,1,1008,"('n', 'nɡ', 'nɡ')",tɾasponɡa,tɾasponɡa
90L_10NL,3,90L_10NL_3_1,1,1008,"('n', 'nɡ', 'nɡ')",tɾasponɡa,tɾasponɡa
90L_10NL,3,90L_10NL_3_1,1,1008,"('n', 'nɡ', 'nɡ')",tɾasponɡa,tɾasponɡa
90L_10NL,3,90L_10NL_3_1,1,1008,"('n', 'nɡ', 'nɡ')",tɾasponɡa,tɾasponɡa
90L_10NL,3,90L_10NL_3_1,1,1008,"('n', 'nɡ', 'nɡ')",tɾasponɡa,tɾasponɡa
90L_10NL,3,90L_10NL_3_1,1,1008,"('n', 'nɡ', 'nɡ')",tɾasponɡa,tɾasponɡa
90L_10NL,3,90L_10NL_3_1,1,1008,"('n', 'nɡ', 'nɡ')",tɾasponɡa,tɾasponɡa
90L_10NL,3,90L_10NL_3_1,1,1008,"('n', 'nɡ', 'nɡ')",tɾasponɡa,tɾasponɡa
90L_10NL,3,90L_10NL_3_1,1,1008,"('n', 'nɡ', 'nɡ')",tɾasponɡa,tɾasponɡa
90L_10NL,3,90L_10NL_3_1,1,1008,"('n', 'nɡ', 'nɡ')",tɾasponɡa,tɾasponɡa
90L_10NL,3,90L_10NL_3_1,1,1008,"('n', 'nɡ', 'nɡ')",tɾasponɡa,tɾasponɡa
90L_10NL,3,90L_10NL_3_1,1,1050,"('nɡ', 'nɡ', 'nɡ')",tɾasponɡa,tɾasponɡa
90L_10NL,3,90L_10NL_3_1,1,1050,"('nɡ', 'nɡ', 'nɡ')",tɾasponɡa,tɾasponɡa
90L_10NL,3,90L_10NL_3_1,1,1050,"('nɡ', 'nɡ', 'nɡ')",tɾasponɡa,tɾasponɡa
90L_10NL,3,90L_10NL_3_1,1,1050,"('nɡ', 'nɡ', 'nɡ')",tɾasponɡa,tɾasponɡa
90L_10NL,3,90L_10NL_3_1,1,1050,"('nɡ', 'nɡ', 'nɡ')",tɾasponɡa,tɾasponɡa
90L_10NL,3,90L_10NL_3_1,1,1050,"('nɡ', 'nɡ', 'nɡ')",tɾasponɡa,tɾasponɡa
90L_10NL,3,90L_10NL_3_1,1,1050,"('nɡ', 'nɡ', 'nɡ')",tɾasponɡa,tɾasponɡa
90L_10NL,3,90L_10NL_3_1,1,1050,"('nɡ', 'nɡ', 'nɡ')",tɾasponɡa,tɾasponɡa
90L_10NL,3,90L_10NL_3_1,1,1050,"('nɡ', 'nɡ', 'nɡ')",tɾasponɡa,tɾasponɡa
90L_10NL,3,90L_10NL_3_1,1,1050,"('nɡ', 'nɡ', 'nɡ')",tɾasponɡa,tɾasponɡa
90L_10NL,3,90L_10NL_3_1,1,1050,"('nɡ', 'nɡ', 'nɡ')",tɾasponɡa,tɾasponɡa
90L_10NL,3,90L_10NL_3_1,1,1050,"('nɡ', 'nɡ', 'nɡ')",tɾasponɡa,tɾasponɡa
90L_10NL,3,90L_10NL_3_1,1,1050,"('nɡ', 'nɡ', 'nɡ')",tɾasponɡa,tɾasponɡa
90L_10NL,3,90L_10NL_3_1,1,1050,"('nɡ', 'nɡ', 'nɡ')",tɾasponɡa,tɾasponɡa
90L_10NL,3,90L_10NL_3_1,1,1050,"('nɡ', 'nɡ', 'nɡ')",tɾasponɡa,tɾasponɡa
90L_10NL,3,90L_10NL_3_1,1,700,"('n', 'n', 'nɡ')",tɾasponɡo,tɾasponɡo
90L_10NL,3,90L_10NL_3_1,1,700,"('n', 'n', 'nɡ')",tɾasponɡo,tɾasponɡo
90L_10NL,3,90L_10NL_3_1,1,700,"('n', 'n', 'nɡ')",tɾasponɡo,tɾasponɡo
90L_10NL,3,90L_10NL_3_1,1,700,"('n', 'n', 'nɡ')",tɾasponɡo,tɾasponɡo
90L_10NL,3,90L_10NL_3_1,1,1008,"('n', 'nɡ', 'nɡ')",tɾasponɡo,tɾasponɡo
90L_10NL,3,90L_10NL_3_1,1,1008,"('n', 'nɡ', 'nɡ')",tɾasponɡo,tɾasponɡo
90L_10NL,3,90L_10NL_3_1,1,1008,"('n', 'nɡ', 'nɡ')",tɾasponɡo,tɾasponɡo
90L_10NL,3,90L_10NL_3_1,1,1008,"('n', 'nɡ', 'nɡ')",tɾasponɡo,tɾasponɡo
90L_10NL,3,90L_10NL_3_1,1,1008,"('n', 'nɡ', 'nɡ')",tɾasponɡo,tɾasponɡo
90L_10NL,3,90L_10NL_3_1,1,1008,"('n', 'nɡ', 'nɡ')",tɾasponɡo,tɾasponɡo
90L_10NL,3,90L_10NL_3_1,1,700,"('n', 'n', 'nɡ')",tɾasponɡo,tɾasponɡo
90L_10NL,3,90L_10NL_3_1,1,700,"('n', 'n', 'nɡ')",tɾasponɡo,tɾasponɡo
90L_10NL,3,90L_10NL_3_1,1,700,"('n', 'n', 'nɡ')",tɾasponɡo,tɾasponɡo
90L_10NL,3,90L_10NL_3_1,1,1008,"('n', 'nɡ', 'nɡ')",tɾasponɡo,tɾasponɡo
90L_10NL,3,90L_10NL_3_1,1,1008,"('n', 'nɡ', 'nɡ')",tɾasponɡo,tɾasponɡo
90L_10NL,3,90L_10NL_3_1,1,1008,"('n', 'nɡ', 'nɡ')",tɾasponɡo,tɾasponɡo
90L_10NL,3,90L_10NL_3_1,1,1008,"('n', 'nɡ', 'nɡ')",tɾasponɡo,tɾasponɡo
90L_10NL,3,90L_10NL_3_1,1,1008,"('n', 'nɡ', 'nɡ')",tɾasponɡo,tɾasponɡo
90L_10NL,3,90L_10NL_3_1,1,1008,"('n', 'nɡ', 'nɡ')",tɾasponɡo,tɾasponɡo
90L_10NL,3,90L_10NL_3_1,1,700,"('n', 'n', 'nɡ')",tɾasponɡo,tɾasponɡo
90L_10NL,3,90L_10NL_3_1,1,700,"('n', 'n', 'nɡ')",tɾasponɡo,tɾasponɡo
90L_10NL,3,90L_10NL_3_1,1,1008,"('n', 'nɡ', 'nɡ')",tɾasponɡo,tɾasponɡo
90L_10NL,3,90L_10NL_3_1,1,1008,"('n', 'nɡ', 'nɡ')",tɾasponɡo,tɾasponɡo
90L_10NL,3,90L_10NL_3_1,1,1008,"('n', 'nɡ', 'nɡ')",tɾasponɡo,tɾasponɡo
90L_10NL,3,90L_10NL_3_1,1,1008,"('n', 'nɡ', 'nɡ')",tɾasponɡo,tɾasponɡo
90L_10NL,3,90L_10NL_3_1,1,1008,"('n', 'nɡ', 'nɡ')",tɾasponɡo,tɾasponɡo
90L_10NL,3,90L_10NL_3_1,1,1008,"('n', 'nɡ', 'nɡ')",tɾasponɡo,tɾasponɡo
90L_10NL,3,90L_10NL_3_1,1,700,"('n', 'n', 'nɡ')",tɾasponɡo,tɾasponɡo
90L_10NL,3,90L_10NL_3_1,1,1008,"('n', 'nɡ', 'nɡ')",tɾasponɡo,tɾasponɡo
90L_10NL,3,90L_10NL_3_1,1,1008,"('n', 'nɡ', 'nɡ')",tɾasponɡo,tɾasponɡo
90L_10NL,3,90L_10NL_3_1,1,1008,"('n', 'nɡ', 'nɡ')",tɾasponɡo,tɾasponɡo
90L_10NL,3,90L_10NL_3_1,1,1008,"('n', 'nɡ', 'nɡ')",tɾasponɡo,tɾasponɡo
90L_10NL,3,90L_10NL_3_1,1,1008,"('n', 'nɡ', 'nɡ')",tɾasponɡo,tɾasponɡo
90L_10NL,3,90L_10NL_3_1,1,1008,"('n', 'nɡ', 'nɡ')",tɾasponɡo,tɾasponɡo
90L_10NL,3,90L_10NL_3_1,1,1008,"('n', 'nɡ', 'nɡ')",tɾasponɡo,tɾasponɡo
90L_10NL,3,90L_10NL_3_1,1,1008,"('n', 'nɡ', 'nɡ')",tɾasponɡo,tɾasponɡo
90L_10NL,3,90L_10NL_3_1,1,1008,"('n', 'nɡ', 'nɡ')",tɾasponɡo,tɾasponɡo
90L_10NL,3,90L_10NL_3_1,1,1008,"('n', 'nɡ', 'nɡ')",tɾasponɡo,tɾasponɡo
90L_10NL,3,90L_10NL_3_1,1,1008,"('n', 'nɡ', 'nɡ')",tɾasponɡo,tɾasponɡo
90L_10NL,3,90L_10NL_3_1,1,1008,"('n', 'nɡ', 'nɡ')",tɾasponɡo,tɾasponɡo
90L_10NL,3,90L_10NL_3_1,1,1050,"('nɡ', 'nɡ', 'nɡ')",tɾasponɡo,tɾasponɡo
90L_10NL,3,90L_10NL_3_1,1,1050,"('nɡ', 'nɡ', 'nɡ')",tɾasponɡo,tɾasponɡo
90L_10NL,3,90L_10NL_3_1,1,1050,"('nɡ', 'nɡ', 'nɡ')",tɾasponɡo,tɾasponɡo
90L_10NL,3,90L_10NL_3_1,1,1050,"('nɡ', 'nɡ', 'nɡ')",tɾasponɡo,tɾasponɡo
90L_10NL,3,90L_10NL_3_1,1,1050,"('nɡ', 'nɡ', 'nɡ')",tɾasponɡo,tɾasponɡo
90L_10NL,3,90L_10NL_3_1,1,1050,"('nɡ', 'nɡ', 'nɡ')",tɾasponɡo,tɾasponɡo
90L_10NL,3,90L_10NL_3_1,1,1050,"('nɡ', 'nɡ', 'nɡ')",tɾasponɡo,tɾasponɡo
90L_10NL,3,90L_10NL_3_1,1,1050,"('nɡ', 'nɡ', 'nɡ')",tɾasponɡo,tɾasponɡo
90L_10NL,3,90L_10NL_3_1,1,1050,"('nɡ', 'nɡ', 'nɡ')",tɾasponɡo,tɾasponɡo
90L_10NL,3,90L_10NL_3_1,1,1050,"('nɡ', 'nɡ', 'nɡ')",tɾasponɡo,tɾasponɡo
90L_10NL,3,90L_10NL_3_1,1,1050,"('nɡ', 'nɡ', 'nɡ')",tɾasponɡo,tɾasponɡo
90L_10NL,3,90L_10NL_3_1,1,1050,"('nɡ', 'nɡ', 'nɡ')",tɾasponɡo,tɾasponɡo
90L_10NL,3,90L_10NL_3_1,1,1050,"('nɡ', 'nɡ', 'nɡ')",tɾasponɡo,tɾasponɡo
90L_10NL,3,90L_10NL_3_1,1,1050,"('nɡ', 'nɡ', 'nɡ')",tɾasponɡo,tɾasponɡo
90L_10NL,3,90L_10NL_3_1,1,1050,"('nɡ', 'nɡ', 'nɡ')",tɾasponɡo,tɾasponɡo
90L_10NL,3,90L_10NL_3_1,1,300,"('n', 'n', 'n')",komponejs,komponejs
90L_10NL,3,90L_10NL_3_1,1,300,"('n', 'n', 'n')",komponejs,komponejs
90L_10NL,3,90L_10NL_3_1,1,300,"('n', 'n', 'n')",komponejs,komponejs
90L_10NL,3,90L_10NL_3_1,1,672,"('n', 'nɡ', 'n')",komponejs,komponejs
90L_10NL,3,90L_10NL_3_1,1,672,"('n', 'nɡ', 'n')",komponejs,komponejs
90L_10NL,3,90L_10NL_3_1,1,672,"('n', 'nɡ', 'n')",komponejs,komponejs
90L_10NL,3,90L_10NL_3_1,1,672,"('n', 'nɡ', 'n')",komponejs,komponejs
90L_10NL,3,90L_10NL_3_1,1,672,"('n', 'nɡ', 'n')",komponejs,komponejs
90L_10NL,3,90L_10NL_3_1,1,672,"('n', 'nɡ', 'n')",komponejs,komponejs
90L_10NL,3,90L_10NL_3_1,1,672,"('n', 'nɡ', 'n')",komponejs,komponejs
90L_10NL,3,90L_10NL_3_1,1,300,"('n', 'n', 'n')",komponejs,komponejs
90L_10NL,3,90L_10NL_3_1,1,300,"('n', 'n', 'n')",komponejs,komponejs
90L_10NL,3,90L_10NL_3_1,1,672,"('n', 'nɡ', 'n')",komponejs,komponejs
90L_10NL,3,90L_10NL_3_1,1,672,"('n', 'nɡ', 'n')",komponejs,komponejs
90L_10NL,3,90L_10NL_3_1,1,672,"('n', 'nɡ', 'n')",komponejs,komponejs
90L_10NL,3,90L_10NL_3_1,1,672,"('n', 'nɡ', 'n')",komponejs,komponejs
90L_10NL,3,90L_10NL_3_1,1,672,"('n', 'nɡ', 'n')",komponejs,komponejs
90L_10NL,3,90L_10NL_3_1,1,672,"('n', 'nɡ', 'n')",komponejs,komponejs
90L_10NL,3,90L_10NL_3_1,1,672,"('n', 'nɡ', 'n')",komponejs,komponejs
90L_10NL,3,90L_10NL_3_1,1,300,"('n', 'n', 'n')",komponejs,komponejs
90L_10NL,3,90L_10NL_3_1,1,672,"('n', 'nɡ', 'n')",komponejs,komponejs
90L_10NL,3,90L_10NL_3_1,1,672,"('n', 'nɡ', 'n')",komponejs,komponejs
90L_10NL,3,90L_10NL_3_1,1,672,"('n', 'nɡ', 'n')",komponejs,komponejs
90L_10NL,3,90L_10NL_3_1,1,672,"('n', 'nɡ', 'n')",komponejs,komponejs
90L_10NL,3,90L_10NL_3_1,1,672,"('n', 'nɡ', 'n')",komponejs,komponejs
90L_10NL,3,90L_10NL_3_1,1,672,"('n', 'nɡ', 'n')",komponejs,komponejs
90L_10NL,3,90L_10NL_3_1,1,672,"('n', 'nɡ', 'n')",komponejs,komponejs
90L_10NL,3,90L_10NL_3_1,1,672,"('n', 'nɡ', 'n')",komponejs,komponejs
90L_10NL,3,90L_10NL_3_1,1,672,"('n', 'nɡ', 'n')",komponejs,komponejs
90L_10NL,3,90L_10NL_3_1,1,672,"('n', 'nɡ', 'n')",komponejs,komponejs
90L_10NL,3,90L_10NL_3_1,1,672,"('n', 'nɡ', 'n')",komponejs,komponejs
90L_10NL,3,90L_10NL_3_1,1,672,"('n', 'nɡ', 'n')",komponejs,komponejs
90L_10NL,3,90L_10NL_3_1,1,672,"('n', 'nɡ', 'n')",komponejs,komponejs
90L_10NL,3,90L_10NL_3_1,1,672,"('n', 'nɡ', 'n')",komponejs,komponejs
90L_10NL,3,90L_10NL_3_1,1,1050,"('nɡ', 'nɡ', 'n')",komponejs,komponejs
90L_10NL,3,90L_10NL_3_1,1,1050,"('nɡ', 'nɡ', 'n')",komponejs,komponejs
90L_10NL,3,90L_10NL_3_1,1,1050,"('nɡ', 'nɡ', 'n')",komponejs,komponejs
90L_10NL,3,90L_10NL_3_1,1,1050,"('nɡ', 'nɡ', 'n')",komponejs,komponejs
90L_10NL,3,90L_10NL_3_1,1,1050,"('nɡ', 'nɡ', 'n')",komponejs,komponejs
90L_10NL,3,90L_10NL_3_1,1,1050,"('nɡ', 'nɡ', 'n')",komponejs,komponejs
90L_10NL,3,90L_10NL_3_1,1,1050,"('nɡ', 'nɡ', 'n')",komponejs,komponejs
90L_10NL,3,90L_10NL_3_1,1,1050,"('nɡ', 'nɡ', 'n')",komponejs,komponejs
90L_10NL,3,90L_10NL_3_1,1,1050,"('nɡ', 'nɡ', 'n')",komponejs,komponejs
90L_10NL,3,90L_10NL_3_1,1,1050,"('nɡ', 'nɡ', 'n')",komponejs,komponejs
90L_10NL,3,90L_10NL_3_1,1,1050,"('nɡ', 'nɡ', 'n')",komponejs,komponejs
90L_10NL,3,90L_10NL_3_1,1,1050,"('nɡ', 'nɡ', 'n')",komponejs,komponejs
90L_10NL,3,90L_10NL_3_1,1,1050,"('nɡ', 'nɡ', 'n')",komponejs,komponejs
90L_10NL,3,90L_10NL_3_1,1,1050,"('nɡ', 'nɡ', 'n')",komponejs,komponejs
90L_10NL,3,90L_10NL_3_1,1,1050,"('nɡ', 'nɡ', 'n')",komponejs,komponejs
90L_10NL,3,90L_10NL_3_1,1,1050,"('nɡ', 'nɡ', 'n')",komponejs,komponejs
90L_10NL,3,90L_10NL_3_1,1,1050,"('nɡ', 'nɡ', 'n')",komponejs,komponejs
90L_10NL,3,90L_10NL_3_1,1,1050,"('nɡ', 'nɡ', 'n')",komponejs,komponejs
90L_10NL,3,90L_10NL_3_1,1,1050,"('nɡ', 'nɡ', 'n')",komponejs,komponejs
90L_10NL,3,90L_10NL_3_1,1,1050,"('nɡ', 'nɡ', 'n')",komponejs,komponejs
90L_10NL,3,90L_10NL_3_1,1,1050,"('nɡ', 'nɡ', 'n')",komponejs,komponejs
90L_10NL,3,90L_10NL_3_1,1,300,"('n', 'n', 'n')",komponemos,komponemos
90L_10NL,3,90L_10NL_3_1,1,300,"('n', 'n', 'n')",komponemos,komponemos
90L_10NL,3,90L_10NL_3_1,1,300,"('n', 'n', 'n')",komponemos,komponemos
90L_10NL,3,90L_10NL_3_1,1,672,"('n', 'nɡ', 'n')",komponemos,komponemos
90L_10NL,3,90L_10NL_3_1,1,672,"('n', 'nɡ', 'n')",komponemos,komponemos
90L_10NL,3,90L_10NL_3_1,1,672,"('n', 'nɡ', 'n')",komponemos,komponemos
90L_10NL,3,90L_10NL_3_1,1,672,"('n', 'nɡ', 'n')",komponemos,komponemos
90L_10NL,3,90L_10NL_3_1,1,672,"('n', 'nɡ', 'n')",komponemos,komponemos
90L_10NL,3,90L_10NL_3_1,1,672,"('n', 'nɡ', 'n')",komponemos,komponemos
90L_10NL,3,90L_10NL_3_1,1,672,"('n', 'nɡ', 'n')",komponemos,komponemos
90L_10NL,3,90L_10NL_3_1,1,300,"('n', 'n', 'n')",komponemos,komponemos
90L_10NL,3,90L_10NL_3_1,1,300,"('n', 'n', 'n')",komponemos,komponemos
90L_10NL,3,90L_10NL_3_1,1,672,"('n', 'nɡ', 'n')",komponemos,komponemos
90L_10NL,3,90L_10NL_3_1,1,672,"('n', 'nɡ', 'n')",komponemos,komponemos
90L_10NL,3,90L_10NL_3_1,1,672,"('n', 'nɡ', 'n')",komponemos,komponemos
90L_10NL,3,90L_10NL_3_1,1,672,"('n', 'nɡ', 'n')",komponemos,komponemos
90L_10NL,3,90L_10NL_3_1,1,672,"('n', 'nɡ', 'n')",komponemos,komponemos
90L_10NL,3,90L_10NL_3_1,1,672,"('n', 'nɡ', 'n')",komponemos,komponemos
90L_10NL,3,90L_10NL_3_1,1,672,"('n', 'nɡ', 'n')",komponemos,komponemos
90L_10NL,3,90L_10NL_3_1,1,300,"('n', 'n', 'n')",komponemos,komponemos
90L_10NL,3,90L_10NL_3_1,1,672,"('n', 'nɡ', 'n')",komponemos,komponemos
90L_10NL,3,90L_10NL_3_1,1,672,"('n', 'nɡ', 'n')",komponemos,komponemos
90L_10NL,3,90L_10NL_3_1,1,672,"('n', 'nɡ', 'n')",komponemos,komponemos
90L_10NL,3,90L_10NL_3_1,1,672,"('n', 'nɡ', 'n')",komponemos,komponemos
90L_10NL,3,90L_10NL_3_1,1,672,"('n', 'nɡ', 'n')",komponemos,komponemos
90L_10NL,3,90L_10NL_3_1,1,672,"('n', 'nɡ', 'n')",komponemos,komponemos
90L_10NL,3,90L_10NL_3_1,1,672,"('n', 'nɡ', 'n')",komponemos,komponemos
90L_10NL,3,90L_10NL_3_1,1,672,"('n', 'nɡ', 'n')",komponemos,komponemos
90L_10NL,3,90L_10NL_3_1,1,672,"('n', 'nɡ', 'n')",komponemos,komponemos
90L_10NL,3,90L_10NL_3_1,1,672,"('n', 'nɡ', 'n')",komponemos,komponemos
90L_10NL,3,90L_10NL_3_1,1,672,"('n', 'nɡ', 'n')",komponemos,komponemos
90L_10NL,3,90L_10NL_3_1,1,672,"('n', 'nɡ', 'n')",komponemos,komponemos
90L_10NL,3,90L_10NL_3_1,1,672,"('n', 'nɡ', 'n')",komponemos,komponemos
90L_10NL,3,90L_10NL_3_1,1,672,"('n', 'nɡ', 'n')",komponemos,komponemos
90L_10NL,3,90L_10NL_3_1,1,1050,"('nɡ', 'nɡ', 'n')",komponemos,komponemos
90L_10NL,3,90L_10NL_3_1,1,1050,"('nɡ', 'nɡ', 'n')",komponemos,komponemos
90L_10NL,3,90L_10NL_3_1,1,1050,"('nɡ', 'nɡ', 'n')",komponemos,komponemos
90L_10NL,3,90L_10NL_3_1,1,1050,"('nɡ', 'nɡ', 'n')",komponemos,komponemos
90L_10NL,3,90L_10NL_3_1,1,1050,"('nɡ', 'nɡ', 'n')",komponemos,komponemos
90L_10NL,3,90L_10NL_3_1,1,1050,"('nɡ', 'nɡ', 'n')",komponemos,komponemos
90L_10NL,3,90L_10NL_3_1,1,1050,"('nɡ', 'nɡ', 'n')",komponemos,komponemos
90L_10NL,3,90L_10NL_3_1,1,1050,"('nɡ', 'nɡ', 'n')",komponemos,komponemos
90L_10NL,3,90L_10NL_3_1,1,1050,"('nɡ', 'nɡ', 'n')",komponemos,komponemos
90L_10NL,3,90L_10NL_3_1,1,1050,"('nɡ', 'nɡ', 'n')",komponemos,komponemos
90L_10NL,3,90L_10NL_3_1,1,1050,"('nɡ', 'nɡ', 'n')",komponemos,komponemos
90L_10NL,3,90L_10NL_3_1,1,1050,"('nɡ', 'nɡ', 'n')",komponemos,komponemos
90L_10NL,3,90L_10NL_3_1,1,1050,"('nɡ', 'nɡ', 'n')",komponemos,komponemos
90L_10NL,3,90L_10NL_3_1,1,1050,"('nɡ', 'nɡ', 'n')",komponemos,komponemos
90L_10NL,3,90L_10NL_3_1,1,1050,"('nɡ', 'nɡ', 'n')",komponemos,komponemos
90L_10NL,3,90L_10NL_3_1,1,1050,"('nɡ', 'nɡ', 'n')",komponemos,komponemos
90L_10NL,3,90L_10NL_3_1,1,1050,"('nɡ', 'nɡ', 'n')",komponemos,komponemos
90L_10NL,3,90L_10NL_3_1,1,1050,"('nɡ', 'nɡ', 'n')",komponemos,komponemos
90L_10NL,3,90L_10NL_3_1,1,1050,"('nɡ', 'nɡ', 'n')",komponemos,komponemos
90L_10NL,3,90L_10NL_3_1,1,1050,"('nɡ', 'nɡ', 'n')",komponemos,komponemos
90L_10NL,3,90L_10NL_3_1,1,1050,"('nɡ', 'nɡ', 'n')",komponemos,komponemos
90L_10NL,3,90L_10NL_3_1,1,300,"('n', 'n', 'n')",komponen,komponen
90L_10NL,3,90L_10NL_3_1,1,300,"('n', 'n', 'n')",komponen,komponen
90L_10NL,3,90L_10NL_3_1,1,300,"('n', 'n', 'n')",komponen,komponen
90L_10NL,3,90L_10NL_3_1,1,672,"('n', 'nɡ', 'n')",komponen,komponen
90L_10NL,3,90L_10NL_3_1,1,672,"('n', 'nɡ', 'n')",komponen,komponen
90L_10NL,3,90L_10NL_3_1,1,672,"('n', 'nɡ', 'n')",komponen,komponen
90L_10NL,3,90L_10NL_3_1,1,672,"('n', 'nɡ', 'n')",komponen,komponen
90L_10NL,3,90L_10NL_3_1,1,672,"('n', 'nɡ', 'n')",komponen,komponen
90L_10NL,3,90L_10NL_3_1,1,672,"('n', 'nɡ', 'n')",komponen,komponen
90L_10NL,3,90L_10NL_3_1,1,672,"('n', 'nɡ', 'n')",komponen,komponen
90L_10NL,3,90L_10NL_3_1,1,300,"('n', 'n', 'n')",komponen,komponen
90L_10NL,3,90L_10NL_3_1,1,300,"('n', 'n', 'n')",komponen,komponen
90L_10NL,3,90L_10NL_3_1,1,672,"('n', 'nɡ', 'n')",komponen,komponen
90L_10NL,3,90L_10NL_3_1,1,672,"('n', 'nɡ', 'n')",komponen,komponen
90L_10NL,3,90L_10NL_3_1,1,672,"('n', 'nɡ', 'n')",komponen,komponen
90L_10NL,3,90L_10NL_3_1,1,672,"('n', 'nɡ', 'n')",komponen,komponen
90L_10NL,3,90L_10NL_3_1,1,672,"('n', 'nɡ', 'n')",komponen,komponen
90L_10NL,3,90L_10NL_3_1,1,672,"('n', 'nɡ', 'n')",komponen,komponen
90L_10NL,3,90L_10NL_3_1,1,672,"('n', 'nɡ', 'n')",komponen,komponen
90L_10NL,3,90L_10NL_3_1,1,300,"('n', 'n', 'n')",komponen,komponen
90L_10NL,3,90L_10NL_3_1,1,672,"('n', 'nɡ', 'n')",komponen,komponen
90L_10NL,3,90L_10NL_3_1,1,672,"('n', 'nɡ', 'n')",komponen,komponen
90L_10NL,3,90L_10NL_3_1,1,672,"('n', 'nɡ', 'n')",komponen,komponen
90L_10NL,3,90L_10NL_3_1,1,672,"('n', 'nɡ', 'n')",komponen,komponen
90L_10NL,3,90L_10NL_3_1,1,672,"('n', 'nɡ', 'n')",komponen,komponen
90L_10NL,3,90L_10NL_3_1,1,672,"('n', 'nɡ', 'n')",komponen,komponen
90L_10NL,3,90L_10NL_3_1,1,672,"('n', 'nɡ', 'n')",komponen,komponen
90L_10NL,3,90L_10NL_3_1,1,672,"('n', 'nɡ', 'n')",komponen,komponen
90L_10NL,3,90L_10NL_3_1,1,672,"('n', 'nɡ', 'n')",komponen,komponen
90L_10NL,3,90L_10NL_3_1,1,672,"('n', 'nɡ', 'n')",komponen,komponen
90L_10NL,3,90L_10NL_3_1,1,672,"('n', 'nɡ', 'n')",komponen,komponen
90L_10NL,3,90L_10NL_3_1,1,672,"('n', 'nɡ', 'n')",komponen,komponen
90L_10NL,3,90L_10NL_3_1,1,672,"('n', 'nɡ', 'n')",komponen,komponen
90L_10NL,3,90L_10NL_3_1,1,672,"('n', 'nɡ', 'n')",komponen,komponen
90L_10NL,3,90L_10NL_3_1,1,1050,"('nɡ', 'nɡ', 'n')",komponen,komponen
90L_10NL,3,90L_10NL_3_1,1,1050,"('nɡ', 'nɡ', 'n')",komponen,komponen
90L_10NL,3,90L_10NL_3_1,1,1050,"('nɡ', 'nɡ', 'n')",komponen,komponen
90L_10NL,3,90L_10NL_3_1,1,1050,"('nɡ', 'nɡ', 'n')",komponen,komponen
90L_10NL,3,90L_10NL_3_1,1,1050,"('nɡ', 'nɡ', 'n')",komponen,komponen
90L_10NL,3,90L_10NL_3_1,1,1050,"('nɡ', 'nɡ', 'n')",komponen,komponen
90L_10NL,3,90L_10NL_3_1,1,1050,"('nɡ', 'nɡ', 'n')",komponen,komponen
90L_10NL,3,90L_10NL_3_1,1,1050,"('nɡ', 'nɡ', 'n')",komponen,komponen
90L_10NL,3,90L_10NL_3_1,1,1050,"('nɡ', 'nɡ', 'n')",komponen,komponen
90L_10NL,3,90L_10NL_3_1,1,1050,"('nɡ', 'nɡ', 'n')",komponen,komponen
90L_10NL,3,90L_10NL_3_1,1,1050,"('nɡ', 'nɡ', 'n')",komponen,komponen
90L_10NL,3,90L_10NL_3_1,1,1050,"('nɡ', 'nɡ', 'n')",komponen,komponen
90L_10NL,3,90L_10NL_3_1,1,1050,"('nɡ', 'nɡ', 'n')",komponen,komponen
90L_10NL,3,90L_10NL_3_1,1,1050,"('nɡ', 'nɡ', 'n')",komponen,komponen
90L_10NL,3,90L_10NL_3_1,1,1050,"('nɡ', 'nɡ', 'n')",komponen,komponen
90L_10NL,3,90L_10NL_3_1,1,1050,"('nɡ', 'nɡ', 'n')",komponen,komponen
90L_10NL,3,90L_10NL_3_1,1,1050,"('nɡ', 'nɡ', 'n')",komponen,komponen
90L_10NL,3,90L_10NL_3_1,1,1050,"('nɡ', 'nɡ', 'n')",komponen,komponen
90L_10NL,3,90L_10NL_3_1,1,1050,"('nɡ', 'nɡ', 'n')",komponen,komponen
90L_10NL,3,90L_10NL_3_1,1,1050,"('nɡ', 'nɡ', 'n')",komponen,komponen
90L_10NL,3,90L_10NL_3_1,1,1050,"('nɡ', 'nɡ', 'n')",komponen,komponen
90L_10NL,3,90L_10NL_3_1,1,300,"('n', 'n', 'n')",kompones,kompones
90L_10NL,3,90L_10NL_3_1,1,300,"('n', 'n', 'n')",kompones,kompones
90L_10NL,3,90L_10NL_3_1,1,300,"('n', 'n', 'n')",kompones,kompones
90L_10NL,3,90L_10NL_3_1,1,672,"('n', 'nɡ', 'n')",kompones,kompones
90L_10NL,3,90L_10NL_3_1,1,672,"('n', 'nɡ', 'n')",kompones,kompones
90L_10NL,3,90L_10NL_3_1,1,672,"('n', 'nɡ', 'n')",kompones,kompones
90L_10NL,3,90L_10NL_3_1,1,672,"('n', 'nɡ', 'n')",kompones,kompones
90L_10NL,3,90L_10NL_3_1,1,672,"('n', 'nɡ', 'n')",kompones,kompones
90L_10NL,3,90L_10NL_3_1,1,672,"('n', 'nɡ', 'n')",kompones,kompones
90L_10NL,3,90L_10NL_3_1,1,672,"('n', 'nɡ', 'n')",kompones,kompones
90L_10NL,3,90L_10NL_3_1,1,300,"('n', 'n', 'n')",kompones,kompones
90L_10NL,3,90L_10NL_3_1,1,300,"('n', 'n', 'n')",kompones,kompones
90L_10NL,3,90L_10NL_3_1,1,672,"('n', 'nɡ', 'n')",kompones,kompones
90L_10NL,3,90L_10NL_3_1,1,672,"('n', 'nɡ', 'n')",kompones,kompones
90L_10NL,3,90L_10NL_3_1,1,672,"('n', 'nɡ', 'n')",kompones,kompones
90L_10NL,3,90L_10NL_3_1,1,672,"('n', 'nɡ', 'n')",kompones,kompones
90L_10NL,3,90L_10NL_3_1,1,672,"('n', 'nɡ', 'n')",kompones,kompones
90L_10NL,3,90L_10NL_3_1,1,672,"('n', 'nɡ', 'n')",kompones,kompones
90L_10NL,3,90L_10NL_3_1,1,672,"('n', 'nɡ', 'n')",kompones,kompones
90L_10NL,3,90L_10NL_3_1,1,300,"('n', 'n', 'n')",kompones,kompones
90L_10NL,3,90L_10NL_3_1,1,672,"('n', 'nɡ', 'n')",kompones,kompones
90L_10NL,3,90L_10NL_3_1,1,672,"('n', 'nɡ', 'n')",kompones,kompones
90L_10NL,3,90L_10NL_3_1,1,672,"('n', 'nɡ', 'n')",kompones,kompones
90L_10NL,3,90L_10NL_3_1,1,672,"('n', 'nɡ', 'n')",kompones,kompones
90L_10NL,3,90L_10NL_3_1,1,672,"('n', 'nɡ', 'n')",kompones,kompones
90L_10NL,3,90L_10NL_3_1,1,672,"('n', 'nɡ', 'n')",kompones,kompones
90L_10NL,3,90L_10NL_3_1,1,672,"('n', 'nɡ', 'n')",kompones,kompones
90L_10NL,3,90L_10NL_3_1,1,672,"('n', 'nɡ', 'n')",kompones,kompones
90L_10NL,3,90L_10NL_3_1,1,672,"('n', 'nɡ', 'n')",kompones,kompones
90L_10NL,3,90L_10NL_3_1,1,672,"('n', 'nɡ', 'n')",kompones,kompones
90L_10NL,3,90L_10NL_3_1,1,672,"('n', 'nɡ', 'n')",kompones,kompones
90L_10NL,3,90L_10NL_3_1,1,672,"('n', 'nɡ', 'n')",kompones,kompones
90L_10NL,3,90L_10NL_3_1,1,672,"('n', 'nɡ', 'n')",kompones,kompones
90L_10NL,3,90L_10NL_3_1,1,672,"('n', 'nɡ', 'n')",kompones,kompones
90L_10NL,3,90L_10NL_3_1,1,1050,"('nɡ', 'nɡ', 'n')",kompones,kompones
90L_10NL,3,90L_10NL_3_1,1,1050,"('nɡ', 'nɡ', 'n')",kompones,kompones
90L_10NL,3,90L_10NL_3_1,1,1050,"('nɡ', 'nɡ', 'n')",kompones,kompones
90L_10NL,3,90L_10NL_3_1,1,1050,"('nɡ', 'nɡ', 'n')",kompones,kompones
90L_10NL,3,90L_10NL_3_1,1,1050,"('nɡ', 'nɡ', 'n')",kompones,kompones
90L_10NL,3,90L_10NL_3_1,1,1050,"('nɡ', 'nɡ', 'n')",kompones,kompones
90L_10NL,3,90L_10NL_3_1,1,1050,"('nɡ', 'nɡ', 'n')",kompones,kompones
90L_10NL,3,90L_10NL_3_1,1,1050,"('nɡ', 'nɡ', 'n')",kompones,kompones
90L_10NL,3,90L_10NL_3_1,1,1050,"('nɡ', 'nɡ', 'n')",kompones,kompones
90L_10NL,3,90L_10NL_3_1,1,1050,"('nɡ', 'nɡ', 'n')",kompones,kompones
90L_10NL,3,90L_10NL_3_1,1,1050,"('nɡ', 'nɡ', 'n')",kompones,kompones
90L_10NL,3,90L_10NL_3_1,1,1050,"('nɡ', 'nɡ', 'n')",kompones,kompones
90L_10NL,3,90L_10NL_3_1,1,1050,"('nɡ', 'nɡ', 'n')",kompones,kompones
90L_10NL,3,90L_10NL_3_1,1,1050,"('nɡ', 'nɡ', 'n')",kompones,kompones
90L_10NL,3,90L_10NL_3_1,1,1050,"('nɡ', 'nɡ', 'n')",kompones,kompones
90L_10NL,3,90L_10NL_3_1,1,1050,"('nɡ', 'nɡ', 'n')",kompones,kompones
90L_10NL,3,90L_10NL_3_1,1,1050,"('nɡ', 'nɡ', 'n')",kompones,kompones
90L_10NL,3,90L_10NL_3_1,1,1050,"('nɡ', 'nɡ', 'n')",kompones,kompones
90L_10NL,3,90L_10NL_3_1,1,1050,"('nɡ', 'nɡ', 'n')",kompones,kompones
90L_10NL,3,90L_10NL_3_1,1,1050,"('nɡ', 'nɡ', 'n')",kompones,kompones
90L_10NL,3,90L_10NL_3_1,1,1050,"('nɡ', 'nɡ', 'n')",kompones,kompones
90L_10NL,3,90L_10NL_3_1,1,300,"('n', 'n', 'n')",kompone,kompone
90L_10NL,3,90L_10NL_3_1,1,300,"('n', 'n', 'n')",kompone,kompone
90L_10NL,3,90L_10NL_3_1,1,300,"('n', 'n', 'n')",kompone,kompone
90L_10NL,3,90L_10NL_3_1,1,672,"('n', 'nɡ', 'n')",kompone,kompone
90L_10NL,3,90L_10NL_3_1,1,672,"('n', 'nɡ', 'n')",kompone,kompone
90L_10NL,3,90L_10NL_3_1,1,672,"('n', 'nɡ', 'n')",kompone,kompone
90L_10NL,3,90L_10NL_3_1,1,672,"('n', 'nɡ', 'n')",kompone,kompone
90L_10NL,3,90L_10NL_3_1,1,672,"('n', 'nɡ', 'n')",kompone,kompone
90L_10NL,3,90L_10NL_3_1,1,672,"('n', 'nɡ', 'n')",kompone,kompone
90L_10NL,3,90L_10NL_3_1,1,672,"('n', 'nɡ', 'n')",kompone,kompone
90L_10NL,3,90L_10NL_3_1,1,300,"('n', 'n', 'n')",kompone,kompone
90L_10NL,3,90L_10NL_3_1,1,300,"('n', 'n', 'n')",kompone,kompone
90L_10NL,3,90L_10NL_3_1,1,672,"('n', 'nɡ', 'n')",kompone,kompone
90L_10NL,3,90L_10NL_3_1,1,672,"('n', 'nɡ', 'n')",kompone,kompone
90L_10NL,3,90L_10NL_3_1,1,672,"('n', 'nɡ', 'n')",kompone,kompone
90L_10NL,3,90L_10NL_3_1,1,672,"('n', 'nɡ', 'n')",kompone,kompone
90L_10NL,3,90L_10NL_3_1,1,672,"('n', 'nɡ', 'n')",kompone,kompone
90L_10NL,3,90L_10NL_3_1,1,672,"('n', 'nɡ', 'n')",kompone,kompone
90L_10NL,3,90L_10NL_3_1,1,672,"('n', 'nɡ', 'n')",kompone,kompone
90L_10NL,3,90L_10NL_3_1,1,300,"('n', 'n', 'n')",kompone,kompone
90L_10NL,3,90L_10NL_3_1,1,672,"('n', 'nɡ', 'n')",kompone,kompone
90L_10NL,3,90L_10NL_3_1,1,672,"('n', 'nɡ', 'n')",kompone,kompone
90L_10NL,3,90L_10NL_3_1,1,672,"('n', 'nɡ', 'n')",kompone,kompone
90L_10NL,3,90L_10NL_3_1,1,672,"('n', 'nɡ', 'n')",kompone,kompone
90L_10NL,3,90L_10NL_3_1,1,672,"('n', 'nɡ', 'n')",kompone,kompone
90L_10NL,3,90L_10NL_3_1,1,672,"('n', 'nɡ', 'n')",kompone,kompone
90L_10NL,3,90L_10NL_3_1,1,672,"('n', 'nɡ', 'n')",kompone,kompone
90L_10NL,3,90L_10NL_3_1,1,672,"('n', 'nɡ', 'n')",kompone,kompone
90L_10NL,3,90L_10NL_3_1,1,672,"('n', 'nɡ', 'n')",kompone,kompone
90L_10NL,3,90L_10NL_3_1,1,672,"('n', 'nɡ', 'n')",kompone,kompone
90L_10NL,3,90L_10NL_3_1,1,672,"('n', 'nɡ', 'n')",kompone,kompone
90L_10NL,3,90L_10NL_3_1,1,672,"('n', 'nɡ', 'n')",kompone,kompone
90L_10NL,3,90L_10NL_3_1,1,672,"('n', 'nɡ', 'n')",kompone,kompone
90L_10NL,3,90L_10NL_3_1,1,672,"('n', 'nɡ', 'n')",kompone,kompone
90L_10NL,3,90L_10NL_3_1,1,1050,"('nɡ', 'nɡ', 'n')",kompone,kompone
90L_10NL,3,90L_10NL_3_1,1,1050,"('nɡ', 'nɡ', 'n')",kompone,kompone
90L_10NL,3,90L_10NL_3_1,1,1050,"('nɡ', 'nɡ', 'n')",kompone,kompone
90L_10NL,3,90L_10NL_3_1,1,1050,"('nɡ', 'nɡ', 'n')",kompone,kompone
90L_10NL,3,90L_10NL_3_1,1,1050,"('nɡ', 'nɡ', 'n')",kompone,kompone
90L_10NL,3,90L_10NL_3_1,1,1050,"('nɡ', 'nɡ', 'n')",kompone,kompone
90L_10NL,3,90L_10NL_3_1,1,1050,"('nɡ', 'nɡ', 'n')",kompone,kompone
90L_10NL,3,90L_10NL_3_1,1,1050,"('nɡ', 'nɡ', 'n')",kompone,kompone
90L_10NL,3,90L_10NL_3_1,1,1050,"('nɡ', 'nɡ', 'n')",kompone,kompone
90L_10NL,3,90L_10NL_3_1,1,1050,"('nɡ', 'nɡ', 'n')",kompone,kompone
90L_10NL,3,90L_10NL_3_1,1,1050,"('nɡ', 'nɡ', 'n')",kompone,kompone
90L_10NL,3,90L_10NL_3_1,1,1050,"('nɡ', 'nɡ', 'n')",kompone,kompone
90L_10NL,3,90L_10NL_3_1,1,1050,"('nɡ', 'nɡ', 'n')",kompone,kompone
90L_10NL,3,90L_10NL_3_1,1,1050,"('nɡ', 'nɡ', 'n')",kompone,kompone
90L_10NL,3,90L_10NL_3_1,1,1050,"('nɡ', 'nɡ', 'n')",kompone,kompone
90L_10NL,3,90L_10NL_3_1,1,1050,"('nɡ', 'nɡ', 'n')",kompone,kompone
90L_10NL,3,90L_10NL_3_1,1,1050,"('nɡ', 'nɡ', 'n')",kompone,kompone
90L_10NL,3,90L_10NL_3_1,1,1050,"('nɡ', 'nɡ', 'n')",kompone,kompone
90L_10NL,3,90L_10NL_3_1,1,1050,"('nɡ', 'nɡ', 'n')",kompone,kompone
90L_10NL,3,90L_10NL_3_1,1,1050,"('nɡ', 'nɡ', 'n')",kompone,kompone
90L_10NL,3,90L_10NL_3_1,1,1050,"('nɡ', 'nɡ', 'n')",kompone,kompone
90L_10NL,3,90L_10NL_3_1,1,700,"('n', 'n', 'nɡ')",komponɡajs,komponɡajs
90L_10NL,3,90L_10NL_3_1,1,700,"('n', 'n', 'nɡ')",komponɡajs,komponɡajs
90L_10NL,3,90L_10NL_3_1,1,700,"('n', 'n', 'nɡ')",komponɡajs,komponɡajs
90L_10NL,3,90L_10NL_3_1,1,700,"('n', 'n', 'nɡ')",komponɡajs,komponɡajs
90L_10NL,3,90L_10NL_3_1,1,1008,"('n', 'nɡ', 'nɡ')",komponɡajs,komponɡajs
90L_10NL,3,90L_10NL_3_1,1,1008,"('n', 'nɡ', 'nɡ')",komponɡajs,komponɡajs
90L_10NL,3,90L_10NL_3_1,1,1008,"('n', 'nɡ', 'nɡ')",komponɡajs,komponɡajs
90L_10NL,3,90L_10NL_3_1,1,1008,"('n', 'nɡ', 'nɡ')",komponɡajs,komponɡajs
90L_10NL,3,90L_10NL_3_1,1,1008,"('n', 'nɡ', 'nɡ')",komponɡajs,komponɡajs
90L_10NL,3,90L_10NL_3_1,1,1008,"('n', 'nɡ', 'nɡ')",komponɡajs,komponɡajs
90L_10NL,3,90L_10NL_3_1,1,700,"('n', 'n', 'nɡ')",komponɡajs,komponɡajs
90L_10NL,3,90L_10NL_3_1,1,700,"('n', 'n', 'nɡ')",komponɡajs,komponɡajs
90L_10NL,3,90L_10NL_3_1,1,700,"('n', 'n', 'nɡ')",komponɡajs,komponɡajs
90L_10NL,3,90L_10NL_3_1,1,1008,"('n', 'nɡ', 'nɡ')",komponɡajs,komponɡajs
90L_10NL,3,90L_10NL_3_1,1,1008,"('n', 'nɡ', 'nɡ')",komponɡajs,komponɡajs
90L_10NL,3,90L_10NL_3_1,1,1008,"('n', 'nɡ', 'nɡ')",komponɡajs,komponɡajs
90L_10NL,3,90L_10NL_3_1,1,1008,"('n', 'nɡ', 'nɡ')",komponɡajs,komponɡajs
90L_10NL,3,90L_10NL_3_1,1,1008,"('n', 'nɡ', 'nɡ')",komponɡajs,komponɡajs
90L_10NL,3,90L_10NL_3_1,1,1008,"('n', 'nɡ', 'nɡ')",komponɡajs,komponɡajs
90L_10NL,3,90L_10NL_3_1,1,700,"('n', 'n', 'nɡ')",komponɡajs,komponɡajs
90L_10NL,3,90L_10NL_3_1,1,700,"('n', 'n', 'nɡ')",komponɡajs,komponɡajs
90L_10NL,3,90L_10NL_3_1,1,1008,"('n', 'nɡ', 'nɡ')",komponɡajs,komponɡajs
90L_10NL,3,90L_10NL_3_1,1,1008,"('n', 'nɡ', 'nɡ')",komponɡajs,komponɡajs
90L_10NL,3,90L_10NL_3_1,1,1008,"('n', 'nɡ', 'nɡ')",komponɡajs,komponɡajs
90L_10NL,3,90L_10NL_3_1,1,1008,"('n', 'nɡ', 'nɡ')",komponɡajs,komponɡajs
90L_10NL,3,90L_10NL_3_1,1,1008,"('n', 'nɡ', 'nɡ')",komponɡajs,komponɡajs
90L_10NL,3,90L_10NL_3_1,1,1008,"('n', 'nɡ', 'nɡ')",komponɡajs,komponɡajs
90L_10NL,3,90L_10NL_3_1,1,700,"('n', 'n', 'nɡ')",komponɡajs,komponɡajs
90L_10NL,3,90L_10NL_3_1,1,1008,"('n', 'nɡ', 'nɡ')",komponɡajs,komponɡajs
90L_10NL,3,90L_10NL_3_1,1,1008,"('n', 'nɡ', 'nɡ')",komponɡajs,komponɡajs
90L_10NL,3,90L_10NL_3_1,1,1008,"('n', 'nɡ', 'nɡ')",komponɡajs,komponɡajs
90L_10NL,3,90L_10NL_3_1,1,1008,"('n', 'nɡ', 'nɡ')",komponɡajs,komponɡajs
90L_10NL,3,90L_10NL_3_1,1,1008,"('n', 'nɡ', 'nɡ')",komponɡajs,komponɡajs
90L_10NL,3,90L_10NL_3_1,1,1008,"('n', 'nɡ', 'nɡ')",komponɡajs,komponɡajs
90L_10NL,3,90L_10NL_3_1,1,1008,"('n', 'nɡ', 'nɡ')",komponɡajs,komponɡajs
90L_10NL,3,90L_10NL_3_1,1,1008,"('n', 'nɡ', 'nɡ')",komponɡajs,komponɡajs
90L_10NL,3,90L_10NL_3_1,1,1008,"('n', 'nɡ', 'nɡ')",komponɡajs,komponɡajs
90L_10NL,3,90L_10NL_3_1,1,1008,"('n', 'nɡ', 'nɡ')",komponɡajs,komponɡajs
90L_10NL,3,90L_10NL_3_1,1,1008,"('n', 'nɡ', 'nɡ')",komponɡajs,komponɡajs
90L_10NL,3,90L_10NL_3_1,1,1008,"('n', 'nɡ', 'nɡ')",komponɡajs,komponɡajs
90L_10NL,3,90L_10NL_3_1,1,1050,"('nɡ', 'nɡ', 'nɡ')",komponɡajs,komponɡajs
90L_10NL,3,90L_10NL_3_1,1,1050,"('nɡ', 'nɡ', 'nɡ')",komponɡajs,komponɡajs
90L_10NL,3,90L_10NL_3_1,1,1050,"('nɡ', 'nɡ', 'nɡ')",komponɡajs,komponɡajs
90L_10NL,3,90L_10NL_3_1,1,1050,"('nɡ', 'nɡ', 'nɡ')",komponɡajs,komponɡajs
90L_10NL,3,90L_10NL_3_1,1,1050,"('nɡ', 'nɡ', 'nɡ')",komponɡajs,komponɡajs
90L_10NL,3,90L_10NL_3_1,1,1050,"('nɡ', 'nɡ', 'nɡ')",komponɡajs,komponɡajs
90L_10NL,3,90L_10NL_3_1,1,1050,"('nɡ', 'nɡ', 'nɡ')",komponɡajs,komponɡajs
90L_10NL,3,90L_10NL_3_1,1,1050,"('nɡ', 'nɡ', 'nɡ')",komponɡajs,komponɡajs
90L_10NL,3,90L_10NL_3_1,1,1050,"('nɡ', 'nɡ', 'nɡ')",komponɡajs,komponɡajs
90L_10NL,3,90L_10NL_3_1,1,1050,"('nɡ', 'nɡ', 'nɡ')",komponɡajs,komponɡajs
90L_10NL,3,90L_10NL_3_1,1,1050,"('nɡ', 'nɡ', 'nɡ')",komponɡajs,komponɡajs
90L_10NL,3,90L_10NL_3_1,1,1050,"('nɡ', 'nɡ', 'nɡ')",komponɡajs,komponɡajs
90L_10NL,3,90L_10NL_3_1,1,1050,"('nɡ', 'nɡ', 'nɡ')",komponɡajs,komponɡajs
90L_10NL,3,90L_10NL_3_1,1,1050,"('nɡ', 'nɡ', 'nɡ')",komponɡajs,komponɡajs
90L_10NL,3,90L_10NL_3_1,1,1050,"('nɡ', 'nɡ', 'nɡ')",komponɡajs,komponɡajs
90L_10NL,3,90L_10NL_3_1,1,700,"('n', 'n', 'nɡ')",komponɡamos,komponɡamos
90L_10NL,3,90L_10NL_3_1,1,700,"('n', 'n', 'nɡ')",komponɡamos,komponɡamos
90L_10NL,3,90L_10NL_3_1,1,700,"('n', 'n', 'nɡ')",komponɡamos,komponɡamos
90L_10NL,3,90L_10NL_3_1,1,700,"('n', 'n', 'nɡ')",komponɡamos,komponɡamos
90L_10NL,3,90L_10NL_3_1,1,1008,"('n', 'nɡ', 'nɡ')",komponɡamos,komponɡamos
90L_10NL,3,90L_10NL_3_1,1,1008,"('n', 'nɡ', 'nɡ')",komponɡamos,komponɡamos
90L_10NL,3,90L_10NL_3_1,1,1008,"('n', 'nɡ', 'nɡ')",komponɡamos,komponɡamos
90L_10NL,3,90L_10NL_3_1,1,1008,"('n', 'nɡ', 'nɡ')",komponɡamos,komponɡamos
90L_10NL,3,90L_10NL_3_1,1,1008,"('n', 'nɡ', 'nɡ')",komponɡamos,komponɡamos
90L_10NL,3,90L_10NL_3_1,1,1008,"('n', 'nɡ', 'nɡ')",komponɡamos,komponɡamos
90L_10NL,3,90L_10NL_3_1,1,700,"('n', 'n', 'nɡ')",komponɡamos,komponɡamos
90L_10NL,3,90L_10NL_3_1,1,700,"('n', 'n', 'nɡ')",komponɡamos,komponɡamos
90L_10NL,3,90L_10NL_3_1,1,700,"('n', 'n', 'nɡ')",komponɡamos,komponɡamos
90L_10NL,3,90L_10NL_3_1,1,1008,"('n', 'nɡ', 'nɡ')",komponɡamos,komponɡamos
90L_10NL,3,90L_10NL_3_1,1,1008,"('n', 'nɡ', 'nɡ')",komponɡamos,komponɡamos
90L_10NL,3,90L_10NL_3_1,1,1008,"('n', 'nɡ', 'nɡ')",komponɡamos,komponɡamos
90L_10NL,3,90L_10NL_3_1,1,1008,"('n', 'nɡ', 'nɡ')",komponɡamos,komponɡamos
90L_10NL,3,90L_10NL_3_1,1,1008,"('n', 'nɡ', 'nɡ')",komponɡamos,komponɡamos
90L_10NL,3,90L_10NL_3_1,1,1008,"('n', 'nɡ', 'nɡ')",komponɡamos,komponɡamos
90L_10NL,3,90L_10NL_3_1,1,700,"('n', 'n', 'nɡ')",komponɡamos,komponɡamos
90L_10NL,3,90L_10NL_3_1,1,700,"('n', 'n', 'nɡ')",komponɡamos,komponɡamos
90L_10NL,3,90L_10NL_3_1,1,1008,"('n', 'nɡ', 'nɡ')",komponɡamos,komponɡamos
90L_10NL,3,90L_10NL_3_1,1,1008,"('n', 'nɡ', 'nɡ')",komponɡamos,komponɡamos
90L_10NL,3,90L_10NL_3_1,1,1008,"('n', 'nɡ', 'nɡ')",komponɡamos,komponɡamos
90L_10NL,3,90L_10NL_3_1,1,1008,"('n', 'nɡ', 'nɡ')",komponɡamos,komponɡamos
90L_10NL,3,90L_10NL_3_1,1,1008,"('n', 'nɡ', 'nɡ')",komponɡamos,komponɡamos
90L_10NL,3,90L_10NL_3_1,1,1008,"('n', 'nɡ', 'nɡ')",komponɡamos,komponɡamos
90L_10NL,3,90L_10NL_3_1,1,700,"('n', 'n', 'nɡ')",komponɡamos,komponɡamos
90L_10NL,3,90L_10NL_3_1,1,1008,"('n', 'nɡ', 'nɡ')",komponɡamos,komponɡamos
90L_10NL,3,90L_10NL_3_1,1,1008,"('n', 'nɡ', 'nɡ')",komponɡamos,komponɡamos
90L_10NL,3,90L_10NL_3_1,1,1008,"('n', 'nɡ', 'nɡ')",komponɡamos,komponɡamos
90L_10NL,3,90L_10NL_3_1,1,1008,"('n', 'nɡ', 'nɡ')",komponɡamos,komponɡamos
90L_10NL,3,90L_10NL_3_1,1,1008,"('n', 'nɡ', 'nɡ')",komponɡamos,komponɡamos
90L_10NL,3,90L_10NL_3_1,1,1008,"('n', 'nɡ', 'nɡ')",komponɡamos,komponɡamos
90L_10NL,3,90L_10NL_3_1,1,1008,"('n', 'nɡ', 'nɡ')",komponɡamos,komponɡamos
90L_10NL,3,90L_10NL_3_1,1,1008,"('n', 'nɡ', 'nɡ')",komponɡamos,komponɡamos
90L_10NL,3,90L_10NL_3_1,1,1008,"('n', 'nɡ', 'nɡ')",komponɡamos,komponɡamos
90L_10NL,3,90L_10NL_3_1,1,1008,"('n', 'nɡ', 'nɡ')",komponɡamos,komponɡamos
90L_10NL,3,90L_10NL_3_1,1,1008,"('n', 'nɡ', 'nɡ')",komponɡamos,komponɡamos
90L_10NL,3,90L_10NL_3_1,1,1008,"('n', 'nɡ', 'nɡ')",komponɡamos,komponɡamos
90L_10NL,3,90L_10NL_3_1,1,1050,"('nɡ', 'nɡ', 'nɡ')",komponɡamos,komponɡamos
90L_10NL,3,90L_10NL_3_1,1,1050,"('nɡ', 'nɡ', 'nɡ')",komponɡamos,komponɡamos
90L_10NL,3,90L_10NL_3_1,1,1050,"('nɡ', 'nɡ', 'nɡ')",komponɡamos,komponɡamos
90L_10NL,3,90L_10NL_3_1,1,1050,"('nɡ', 'nɡ', 'nɡ')",komponɡamos,komponɡamos
90L_10NL,3,90L_10NL_3_1,1,1050,"('nɡ', 'nɡ', 'nɡ')",komponɡamos,komponɡamos
90L_10NL,3,90L_10NL_3_1,1,1050,"('nɡ', 'nɡ', 'nɡ')",komponɡamos,komponɡamos
90L_10NL,3,90L_10NL_3_1,1,1050,"('nɡ', 'nɡ', 'nɡ')",komponɡamos,komponɡamos
90L_10NL,3,90L_10NL_3_1,1,1050,"('nɡ', 'nɡ', 'nɡ')",komponɡamos,komponɡamos
90L_10NL,3,90L_10NL_3_1,1,1050,"('nɡ', 'nɡ', 'nɡ')",komponɡamos,komponɡamos
90L_10NL,3,90L_10NL_3_1,1,1050,"('nɡ', 'nɡ', 'nɡ')",komponɡamos,komponɡamos
90L_10NL,3,90L_10NL_3_1,1,1050,"('nɡ', 'nɡ', 'nɡ')",komponɡamos,komponɡamos
90L_10NL,3,90L_10NL_3_1,1,1050,"('nɡ', 'nɡ', 'nɡ')",komponɡamos,komponɡamos
90L_10NL,3,90L_10NL_3_1,1,1050,"('nɡ', 'nɡ', 'nɡ')",komponɡamos,komponɡamos
90L_10NL,3,90L_10NL_3_1,1,1050,"('nɡ', 'nɡ', 'nɡ')",komponɡamos,komponɡamos
90L_10NL,3,90L_10NL_3_1,1,1050,"('nɡ', 'nɡ', 'nɡ')",komponɡamos,komponɡamos
90L_10NL,3,90L_10NL_3_1,1,700,"('n', 'n', 'nɡ')",komponɡan,komponɡan
90L_10NL,3,90L_10NL_3_1,1,700,"('n', 'n', 'nɡ')",komponɡan,komponɡan
90L_10NL,3,90L_10NL_3_1,1,700,"('n', 'n', 'nɡ')",komponɡan,komponɡan
90L_10NL,3,90L_10NL_3_1,1,700,"('n', 'n', 'nɡ')",komponɡan,komponɡan
90L_10NL,3,90L_10NL_3_1,1,1008,"('n', 'nɡ', 'nɡ')",komponɡan,komponɡan
90L_10NL,3,90L_10NL_3_1,1,1008,"('n', 'nɡ', 'nɡ')",komponɡan,komponɡan
90L_10NL,3,90L_10NL_3_1,1,1008,"('n', 'nɡ', 'nɡ')",komponɡan,komponɡan
90L_10NL,3,90L_10NL_3_1,1,1008,"('n', 'nɡ', 'nɡ')",komponɡan,komponɡan
90L_10NL,3,90L_10NL_3_1,1,1008,"('n', 'nɡ', 'nɡ')",komponɡan,komponɡan
90L_10NL,3,90L_10NL_3_1,1,1008,"('n', 'nɡ', 'nɡ')",komponɡan,komponɡan
90L_10NL,3,90L_10NL_3_1,1,700,"('n', 'n', 'nɡ')",komponɡan,komponɡan
90L_10NL,3,90L_10NL_3_1,1,700,"('n', 'n', 'nɡ')",komponɡan,komponɡan
90L_10NL,3,90L_10NL_3_1,1,700,"('n', 'n', 'nɡ')",komponɡan,komponɡan
90L_10NL,3,90L_10NL_3_1,1,1008,"('n', 'nɡ', 'nɡ')",komponɡan,komponɡan
90L_10NL,3,90L_10NL_3_1,1,1008,"('n', 'nɡ', 'nɡ')",komponɡan,komponɡan
90L_10NL,3,90L_10NL_3_1,1,1008,"('n', 'nɡ', 'nɡ')",komponɡan,komponɡan
90L_10NL,3,90L_10NL_3_1,1,1008,"('n', 'nɡ', 'nɡ')",komponɡan,komponɡan
90L_10NL,3,90L_10NL_3_1,1,1008,"('n', 'nɡ', 'nɡ')",komponɡan,komponɡan
90L_10NL,3,90L_10NL_3_1,1,1008,"('n', 'nɡ', 'nɡ')",komponɡan,komponɡan
90L_10NL,3,90L_10NL_3_1,1,700,"('n', 'n', 'nɡ')",komponɡan,komponɡan
90L_10NL,3,90L_10NL_3_1,1,700,"('n', 'n', 'nɡ')",komponɡan,komponɡan
90L_10NL,3,90L_10NL_3_1,1,1008,"('n', 'nɡ', 'nɡ')",komponɡan,komponɡan
90L_10NL,3,90L_10NL_3_1,1,1008,"('n', 'nɡ', 'nɡ')",komponɡan,komponɡan
90L_10NL,3,90L_10NL_3_1,1,1008,"('n', 'nɡ', 'nɡ')",komponɡan,komponɡan
90L_10NL,3,90L_10NL_3_1,1,1008,"('n', 'nɡ', 'nɡ')",komponɡan,komponɡan
90L_10NL,3,90L_10NL_3_1,1,1008,"('n', 'nɡ', 'nɡ')",komponɡan,komponɡan
90L_10NL,3,90L_10NL_3_1,1,1008,"('n', 'nɡ', 'nɡ')",komponɡan,komponɡan
90L_10NL,3,90L_10NL_3_1,1,700,"('n', 'n', 'nɡ')",komponɡan,komponɡan
90L_10NL,3,90L_10NL_3_1,1,1008,"('n', 'nɡ', 'nɡ')",komponɡan,komponɡan
90L_10NL,3,90L_10NL_3_1,1,1008,"('n', 'nɡ', 'nɡ')",komponɡan,komponɡan
90L_10NL,3,90L_10NL_3_1,1,1008,"('n', 'nɡ', 'nɡ')",komponɡan,komponɡan
90L_10NL,3,90L_10NL_3_1,1,1008,"('n', 'nɡ', 'nɡ')",komponɡan,komponɡan
90L_10NL,3,90L_10NL_3_1,1,1008,"('n', 'nɡ', 'nɡ')",komponɡan,komponɡan
90L_10NL,3,90L_10NL_3_1,1,1008,"('n', 'nɡ', 'nɡ')",komponɡan,komponɡan
90L_10NL,3,90L_10NL_3_1,1,1008,"('n', 'nɡ', 'nɡ')",komponɡan,komponɡan
90L_10NL,3,90L_10NL_3_1,1,1008,"('n', 'nɡ', 'nɡ')",komponɡan,komponɡan
90L_10NL,3,90L_10NL_3_1,1,1008,"('n', 'nɡ', 'nɡ')",komponɡan,komponɡan
90L_10NL,3,90L_10NL_3_1,1,1008,"('n', 'nɡ', 'nɡ')",komponɡan,komponɡan
90L_10NL,3,90L_10NL_3_1,1,1008,"('n', 'nɡ', 'nɡ')",komponɡan,komponɡan
90L_10NL,3,90L_10NL_3_1,1,1008,"('n', 'nɡ', 'nɡ')",komponɡan,komponɡan
90L_10NL,3,90L_10NL_3_1,1,1050,"('nɡ', 'nɡ', 'nɡ')",komponɡan,komponɡan
90L_10NL,3,90L_10NL_3_1,1,1050,"('nɡ', 'nɡ', 'nɡ')",komponɡan,komponɡan
90L_10NL,3,90L_10NL_3_1,1,1050,"('nɡ', 'nɡ', 'nɡ')",komponɡan,komponɡan
90L_10NL,3,90L_10NL_3_1,1,1050,"('nɡ', 'nɡ', 'nɡ')",komponɡan,komponɡan
90L_10NL,3,90L_10NL_3_1,1,1050,"('nɡ', 'nɡ', 'nɡ')",komponɡan,komponɡan
90L_10NL,3,90L_10NL_3_1,1,1050,"('nɡ', 'nɡ', 'nɡ')",komponɡan,komponɡan
90L_10NL,3,90L_10NL_3_1,1,1050,"('nɡ', 'nɡ', 'nɡ')",komponɡan,komponɡan
90L_10NL,3,90L_10NL_3_1,1,1050,"('nɡ', 'nɡ', 'nɡ')",komponɡan,komponɡan
90L_10NL,3,90L_10NL_3_1,1,1050,"('nɡ', 'nɡ', 'nɡ')",komponɡan,komponɡan
90L_10NL,3,90L_10NL_3_1,1,1050,"('nɡ', 'nɡ', 'nɡ')",komponɡan,komponɡan
90L_10NL,3,90L_10NL_3_1,1,1050,"('nɡ', 'nɡ', 'nɡ')",komponɡan,komponɡan
90L_10NL,3,90L_10NL_3_1,1,1050,"('nɡ', 'nɡ', 'nɡ')",komponɡan,komponɡan
90L_10NL,3,90L_10NL_3_1,1,1050,"('nɡ', 'nɡ', 'nɡ')",komponɡan,komponɡan
90L_10NL,3,90L_10NL_3_1,1,1050,"('nɡ', 'nɡ', 'nɡ')",komponɡan,komponɡan
90L_10NL,3,90L_10NL_3_1,1,1050,"('nɡ', 'nɡ', 'nɡ')",komponɡan,komponɡan
90L_10NL,3,90L_10NL_3_1,1,700,"('n', 'n', 'nɡ')",komponɡas,komponɡas
90L_10NL,3,90L_10NL_3_1,1,700,"('n', 'n', 'nɡ')",komponɡas,komponɡas
90L_10NL,3,90L_10NL_3_1,1,700,"('n', 'n', 'nɡ')",komponɡas,komponɡas
90L_10NL,3,90L_10NL_3_1,1,700,"('n', 'n', 'nɡ')",komponɡas,komponɡas
90L_10NL,3,90L_10NL_3_1,1,1008,"('n', 'nɡ', 'nɡ')",komponɡas,komponɡas
90L_10NL,3,90L_10NL_3_1,1,1008,"('n', 'nɡ', 'nɡ')",komponɡas,komponɡas
90L_10NL,3,90L_10NL_3_1,1,1008,"('n', 'nɡ', 'nɡ')",komponɡas,komponɡas
90L_10NL,3,90L_10NL_3_1,1,1008,"('n', 'nɡ', 'nɡ')",komponɡas,komponɡas
90L_10NL,3,90L_10NL_3_1,1,1008,"('n', 'nɡ', 'nɡ')",komponɡas,komponɡas
90L_10NL,3,90L_10NL_3_1,1,1008,"('n', 'nɡ', 'nɡ')",komponɡas,komponɡas
90L_10NL,3,90L_10NL_3_1,1,700,"('n', 'n', 'nɡ')",komponɡas,komponɡas
90L_10NL,3,90L_10NL_3_1,1,700,"('n', 'n', 'nɡ')",komponɡas,komponɡas
90L_10NL,3,90L_10NL_3_1,1,700,"('n', 'n', 'nɡ')",komponɡas,komponɡas
90L_10NL,3,90L_10NL_3_1,1,1008,"('n', 'nɡ', 'nɡ')",komponɡas,komponɡas
90L_10NL,3,90L_10NL_3_1,1,1008,"('n', 'nɡ', 'nɡ')",komponɡas,komponɡas
90L_10NL,3,90L_10NL_3_1,1,1008,"('n', 'nɡ', 'nɡ')",komponɡas,komponɡas
90L_10NL,3,90L_10NL_3_1,1,1008,"('n', 'nɡ', 'nɡ')",komponɡas,komponɡas
90L_10NL,3,90L_10NL_3_1,1,1008,"('n', 'nɡ', 'nɡ')",komponɡas,komponɡas
90L_10NL,3,90L_10NL_3_1,1,1008,"('n', 'nɡ', 'nɡ')",komponɡas,komponɡas
90L_10NL,3,90L_10NL_3_1,1,700,"('n', 'n', 'nɡ')",komponɡas,komponɡas
90L_10NL,3,90L_10NL_3_1,1,700,"('n', 'n', 'nɡ')",komponɡas,komponɡas
90L_10NL,3,90L_10NL_3_1,1,1008,"('n', 'nɡ', 'nɡ')",komponɡas,komponɡas
90L_10NL,3,90L_10NL_3_1,1,1008,"('n', 'nɡ', 'nɡ')",komponɡas,komponɡas
90L_10NL,3,90L_10NL_3_1,1,1008,"('n', 'nɡ', 'nɡ')",komponɡas,komponɡas
90L_10NL,3,90L_10NL_3_1,1,1008,"('n', 'nɡ', 'nɡ')",komponɡas,komponɡas
90L_10NL,3,90L_10NL_3_1,1,1008,"('n', 'nɡ', 'nɡ')",komponɡas,komponɡas
90L_10NL,3,90L_10NL_3_1,1,1008,"('n', 'nɡ', 'nɡ')",komponɡas,komponɡas
90L_10NL,3,90L_10NL_3_1,1,700,"('n', 'n', 'nɡ')",komponɡas,komponɡas
90L_10NL,3,90L_10NL_3_1,1,1008,"('n', 'nɡ', 'nɡ')",komponɡas,komponɡas
90L_10NL,3,90L_10NL_3_1,1,1008,"('n', 'nɡ', 'nɡ')",komponɡas,komponɡas
90L_10NL,3,90L_10NL_3_1,1,1008,"('n', 'nɡ', 'nɡ')",komponɡas,komponɡas
90L_10NL,3,90L_10NL_3_1,1,1008,"('n', 'nɡ', 'nɡ')",komponɡas,komponɡas
90L_10NL,3,90L_10NL_3_1,1,1008,"('n', 'nɡ', 'nɡ')",komponɡas,komponɡas
90L_10NL,3,90L_10NL_3_1,1,1008,"('n', 'nɡ', 'nɡ')",komponɡas,komponɡas
90L_10NL,3,90L_10NL_3_1,1,1008,"('n', 'nɡ', 'nɡ')",komponɡas,komponɡas
90L_10NL,3,90L_10NL_3_1,1,1008,"('n', 'nɡ', 'nɡ')",komponɡas,komponɡas
90L_10NL,3,90L_10NL_3_1,1,1008,"('n', 'nɡ', 'nɡ')",komponɡas,komponɡas
90L_10NL,3,90L_10NL_3_1,1,1008,"('n', 'nɡ', 'nɡ')",komponɡas,komponɡas
90L_10NL,3,90L_10NL_3_1,1,1008,"('n', 'nɡ', 'nɡ')",komponɡas,komponɡas
90L_10NL,3,90L_10NL_3_1,1,1008,"('n', 'nɡ', 'nɡ')",komponɡas,komponɡas
90L_10NL,3,90L_10NL_3_1,1,1050,"('nɡ', 'nɡ', 'nɡ')",komponɡas,komponɡas
90L_10NL,3,90L_10NL_3_1,1,1050,"('nɡ', 'nɡ', 'nɡ')",komponɡas,komponɡas
90L_10NL,3,90L_10NL_3_1,1,1050,"('nɡ', 'nɡ', 'nɡ')",komponɡas,komponɡas
90L_10NL,3,90L_10NL_3_1,1,1050,"('nɡ', 'nɡ', 'nɡ')",komponɡas,komponɡas
90L_10NL,3,90L_10NL_3_1,1,1050,"('nɡ', 'nɡ', 'nɡ')",komponɡas,komponɡas
90L_10NL,3,90L_10NL_3_1,1,1050,"('nɡ', 'nɡ', 'nɡ')",komponɡas,komponɡas
90L_10NL,3,90L_10NL_3_1,1,1050,"('nɡ', 'nɡ', 'nɡ')",komponɡas,komponɡas
90L_10NL,3,90L_10NL_3_1,1,1050,"('nɡ', 'nɡ', 'nɡ')",komponɡas,komponɡas
90L_10NL,3,90L_10NL_3_1,1,1050,"('nɡ', 'nɡ', 'nɡ')",komponɡas,komponɡas
90L_10NL,3,90L_10NL_3_1,1,1050,"('nɡ', 'nɡ', 'nɡ')",komponɡas,komponɡas
90L_10NL,3,90L_10NL_3_1,1,1050,"('nɡ', 'nɡ', 'nɡ')",komponɡas,komponɡas
90L_10NL,3,90L_10NL_3_1,1,1050,"('nɡ', 'nɡ', 'nɡ')",komponɡas,komponɡas
90L_10NL,3,90L_10NL_3_1,1,1050,"('nɡ', 'nɡ', 'nɡ')",komponɡas,komponɡas
90L_10NL,3,90L_10NL_3_1,1,1050,"('nɡ', 'nɡ', 'nɡ')",komponɡas,komponɡas
90L_10NL,3,90L_10NL_3_1,1,1050,"('nɡ', 'nɡ', 'nɡ')",komponɡas,komponɡas
90L_10NL,3,90L_10NL_3_1,1,700,"('n', 'n', 'nɡ')",komponɡa,komponɡa
90L_10NL,3,90L_10NL_3_1,1,700,"('n', 'n', 'nɡ')",komponɡa,komponɡa
90L_10NL,3,90L_10NL_3_1,1,700,"('n', 'n', 'nɡ')",komponɡa,komponɡa
90L_10NL,3,90L_10NL_3_1,1,700,"('n', 'n', 'nɡ')",komponɡa,komponɡa
90L_10NL,3,90L_10NL_3_1,1,1008,"('n', 'nɡ', 'nɡ')",komponɡa,komponɡa
90L_10NL,3,90L_10NL_3_1,1,1008,"('n', 'nɡ', 'nɡ')",komponɡa,komponɡa
90L_10NL,3,90L_10NL_3_1,1,1008,"('n', 'nɡ', 'nɡ')",komponɡa,komponɡa
90L_10NL,3,90L_10NL_3_1,1,1008,"('n', 'nɡ', 'nɡ')",komponɡa,komponɡa
90L_10NL,3,90L_10NL_3_1,1,1008,"('n', 'nɡ', 'nɡ')",komponɡa,komponɡa
90L_10NL,3,90L_10NL_3_1,1,1008,"('n', 'nɡ', 'nɡ')",komponɡa,komponɡa
90L_10NL,3,90L_10NL_3_1,1,700,"('n', 'n', 'nɡ')",komponɡa,komponɡa
90L_10NL,3,90L_10NL_3_1,1,700,"('n', 'n', 'nɡ')",komponɡa,komponɡa
90L_10NL,3,90L_10NL_3_1,1,700,"('n', 'n', 'nɡ')",komponɡa,komponɡa
90L_10NL,3,90L_10NL_3_1,1,1008,"('n', 'nɡ', 'nɡ')",komponɡa,komponɡa
90L_10NL,3,90L_10NL_3_1,1,1008,"('n', 'nɡ', 'nɡ')",komponɡa,komponɡa
90L_10NL,3,90L_10NL_3_1,1,1008,"('n', 'nɡ', 'nɡ')",komponɡa,komponɡa
90L_10NL,3,90L_10NL_3_1,1,1008,"('n', 'nɡ', 'nɡ')",komponɡa,komponɡa
90L_10NL,3,90L_10NL_3_1,1,1008,"('n', 'nɡ', 'nɡ')",komponɡa,komponɡa
90L_10NL,3,90L_10NL_3_1,1,1008,"('n', 'nɡ', 'nɡ')",komponɡa,komponɡa
90L_10NL,3,90L_10NL_3_1,1,700,"('n', 'n', 'nɡ')",komponɡa,komponɡa
90L_10NL,3,90L_10NL_3_1,1,700,"('n', 'n', 'nɡ')",komponɡa,komponɡa
90L_10NL,3,90L_10NL_3_1,1,1008,"('n', 'nɡ', 'nɡ')",komponɡa,komponɡa
90L_10NL,3,90L_10NL_3_1,1,1008,"('n', 'nɡ', 'nɡ')",komponɡa,komponɡa
90L_10NL,3,90L_10NL_3_1,1,1008,"('n', 'nɡ', 'nɡ')",komponɡa,komponɡa
90L_10NL,3,90L_10NL_3_1,1,1008,"('n', 'nɡ', 'nɡ')",komponɡa,komponɡa
90L_10NL,3,90L_10NL_3_1,1,1008,"('n', 'nɡ', 'nɡ')",komponɡa,komponɡa
90L_10NL,3,90L_10NL_3_1,1,1008,"('n', 'nɡ', 'nɡ')",komponɡa,komponɡa
90L_10NL,3,90L_10NL_3_1,1,700,"('n', 'n', 'nɡ')",komponɡa,komponɡa
90L_10NL,3,90L_10NL_3_1,1,1008,"('n', 'nɡ', 'nɡ')",komponɡa,komponɡa
90L_10NL,3,90L_10NL_3_1,1,1008,"('n', 'nɡ', 'nɡ')",komponɡa,komponɡa
90L_10NL,3,90L_10NL_3_1,1,1008,"('n', 'nɡ', 'nɡ')",komponɡa,komponɡa
90L_10NL,3,90L_10NL_3_1,1,1008,"('n', 'nɡ', 'nɡ')",komponɡa,komponɡa
90L_10NL,3,90L_10NL_3_1,1,1008,"('n', 'nɡ', 'nɡ')",komponɡa,komponɡa
90L_10NL,3,90L_10NL_3_1,1,1008,"('n', 'nɡ', 'nɡ')",komponɡa,komponɡa
90L_10NL,3,90L_10NL_3_1,1,1008,"('n', 'nɡ', 'nɡ')",komponɡa,komponɡa
90L_10NL,3,90L_10NL_3_1,1,1008,"('n', 'nɡ', 'nɡ')",komponɡa,komponɡa
90L_10NL,3,90L_10NL_3_1,1,1008,"('n', 'nɡ', 'nɡ')",komponɡa,komponɡa
90L_10NL,3,90L_10NL_3_1,1,1008,"('n', 'nɡ', 'nɡ')",komponɡa,komponɡa
90L_10NL,3,90L_10NL_3_1,1,1008,"('n', 'nɡ', 'nɡ')",komponɡa,komponɡa
90L_10NL,3,90L_10NL_3_1,1,1008,"('n', 'nɡ', 'nɡ')",komponɡa,komponɡa
90L_10NL,3,90L_10NL_3_1,1,1050,"('nɡ', 'nɡ', 'nɡ')",komponɡa,komponɡa
90L_10NL,3,90L_10NL_3_1,1,1050,"('nɡ', 'nɡ', 'nɡ')",komponɡa,komponɡa
90L_10NL,3,90L_10NL_3_1,1,1050,"('nɡ', 'nɡ', 'nɡ')",komponɡa,komponɡa
90L_10NL,3,90L_10NL_3_1,1,1050,"('nɡ', 'nɡ', 'nɡ')",komponɡa,komponɡa
90L_10NL,3,90L_10NL_3_1,1,1050,"('nɡ', 'nɡ', 'nɡ')",komponɡa,komponɡa
90L_10NL,3,90L_10NL_3_1,1,1050,"('nɡ', 'nɡ', 'nɡ')",komponɡa,komponɡa
90L_10NL,3,90L_10NL_3_1,1,1050,"('nɡ', 'nɡ', 'nɡ')",komponɡa,komponɡa
90L_10NL,3,90L_10NL_3_1,1,1050,"('nɡ', 'nɡ', 'nɡ')",komponɡa,komponɡa
90L_10NL,3,90L_10NL_3_1,1,1050,"('nɡ', 'nɡ', 'nɡ')",komponɡa,komponɡa
90L_10NL,3,90L_10NL_3_1,1,1050,"('nɡ', 'nɡ', 'nɡ')",komponɡa,komponɡa
90L_10NL,3,90L_10NL_3_1,1,1050,"('nɡ', 'nɡ', 'nɡ')",komponɡa,komponɡa
90L_10NL,3,90L_10NL_3_1,1,1050,"('nɡ', 'nɡ', 'nɡ')",komponɡa,komponɡa
90L_10NL,3,90L_10NL_3_1,1,1050,"('nɡ', 'nɡ', 'nɡ')",komponɡa,komponɡa
90L_10NL,3,90L_10NL_3_1,1,1050,"('nɡ', 'nɡ', 'nɡ')",komponɡa,komponɡa
90L_10NL,3,90L_10NL_3_1,1,1050,"('nɡ', 'nɡ', 'nɡ')",komponɡa,komponɡa
90L_10NL,3,90L_10NL_3_1,1,700,"('n', 'n', 'nɡ')",komponɡa,komponɡa
90L_10NL,3,90L_10NL_3_1,1,700,"('n', 'n', 'nɡ')",komponɡa,komponɡa
90L_10NL,3,90L_10NL_3_1,1,700,"('n', 'n', 'nɡ')",komponɡa,komponɡa
90L_10NL,3,90L_10NL_3_1,1,700,"('n', 'n', 'nɡ')",komponɡa,komponɡa
90L_10NL,3,90L_10NL_3_1,1,1008,"('n', 'nɡ', 'nɡ')",komponɡa,komponɡa
90L_10NL,3,90L_10NL_3_1,1,1008,"('n', 'nɡ', 'nɡ')",komponɡa,komponɡa
90L_10NL,3,90L_10NL_3_1,1,1008,"('n', 'nɡ', 'nɡ')",komponɡa,komponɡa
90L_10NL,3,90L_10NL_3_1,1,1008,"('n', 'nɡ', 'nɡ')",komponɡa,komponɡa
90L_10NL,3,90L_10NL_3_1,1,1008,"('n', 'nɡ', 'nɡ')",komponɡa,komponɡa
90L_10NL,3,90L_10NL_3_1,1,1008,"('n', 'nɡ', 'nɡ')",komponɡa,komponɡa
90L_10NL,3,90L_10NL_3_1,1,700,"('n', 'n', 'nɡ')",komponɡa,komponɡa
90L_10NL,3,90L_10NL_3_1,1,700,"('n', 'n', 'nɡ')",komponɡa,komponɡa
90L_10NL,3,90L_10NL_3_1,1,700,"('n', 'n', 'nɡ')",komponɡa,komponɡa
90L_10NL,3,90L_10NL_3_1,1,1008,"('n', 'nɡ', 'nɡ')",komponɡa,komponɡa
90L_10NL,3,90L_10NL_3_1,1,1008,"('n', 'nɡ', 'nɡ')",komponɡa,komponɡa
90L_10NL,3,90L_10NL_3_1,1,1008,"('n', 'nɡ', 'nɡ')",komponɡa,komponɡa
90L_10NL,3,90L_10NL_3_1,1,1008,"('n', 'nɡ', 'nɡ')",komponɡa,komponɡa
90L_10NL,3,90L_10NL_3_1,1,1008,"('n', 'nɡ', 'nɡ')",komponɡa,komponɡa
90L_10NL,3,90L_10NL_3_1,1,1008,"('n', 'nɡ', 'nɡ')",komponɡa,komponɡa
90L_10NL,3,90L_10NL_3_1,1,700,"('n', 'n', 'nɡ')",komponɡa,komponɡa
90L_10NL,3,90L_10NL_3_1,1,700,"('n', 'n', 'nɡ')",komponɡa,komponɡa
90L_10NL,3,90L_10NL_3_1,1,1008,"('n', 'nɡ', 'nɡ')",komponɡa,komponɡa
90L_10NL,3,90L_10NL_3_1,1,1008,"('n', 'nɡ', 'nɡ')",komponɡa,komponɡa
90L_10NL,3,90L_10NL_3_1,1,1008,"('n', 'nɡ', 'nɡ')",komponɡa,komponɡa
90L_10NL,3,90L_10NL_3_1,1,1008,"('n', 'nɡ', 'nɡ')",komponɡa,komponɡa
90L_10NL,3,90L_10NL_3_1,1,1008,"('n', 'nɡ', 'nɡ')",komponɡa,komponɡa
90L_10NL,3,90L_10NL_3_1,1,1008,"('n', 'nɡ', 'nɡ')",komponɡa,komponɡa
90L_10NL,3,90L_10NL_3_1,1,700,"('n', 'n', 'nɡ')",komponɡa,komponɡa
90L_10NL,3,90L_10NL_3_1,1,1008,"('n', 'nɡ', 'nɡ')",komponɡa,komponɡa
90L_10NL,3,90L_10NL_3_1,1,1008,"('n', 'nɡ', 'nɡ')",komponɡa,komponɡa
90L_10NL,3,90L_10NL_3_1,1,1008,"('n', 'nɡ', 'nɡ')",komponɡa,komponɡa
90L_10NL,3,90L_10NL_3_1,1,1008,"('n', 'nɡ', 'nɡ')",komponɡa,komponɡa
90L_10NL,3,90L_10NL_3_1,1,1008,"('n', 'nɡ', 'nɡ')",komponɡa,komponɡa
90L_10NL,3,90L_10NL_3_1,1,1008,"('n', 'nɡ', 'nɡ')",komponɡa,komponɡa
90L_10NL,3,90L_10NL_3_1,1,1008,"('n', 'nɡ', 'nɡ')",komponɡa,komponɡa
90L_10NL,3,90L_10NL_3_1,1,1008,"('n', 'nɡ', 'nɡ')",komponɡa,komponɡa
90L_10NL,3,90L_10NL_3_1,1,1008,"('n', 'nɡ', 'nɡ')",komponɡa,komponɡa
90L_10NL,3,90L_10NL_3_1,1,1008,"('n', 'nɡ', 'nɡ')",komponɡa,komponɡa
90L_10NL,3,90L_10NL_3_1,1,1008,"('n', 'nɡ', 'nɡ')",komponɡa,komponɡa
90L_10NL,3,90L_10NL_3_1,1,1008,"('n', 'nɡ', 'nɡ')",komponɡa,komponɡa
90L_10NL,3,90L_10NL_3_1,1,1050,"('nɡ', 'nɡ', 'nɡ')",komponɡa,komponɡa
90L_10NL,3,90L_10NL_3_1,1,1050,"('nɡ', 'nɡ', 'nɡ')",komponɡa,komponɡa
90L_10NL,3,90L_10NL_3_1,1,1050,"('nɡ', 'nɡ', 'nɡ')",komponɡa,komponɡa
90L_10NL,3,90L_10NL_3_1,1,1050,"('nɡ', 'nɡ', 'nɡ')",komponɡa,komponɡa
90L_10NL,3,90L_10NL_3_1,1,1050,"('nɡ', 'nɡ', 'nɡ')",komponɡa,komponɡa
90L_10NL,3,90L_10NL_3_1,1,1050,"('nɡ', 'nɡ', 'nɡ')",komponɡa,komponɡa
90L_10NL,3,90L_10NL_3_1,1,1050,"('nɡ', 'nɡ', 'nɡ')",komponɡa,komponɡa
90L_10NL,3,90L_10NL_3_1,1,1050,"('nɡ', 'nɡ', 'nɡ')",komponɡa,komponɡa
90L_10NL,3,90L_10NL_3_1,1,1050,"('nɡ', 'nɡ', 'nɡ')",komponɡa,komponɡa
90L_10NL,3,90L_10NL_3_1,1,1050,"('nɡ', 'nɡ', 'nɡ')",komponɡa,komponɡa
90L_10NL,3,90L_10NL_3_1,1,1050,"('nɡ', 'nɡ', 'nɡ')",komponɡa,komponɡa
90L_10NL,3,90L_10NL_3_1,1,1050,"('nɡ', 'nɡ', 'nɡ')",komponɡa,komponɡa
90L_10NL,3,90L_10NL_3_1,1,1050,"('nɡ', 'nɡ', 'nɡ')",komponɡa,komponɡa
90L_10NL,3,90L_10NL_3_1,1,1050,"('nɡ', 'nɡ', 'nɡ')",komponɡa,komponɡa
90L_10NL,3,90L_10NL_3_1,1,1050,"('nɡ', 'nɡ', 'nɡ')",komponɡa,komponɡa
90L_10NL,3,90L_10NL_3_1,1,700,"('n', 'n', 'nɡ')",komponɡo,komponɡo
90L_10NL,3,90L_10NL_3_1,1,700,"('n', 'n', 'nɡ')",komponɡo,komponɡo
90L_10NL,3,90L_10NL_3_1,1,700,"('n', 'n', 'nɡ')",komponɡo,komponɡo
90L_10NL,3,90L_10NL_3_1,1,700,"('n', 'n', 'nɡ')",komponɡo,komponɡo
90L_10NL,3,90L_10NL_3_1,1,1008,"('n', 'nɡ', 'nɡ')",komponɡo,komponɡo
90L_10NL,3,90L_10NL_3_1,1,1008,"('n', 'nɡ', 'nɡ')",komponɡo,komponɡo
90L_10NL,3,90L_10NL_3_1,1,1008,"('n', 'nɡ', 'nɡ')",komponɡo,komponɡo
90L_10NL,3,90L_10NL_3_1,1,1008,"('n', 'nɡ', 'nɡ')",komponɡo,komponɡo
90L_10NL,3,90L_10NL_3_1,1,1008,"('n', 'nɡ', 'nɡ')",komponɡo,komponɡo
90L_10NL,3,90L_10NL_3_1,1,1008,"('n', 'nɡ', 'nɡ')",komponɡo,komponɡo
90L_10NL,3,90L_10NL_3_1,1,700,"('n', 'n', 'nɡ')",komponɡo,komponɡo
90L_10NL,3,90L_10NL_3_1,1,700,"('n', 'n', 'nɡ')",komponɡo,komponɡo
90L_10NL,3,90L_10NL_3_1,1,700,"('n', 'n', 'nɡ')",komponɡo,komponɡo
90L_10NL,3,90L_10NL_3_1,1,1008,"('n', 'nɡ', 'nɡ')",komponɡo,komponɡo
90L_10NL,3,90L_10NL_3_1,1,1008,"('n', 'nɡ', 'nɡ')",komponɡo,komponɡo
90L_10NL,3,90L_10NL_3_1,1,1008,"('n', 'nɡ', 'nɡ')",komponɡo,komponɡo
90L_10NL,3,90L_10NL_3_1,1,1008,"('n', 'nɡ', 'nɡ')",komponɡo,komponɡo
90L_10NL,3,90L_10NL_3_1,1,1008,"('n', 'nɡ', 'nɡ')",komponɡo,komponɡo
90L_10NL,3,90L_10NL_3_1,1,1008,"('n', 'nɡ', 'nɡ')",komponɡo,komponɡo
90L_10NL,3,90L_10NL_3_1,1,700,"('n', 'n', 'nɡ')",komponɡo,komponɡo
90L_10NL,3,90L_10NL_3_1,1,700,"('n', 'n', 'nɡ')",komponɡo,komponɡo
90L_10NL,3,90L_10NL_3_1,1,1008,"('n', 'nɡ', 'nɡ')",komponɡo,komponɡo
90L_10NL,3,90L_10NL_3_1,1,1008,"('n', 'nɡ', 'nɡ')",komponɡo,komponɡo
90L_10NL,3,90L_10NL_3_1,1,1008,"('n', 'nɡ', 'nɡ')",komponɡo,komponɡo
90L_10NL,3,90L_10NL_3_1,1,1008,"('n', 'nɡ', 'nɡ')",komponɡo,komponɡo
90L_10NL,3,90L_10NL_3_1,1,1008,"('n', 'nɡ', 'nɡ')",komponɡo,komponɡo
90L_10NL,3,90L_10NL_3_1,1,1008,"('n', 'nɡ', 'nɡ')",komponɡo,komponɡo
90L_10NL,3,90L_10NL_3_1,1,700,"('n', 'n', 'nɡ')",komponɡo,komponɡo
90L_10NL,3,90L_10NL_3_1,1,1008,"('n', 'nɡ', 'nɡ')",komponɡo,komponɡo
90L_10NL,3,90L_10NL_3_1,1,1008,"('n', 'nɡ', 'nɡ')",komponɡo,komponɡo
90L_10NL,3,90L_10NL_3_1,1,1008,"('n', 'nɡ', 'nɡ')",komponɡo,komponɡo
90L_10NL,3,90L_10NL_3_1,1,1008,"('n', 'nɡ', 'nɡ')",komponɡo,komponɡo
90L_10NL,3,90L_10NL_3_1,1,1008,"('n', 'nɡ', 'nɡ')",komponɡo,komponɡo
90L_10NL,3,90L_10NL_3_1,1,1008,"('n', 'nɡ', 'nɡ')",komponɡo,komponɡo
90L_10NL,3,90L_10NL_3_1,1,1008,"('n', 'nɡ', 'nɡ')",komponɡo,komponɡo
90L_10NL,3,90L_10NL_3_1,1,1008,"('n', 'nɡ', 'nɡ')",komponɡo,komponɡo
90L_10NL,3,90L_10NL_3_1,1,1008,"('n', 'nɡ', 'nɡ')",komponɡo,komponɡo
90L_10NL,3,90L_10NL_3_1,1,1008,"('n', 'nɡ', 'nɡ')",komponɡo,komponɡo
90L_10NL,3,90L_10NL_3_1,1,1008,"('n', 'nɡ', 'nɡ')",komponɡo,komponɡo
90L_10NL,3,90L_10NL_3_1,1,1008,"('n', 'nɡ', 'nɡ')",komponɡo,komponɡo
90L_10NL,3,90L_10NL_3_1,1,1050,"('nɡ', 'nɡ', 'nɡ')",komponɡo,komponɡo
90L_10NL,3,90L_10NL_3_1,1,1050,"('nɡ', 'nɡ', 'nɡ')",komponɡo,komponɡo
90L_10NL,3,90L_10NL_3_1,1,1050,"('nɡ', 'nɡ', 'nɡ')",komponɡo,komponɡo
90L_10NL,3,90L_10NL_3_1,1,1050,"('nɡ', 'nɡ', 'nɡ')",komponɡo,komponɡo
90L_10NL,3,90L_10NL_3_1,1,1050,"('nɡ', 'nɡ', 'nɡ')",komponɡo,komponɡo
90L_10NL,3,90L_10NL_3_1,1,1050,"('nɡ', 'nɡ', 'nɡ')",komponɡo,komponɡo
90L_10NL,3,90L_10NL_3_1,1,1050,"('nɡ', 'nɡ', 'nɡ')",komponɡo,komponɡo
90L_10NL,3,90L_10NL_3_1,1,1050,"('nɡ', 'nɡ', 'nɡ')",komponɡo,komponɡo
90L_10NL,3,90L_10NL_3_1,1,1050,"('nɡ', 'nɡ', 'nɡ')",komponɡo,komponɡo
90L_10NL,3,90L_10NL_3_1,1,1050,"('nɡ', 'nɡ', 'nɡ')",komponɡo,komponɡo
90L_10NL,3,90L_10NL_3_1,1,1050,"('nɡ', 'nɡ', 'nɡ')",komponɡo,komponɡo
90L_10NL,3,90L_10NL_3_1,1,1050,"('nɡ', 'nɡ', 'nɡ')",komponɡo,komponɡo
90L_10NL,3,90L_10NL_3_1,1,1050,"('nɡ', 'nɡ', 'nɡ')",komponɡo,komponɡo
90L_10NL,3,90L_10NL_3_1,1,1050,"('nɡ', 'nɡ', 'nɡ')",komponɡo,komponɡo
90L_10NL,3,90L_10NL_3_1,1,1050,"('nɡ', 'nɡ', 'nɡ')",komponɡo,komponɡo
90L_10NL,3,90L_10NL_3_1,1,1050,"('nɡ', 'nɡ', 'nɡ')",siɾkunbenɡajs,siɾkunbenɡajs
90L_10NL,3,90L_10NL_3_1,1,1050,"('nɡ', 'nɡ', 'nɡ')",siɾkunbenɡajs,siɾkunbenɡajs
90L_10NL,3,90L_10NL_3_1,1,1050,"('nɡ', 'nɡ', 'nɡ')",siɾkunbenɡajs,siɾkunbenɡajs
90L_10NL,3,90L_10NL_3_1,1,1050,"('nɡ', 'nɡ', 'nɡ')",siɾkunbenɡajs,siɾkunbenɡajs
90L_10NL,3,90L_10NL_3_1,1,1050,"('nɡ', 'nɡ', 'nɡ')",siɾkunbenɡajs,siɾkunbenɡajs
90L_10NL,3,90L_10NL_3_1,1,1092,"('nɡ', 'n', 'nɡ')",siɾkunbenɡajs,siɾkunbenɡajs
90L_10NL,3,90L_10NL_3_1,1,1092,"('nɡ', 'n', 'nɡ')",siɾkunbenɡajs,siɾkunbenɡajs
90L_10NL,3,90L_10NL_3_1,1,1092,"('nɡ', 'n', 'nɡ')",siɾkunbenɡajs,siɾkunbenɡajs
90L_10NL,3,90L_10NL_3_1,1,1092,"('nɡ', 'n', 'nɡ')",siɾkunbenɡajs,siɾkunbenɡajs
90L_10NL,3,90L_10NL_3_1,1,1092,"('nɡ', 'n', 'nɡ')",siɾkunbenɡajs,siɾkunbenɡajs
90L_10NL,3,90L_10NL_3_1,1,1050,"('nɡ', 'nɡ', 'nɡ')",siɾkunbenɡajs,siɾkunbenɡajs
90L_10NL,3,90L_10NL_3_1,1,1050,"('nɡ', 'nɡ', 'nɡ')",siɾkunbenɡajs,siɾkunbenɡajs
90L_10NL,3,90L_10NL_3_1,1,1050,"('nɡ', 'nɡ', 'nɡ')",siɾkunbenɡajs,siɾkunbenɡajs
90L_10NL,3,90L_10NL_3_1,1,1050,"('nɡ', 'nɡ', 'nɡ')",siɾkunbenɡajs,siɾkunbenɡajs
90L_10NL,3,90L_10NL_3_1,1,1092,"('nɡ', 'n', 'nɡ')",siɾkunbenɡajs,siɾkunbenɡajs
90L_10NL,3,90L_10NL_3_1,1,1092,"('nɡ', 'n', 'nɡ')",siɾkunbenɡajs,siɾkunbenɡajs
90L_10NL,3,90L_10NL_3_1,1,1092,"('nɡ', 'n', 'nɡ')",siɾkunbenɡajs,siɾkunbenɡajs
90L_10NL,3,90L_10NL_3_1,1,1092,"('nɡ', 'n', 'nɡ')",siɾkunbenɡajs,siɾkunbenɡajs
90L_10NL,3,90L_10NL_3_1,1,1092,"('nɡ', 'n', 'nɡ')",siɾkunbenɡajs,siɾkunbenɡajs
90L_10NL,3,90L_10NL_3_1,1,1050,"('nɡ', 'nɡ', 'nɡ')",siɾkunbenɡajs,siɾkunbenɡajs
90L_10NL,3,90L_10NL_3_1,1,1050,"('nɡ', 'nɡ', 'nɡ')",siɾkunbenɡajs,siɾkunbenɡajs
90L_10NL,3,90L_10NL_3_1,1,1050,"('nɡ', 'nɡ', 'nɡ')",siɾkunbenɡajs,siɾkunbenɡajs
90L_10NL,3,90L_10NL_3_1,1,1092,"('nɡ', 'n', 'nɡ')",siɾkunbenɡajs,siɾkunbenɡajs
90L_10NL,3,90L_10NL_3_1,1,1092,"('nɡ', 'n', 'nɡ')",siɾkunbenɡajs,siɾkunbenɡajs
90L_10NL,3,90L_10NL_3_1,1,1092,"('nɡ', 'n', 'nɡ')",siɾkunbenɡajs,siɾkunbenɡajs
90L_10NL,3,90L_10NL_3_1,1,1092,"('nɡ', 'n', 'nɡ')",siɾkunbenɡajs,siɾkunbenɡajs
90L_10NL,3,90L_10NL_3_1,1,1092,"('nɡ', 'n', 'nɡ')",siɾkunbenɡajs,siɾkunbenɡajs
90L_10NL,3,90L_10NL_3_1,1,1050,"('nɡ', 'nɡ', 'nɡ')",siɾkunbenɡajs,siɾkunbenɡajs
90L_10NL,3,90L_10NL_3_1,1,1050,"('nɡ', 'nɡ', 'nɡ')",siɾkunbenɡajs,siɾkunbenɡajs
90L_10NL,3,90L_10NL_3_1,1,1092,"('nɡ', 'n', 'nɡ')",siɾkunbenɡajs,siɾkunbenɡajs
90L_10NL,3,90L_10NL_3_1,1,1092,"('nɡ', 'n', 'nɡ')",siɾkunbenɡajs,siɾkunbenɡajs
90L_10NL,3,90L_10NL_3_1,1,1092,"('nɡ', 'n', 'nɡ')",siɾkunbenɡajs,siɾkunbenɡajs
90L_10NL,3,90L_10NL_3_1,1,1092,"('nɡ', 'n', 'nɡ')",siɾkunbenɡajs,siɾkunbenɡajs
90L_10NL,3,90L_10NL_3_1,1,1092,"('nɡ', 'n', 'nɡ')",siɾkunbenɡajs,siɾkunbenɡajs
90L_10NL,3,90L_10NL_3_1,1,1050,"('nɡ', 'nɡ', 'nɡ')",siɾkunbenɡajs,siɾkunbenɡajs
90L_10NL,3,90L_10NL_3_1,1,1092,"('nɡ', 'n', 'nɡ')",siɾkunbenɡajs,siɾkunbenɡajs
90L_10NL,3,90L_10NL_3_1,1,1092,"('nɡ', 'n', 'nɡ')",siɾkunbenɡajs,siɾkunbenɡajs
90L_10NL,3,90L_10NL_3_1,1,1092,"('nɡ', 'n', 'nɡ')",siɾkunbenɡajs,siɾkunbenɡajs
90L_10NL,3,90L_10NL_3_1,1,1092,"('nɡ', 'n', 'nɡ')",siɾkunbenɡajs,siɾkunbenɡajs
90L_10NL,3,90L_10NL_3_1,1,1092,"('nɡ', 'n', 'nɡ')",siɾkunbenɡajs,siɾkunbenɡajs
90L_10NL,3,90L_10NL_3_1,1,1092,"('nɡ', 'n', 'nɡ')",siɾkunbenɡajs,siɾkunbenɡajs
90L_10NL,3,90L_10NL_3_1,1,1092,"('nɡ', 'n', 'nɡ')",siɾkunbenɡajs,siɾkunbenɡajs
90L_10NL,3,90L_10NL_3_1,1,1092,"('nɡ', 'n', 'nɡ')",siɾkunbenɡajs,siɾkunbenɡajs
90L_10NL,3,90L_10NL_3_1,1,1092,"('nɡ', 'n', 'nɡ')",siɾkunbenɡajs,siɾkunbenɡajs
90L_10NL,3,90L_10NL_3_1,1,1092,"('nɡ', 'n', 'nɡ')",siɾkunbenɡajs,siɾkunbenɡajs
90L_10NL,3,90L_10NL_3_1,1,700,"('n', 'n', 'nɡ')",siɾkunbenɡajs,siɾkunbenɡajs
90L_10NL,3,90L_10NL_3_1,1,700,"('n', 'n', 'nɡ')",siɾkunbenɡajs,siɾkunbenɡajs
90L_10NL,3,90L_10NL_3_1,1,700,"('n', 'n', 'nɡ')",siɾkunbenɡajs,siɾkunbenɡajs
90L_10NL,3,90L_10NL_3_1,1,700,"('n', 'n', 'nɡ')",siɾkunbenɡajs,siɾkunbenɡajs
90L_10NL,3,90L_10NL_3_1,1,700,"('n', 'n', 'nɡ')",siɾkunbenɡajs,siɾkunbenɡajs
90L_10NL,3,90L_10NL_3_1,1,700,"('n', 'n', 'nɡ')",siɾkunbenɡajs,siɾkunbenɡajs
90L_10NL,3,90L_10NL_3_1,1,700,"('n', 'n', 'nɡ')",siɾkunbenɡajs,siɾkunbenɡajs
90L_10NL,3,90L_10NL_3_1,1,700,"('n', 'n', 'nɡ')",siɾkunbenɡajs,siɾkunbenɡajs
90L_10NL,3,90L_10NL_3_1,1,700,"('n', 'n', 'nɡ')",siɾkunbenɡajs,siɾkunbenɡajs
90L_10NL,3,90L_10NL_3_1,1,700,"('n', 'n', 'nɡ')",siɾkunbenɡajs,siɾkunbenɡajs
90L_10NL,3,90L_10NL_3_1,1,1050,"('nɡ', 'nɡ', 'nɡ')",siɾkunbenɡamos,siɾkunbenɡamos
90L_10NL,3,90L_10NL_3_1,1,1050,"('nɡ', 'nɡ', 'nɡ')",siɾkunbenɡamos,siɾkunbenɡamos
90L_10NL,3,90L_10NL_3_1,1,1050,"('nɡ', 'nɡ', 'nɡ')",siɾkunbenɡamos,siɾkunbenɡamos
90L_10NL,3,90L_10NL_3_1,1,1050,"('nɡ', 'nɡ', 'nɡ')",siɾkunbenɡamos,siɾkunbenɡamos
90L_10NL,3,90L_10NL_3_1,1,1050,"('nɡ', 'nɡ', 'nɡ')",siɾkunbenɡamos,siɾkunbenɡamos
90L_10NL,3,90L_10NL_3_1,1,1092,"('nɡ', 'n', 'nɡ')",siɾkunbenɡamos,siɾkunbenɡamos
90L_10NL,3,90L_10NL_3_1,1,1092,"('nɡ', 'n', 'nɡ')",siɾkunbenɡamos,siɾkunbenɡamos
90L_10NL,3,90L_10NL_3_1,1,1092,"('nɡ', 'n', 'nɡ')",siɾkunbenɡamos,siɾkunbenɡamos
90L_10NL,3,90L_10NL_3_1,1,1092,"('nɡ', 'n', 'nɡ')",siɾkunbenɡamos,siɾkunbenɡamos
90L_10NL,3,90L_10NL_3_1,1,1092,"('nɡ', 'n', 'nɡ')",siɾkunbenɡamos,siɾkunbenɡamos
90L_10NL,3,90L_10NL_3_1,1,1050,"('nɡ', 'nɡ', 'nɡ')",siɾkunbenɡamos,siɾkunbenɡamos
90L_10NL,3,90L_10NL_3_1,1,1050,"('nɡ', 'nɡ', 'nɡ')",siɾkunbenɡamos,siɾkunbenɡamos
90L_10NL,3,90L_10NL_3_1,1,1050,"('nɡ', 'nɡ', 'nɡ')",siɾkunbenɡamos,siɾkunbenɡamos
90L_10NL,3,90L_10NL_3_1,1,1050,"('nɡ', 'nɡ', 'nɡ')",siɾkunbenɡamos,siɾkunbenɡamos
90L_10NL,3,90L_10NL_3_1,1,1092,"('nɡ', 'n', 'nɡ')",siɾkunbenɡamos,siɾkunbenɡamos
90L_10NL,3,90L_10NL_3_1,1,1092,"('nɡ', 'n', 'nɡ')",siɾkunbenɡamos,siɾkunbenɡamos
90L_10NL,3,90L_10NL_3_1,1,1092,"('nɡ', 'n', 'nɡ')",siɾkunbenɡamos,siɾkunbenɡamos
90L_10NL,3,90L_10NL_3_1,1,1092,"('nɡ', 'n', 'nɡ')",siɾkunbenɡamos,siɾkunbenɡamos
90L_10NL,3,90L_10NL_3_1,1,1092,"('nɡ', 'n', 'nɡ')",siɾkunbenɡamos,siɾkunbenɡamos
90L_10NL,3,90L_10NL_3_1,1,1050,"('nɡ', 'nɡ', 'nɡ')",siɾkunbenɡamos,siɾkunbenɡamos
90L_10NL,3,90L_10NL_3_1,1,1050,"('nɡ', 'nɡ', 'nɡ')",siɾkunbenɡamos,siɾkunbenɡamos
90L_10NL,3,90L_10NL_3_1,1,1050,"('nɡ', 'nɡ', 'nɡ')",siɾkunbenɡamos,siɾkunbenɡamos
90L_10NL,3,90L_10NL_3_1,1,1092,"('nɡ', 'n', 'nɡ')",siɾkunbenɡamos,siɾkunbenɡamos
90L_10NL,3,90L_10NL_3_1,1,1092,"('nɡ', 'n', 'nɡ')",siɾkunbenɡamos,siɾkunbenɡamos
90L_10NL,3,90L_10NL_3_1,1,1092,"('nɡ', 'n', 'nɡ')",siɾkunbenɡamos,siɾkunbenɡamos
90L_10NL,3,90L_10NL_3_1,1,1092,"('nɡ', 'n', 'nɡ')",siɾkunbenɡamos,siɾkunbenɡamos
90L_10NL,3,90L_10NL_3_1,1,1092,"('nɡ', 'n', 'nɡ')",siɾkunbenɡamos,siɾkunbenɡamos
90L_10NL,3,90L_10NL_3_1,1,1050,"('nɡ', 'nɡ', 'nɡ')",siɾkunbenɡamos,siɾkunbenɡamos
90L_10NL,3,90L_10NL_3_1,1,1050,"('nɡ', 'nɡ', 'nɡ')",siɾkunbenɡamos,siɾkunbenɡamos
90L_10NL,3,90L_10NL_3_1,1,1092,"('nɡ', 'n', 'nɡ')",siɾkunbenɡamos,siɾkunbenɡamos
90L_10NL,3,90L_10NL_3_1,1,1092,"('nɡ', 'n', 'nɡ')",siɾkunbenɡamos,siɾkunbenɡamos
90L_10NL,3,90L_10NL_3_1,1,1092,"('nɡ', 'n', 'nɡ')",siɾkunbenɡamos,siɾkunbenɡamos
90L_10NL,3,90L_10NL_3_1,1,1092,"('nɡ', 'n', 'nɡ')",siɾkunbenɡamos,siɾkunbenɡamos
90L_10NL,3,90L_10NL_3_1,1,1092,"('nɡ', 'n', 'nɡ')",siɾkunbenɡamos,siɾkunbenɡamos
90L_10NL,3,90L_10NL_3_1,1,1050,"('nɡ', 'nɡ', 'nɡ')",siɾkunbenɡamos,siɾkunbenɡamos
90L_10NL,3,90L_10NL_3_1,1,1092,"('nɡ', 'n', 'nɡ')",siɾkunbenɡamos,siɾkunbenɡamos
90L_10NL,3,90L_10NL_3_1,1,1092,"('nɡ', 'n', 'nɡ')",siɾkunbenɡamos,siɾkunbenɡamos
90L_10NL,3,90L_10NL_3_1,1,1092,"('nɡ', 'n', 'nɡ')",siɾkunbenɡamos,siɾkunbenɡamos
90L_10NL,3,90L_10NL_3_1,1,1092,"('nɡ', 'n', 'nɡ')",siɾkunbenɡamos,siɾkunbenɡamos
90L_10NL,3,90L_10NL_3_1,1,1092,"('nɡ', 'n', 'nɡ')",siɾkunbenɡamos,siɾkunbenɡamos
90L_10NL,3,90L_10NL_3_1,1,1092,"('nɡ', 'n', 'nɡ')",siɾkunbenɡamos,siɾkunbenɡamos
90L_10NL,3,90L_10NL_3_1,1,1092,"('nɡ', 'n', 'nɡ')",siɾkunbenɡamos,siɾkunbenɡamos
90L_10NL,3,90L_10NL_3_1,1,1092,"('nɡ', 'n', 'nɡ')",siɾkunbenɡamos,siɾkunbenɡamos
90L_10NL,3,90L_10NL_3_1,1,1092,"('nɡ', 'n', 'nɡ')",siɾkunbenɡamos,siɾkunbenɡamos
90L_10NL,3,90L_10NL_3_1,1,1092,"('nɡ', 'n', 'nɡ')",siɾkunbenɡamos,siɾkunbenɡamos
90L_10NL,3,90L_10NL_3_1,1,700,"('n', 'n', 'nɡ')",siɾkunbenɡamos,siɾkunbenɡamos
90L_10NL,3,90L_10NL_3_1,1,700,"('n', 'n', 'nɡ')",siɾkunbenɡamos,siɾkunbenɡamos
90L_10NL,3,90L_10NL_3_1,1,700,"('n', 'n', 'nɡ')",siɾkunbenɡamos,siɾkunbenɡamos
90L_10NL,3,90L_10NL_3_1,1,700,"('n', 'n', 'nɡ')",siɾkunbenɡamos,siɾkunbenɡamos
90L_10NL,3,90L_10NL_3_1,1,700,"('n', 'n', 'nɡ')",siɾkunbenɡamos,siɾkunbenɡamos
90L_10NL,3,90L_10NL_3_1,1,700,"('n', 'n', 'nɡ')",siɾkunbenɡamos,siɾkunbenɡamos
90L_10NL,3,90L_10NL_3_1,1,700,"('n', 'n', 'nɡ')",siɾkunbenɡamos,siɾkunbenɡamos
90L_10NL,3,90L_10NL_3_1,1,700,"('n', 'n', 'nɡ')",siɾkunbenɡamos,siɾkunbenɡamos
90L_10NL,3,90L_10NL_3_1,1,700,"('n', 'n', 'nɡ')",siɾkunbenɡamos,siɾkunbenɡamos
90L_10NL,3,90L_10NL_3_1,1,700,"('n', 'n', 'nɡ')",siɾkunbenɡamos,siɾkunbenɡamos
90L_10NL,3,90L_10NL_3_1,1,1050,"('nɡ', 'nɡ', 'nɡ')",siɾkunbenɡan,siɾkunbenɡan
90L_10NL,3,90L_10NL_3_1,1,1050,"('nɡ', 'nɡ', 'nɡ')",siɾkunbenɡan,siɾkunbenɡan
90L_10NL,3,90L_10NL_3_1,1,1050,"('nɡ', 'nɡ', 'nɡ')",siɾkunbenɡan,siɾkunbenɡan
90L_10NL,3,90L_10NL_3_1,1,1050,"('nɡ', 'nɡ', 'nɡ')",siɾkunbenɡan,siɾkunbenɡan
90L_10NL,3,90L_10NL_3_1,1,1050,"('nɡ', 'nɡ', 'nɡ')",siɾkunbenɡan,siɾkunbenɡan
90L_10NL,3,90L_10NL_3_1,1,1092,"('nɡ', 'n', 'nɡ')",siɾkunbenɡan,siɾkunbenɡan
90L_10NL,3,90L_10NL_3_1,1,1092,"('nɡ', 'n', 'nɡ')",siɾkunbenɡan,siɾkunbenɡan
90L_10NL,3,90L_10NL_3_1,1,1092,"('nɡ', 'n', 'nɡ')",siɾkunbenɡan,siɾkunbenɡan
90L_10NL,3,90L_10NL_3_1,1,1092,"('nɡ', 'n', 'nɡ')",siɾkunbenɡan,siɾkunbenɡan
90L_10NL,3,90L_10NL_3_1,1,1092,"('nɡ', 'n', 'nɡ')",siɾkunbenɡan,siɾkunbenɡan
90L_10NL,3,90L_10NL_3_1,1,1050,"('nɡ', 'nɡ', 'nɡ')",siɾkunbenɡan,siɾkunbenɡan
90L_10NL,3,90L_10NL_3_1,1,1050,"('nɡ', 'nɡ', 'nɡ')",siɾkunbenɡan,siɾkunbenɡan
90L_10NL,3,90L_10NL_3_1,1,1050,"('nɡ', 'nɡ', 'nɡ')",siɾkunbenɡan,siɾkunbenɡan
90L_10NL,3,90L_10NL_3_1,1,1050,"('nɡ', 'nɡ', 'nɡ')",siɾkunbenɡan,siɾkunbenɡan
90L_10NL,3,90L_10NL_3_1,1,1092,"('nɡ', 'n', 'nɡ')",siɾkunbenɡan,siɾkunbenɡan
90L_10NL,3,90L_10NL_3_1,1,1092,"('nɡ', 'n', 'nɡ')",siɾkunbenɡan,siɾkunbenɡan
90L_10NL,3,90L_10NL_3_1,1,1092,"('nɡ', 'n', 'nɡ')",siɾkunbenɡan,siɾkunbenɡan
90L_10NL,3,90L_10NL_3_1,1,1092,"('nɡ', 'n', 'nɡ')",siɾkunbenɡan,siɾkunbenɡan
90L_10NL,3,90L_10NL_3_1,1,1092,"('nɡ', 'n', 'nɡ')",siɾkunbenɡan,siɾkunbenɡan
90L_10NL,3,90L_10NL_3_1,1,1050,"('nɡ', 'nɡ', 'nɡ')",siɾkunbenɡan,siɾkunbenɡan
90L_10NL,3,90L_10NL_3_1,1,1050,"('nɡ', 'nɡ', 'nɡ')",siɾkunbenɡan,siɾkunbenɡan
90L_10NL,3,90L_10NL_3_1,1,1050,"('nɡ', 'nɡ', 'nɡ')",siɾkunbenɡan,siɾkunbenɡan
90L_10NL,3,90L_10NL_3_1,1,1092,"('nɡ', 'n', 'nɡ')",siɾkunbenɡan,siɾkunbenɡan
90L_10NL,3,90L_10NL_3_1,1,1092,"('nɡ', 'n', 'nɡ')",siɾkunbenɡan,siɾkunbenɡan
90L_10NL,3,90L_10NL_3_1,1,1092,"('nɡ', 'n', 'nɡ')",siɾkunbenɡan,siɾkunbenɡan
90L_10NL,3,90L_10NL_3_1,1,1092,"('nɡ', 'n', 'nɡ')",siɾkunbenɡan,siɾkunbenɡan
90L_10NL,3,90L_10NL_3_1,1,1092,"('nɡ', 'n', 'nɡ')",siɾkunbenɡan,siɾkunbenɡan
90L_10NL,3,90L_10NL_3_1,1,1050,"('nɡ', 'nɡ', 'nɡ')",siɾkunbenɡan,siɾkunbenɡan
90L_10NL,3,90L_10NL_3_1,1,1050,"('nɡ', 'nɡ', 'nɡ')",siɾkunbenɡan,siɾkunbenɡan
90L_10NL,3,90L_10NL_3_1,1,1092,"('nɡ', 'n', 'nɡ')",siɾkunbenɡan,siɾkunbenɡan
90L_10NL,3,90L_10NL_3_1,1,1092,"('nɡ', 'n', 'nɡ')",siɾkunbenɡan,siɾkunbenɡan
90L_10NL,3,90L_10NL_3_1,1,1092,"('nɡ', 'n', 'nɡ')",siɾkunbenɡan,siɾkunbenɡan
90L_10NL,3,90L_10NL_3_1,1,1092,"('nɡ', 'n', 'nɡ')",siɾkunbenɡan,siɾkunbenɡan
90L_10NL,3,90L_10NL_3_1,1,1092,"('nɡ', 'n', 'nɡ')",siɾkunbenɡan,siɾkunbenɡan
90L_10NL,3,90L_10NL_3_1,1,1050,"('nɡ', 'nɡ', 'nɡ')",siɾkunbenɡan,siɾkunbenɡan
90L_10NL,3,90L_10NL_3_1,1,1092,"('nɡ', 'n', 'nɡ')",siɾkunbenɡan,siɾkunbenɡan
90L_10NL,3,90L_10NL_3_1,1,1092,"('nɡ', 'n', 'nɡ')",siɾkunbenɡan,siɾkunbenɡan
90L_10NL,3,90L_10NL_3_1,1,1092,"('nɡ', 'n', 'nɡ')",siɾkunbenɡan,siɾkunbenɡan
90L_10NL,3,90L_10NL_3_1,1,1092,"('nɡ', 'n', 'nɡ')",siɾkunbenɡan,siɾkunbenɡan
90L_10NL,3,90L_10NL_3_1,1,1092,"('nɡ', 'n', 'nɡ')",siɾkunbenɡan,siɾkunbenɡan
90L_10NL,3,90L_10NL_3_1,1,1092,"('nɡ', 'n', 'nɡ')",siɾkunbenɡan,siɾkunbenɡan
90L_10NL,3,90L_10NL_3_1,1,1092,"('nɡ', 'n', 'nɡ')",siɾkunbenɡan,siɾkunbenɡan
90L_10NL,3,90L_10NL_3_1,1,1092,"('nɡ', 'n', 'nɡ')",siɾkunbenɡan,siɾkunbenɡan
90L_10NL,3,90L_10NL_3_1,1,1092,"('nɡ', 'n', 'nɡ')",siɾkunbenɡan,siɾkunbenɡan
90L_10NL,3,90L_10NL_3_1,1,1092,"('nɡ', 'n', 'nɡ')",siɾkunbenɡan,siɾkunbenɡan
90L_10NL,3,90L_10NL_3_1,1,700,"('n', 'n', 'nɡ')",siɾkunbenɡan,siɾkunbenɡan
90L_10NL,3,90L_10NL_3_1,1,700,"('n', 'n', 'nɡ')",siɾkunbenɡan,siɾkunbenɡan
90L_10NL,3,90L_10NL_3_1,1,700,"('n', 'n', 'nɡ')",siɾkunbenɡan,siɾkunbenɡan
90L_10NL,3,90L_10NL_3_1,1,700,"('n', 'n', 'nɡ')",siɾkunbenɡan,siɾkunbenɡan
90L_10NL,3,90L_10NL_3_1,1,700,"('n', 'n', 'nɡ')",siɾkunbenɡan,siɾkunbenɡan
90L_10NL,3,90L_10NL_3_1,1,700,"('n', 'n', 'nɡ')",siɾkunbenɡan,siɾkunbenɡan
90L_10NL,3,90L_10NL_3_1,1,700,"('n', 'n', 'nɡ')",siɾkunbenɡan,siɾkunbenɡan
90L_10NL,3,90L_10NL_3_1,1,700,"('n', 'n', 'nɡ')",siɾkunbenɡan,siɾkunbenɡan
90L_10NL,3,90L_10NL_3_1,1,700,"('n', 'n', 'nɡ')",siɾkunbenɡan,siɾkunbenɡan
90L_10NL,3,90L_10NL_3_1,1,700,"('n', 'n', 'nɡ')",siɾkunbenɡan,siɾkunbenɡan
90L_10NL,3,90L_10NL_3_1,1,1050,"('nɡ', 'nɡ', 'nɡ')",siɾkunbenɡas,siɾkunbenɡas
90L_10NL,3,90L_10NL_3_1,1,1050,"('nɡ', 'nɡ', 'nɡ')",siɾkunbenɡas,siɾkunbenɡas
90L_10NL,3,90L_10NL_3_1,1,1050,"('nɡ', 'nɡ', 'nɡ')",siɾkunbenɡas,siɾkunbenɡas
90L_10NL,3,90L_10NL_3_1,1,1050,"('nɡ', 'nɡ', 'nɡ')",siɾkunbenɡas,siɾkunbenɡas
90L_10NL,3,90L_10NL_3_1,1,1050,"('nɡ', 'nɡ', 'nɡ')",siɾkunbenɡas,siɾkunbenɡas
90L_10NL,3,90L_10NL_3_1,1,1092,"('nɡ', 'n', 'nɡ')",siɾkunbenɡas,siɾkunbenɡas
90L_10NL,3,90L_10NL_3_1,1,1092,"('nɡ', 'n', 'nɡ')",siɾkunbenɡas,siɾkunbenɡas
90L_10NL,3,90L_10NL_3_1,1,1092,"('nɡ', 'n', 'nɡ')",siɾkunbenɡas,siɾkunbenɡas
90L_10NL,3,90L_10NL_3_1,1,1092,"('nɡ', 'n', 'nɡ')",siɾkunbenɡas,siɾkunbenɡas
90L_10NL,3,90L_10NL_3_1,1,1092,"('nɡ', 'n', 'nɡ')",siɾkunbenɡas,siɾkunbenɡas
90L_10NL,3,90L_10NL_3_1,1,1050,"('nɡ', 'nɡ', 'nɡ')",siɾkunbenɡas,siɾkunbenɡas
90L_10NL,3,90L_10NL_3_1,1,1050,"('nɡ', 'nɡ', 'nɡ')",siɾkunbenɡas,siɾkunbenɡas
90L_10NL,3,90L_10NL_3_1,1,1050,"('nɡ', 'nɡ', 'nɡ')",siɾkunbenɡas,siɾkunbenɡas
90L_10NL,3,90L_10NL_3_1,1,1050,"('nɡ', 'nɡ', 'nɡ')",siɾkunbenɡas,siɾkunbenɡas
90L_10NL,3,90L_10NL_3_1,1,1092,"('nɡ', 'n', 'nɡ')",siɾkunbenɡas,siɾkunbenɡas
90L_10NL,3,90L_10NL_3_1,1,1092,"('nɡ', 'n', 'nɡ')",siɾkunbenɡas,siɾkunbenɡas
90L_10NL,3,90L_10NL_3_1,1,1092,"('nɡ', 'n', 'nɡ')",siɾkunbenɡas,siɾkunbenɡas
90L_10NL,3,90L_10NL_3_1,1,1092,"('nɡ', 'n', 'nɡ')",siɾkunbenɡas,siɾkunbenɡas
90L_10NL,3,90L_10NL_3_1,1,1092,"('nɡ', 'n', 'nɡ')",siɾkunbenɡas,siɾkunbenɡas
90L_10NL,3,90L_10NL_3_1,1,1050,"('nɡ', 'nɡ', 'nɡ')",siɾkunbenɡas,siɾkunbenɡas
90L_10NL,3,90L_10NL_3_1,1,1050,"('nɡ', 'nɡ', 'nɡ')",siɾkunbenɡas,siɾkunbenɡas
90L_10NL,3,90L_10NL_3_1,1,1050,"('nɡ', 'nɡ', 'nɡ')",siɾkunbenɡas,siɾkunbenɡas
90L_10NL,3,90L_10NL_3_1,1,1092,"('nɡ', 'n', 'nɡ')",siɾkunbenɡas,siɾkunbenɡas
90L_10NL,3,90L_10NL_3_1,1,1092,"('nɡ', 'n', 'nɡ')",siɾkunbenɡas,siɾkunbenɡas
90L_10NL,3,90L_10NL_3_1,1,1092,"('nɡ', 'n', 'nɡ')",siɾkunbenɡas,siɾkunbenɡas
90L_10NL,3,90L_10NL_3_1,1,1092,"('nɡ', 'n', 'nɡ')",siɾkunbenɡas,siɾkunbenɡas
90L_10NL,3,90L_10NL_3_1,1,1092,"('nɡ', 'n', 'nɡ')",siɾkunbenɡas,siɾkunbenɡas
90L_10NL,3,90L_10NL_3_1,1,1050,"('nɡ', 'nɡ', 'nɡ')",siɾkunbenɡas,siɾkunbenɡas
90L_10NL,3,90L_10NL_3_1,1,1050,"('nɡ', 'nɡ', 'nɡ')",siɾkunbenɡas,siɾkunbenɡas
90L_10NL,3,90L_10NL_3_1,1,1092,"('nɡ', 'n', 'nɡ')",siɾkunbenɡas,siɾkunbenɡas
90L_10NL,3,90L_10NL_3_1,1,1092,"('nɡ', 'n', 'nɡ')",siɾkunbenɡas,siɾkunbenɡas
90L_10NL,3,90L_10NL_3_1,1,1092,"('nɡ', 'n', 'nɡ')",siɾkunbenɡas,siɾkunbenɡas
90L_10NL,3,90L_10NL_3_1,1,1092,"('nɡ', 'n', 'nɡ')",siɾkunbenɡas,siɾkunbenɡas
90L_10NL,3,90L_10NL_3_1,1,1092,"('nɡ', 'n', 'nɡ')",siɾkunbenɡas,siɾkunbenɡas
90L_10NL,3,90L_10NL_3_1,1,1050,"('nɡ', 'nɡ', 'nɡ')",siɾkunbenɡas,siɾkunbenɡas
90L_10NL,3,90L_10NL_3_1,1,1092,"('nɡ', 'n', 'nɡ')",siɾkunbenɡas,siɾkunbenɡas
90L_10NL,3,90L_10NL_3_1,1,1092,"('nɡ', 'n', 'nɡ')",siɾkunbenɡas,siɾkunbenɡas
90L_10NL,3,90L_10NL_3_1,1,1092,"('nɡ', 'n', 'nɡ')",siɾkunbenɡas,siɾkunbenɡas
90L_10NL,3,90L_10NL_3_1,1,1092,"('nɡ', 'n', 'nɡ')",siɾkunbenɡas,siɾkunbenɡas
90L_10NL,3,90L_10NL_3_1,1,1092,"('nɡ', 'n', 'nɡ')",siɾkunbenɡas,siɾkunbenɡas
90L_10NL,3,90L_10NL_3_1,1,1092,"('nɡ', 'n', 'nɡ')",siɾkunbenɡas,siɾkunbenɡas
90L_10NL,3,90L_10NL_3_1,1,1092,"('nɡ', 'n', 'nɡ')",siɾkunbenɡas,siɾkunbenɡas
90L_10NL,3,90L_10NL_3_1,1,1092,"('nɡ', 'n', 'nɡ')",siɾkunbenɡas,siɾkunbenɡas
90L_10NL,3,90L_10NL_3_1,1,1092,"('nɡ', 'n', 'nɡ')",siɾkunbenɡas,siɾkunbenɡas
90L_10NL,3,90L_10NL_3_1,1,1092,"('nɡ', 'n', 'nɡ')",siɾkunbenɡas,siɾkunbenɡas
90L_10NL,3,90L_10NL_3_1,1,700,"('n', 'n', 'nɡ')",siɾkunbenɡas,siɾkunbenɡas
90L_10NL,3,90L_10NL_3_1,1,700,"('n', 'n', 'nɡ')",siɾkunbenɡas,siɾkunbenɡas
90L_10NL,3,90L_10NL_3_1,1,700,"('n', 'n', 'nɡ')",siɾkunbenɡas,siɾkunbenɡas
90L_10NL,3,90L_10NL_3_1,1,700,"('n', 'n', 'nɡ')",siɾkunbenɡas,siɾkunbenɡas
90L_10NL,3,90L_10NL_3_1,1,700,"('n', 'n', 'nɡ')",siɾkunbenɡas,siɾkunbenɡas
90L_10NL,3,90L_10NL_3_1,1,700,"('n', 'n', 'nɡ')",siɾkunbenɡas,siɾkunbenɡas
90L_10NL,3,90L_10NL_3_1,1,700,"('n', 'n', 'nɡ')",siɾkunbenɡas,siɾkunbenɡas
90L_10NL,3,90L_10NL_3_1,1,700,"('n', 'n', 'nɡ')",siɾkunbenɡas,siɾkunbenɡas
90L_10NL,3,90L_10NL_3_1,1,700,"('n', 'n', 'nɡ')",siɾkunbenɡas,siɾkunbenɡas
90L_10NL,3,90L_10NL_3_1,1,700,"('n', 'n', 'nɡ')",siɾkunbenɡas,siɾkunbenɡas
90L_10NL,3,90L_10NL_3_1,1,1050,"('nɡ', 'nɡ', 'nɡ')",siɾkunbenɡa,siɾkunbenɡa
90L_10NL,3,90L_10NL_3_1,1,1050,"('nɡ', 'nɡ', 'nɡ')",siɾkunbenɡa,siɾkunbenɡa
90L_10NL,3,90L_10NL_3_1,1,1050,"('nɡ', 'nɡ', 'nɡ')",siɾkunbenɡa,siɾkunbenɡa
90L_10NL,3,90L_10NL_3_1,1,1050,"('nɡ', 'nɡ', 'nɡ')",siɾkunbenɡa,siɾkunbenɡa
90L_10NL,3,90L_10NL_3_1,1,1050,"('nɡ', 'nɡ', 'nɡ')",siɾkunbenɡa,siɾkunbenɡa
90L_10NL,3,90L_10NL_3_1,1,1092,"('nɡ', 'n', 'nɡ')",siɾkunbenɡa,siɾkunbenɡa
90L_10NL,3,90L_10NL_3_1,1,1092,"('nɡ', 'n', 'nɡ')",siɾkunbenɡa,siɾkunbenɡa
90L_10NL,3,90L_10NL_3_1,1,1092,"('nɡ', 'n', 'nɡ')",siɾkunbenɡa,siɾkunbenɡa
90L_10NL,3,90L_10NL_3_1,1,1092,"('nɡ', 'n', 'nɡ')",siɾkunbenɡa,siɾkunbenɡa
90L_10NL,3,90L_10NL_3_1,1,1092,"('nɡ', 'n', 'nɡ')",siɾkunbenɡa,siɾkunbenɡa
90L_10NL,3,90L_10NL_3_1,1,1050,"('nɡ', 'nɡ', 'nɡ')",siɾkunbenɡa,siɾkunbenɡa
90L_10NL,3,90L_10NL_3_1,1,1050,"('nɡ', 'nɡ', 'nɡ')",siɾkunbenɡa,siɾkunbenɡa
90L_10NL,3,90L_10NL_3_1,1,1050,"('nɡ', 'nɡ', 'nɡ')",siɾkunbenɡa,siɾkunbenɡa
90L_10NL,3,90L_10NL_3_1,1,1050,"('nɡ', 'nɡ', 'nɡ')",siɾkunbenɡa,siɾkunbenɡa
90L_10NL,3,90L_10NL_3_1,1,1092,"('nɡ', 'n', 'nɡ')",siɾkunbenɡa,siɾkunbenɡa
90L_10NL,3,90L_10NL_3_1,1,1092,"('nɡ', 'n', 'nɡ')",siɾkunbenɡa,siɾkunbenɡa
90L_10NL,3,90L_10NL_3_1,1,1092,"('nɡ', 'n', 'nɡ')",siɾkunbenɡa,siɾkunbenɡa
90L_10NL,3,90L_10NL_3_1,1,1092,"('nɡ', 'n', 'nɡ')",siɾkunbenɡa,siɾkunbenɡa
90L_10NL,3,90L_10NL_3_1,1,1092,"('nɡ', 'n', 'nɡ')",siɾkunbenɡa,siɾkunbenɡa
90L_10NL,3,90L_10NL_3_1,1,1050,"('nɡ', 'nɡ', 'nɡ')",siɾkunbenɡa,siɾkunbenɡa
90L_10NL,3,90L_10NL_3_1,1,1050,"('nɡ', 'nɡ', 'nɡ')",siɾkunbenɡa,siɾkunbenɡa
90L_10NL,3,90L_10NL_3_1,1,1050,"('nɡ', 'nɡ', 'nɡ')",siɾkunbenɡa,siɾkunbenɡa
90L_10NL,3,90L_10NL_3_1,1,1092,"('nɡ', 'n', 'nɡ')",siɾkunbenɡa,siɾkunbenɡa
90L_10NL,3,90L_10NL_3_1,1,1092,"('nɡ', 'n', 'nɡ')",siɾkunbenɡa,siɾkunbenɡa
90L_10NL,3,90L_10NL_3_1,1,1092,"('nɡ', 'n', 'nɡ')",siɾkunbenɡa,siɾkunbenɡa
90L_10NL,3,90L_10NL_3_1,1,1092,"('nɡ', 'n', 'nɡ')",siɾkunbenɡa,siɾkunbenɡa
90L_10NL,3,90L_10NL_3_1,1,1092,"('nɡ', 'n', 'nɡ')",siɾkunbenɡa,siɾkunbenɡa
90L_10NL,3,90L_10NL_3_1,1,1050,"('nɡ', 'nɡ', 'nɡ')",siɾkunbenɡa,siɾkunbenɡa
90L_10NL,3,90L_10NL_3_1,1,1050,"('nɡ', 'nɡ', 'nɡ')",siɾkunbenɡa,siɾkunbenɡa
90L_10NL,3,90L_10NL_3_1,1,1092,"('nɡ', 'n', 'nɡ')",siɾkunbenɡa,siɾkunbenɡa
90L_10NL,3,90L_10NL_3_1,1,1092,"('nɡ', 'n', 'nɡ')",siɾkunbenɡa,siɾkunbenɡa
90L_10NL,3,90L_10NL_3_1,1,1092,"('nɡ', 'n', 'nɡ')",siɾkunbenɡa,siɾkunbenɡa
90L_10NL,3,90L_10NL_3_1,1,1092,"('nɡ', 'n', 'nɡ')",siɾkunbenɡa,siɾkunbenɡa
90L_10NL,3,90L_10NL_3_1,1,1092,"('nɡ', 'n', 'nɡ')",siɾkunbenɡa,siɾkunbenɡa
90L_10NL,3,90L_10NL_3_1,1,1050,"('nɡ', 'nɡ', 'nɡ')",siɾkunbenɡa,siɾkunbenɡa
90L_10NL,3,90L_10NL_3_1,1,1092,"('nɡ', 'n', 'nɡ')",siɾkunbenɡa,siɾkunbenɡa
90L_10NL,3,90L_10NL_3_1,1,1092,"('nɡ', 'n', 'nɡ')",siɾkunbenɡa,siɾkunbenɡa
90L_10NL,3,90L_10NL_3_1,1,1092,"('nɡ', 'n', 'nɡ')",siɾkunbenɡa,siɾkunbenɡa
90L_10NL,3,90L_10NL_3_1,1,1092,"('nɡ', 'n', 'nɡ')",siɾkunbenɡa,siɾkunbenɡa
90L_10NL,3,90L_10NL_3_1,1,1092,"('nɡ', 'n', 'nɡ')",siɾkunbenɡa,siɾkunbenɡa
90L_10NL,3,90L_10NL_3_1,1,1092,"('nɡ', 'n', 'nɡ')",siɾkunbenɡa,siɾkunbenɡa
90L_10NL,3,90L_10NL_3_1,1,1092,"('nɡ', 'n', 'nɡ')",siɾkunbenɡa,siɾkunbenɡa
90L_10NL,3,90L_10NL_3_1,1,1092,"('nɡ', 'n', 'nɡ')",siɾkunbenɡa,siɾkunbenɡa
90L_10NL,3,90L_10NL_3_1,1,1092,"('nɡ', 'n', 'nɡ')",siɾkunbenɡa,siɾkunbenɡa
90L_10NL,3,90L_10NL_3_1,1,1092,"('nɡ', 'n', 'nɡ')",siɾkunbenɡa,siɾkunbenɡa
90L_10NL,3,90L_10NL_3_1,1,700,"('n', 'n', 'nɡ')",siɾkunbenɡa,siɾkunbenɡa
90L_10NL,3,90L_10NL_3_1,1,700,"('n', 'n', 'nɡ')",siɾkunbenɡa,siɾkunbenɡa
90L_10NL,3,90L_10NL_3_1,1,700,"('n', 'n', 'nɡ')",siɾkunbenɡa,siɾkunbenɡa
90L_10NL,3,90L_10NL_3_1,1,700,"('n', 'n', 'nɡ')",siɾkunbenɡa,siɾkunbenɡa
90L_10NL,3,90L_10NL_3_1,1,700,"('n', 'n', 'nɡ')",siɾkunbenɡa,siɾkunbenɡa
90L_10NL,3,90L_10NL_3_1,1,700,"('n', 'n', 'nɡ')",siɾkunbenɡa,siɾkunbenɡa
90L_10NL,3,90L_10NL_3_1,1,700,"('n', 'n', 'nɡ')",siɾkunbenɡa,siɾkunbenɡa
90L_10NL,3,90L_10NL_3_1,1,700,"('n', 'n', 'nɡ')",siɾkunbenɡa,siɾkunbenɡa
90L_10NL,3,90L_10NL_3_1,1,700,"('n', 'n', 'nɡ')",siɾkunbenɡa,siɾkunbenɡa
90L_10NL,3,90L_10NL_3_1,1,700,"('n', 'n', 'nɡ')",siɾkunbenɡa,siɾkunbenɡa
90L_10NL,3,90L_10NL_3_1,1,1050,"('nɡ', 'nɡ', 'nɡ')",siɾkunbenɡa,siɾkunbenɡa
90L_10NL,3,90L_10NL_3_1,1,1050,"('nɡ', 'nɡ', 'nɡ')",siɾkunbenɡa,siɾkunbenɡa
90L_10NL,3,90L_10NL_3_1,1,1050,"('nɡ', 'nɡ', 'nɡ')",siɾkunbenɡa,siɾkunbenɡa
90L_10NL,3,90L_10NL_3_1,1,1050,"('nɡ', 'nɡ', 'nɡ')",siɾkunbenɡa,siɾkunbenɡa
90L_10NL,3,90L_10NL_3_1,1,1050,"('nɡ', 'nɡ', 'nɡ')",siɾkunbenɡa,siɾkunbenɡa
90L_10NL,3,90L_10NL_3_1,1,1092,"('nɡ', 'n', 'nɡ')",siɾkunbenɡa,siɾkunbenɡa
90L_10NL,3,90L_10NL_3_1,1,1092,"('nɡ', 'n', 'nɡ')",siɾkunbenɡa,siɾkunbenɡa
90L_10NL,3,90L_10NL_3_1,1,1092,"('nɡ', 'n', 'nɡ')",siɾkunbenɡa,siɾkunbenɡa
90L_10NL,3,90L_10NL_3_1,1,1092,"('nɡ', 'n', 'nɡ')",siɾkunbenɡa,siɾkunbenɡa
90L_10NL,3,90L_10NL_3_1,1,1092,"('nɡ', 'n', 'nɡ')",siɾkunbenɡa,siɾkunbenɡa
90L_10NL,3,90L_10NL_3_1,1,1050,"('nɡ', 'nɡ', 'nɡ')",siɾkunbenɡa,siɾkunbenɡa
90L_10NL,3,90L_10NL_3_1,1,1050,"('nɡ', 'nɡ', 'nɡ')",siɾkunbenɡa,siɾkunbenɡa
90L_10NL,3,90L_10NL_3_1,1,1050,"('nɡ', 'nɡ', 'nɡ')",siɾkunbenɡa,siɾkunbenɡa
90L_10NL,3,90L_10NL_3_1,1,1050,"('nɡ', 'nɡ', 'nɡ')",siɾkunbenɡa,siɾkunbenɡa
90L_10NL,3,90L_10NL_3_1,1,1092,"('nɡ', 'n', 'nɡ')",siɾkunbenɡa,siɾkunbenɡa
90L_10NL,3,90L_10NL_3_1,1,1092,"('nɡ', 'n', 'nɡ')",siɾkunbenɡa,siɾkunbenɡa
90L_10NL,3,90L_10NL_3_1,1,1092,"('nɡ', 'n', 'nɡ')",siɾkunbenɡa,siɾkunbenɡa
90L_10NL,3,90L_10NL_3_1,1,1092,"('nɡ', 'n', 'nɡ')",siɾkunbenɡa,siɾkunbenɡa
90L_10NL,3,90L_10NL_3_1,1,1092,"('nɡ', 'n', 'nɡ')",siɾkunbenɡa,siɾkunbenɡa
90L_10NL,3,90L_10NL_3_1,1,1050,"('nɡ', 'nɡ', 'nɡ')",siɾkunbenɡa,siɾkunbenɡa
90L_10NL,3,90L_10NL_3_1,1,1050,"('nɡ', 'nɡ', 'nɡ')",siɾkunbenɡa,siɾkunbenɡa
90L_10NL,3,90L_10NL_3_1,1,1050,"('nɡ', 'nɡ', 'nɡ')",siɾkunbenɡa,siɾkunbenɡa
90L_10NL,3,90L_10NL_3_1,1,1092,"('nɡ', 'n', 'nɡ')",siɾkunbenɡa,siɾkunbenɡa
90L_10NL,3,90L_10NL_3_1,1,1092,"('nɡ', 'n', 'nɡ')",siɾkunbenɡa,siɾkunbenɡa
90L_10NL,3,90L_10NL_3_1,1,1092,"('nɡ', 'n', 'nɡ')",siɾkunbenɡa,siɾkunbenɡa
90L_10NL,3,90L_10NL_3_1,1,1092,"('nɡ', 'n', 'nɡ')",siɾkunbenɡa,siɾkunbenɡa
90L_10NL,3,90L_10NL_3_1,1,1092,"('nɡ', 'n', 'nɡ')",siɾkunbenɡa,siɾkunbenɡa
90L_10NL,3,90L_10NL_3_1,1,1050,"('nɡ', 'nɡ', 'nɡ')",siɾkunbenɡa,siɾkunbenɡa
90L_10NL,3,90L_10NL_3_1,1,1050,"('nɡ', 'nɡ', 'nɡ')",siɾkunbenɡa,siɾkunbenɡa
90L_10NL,3,90L_10NL_3_1,1,1092,"('nɡ', 'n', 'nɡ')",siɾkunbenɡa,siɾkunbenɡa
90L_10NL,3,90L_10NL_3_1,1,1092,"('nɡ', 'n', 'nɡ')",siɾkunbenɡa,siɾkunbenɡa
90L_10NL,3,90L_10NL_3_1,1,1092,"('nɡ', 'n', 'nɡ')",siɾkunbenɡa,siɾkunbenɡa
90L_10NL,3,90L_10NL_3_1,1,1092,"('nɡ', 'n', 'nɡ')",siɾkunbenɡa,siɾkunbenɡa
90L_10NL,3,90L_10NL_3_1,1,1092,"('nɡ', 'n', 'nɡ')",siɾkunbenɡa,siɾkunbenɡa
90L_10NL,3,90L_10NL_3_1,1,1050,"('nɡ', 'nɡ', 'nɡ')",siɾkunbenɡa,siɾkunbenɡa
90L_10NL,3,90L_10NL_3_1,1,1092,"('nɡ', 'n', 'nɡ')",siɾkunbenɡa,siɾkunbenɡa
90L_10NL,3,90L_10NL_3_1,1,1092,"('nɡ', 'n', 'nɡ')",siɾkunbenɡa,siɾkunbenɡa
90L_10NL,3,90L_10NL_3_1,1,1092,"('nɡ', 'n', 'nɡ')",siɾkunbenɡa,siɾkunbenɡa
90L_10NL,3,90L_10NL_3_1,1,1092,"('nɡ', 'n', 'nɡ')",siɾkunbenɡa,siɾkunbenɡa
90L_10NL,3,90L_10NL_3_1,1,1092,"('nɡ', 'n', 'nɡ')",siɾkunbenɡa,siɾkunbenɡa
90L_10NL,3,90L_10NL_3_1,1,1092,"('nɡ', 'n', 'nɡ')",siɾkunbenɡa,siɾkunbenɡa
90L_10NL,3,90L_10NL_3_1,1,1092,"('nɡ', 'n', 'nɡ')",siɾkunbenɡa,siɾkunbenɡa
90L_10NL,3,90L_10NL_3_1,1,1092,"('nɡ', 'n', 'nɡ')",siɾkunbenɡa,siɾkunbenɡa
90L_10NL,3,90L_10NL_3_1,1,1092,"('nɡ', 'n', 'nɡ')",siɾkunbenɡa,siɾkunbenɡa
90L_10NL,3,90L_10NL_3_1,1,1092,"('nɡ', 'n', 'nɡ')",siɾkunbenɡa,siɾkunbenɡa
90L_10NL,3,90L_10NL_3_1,1,700,"('n', 'n', 'nɡ')",siɾkunbenɡa,siɾkunbenɡa
90L_10NL,3,90L_10NL_3_1,1,700,"('n', 'n', 'nɡ')",siɾkunbenɡa,siɾkunbenɡa
90L_10NL,3,90L_10NL_3_1,1,700,"('n', 'n', 'nɡ')",siɾkunbenɡa,siɾkunbenɡa
90L_10NL,3,90L_10NL_3_1,1,700,"('n', 'n', 'nɡ')",siɾkunbenɡa,siɾkunbenɡa
90L_10NL,3,90L_10NL_3_1,1,700,"('n', 'n', 'nɡ')",siɾkunbenɡa,siɾkunbenɡa
90L_10NL,3,90L_10NL_3_1,1,700,"('n', 'n', 'nɡ')",siɾkunbenɡa,siɾkunbenɡa
90L_10NL,3,90L_10NL_3_1,1,700,"('n', 'n', 'nɡ')",siɾkunbenɡa,siɾkunbenɡa
90L_10NL,3,90L_10NL_3_1,1,700,"('n', 'n', 'nɡ')",siɾkunbenɡa,siɾkunbenɡa
90L_10NL,3,90L_10NL_3_1,1,700,"('n', 'n', 'nɡ')",siɾkunbenɡa,siɾkunbenɡa
90L_10NL,3,90L_10NL_3_1,1,700,"('n', 'n', 'nɡ')",siɾkunbenɡa,siɾkunbenɡa
90L_10NL,3,90L_10NL_3_1,1,1050,"('nɡ', 'nɡ', 'nɡ')",siɾkunbenɡo,siɾkunbenɡo
90L_10NL,3,90L_10NL_3_1,1,1050,"('nɡ', 'nɡ', 'nɡ')",siɾkunbenɡo,siɾkunbenɡo
90L_10NL,3,90L_10NL_3_1,1,1050,"('nɡ', 'nɡ', 'nɡ')",siɾkunbenɡo,siɾkunbenɡo
90L_10NL,3,90L_10NL_3_1,1,1050,"('nɡ', 'nɡ', 'nɡ')",siɾkunbenɡo,siɾkunbenɡo
90L_10NL,3,90L_10NL_3_1,1,1050,"('nɡ', 'nɡ', 'nɡ')",siɾkunbenɡo,siɾkunbenɡo
90L_10NL,3,90L_10NL_3_1,1,1092,"('nɡ', 'n', 'nɡ')",siɾkunbenɡo,siɾkunbenɡo
90L_10NL,3,90L_10NL_3_1,1,1092,"('nɡ', 'n', 'nɡ')",siɾkunbenɡo,siɾkunbenɡo
90L_10NL,3,90L_10NL_3_1,1,1092,"('nɡ', 'n', 'nɡ')",siɾkunbenɡo,siɾkunbenɡo
90L_10NL,3,90L_10NL_3_1,1,1092,"('nɡ', 'n', 'nɡ')",siɾkunbenɡo,siɾkunbenɡo
90L_10NL,3,90L_10NL_3_1,1,1092,"('nɡ', 'n', 'nɡ')",siɾkunbenɡo,siɾkunbenɡo
90L_10NL,3,90L_10NL_3_1,1,1050,"('nɡ', 'nɡ', 'nɡ')",siɾkunbenɡo,siɾkunbenɡo
90L_10NL,3,90L_10NL_3_1,1,1050,"('nɡ', 'nɡ', 'nɡ')",siɾkunbenɡo,siɾkunbenɡo
90L_10NL,3,90L_10NL_3_1,1,1050,"('nɡ', 'nɡ', 'nɡ')",siɾkunbenɡo,siɾkunbenɡo
90L_10NL,3,90L_10NL_3_1,1,1050,"('nɡ', 'nɡ', 'nɡ')",siɾkunbenɡo,siɾkunbenɡo
90L_10NL,3,90L_10NL_3_1,1,1092,"('nɡ', 'n', 'nɡ')",siɾkunbenɡo,siɾkunbenɡo
90L_10NL,3,90L_10NL_3_1,1,1092,"('nɡ', 'n', 'nɡ')",siɾkunbenɡo,siɾkunbenɡo
90L_10NL,3,90L_10NL_3_1,1,1092,"('nɡ', 'n', 'nɡ')",siɾkunbenɡo,siɾkunbenɡo
90L_10NL,3,90L_10NL_3_1,1,1092,"('nɡ', 'n', 'nɡ')",siɾkunbenɡo,siɾkunbenɡo
90L_10NL,3,90L_10NL_3_1,1,1092,"('nɡ', 'n', 'nɡ')",siɾkunbenɡo,siɾkunbenɡo
90L_10NL,3,90L_10NL_3_1,1,1050,"('nɡ', 'nɡ', 'nɡ')",siɾkunbenɡo,siɾkunbenɡo
90L_10NL,3,90L_10NL_3_1,1,1050,"('nɡ', 'nɡ', 'nɡ')",siɾkunbenɡo,siɾkunbenɡo
90L_10NL,3,90L_10NL_3_1,1,1050,"('nɡ', 'nɡ', 'nɡ')",siɾkunbenɡo,siɾkunbenɡo
90L_10NL,3,90L_10NL_3_1,1,1092,"('nɡ', 'n', 'nɡ')",siɾkunbenɡo,siɾkunbenɡo
90L_10NL,3,90L_10NL_3_1,1,1092,"('nɡ', 'n', 'nɡ')",siɾkunbenɡo,siɾkunbenɡo
90L_10NL,3,90L_10NL_3_1,1,1092,"('nɡ', 'n', 'nɡ')",siɾkunbenɡo,siɾkunbenɡo
90L_10NL,3,90L_10NL_3_1,1,1092,"('nɡ', 'n', 'nɡ')",siɾkunbenɡo,siɾkunbenɡo
90L_10NL,3,90L_10NL_3_1,1,1092,"('nɡ', 'n', 'nɡ')",siɾkunbenɡo,siɾkunbenɡo
90L_10NL,3,90L_10NL_3_1,1,1050,"('nɡ', 'nɡ', 'nɡ')",siɾkunbenɡo,siɾkunbenɡo
90L_10NL,3,90L_10NL_3_1,1,1050,"('nɡ', 'nɡ', 'nɡ')",siɾkunbenɡo,siɾkunbenɡo
90L_10NL,3,90L_10NL_3_1,1,1092,"('nɡ', 'n', 'nɡ')",siɾkunbenɡo,siɾkunbenɡo
90L_10NL,3,90L_10NL_3_1,1,1092,"('nɡ', 'n', 'nɡ')",siɾkunbenɡo,siɾkunbenɡo
90L_10NL,3,90L_10NL_3_1,1,1092,"('nɡ', 'n', 'nɡ')",siɾkunbenɡo,siɾkunbenɡo
90L_10NL,3,90L_10NL_3_1,1,1092,"('nɡ', 'n', 'nɡ')",siɾkunbenɡo,siɾkunbenɡo
90L_10NL,3,90L_10NL_3_1,1,1092,"('nɡ', 'n', 'nɡ')",siɾkunbenɡo,siɾkunbenɡo
90L_10NL,3,90L_10NL_3_1,1,1050,"('nɡ', 'nɡ', 'nɡ')",siɾkunbenɡo,siɾkunbenɡo
90L_10NL,3,90L_10NL_3_1,1,1092,"('nɡ', 'n', 'nɡ')",siɾkunbenɡo,siɾkunbenɡo
90L_10NL,3,90L_10NL_3_1,1,1092,"('nɡ', 'n', 'nɡ')",siɾkunbenɡo,siɾkunbenɡo
90L_10NL,3,90L_10NL_3_1,1,1092,"('nɡ', 'n', 'nɡ')",siɾkunbenɡo,siɾkunbenɡo
90L_10NL,3,90L_10NL_3_1,1,1092,"('nɡ', 'n', 'nɡ')",siɾkunbenɡo,siɾkunbenɡo
90L_10NL,3,90L_10NL_3_1,1,1092,"('nɡ', 'n', 'nɡ')",siɾkunbenɡo,siɾkunbenɡo
90L_10NL,3,90L_10NL_3_1,1,1092,"('nɡ', 'n', 'nɡ')",siɾkunbenɡo,siɾkunbenɡo
90L_10NL,3,90L_10NL_3_1,1,1092,"('nɡ', 'n', 'nɡ')",siɾkunbenɡo,siɾkunbenɡo
90L_10NL,3,90L_10NL_3_1,1,1092,"('nɡ', 'n', 'nɡ')",siɾkunbenɡo,siɾkunbenɡo
90L_10NL,3,90L_10NL_3_1,1,1092,"('nɡ', 'n', 'nɡ')",siɾkunbenɡo,siɾkunbenɡo
90L_10NL,3,90L_10NL_3_1,1,1092,"('nɡ', 'n', 'nɡ')",siɾkunbenɡo,siɾkunbenɡo
90L_10NL,3,90L_10NL_3_1,1,700,"('n', 'n', 'nɡ')",siɾkunbenɡo,siɾkunbenɡo
90L_10NL,3,90L_10NL_3_1,1,700,"('n', 'n', 'nɡ')",siɾkunbenɡo,siɾkunbenɡo
90L_10NL,3,90L_10NL_3_1,1,700,"('n', 'n', 'nɡ')",siɾkunbenɡo,siɾkunbenɡo
90L_10NL,3,90L_10NL_3_1,1,700,"('n', 'n', 'nɡ')",siɾkunbenɡo,siɾkunbenɡo
90L_10NL,3,90L_10NL_3_1,1,700,"('n', 'n', 'nɡ')",siɾkunbenɡo,siɾkunbenɡo
90L_10NL,3,90L_10NL_3_1,1,700,"('n', 'n', 'nɡ')",siɾkunbenɡo,siɾkunbenɡo
90L_10NL,3,90L_10NL_3_1,1,700,"('n', 'n', 'nɡ')",siɾkunbenɡo,siɾkunbenɡo
90L_10NL,3,90L_10NL_3_1,1,700,"('n', 'n', 'nɡ')",siɾkunbenɡo,siɾkunbenɡo
90L_10NL,3,90L_10NL_3_1,1,700,"('n', 'n', 'nɡ')",siɾkunbenɡo,siɾkunbenɡo
90L_10NL,3,90L_10NL_3_1,1,700,"('n', 'n', 'nɡ')",siɾkunbenɡo,siɾkunbenɡo
90L_10NL,3,90L_10NL_3_1,1,1050,"('nɡ', 'nɡ', 'n')",siɾkunbenimos,siɾkunbenimos
90L_10NL,3,90L_10NL_3_1,1,1050,"('nɡ', 'nɡ', 'n')",siɾkunbenimos,siɾkunbenimos
90L_10NL,3,90L_10NL_3_1,1,1050,"('nɡ', 'nɡ', 'n')",siɾkunbenimos,siɾkunbenimos
90L_10NL,3,90L_10NL_3_1,1,1050,"('nɡ', 'nɡ', 'n')",siɾkunbenimos,siɾkunbenimos
90L_10NL,3,90L_10NL_3_1,1,1050,"('nɡ', 'nɡ', 'n')",siɾkunbenimos,siɾkunbenimos
90L_10NL,3,90L_10NL_3_1,1,1050,"('nɡ', 'nɡ', 'n')",siɾkunbenimos,siɾkunbenimos
90L_10NL,3,90L_10NL_3_1,1,728,"('nɡ', 'n', 'n')",siɾkunbenimos,siɾkunbenimos
90L_10NL,3,90L_10NL_3_1,1,728,"('nɡ', 'n', 'n')",siɾkunbenimos,siɾkunbenimos
90L_10NL,3,90L_10NL_3_1,1,728,"('nɡ', 'n', 'n')",siɾkunbenimos,siɾkunbenimos
90L_10NL,3,90L_10NL_3_1,1,728,"('nɡ', 'n', 'n')",siɾkunbenimos,siɾkunbenimos
90L_10NL,3,90L_10NL_3_1,1,1050,"('nɡ', 'nɡ', 'n')",siɾkunbenimos,siɾkunbenimos
90L_10NL,3,90L_10NL_3_1,1,1050,"('nɡ', 'nɡ', 'n')",siɾkunbenimos,siɾkunbenimos
90L_10NL,3,90L_10NL_3_1,1,1050,"('nɡ', 'nɡ', 'n')",siɾkunbenimos,siɾkunbenimos
90L_10NL,3,90L_10NL_3_1,1,1050,"('nɡ', 'nɡ', 'n')",siɾkunbenimos,siɾkunbenimos
90L_10NL,3,90L_10NL_3_1,1,1050,"('nɡ', 'nɡ', 'n')",siɾkunbenimos,siɾkunbenimos
90L_10NL,3,90L_10NL_3_1,1,728,"('nɡ', 'n', 'n')",siɾkunbenimos,siɾkunbenimos
90L_10NL,3,90L_10NL_3_1,1,728,"('nɡ', 'n', 'n')",siɾkunbenimos,siɾkunbenimos
90L_10NL,3,90L_10NL_3_1,1,728,"('nɡ', 'n', 'n')",siɾkunbenimos,siɾkunbenimos
90L_10NL,3,90L_10NL_3_1,1,728,"('nɡ', 'n', 'n')",siɾkunbenimos,siɾkunbenimos
90L_10NL,3,90L_10NL_3_1,1,1050,"('nɡ', 'nɡ', 'n')",siɾkunbenimos,siɾkunbenimos
90L_10NL,3,90L_10NL_3_1,1,1050,"('nɡ', 'nɡ', 'n')",siɾkunbenimos,siɾkunbenimos
90L_10NL,3,90L_10NL_3_1,1,1050,"('nɡ', 'nɡ', 'n')",siɾkunbenimos,siɾkunbenimos
90L_10NL,3,90L_10NL_3_1,1,1050,"('nɡ', 'nɡ', 'n')",siɾkunbenimos,siɾkunbenimos
90L_10NL,3,90L_10NL_3_1,1,728,"('nɡ', 'n', 'n')",siɾkunbenimos,siɾkunbenimos
90L_10NL,3,90L_10NL_3_1,1,728,"('nɡ', 'n', 'n')",siɾkunbenimos,siɾkunbenimos
90L_10NL,3,90L_10NL_3_1,1,728,"('nɡ', 'n', 'n')",siɾkunbenimos,siɾkunbenimos
90L_10NL,3,90L_10NL_3_1,1,728,"('nɡ', 'n', 'n')",siɾkunbenimos,siɾkunbenimos
90L_10NL,3,90L_10NL_3_1,1,1050,"('nɡ', 'nɡ', 'n')",siɾkunbenimos,siɾkunbenimos
90L_10NL,3,90L_10NL_3_1,1,1050,"('nɡ', 'nɡ', 'n')",siɾkunbenimos,siɾkunbenimos
90L_10NL,3,90L_10NL_3_1,1,1050,"('nɡ', 'nɡ', 'n')",siɾkunbenimos,siɾkunbenimos
90L_10NL,3,90L_10NL_3_1,1,728,"('nɡ', 'n', 'n')",siɾkunbenimos,siɾkunbenimos
90L_10NL,3,90L_10NL_3_1,1,728,"('nɡ', 'n', 'n')",siɾkunbenimos,siɾkunbenimos
90L_10NL,3,90L_10NL_3_1,1,728,"('nɡ', 'n', 'n')",siɾkunbenimos,siɾkunbenimos
90L_10NL,3,90L_10NL_3_1,1,728,"('nɡ', 'n', 'n')",siɾkunbenimos,siɾkunbenimos
90L_10NL,3,90L_10NL_3_1,1,1050,"('nɡ', 'nɡ', 'n')",siɾkunbenimos,siɾkunbenimos
90L_10NL,3,90L_10NL_3_1,1,1050,"('nɡ', 'nɡ', 'n')",siɾkunbenimos,siɾkunbenimos
90L_10NL,3,90L_10NL_3_1,1,728,"('nɡ', 'n', 'n')",siɾkunbenimos,siɾkunbenimos
90L_10NL,3,90L_10NL_3_1,1,728,"('nɡ', 'n', 'n')",siɾkunbenimos,siɾkunbenimos
90L_10NL,3,90L_10NL_3_1,1,728,"('nɡ', 'n', 'n')",siɾkunbenimos,siɾkunbenimos
90L_10NL,3,90L_10NL_3_1,1,728,"('nɡ', 'n', 'n')",siɾkunbenimos,siɾkunbenimos
90L_10NL,3,90L_10NL_3_1,1,1050,"('nɡ', 'nɡ', 'n')",siɾkunbenimos,siɾkunbenimos
90L_10NL,3,90L_10NL_3_1,1,728,"('nɡ', 'n', 'n')",siɾkunbenimos,siɾkunbenimos
90L_10NL,3,90L_10NL_3_1,1,728,"('nɡ', 'n', 'n')",siɾkunbenimos,siɾkunbenimos
90L_10NL,3,90L_10NL_3_1,1,728,"('nɡ', 'n', 'n')",siɾkunbenimos,siɾkunbenimos
90L_10NL,3,90L_10NL_3_1,1,728,"('nɡ', 'n', 'n')",siɾkunbenimos,siɾkunbenimos
90L_10NL,3,90L_10NL_3_1,1,728,"('nɡ', 'n', 'n')",siɾkunbenimos,siɾkunbenimos
90L_10NL,3,90L_10NL_3_1,1,728,"('nɡ', 'n', 'n')",siɾkunbenimos,siɾkunbenimos
90L_10NL,3,90L_10NL_3_1,1,728,"('nɡ', 'n', 'n')",siɾkunbenimos,siɾkunbenimos
90L_10NL,3,90L_10NL_3_1,1,728,"('nɡ', 'n', 'n')",siɾkunbenimos,siɾkunbenimos
90L_10NL,3,90L_10NL_3_1,1,300,"('n', 'n', 'n')",siɾkunbenimos,siɾkunbenimos
90L_10NL,3,90L_10NL_3_1,1,300,"('n', 'n', 'n')",siɾkunbenimos,siɾkunbenimos
90L_10NL,3,90L_10NL_3_1,1,300,"('n', 'n', 'n')",siɾkunbenimos,siɾkunbenimos
90L_10NL,3,90L_10NL_3_1,1,300,"('n', 'n', 'n')",siɾkunbenimos,siɾkunbenimos
90L_10NL,3,90L_10NL_3_1,1,300,"('n', 'n', 'n')",siɾkunbenimos,siɾkunbenimos
90L_10NL,3,90L_10NL_3_1,1,300,"('n', 'n', 'n')",siɾkunbenimos,siɾkunbenimos
90L_10NL,3,90L_10NL_3_1,1,1050,"('nɡ', 'nɡ', 'n')",siɾkunbenis,siɾkunbenis
90L_10NL,3,90L_10NL_3_1,1,1050,"('nɡ', 'nɡ', 'n')",siɾkunbenis,siɾkunbenis
90L_10NL,3,90L_10NL_3_1,1,1050,"('nɡ', 'nɡ', 'n')",siɾkunbenis,siɾkunbenis
90L_10NL,3,90L_10NL_3_1,1,1050,"('nɡ', 'nɡ', 'n')",siɾkunbenis,siɾkunbenis
90L_10NL,3,90L_10NL_3_1,1,1050,"('nɡ', 'nɡ', 'n')",siɾkunbenis,siɾkunbenis
90L_10NL,3,90L_10NL_3_1,1,1050,"('nɡ', 'nɡ', 'n')",siɾkunbenis,siɾkunbenis
90L_10NL,3,90L_10NL_3_1,1,728,"('nɡ', 'n', 'n')",siɾkunbenis,siɾkunbenis
90L_10NL,3,90L_10NL_3_1,1,728,"('nɡ', 'n', 'n')",siɾkunbenis,siɾkunbenis
90L_10NL,3,90L_10NL_3_1,1,728,"('nɡ', 'n', 'n')",siɾkunbenis,siɾkunbenis
90L_10NL,3,90L_10NL_3_1,1,728,"('nɡ', 'n', 'n')",siɾkunbenis,siɾkunbenis
90L_10NL,3,90L_10NL_3_1,1,1050,"('nɡ', 'nɡ', 'n')",siɾkunbenis,siɾkunbenis
90L_10NL,3,90L_10NL_3_1,1,1050,"('nɡ', 'nɡ', 'n')",siɾkunbenis,siɾkunbenis
90L_10NL,3,90L_10NL_3_1,1,1050,"('nɡ', 'nɡ', 'n')",siɾkunbenis,siɾkunbenis
90L_10NL,3,90L_10NL_3_1,1,1050,"('nɡ', 'nɡ', 'n')",siɾkunbenis,siɾkunbenis
90L_10NL,3,90L_10NL_3_1,1,1050,"('nɡ', 'nɡ', 'n')",siɾkunbenis,siɾkunbenis
90L_10NL,3,90L_10NL_3_1,1,728,"('nɡ', 'n', 'n')",siɾkunbenis,siɾkunbenis
90L_10NL,3,90L_10NL_3_1,1,728,"('nɡ', 'n', 'n')",siɾkunbenis,siɾkunbenis
90L_10NL,3,90L_10NL_3_1,1,728,"('nɡ', 'n', 'n')",siɾkunbenis,siɾkunbenis
90L_10NL,3,90L_10NL_3_1,1,728,"('nɡ', 'n', 'n')",siɾkunbenis,siɾkunbenis
90L_10NL,3,90L_10NL_3_1,1,1050,"('nɡ', 'nɡ', 'n')",siɾkunbenis,siɾkunbenis
90L_10NL,3,90L_10NL_3_1,1,1050,"('nɡ', 'nɡ', 'n')",siɾkunbenis,siɾkunbenis
90L_10NL,3,90L_10NL_3_1,1,1050,"('nɡ', 'nɡ', 'n')",siɾkunbenis,siɾkunbenis
90L_10NL,3,90L_10NL_3_1,1,1050,"('nɡ', 'nɡ', 'n')",siɾkunbenis,siɾkunbenis
90L_10NL,3,90L_10NL_3_1,1,728,"('nɡ', 'n', 'n')",siɾkunbenis,siɾkunbenis
90L_10NL,3,90L_10NL_3_1,1,728,"('nɡ', 'n', 'n')",siɾkunbenis,siɾkunbenis
90L_10NL,3,90L_10NL_3_1,1,728,"('nɡ', 'n', 'n')",siɾkunbenis,siɾkunbenis
90L_10NL,3,90L_10NL_3_1,1,728,"('nɡ', 'n', 'n')",siɾkunbenis,siɾkunbenis
90L_10NL,3,90L_10NL_3_1,1,1050,"('nɡ', 'nɡ', 'n')",siɾkunbenis,siɾkunbenis
90L_10NL,3,90L_10NL_3_1,1,1050,"('nɡ', 'nɡ', 'n')",siɾkunbenis,siɾkunbenis
90L_10NL,3,90L_10NL_3_1,1,1050,"('nɡ', 'nɡ', 'n')",siɾkunbenis,siɾkunbenis
90L_10NL,3,90L_10NL_3_1,1,728,"('nɡ', 'n', 'n')",siɾkunbenis,siɾkunbenis
90L_10NL,3,90L_10NL_3_1,1,728,"('nɡ', 'n', 'n')",siɾkunbenis,siɾkunbenis
90L_10NL,3,90L_10NL_3_1,1,728,"('nɡ', 'n', 'n')",siɾkunbenis,siɾkunbenis
90L_10NL,3,90L_10NL_3_1,1,728,"('nɡ', 'n', 'n')",siɾkunbenis,siɾkunbenis
90L_10NL,3,90L_10NL_3_1,1,1050,"('nɡ', 'nɡ', 'n')",siɾkunbenis,siɾkunbenis
90L_10NL,3,90L_10NL_3_1,1,1050,"('nɡ', 'nɡ', 'n')",siɾkunbenis,siɾkunbenis
90L_10NL,3,90L_10NL_3_1,1,728,"('nɡ', 'n', 'n')",siɾkunbenis,siɾkunbenis
90L_10NL,3,90L_10NL_3_1,1,728,"('nɡ', 'n', 'n')",siɾkunbenis,siɾkunbenis
90L_10NL,3,90L_10NL_3_1,1,728,"('nɡ', 'n', 'n')",siɾkunbenis,siɾkunbenis
90L_10NL,3,90L_10NL_3_1,1,728,"('nɡ', 'n', 'n')",siɾkunbenis,siɾkunbenis
90L_10NL,3,90L_10NL_3_1,1,1050,"('nɡ', 'nɡ', 'n')",siɾkunbenis,siɾkunbenis
90L_10NL,3,90L_10NL_3_1,1,728,"('nɡ', 'n', 'n')",siɾkunbenis,siɾkunbenis
90L_10NL,3,90L_10NL_3_1,1,728,"('nɡ', 'n', 'n')",siɾkunbenis,siɾkunbenis
90L_10NL,3,90L_10NL_3_1,1,728,"('nɡ', 'n', 'n')",siɾkunbenis,siɾkunbenis
90L_10NL,3,90L_10NL_3_1,1,728,"('nɡ', 'n', 'n')",siɾkunbenis,siɾkunbenis
90L_10NL,3,90L_10NL_3_1,1,728,"('nɡ', 'n', 'n')",siɾkunbenis,siɾkunbenis
90L_10NL,3,90L_10NL_3_1,1,728,"('nɡ', 'n', 'n')",siɾkunbenis,siɾkunbenis
90L_10NL,3,90L_10NL_3_1,1,728,"('nɡ', 'n', 'n')",siɾkunbenis,siɾkunbenis
90L_10NL,3,90L_10NL_3_1,1,728,"('nɡ', 'n', 'n')",siɾkunbenis,siɾkunbenis
90L_10NL,3,90L_10NL_3_1,1,300,"('n', 'n', 'n')",siɾkunbenis,siɾkunbenis
90L_10NL,3,90L_10NL_3_1,1,300,"('n', 'n', 'n')",siɾkunbenis,siɾkunbenis
90L_10NL,3,90L_10NL_3_1,1,300,"('n', 'n', 'n')",siɾkunbenis,siɾkunbenis
90L_10NL,3,90L_10NL_3_1,1,300,"('n', 'n', 'n')",siɾkunbenis,siɾkunbenis
90L_10NL,3,90L_10NL_3_1,1,300,"('n', 'n', 'n')",siɾkunbenis,siɾkunbenis
90L_10NL,3,90L_10NL_3_1,1,300,"('n', 'n', 'n')",siɾkunbenis,siɾkunbenis
90L_10NL,3,90L_10NL_3_1,1,1050,"('nɡ', 'nɡ', 'n')",siɾkunbjenen,siɾkunbjenen
90L_10NL,3,90L_10NL_3_1,1,1050,"('nɡ', 'nɡ', 'n')",siɾkunbjenen,siɾkunbjenen
90L_10NL,3,90L_10NL_3_1,1,1050,"('nɡ', 'nɡ', 'n')",siɾkunbjenen,siɾkunbjenen
90L_10NL,3,90L_10NL_3_1,1,1050,"('nɡ', 'nɡ', 'n')",siɾkunbjenen,siɾkunbjenen
90L_10NL,3,90L_10NL_3_1,1,1050,"('nɡ', 'nɡ', 'n')",siɾkunbjenen,siɾkunbjenen
90L_10NL,3,90L_10NL_3_1,1,1050,"('nɡ', 'nɡ', 'n')",siɾkunbjenen,siɾkunbjenen
90L_10NL,3,90L_10NL_3_1,1,728,"('nɡ', 'n', 'n')",siɾkunbjenen,siɾkunbjenen
90L_10NL,3,90L_10NL_3_1,1,728,"('nɡ', 'n', 'n')",siɾkunbjenen,siɾkunbjenen
90L_10NL,3,90L_10NL_3_1,1,728,"('nɡ', 'n', 'n')",siɾkunbjenen,siɾkunbjenen
90L_10NL,3,90L_10NL_3_1,1,728,"('nɡ', 'n', 'n')",siɾkunbjenen,siɾkunbjenen
90L_10NL,3,90L_10NL_3_1,1,1050,"('nɡ', 'nɡ', 'n')",siɾkunbjenen,siɾkunbjenen
90L_10NL,3,90L_10NL_3_1,1,1050,"('nɡ', 'nɡ', 'n')",siɾkunbjenen,siɾkunbjenen
90L_10NL,3,90L_10NL_3_1,1,1050,"('nɡ', 'nɡ', 'n')",siɾkunbjenen,siɾkunbjenen
90L_10NL,3,90L_10NL_3_1,1,1050,"('nɡ', 'nɡ', 'n')",siɾkunbjenen,siɾkunbjenen
90L_10NL,3,90L_10NL_3_1,1,1050,"('nɡ', 'nɡ', 'n')",siɾkunbjenen,siɾkunbjenen
90L_10NL,3,90L_10NL_3_1,1,728,"('nɡ', 'n', 'n')",siɾkunbjenen,siɾkunbjenen
90L_10NL,3,90L_10NL_3_1,0,728,"('nɡ', 'n', 'n')",siɾkunbenen,siɾkunbjenen
90L_10NL,3,90L_10NL_3_1,1,728,"('nɡ', 'n', 'n')",siɾkunbjenen,siɾkunbjenen
90L_10NL,3,90L_10NL_3_1,1,728,"('nɡ', 'n', 'n')",siɾkunbjenen,siɾkunbjenen
90L_10NL,3,90L_10NL_3_1,1,1050,"('nɡ', 'nɡ', 'n')",siɾkunbjenen,siɾkunbjenen
90L_10NL,3,90L_10NL_3_1,1,1050,"('nɡ', 'nɡ', 'n')",siɾkunbjenen,siɾkunbjenen
90L_10NL,3,90L_10NL_3_1,1,1050,"('nɡ', 'nɡ', 'n')",siɾkunbjenen,siɾkunbjenen
90L_10NL,3,90L_10NL_3_1,1,1050,"('nɡ', 'nɡ', 'n')",siɾkunbjenen,siɾkunbjenen
90L_10NL,3,90L_10NL_3_1,1,728,"('nɡ', 'n', 'n')",siɾkunbjenen,siɾkunbjenen
90L_10NL,3,90L_10NL_3_1,1,728,"('nɡ', 'n', 'n')",siɾkunbjenen,siɾkunbjenen
90L_10NL,3,90L_10NL_3_1,1,728,"('nɡ', 'n', 'n')",siɾkunbjenen,siɾkunbjenen
90L_10NL,3,90L_10NL_3_1,1,728,"('nɡ', 'n', 'n')",siɾkunbjenen,siɾkunbjenen
90L_10NL,3,90L_10NL_3_1,1,1050,"('nɡ', 'nɡ', 'n')",siɾkunbjenen,siɾkunbjenen
90L_10NL,3,90L_10NL_3_1,1,1050,"('nɡ', 'nɡ', 'n')",siɾkunbjenen,siɾkunbjenen
90L_10NL,3,90L_10NL_3_1,1,1050,"('nɡ', 'nɡ', 'n')",siɾkunbjenen,siɾkunbjenen
90L_10NL,3,90L_10NL_3_1,1,728,"('nɡ', 'n', 'n')",siɾkunbjenen,siɾkunbjenen
90L_10NL,3,90L_10NL_3_1,1,728,"('nɡ', 'n', 'n')",siɾkunbjenen,siɾkunbjenen
90L_10NL,3,90L_10NL_3_1,1,728,"('nɡ', 'n', 'n')",siɾkunbjenen,siɾkunbjenen
90L_10NL,3,90L_10NL_3_1,1,728,"('nɡ', 'n', 'n')",siɾkunbjenen,siɾkunbjenen
90L_10NL,3,90L_10NL_3_1,1,1050,"('nɡ', 'nɡ', 'n')",siɾkunbjenen,siɾkunbjenen
90L_10NL,3,90L_10NL_3_1,1,1050,"('nɡ', 'nɡ', 'n')",siɾkunbjenen,siɾkunbjenen
90L_10NL,3,90L_10NL_3_1,1,728,"('nɡ', 'n', 'n')",siɾkunbjenen,siɾkunbjenen
90L_10NL,3,90L_10NL_3_1,1,728,"('nɡ', 'n', 'n')",siɾkunbjenen,siɾkunbjenen
90L_10NL,3,90L_10NL_3_1,1,728,"('nɡ', 'n', 'n')",siɾkunbjenen,siɾkunbjenen
90L_10NL,3,90L_10NL_3_1,1,728,"('nɡ', 'n', 'n')",siɾkunbjenen,siɾkunbjenen
90L_10NL,3,90L_10NL_3_1,1,1050,"('nɡ', 'nɡ', 'n')",siɾkunbjenen,siɾkunbjenen
90L_10NL,3,90L_10NL_3_1,1,728,"('nɡ', 'n', 'n')",siɾkunbjenen,siɾkunbjenen
90L_10NL,3,90L_10NL_3_1,1,728,"('nɡ', 'n', 'n')",siɾkunbjenen,siɾkunbjenen
90L_10NL,3,90L_10NL_3_1,1,728,"('nɡ', 'n', 'n')",siɾkunbjenen,siɾkunbjenen
90L_10NL,3,90L_10NL_3_1,1,728,"('nɡ', 'n', 'n')",siɾkunbjenen,siɾkunbjenen
90L_10NL,3,90L_10NL_3_1,1,728,"('nɡ', 'n', 'n')",siɾkunbjenen,siɾkunbjenen
90L_10NL,3,90L_10NL_3_1,1,728,"('nɡ', 'n', 'n')",siɾkunbjenen,siɾkunbjenen
90L_10NL,3,90L_10NL_3_1,1,728,"('nɡ', 'n', 'n')",siɾkunbjenen,siɾkunbjenen
90L_10NL,3,90L_10NL_3_1,1,728,"('nɡ', 'n', 'n')",siɾkunbjenen,siɾkunbjenen
90L_10NL,3,90L_10NL_3_1,1,300,"('n', 'n', 'n')",siɾkunbjenen,siɾkunbjenen
90L_10NL,3,90L_10NL_3_1,1,300,"('n', 'n', 'n')",siɾkunbjenen,siɾkunbjenen
90L_10NL,3,90L_10NL_3_1,1,300,"('n', 'n', 'n')",siɾkunbjenen,siɾkunbjenen
90L_10NL,3,90L_10NL_3_1,1,300,"('n', 'n', 'n')",siɾkunbjenen,siɾkunbjenen
90L_10NL,3,90L_10NL_3_1,1,300,"('n', 'n', 'n')",siɾkunbjenen,siɾkunbjenen
90L_10NL,3,90L_10NL_3_1,1,300,"('n', 'n', 'n')",siɾkunbjenen,siɾkunbjenen
90L_10NL,3,90L_10NL_3_1,1,1050,"('nɡ', 'nɡ', 'n')",siɾkunbjenes,siɾkunbjenes
90L_10NL,3,90L_10NL_3_1,1,1050,"('nɡ', 'nɡ', 'n')",siɾkunbjenes,siɾkunbjenes
90L_10NL,3,90L_10NL_3_1,1,1050,"('nɡ', 'nɡ', 'n')",siɾkunbjenes,siɾkunbjenes
90L_10NL,3,90L_10NL_3_1,1,1050,"('nɡ', 'nɡ', 'n')",siɾkunbjenes,siɾkunbjenes
90L_10NL,3,90L_10NL_3_1,1,1050,"('nɡ', 'nɡ', 'n')",siɾkunbjenes,siɾkunbjenes
90L_10NL,3,90L_10NL_3_1,1,1050,"('nɡ', 'nɡ', 'n')",siɾkunbjenes,siɾkunbjenes
90L_10NL,3,90L_10NL_3_1,1,728,"('nɡ', 'n', 'n')",siɾkunbjenes,siɾkunbjenes
90L_10NL,3,90L_10NL_3_1,1,728,"('nɡ', 'n', 'n')",siɾkunbjenes,siɾkunbjenes
90L_10NL,3,90L_10NL_3_1,1,728,"('nɡ', 'n', 'n')",siɾkunbjenes,siɾkunbjenes
90L_10NL,3,90L_10NL_3_1,1,728,"('nɡ', 'n', 'n')",siɾkunbjenes,siɾkunbjenes
90L_10NL,3,90L_10NL_3_1,1,1050,"('nɡ', 'nɡ', 'n')",siɾkunbjenes,siɾkunbjenes
90L_10NL,3,90L_10NL_3_1,1,1050,"('nɡ', 'nɡ', 'n')",siɾkunbjenes,siɾkunbjenes
90L_10NL,3,90L_10NL_3_1,1,1050,"('nɡ', 'nɡ', 'n')",siɾkunbjenes,siɾkunbjenes
90L_10NL,3,90L_10NL_3_1,1,1050,"('nɡ', 'nɡ', 'n')",siɾkunbjenes,siɾkunbjenes
90L_10NL,3,90L_10NL_3_1,1,1050,"('nɡ', 'nɡ', 'n')",siɾkunbjenes,siɾkunbjenes
90L_10NL,3,90L_10NL_3_1,1,728,"('nɡ', 'n', 'n')",siɾkunbjenes,siɾkunbjenes
90L_10NL,3,90L_10NL_3_1,1,728,"('nɡ', 'n', 'n')",siɾkunbjenes,siɾkunbjenes
90L_10NL,3,90L_10NL_3_1,1,728,"('nɡ', 'n', 'n')",siɾkunbjenes,siɾkunbjenes
90L_10NL,3,90L_10NL_3_1,1,728,"('nɡ', 'n', 'n')",siɾkunbjenes,siɾkunbjenes
90L_10NL,3,90L_10NL_3_1,1,1050,"('nɡ', 'nɡ', 'n')",siɾkunbjenes,siɾkunbjenes
90L_10NL,3,90L_10NL_3_1,1,1050,"('nɡ', 'nɡ', 'n')",siɾkunbjenes,siɾkunbjenes
90L_10NL,3,90L_10NL_3_1,1,1050,"('nɡ', 'nɡ', 'n')",siɾkunbjenes,siɾkunbjenes
90L_10NL,3,90L_10NL_3_1,1,1050,"('nɡ', 'nɡ', 'n')",siɾkunbjenes,siɾkunbjenes
90L_10NL,3,90L_10NL_3_1,1,728,"('nɡ', 'n', 'n')",siɾkunbjenes,siɾkunbjenes
90L_10NL,3,90L_10NL_3_1,1,728,"('nɡ', 'n', 'n')",siɾkunbjenes,siɾkunbjenes
90L_10NL,3,90L_10NL_3_1,1,728,"('nɡ', 'n', 'n')",siɾkunbjenes,siɾkunbjenes
90L_10NL,3,90L_10NL_3_1,1,728,"('nɡ', 'n', 'n')",siɾkunbjenes,siɾkunbjenes
90L_10NL,3,90L_10NL_3_1,1,1050,"('nɡ', 'nɡ', 'n')",siɾkunbjenes,siɾkunbjenes
90L_10NL,3,90L_10NL_3_1,1,1050,"('nɡ', 'nɡ', 'n')",siɾkunbjenes,siɾkunbjenes
90L_10NL,3,90L_10NL_3_1,1,1050,"('nɡ', 'nɡ', 'n')",siɾkunbjenes,siɾkunbjenes
90L_10NL,3,90L_10NL_3_1,1,728,"('nɡ', 'n', 'n')",siɾkunbjenes,siɾkunbjenes
90L_10NL,3,90L_10NL_3_1,1,728,"('nɡ', 'n', 'n')",siɾkunbjenes,siɾkunbjenes
90L_10NL,3,90L_10NL_3_1,1,728,"('nɡ', 'n', 'n')",siɾkunbjenes,siɾkunbjenes
90L_10NL,3,90L_10NL_3_1,1,728,"('nɡ', 'n', 'n')",siɾkunbjenes,siɾkunbjenes
90L_10NL,3,90L_10NL_3_1,1,1050,"('nɡ', 'nɡ', 'n')",siɾkunbjenes,siɾkunbjenes
90L_10NL,3,90L_10NL_3_1,1,1050,"('nɡ', 'nɡ', 'n')",siɾkunbjenes,siɾkunbjenes
90L_10NL,3,90L_10NL_3_1,1,728,"('nɡ', 'n', 'n')",siɾkunbjenes,siɾkunbjenes
90L_10NL,3,90L_10NL_3_1,1,728,"('nɡ', 'n', 'n')",siɾkunbjenes,siɾkunbjenes
90L_10NL,3,90L_10NL_3_1,1,728,"('nɡ', 'n', 'n')",siɾkunbjenes,siɾkunbjenes
90L_10NL,3,90L_10NL_3_1,1,728,"('nɡ', 'n', 'n')",siɾkunbjenes,siɾkunbjenes
90L_10NL,3,90L_10NL_3_1,1,1050,"('nɡ', 'nɡ', 'n')",siɾkunbjenes,siɾkunbjenes
90L_10NL,3,90L_10NL_3_1,1,728,"('nɡ', 'n', 'n')",siɾkunbjenes,siɾkunbjenes
90L_10NL,3,90L_10NL_3_1,1,728,"('nɡ', 'n', 'n')",siɾkunbjenes,siɾkunbjenes
90L_10NL,3,90L_10NL_3_1,1,728,"('nɡ', 'n', 'n')",siɾkunbjenes,siɾkunbjenes
90L_10NL,3,90L_10NL_3_1,1,728,"('nɡ', 'n', 'n')",siɾkunbjenes,siɾkunbjenes
90L_10NL,3,90L_10NL_3_1,1,728,"('nɡ', 'n', 'n')",siɾkunbjenes,siɾkunbjenes
90L_10NL,3,90L_10NL_3_1,1,728,"('nɡ', 'n', 'n')",siɾkunbjenes,siɾkunbjenes
90L_10NL,3,90L_10NL_3_1,1,728,"('nɡ', 'n', 'n')",siɾkunbjenes,siɾkunbjenes
90L_10NL,3,90L_10NL_3_1,1,728,"('nɡ', 'n', 'n')",siɾkunbjenes,siɾkunbjenes
90L_10NL,3,90L_10NL_3_1,1,300,"('n', 'n', 'n')",siɾkunbjenes,siɾkunbjenes
90L_10NL,3,90L_10NL_3_1,1,300,"('n', 'n', 'n')",siɾkunbjenes,siɾkunbjenes
90L_10NL,3,90L_10NL_3_1,1,300,"('n', 'n', 'n')",siɾkunbjenes,siɾkunbjenes
90L_10NL,3,90L_10NL_3_1,1,300,"('n', 'n', 'n')",siɾkunbjenes,siɾkunbjenes
90L_10NL,3,90L_10NL_3_1,1,300,"('n', 'n', 'n')",siɾkunbjenes,siɾkunbjenes
90L_10NL,3,90L_10NL_3_1,1,300,"('n', 'n', 'n')",siɾkunbjenes,siɾkunbjenes
90L_10NL,3,90L_10NL_3_1,1,1050,"('nɡ', 'nɡ', 'n')",siɾkunbjene,siɾkunbjene
90L_10NL,3,90L_10NL_3_1,1,1050,"('nɡ', 'nɡ', 'n')",siɾkunbjene,siɾkunbjene
90L_10NL,3,90L_10NL_3_1,1,1050,"('nɡ', 'nɡ', 'n')",siɾkunbjene,siɾkunbjene
90L_10NL,3,90L_10NL_3_1,1,1050,"('nɡ', 'nɡ', 'n')",siɾkunbjene,siɾkunbjene
90L_10NL,3,90L_10NL_3_1,1,1050,"('nɡ', 'nɡ', 'n')",siɾkunbjene,siɾkunbjene
90L_10NL,3,90L_10NL_3_1,1,1050,"('nɡ', 'nɡ', 'n')",siɾkunbjene,siɾkunbjene
90L_10NL,3,90L_10NL_3_1,1,728,"('nɡ', 'n', 'n')",siɾkunbjene,siɾkunbjene
90L_10NL,3,90L_10NL_3_1,1,728,"('nɡ', 'n', 'n')",siɾkunbjene,siɾkunbjene
90L_10NL,3,90L_10NL_3_1,1,728,"('nɡ', 'n', 'n')",siɾkunbjene,siɾkunbjene
90L_10NL,3,90L_10NL_3_1,1,728,"('nɡ', 'n', 'n')",siɾkunbjene,siɾkunbjene
90L_10NL,3,90L_10NL_3_1,1,1050,"('nɡ', 'nɡ', 'n')",siɾkunbjene,siɾkunbjene
90L_10NL,3,90L_10NL_3_1,1,1050,"('nɡ', 'nɡ', 'n')",siɾkunbjene,siɾkunbjene
90L_10NL,3,90L_10NL_3_1,1,1050,"('nɡ', 'nɡ', 'n')",siɾkunbjene,siɾkunbjene
90L_10NL,3,90L_10NL_3_1,1,1050,"('nɡ', 'nɡ', 'n')",siɾkunbjene,siɾkunbjene
90L_10NL,3,90L_10NL_3_1,1,1050,"('nɡ', 'nɡ', 'n')",siɾkunbjene,siɾkunbjene
90L_10NL,3,90L_10NL_3_1,1,728,"('nɡ', 'n', 'n')",siɾkunbjene,siɾkunbjene
90L_10NL,3,90L_10NL_3_1,1,728,"('nɡ', 'n', 'n')",siɾkunbjene,siɾkunbjene
90L_10NL,3,90L_10NL_3_1,1,728,"('nɡ', 'n', 'n')",siɾkunbjene,siɾkunbjene
90L_10NL,3,90L_10NL_3_1,1,728,"('nɡ', 'n', 'n')",siɾkunbjene,siɾkunbjene
90L_10NL,3,90L_10NL_3_1,1,1050,"('nɡ', 'nɡ', 'n')",siɾkunbjene,siɾkunbjene
90L_10NL,3,90L_10NL_3_1,1,1050,"('nɡ', 'nɡ', 'n')",siɾkunbjene,siɾkunbjene
90L_10NL,3,90L_10NL_3_1,1,1050,"('nɡ', 'nɡ', 'n')",siɾkunbjene,siɾkunbjene
90L_10NL,3,90L_10NL_3_1,1,1050,"('nɡ', 'nɡ', 'n')",siɾkunbjene,siɾkunbjene
90L_10NL,3,90L_10NL_3_1,1,728,"('nɡ', 'n', 'n')",siɾkunbjene,siɾkunbjene
90L_10NL,3,90L_10NL_3_1,1,728,"('nɡ', 'n', 'n')",siɾkunbjene,siɾkunbjene
90L_10NL,3,90L_10NL_3_1,1,728,"('nɡ', 'n', 'n')",siɾkunbjene,siɾkunbjene
90L_10NL,3,90L_10NL_3_1,1,728,"('nɡ', 'n', 'n')",siɾkunbjene,siɾkunbjene
90L_10NL,3,90L_10NL_3_1,1,1050,"('nɡ', 'nɡ', 'n')",siɾkunbjene,siɾkunbjene
90L_10NL,3,90L_10NL_3_1,1,1050,"('nɡ', 'nɡ', 'n')",siɾkunbjene,siɾkunbjene
90L_10NL,3,90L_10NL_3_1,1,1050,"('nɡ', 'nɡ', 'n')",siɾkunbjene,siɾkunbjene
90L_10NL,3,90L_10NL_3_1,1,728,"('nɡ', 'n', 'n')",siɾkunbjene,siɾkunbjene
90L_10NL,3,90L_10NL_3_1,1,728,"('nɡ', 'n', 'n')",siɾkunbjene,siɾkunbjene
90L_10NL,3,90L_10NL_3_1,1,728,"('nɡ', 'n', 'n')",siɾkunbjene,siɾkunbjene
90L_10NL,3,90L_10NL_3_1,1,728,"('nɡ', 'n', 'n')",siɾkunbjene,siɾkunbjene
90L_10NL,3,90L_10NL_3_1,1,1050,"('nɡ', 'nɡ', 'n')",siɾkunbjene,siɾkunbjene
90L_10NL,3,90L_10NL_3_1,1,1050,"('nɡ', 'nɡ', 'n')",siɾkunbjene,siɾkunbjene
90L_10NL,3,90L_10NL_3_1,1,728,"('nɡ', 'n', 'n')",siɾkunbjene,siɾkunbjene
90L_10NL,3,90L_10NL_3_1,0,728,"('nɡ', 'n', 'n')",siɾkunbjen,siɾkunbjene
90L_10NL,3,90L_10NL_3_1,1,728,"('nɡ', 'n', 'n')",siɾkunbjene,siɾkunbjene
90L_10NL,3,90L_10NL_3_1,1,728,"('nɡ', 'n', 'n')",siɾkunbjene,siɾkunbjene
90L_10NL,3,90L_10NL_3_1,1,1050,"('nɡ', 'nɡ', 'n')",siɾkunbjene,siɾkunbjene
90L_10NL,3,90L_10NL_3_1,1,728,"('nɡ', 'n', 'n')",siɾkunbjene,siɾkunbjene
90L_10NL,3,90L_10NL_3_1,0,728,"('nɡ', 'n', 'n')",siɾkunbjen,siɾkunbjene
90L_10NL,3,90L_10NL_3_1,1,728,"('nɡ', 'n', 'n')",siɾkunbjene,siɾkunbjene
90L_10NL,3,90L_10NL_3_1,1,728,"('nɡ', 'n', 'n')",siɾkunbjene,siɾkunbjene
90L_10NL,3,90L_10NL_3_1,1,728,"('nɡ', 'n', 'n')",siɾkunbjene,siɾkunbjene
90L_10NL,3,90L_10NL_3_1,1,728,"('nɡ', 'n', 'n')",siɾkunbjene,siɾkunbjene
90L_10NL,3,90L_10NL_3_1,1,728,"('nɡ', 'n', 'n')",siɾkunbjene,siɾkunbjene
90L_10NL,3,90L_10NL_3_1,1,728,"('nɡ', 'n', 'n')",siɾkunbjene,siɾkunbjene
90L_10NL,3,90L_10NL_3_1,1,300,"('n', 'n', 'n')",siɾkunbjene,siɾkunbjene
90L_10NL,3,90L_10NL_3_1,1,300,"('n', 'n', 'n')",siɾkunbjene,siɾkunbjene
90L_10NL,3,90L_10NL_3_1,1,300,"('n', 'n', 'n')",siɾkunbjene,siɾkunbjene
90L_10NL,3,90L_10NL_3_1,1,300,"('n', 'n', 'n')",siɾkunbjene,siɾkunbjene
90L_10NL,3,90L_10NL_3_1,1,300,"('n', 'n', 'n')",siɾkunbjene,siɾkunbjene
90L_10NL,3,90L_10NL_3_1,1,300,"('n', 'n', 'n')",siɾkunbjene,siɾkunbjene
90L_10NL,3,90L_10NL_3_1,1,1085,"('s', 's', 's')",enɾikesejs,enɾikesejs
90L_10NL,3,90L_10NL_3_1,1,1085,"('s', 's', 's')",enɾikesejs,enɾikesejs
90L_10NL,3,90L_10NL_3_1,1,1085,"('s', 's', 's')",enɾikesejs,enɾikesejs
90L_10NL,3,90L_10NL_3_1,1,3500,"('s', 'sk', 's')",enɾikesejs,enɾikesejs
90L_10NL,3,90L_10NL_3_1,1,3500,"('s', 'sk', 's')",enɾikesejs,enɾikesejs
90L_10NL,3,90L_10NL_3_1,1,3500,"('s', 'sk', 's')",enɾikesejs,enɾikesejs
90L_10NL,3,90L_10NL_3_1,1,3500,"('s', 'sk', 's')",enɾikesejs,enɾikesejs
90L_10NL,3,90L_10NL_3_1,1,3500,"('s', 'sk', 's')",enɾikesejs,enɾikesejs
90L_10NL,3,90L_10NL_3_1,1,3500,"('s', 'sk', 's')",enɾikesejs,enɾikesejs
90L_10NL,3,90L_10NL_3_1,1,3500,"('s', 'sk', 's')",enɾikesejs,enɾikesejs
90L_10NL,3,90L_10NL_3_1,1,1085,"('s', 's', 's')",enɾikesejs,enɾikesejs
90L_10NL,3,90L_10NL_3_1,1,1085,"('s', 's', 's')",enɾikesejs,enɾikesejs
90L_10NL,3,90L_10NL_3_1,1,3500,"('s', 'sk', 's')",enɾikesejs,enɾikesejs
90L_10NL,3,90L_10NL_3_1,1,3500,"('s', 'sk', 's')",enɾikesejs,enɾikesejs
90L_10NL,3,90L_10NL_3_1,1,3500,"('s', 'sk', 's')",enɾikesejs,enɾikesejs
90L_10NL,3,90L_10NL_3_1,1,3500,"('s', 'sk', 's')",enɾikesejs,enɾikesejs
90L_10NL,3,90L_10NL_3_1,1,3500,"('s', 'sk', 's')",enɾikesejs,enɾikesejs
90L_10NL,3,90L_10NL_3_1,1,3500,"('s', 'sk', 's')",enɾikesejs,enɾikesejs
90L_10NL,3,90L_10NL_3_1,1,3500,"('s', 'sk', 's')",enɾikesejs,enɾikesejs
90L_10NL,3,90L_10NL_3_1,1,1085,"('s', 's', 's')",enɾikesejs,enɾikesejs
90L_10NL,3,90L_10NL_3_1,1,3500,"('s', 'sk', 's')",enɾikesejs,enɾikesejs
90L_10NL,3,90L_10NL_3_1,1,3500,"('s', 'sk', 's')",enɾikesejs,enɾikesejs
90L_10NL,3,90L_10NL_3_1,1,3500,"('s', 'sk', 's')",enɾikesejs,enɾikesejs
90L_10NL,3,90L_10NL_3_1,1,3500,"('s', 'sk', 's')",enɾikesejs,enɾikesejs
90L_10NL,3,90L_10NL_3_1,1,3500,"('s', 'sk', 's')",enɾikesejs,enɾikesejs
90L_10NL,3,90L_10NL_3_1,1,3500,"('s', 'sk', 's')",enɾikesejs,enɾikesejs
90L_10NL,3,90L_10NL_3_1,1,3500,"('s', 'sk', 's')",enɾikesejs,enɾikesejs
90L_10NL,3,90L_10NL_3_1,1,3500,"('s', 'sk', 's')",enɾikesejs,enɾikesejs
90L_10NL,3,90L_10NL_3_1,1,3500,"('s', 'sk', 's')",enɾikesejs,enɾikesejs
90L_10NL,3,90L_10NL_3_1,1,3500,"('s', 'sk', 's')",enɾikesejs,enɾikesejs
90L_10NL,3,90L_10NL_3_1,1,3500,"('s', 'sk', 's')",enɾikesejs,enɾikesejs
90L_10NL,3,90L_10NL_3_1,1,3500,"('s', 'sk', 's')",enɾikesejs,enɾikesejs
90L_10NL,3,90L_10NL_3_1,1,3500,"('s', 'sk', 's')",enɾikesejs,enɾikesejs
90L_10NL,3,90L_10NL_3_1,1,3500,"('s', 'sk', 's')",enɾikesejs,enɾikesejs
90L_10NL,3,90L_10NL_3_1,1,2625,"('sk', 'sk', 's')",enɾikesejs,enɾikesejs
90L_10NL,3,90L_10NL_3_1,1,2625,"('sk', 'sk', 's')",enɾikesejs,enɾikesejs
90L_10NL,3,90L_10NL_3_1,1,2625,"('sk', 'sk', 's')",enɾikesejs,enɾikesejs
90L_10NL,3,90L_10NL_3_1,1,2625,"('sk', 'sk', 's')",enɾikesejs,enɾikesejs
90L_10NL,3,90L_10NL_3_1,1,2625,"('sk', 'sk', 's')",enɾikesejs,enɾikesejs
90L_10NL,3,90L_10NL_3_1,1,2625,"('sk', 'sk', 's')",enɾikesejs,enɾikesejs
90L_10NL,3,90L_10NL_3_1,1,2625,"('sk', 'sk', 's')",enɾikesejs,enɾikesejs
90L_10NL,3,90L_10NL_3_1,1,2625,"('sk', 'sk', 's')",enɾikesejs,enɾikesejs
90L_10NL,3,90L_10NL_3_1,1,2625,"('sk', 'sk', 's')",enɾikesejs,enɾikesejs
90L_10NL,3,90L_10NL_3_1,1,2625,"('sk', 'sk', 's')",enɾikesejs,enɾikesejs
90L_10NL,3,90L_10NL_3_1,1,2625,"('sk', 'sk', 's')",enɾikesejs,enɾikesejs
90L_10NL,3,90L_10NL_3_1,1,2625,"('sk', 'sk', 's')",enɾikesejs,enɾikesejs
90L_10NL,3,90L_10NL_3_1,1,2625,"('sk', 'sk', 's')",enɾikesejs,enɾikesejs
90L_10NL,3,90L_10NL_3_1,1,2625,"('sk', 'sk', 's')",enɾikesejs,enɾikesejs
90L_10NL,3,90L_10NL_3_1,1,2625,"('sk', 'sk', 's')",enɾikesejs,enɾikesejs
90L_10NL,3,90L_10NL_3_1,1,2625,"('sk', 'sk', 's')",enɾikesejs,enɾikesejs
90L_10NL,3,90L_10NL_3_1,1,2625,"('sk', 'sk', 's')",enɾikesejs,enɾikesejs
90L_10NL,3,90L_10NL_3_1,1,2625,"('sk', 'sk', 's')",enɾikesejs,enɾikesejs
90L_10NL,3,90L_10NL_3_1,1,2625,"('sk', 'sk', 's')",enɾikesejs,enɾikesejs
90L_10NL,3,90L_10NL_3_1,1,2625,"('sk', 'sk', 's')",enɾikesejs,enɾikesejs
90L_10NL,3,90L_10NL_3_1,1,2625,"('sk', 'sk', 's')",enɾikesejs,enɾikesejs
90L_10NL,3,90L_10NL_3_1,1,1085,"('s', 's', 's')",enɾikesemos,enɾikesemos
90L_10NL,3,90L_10NL_3_1,1,1085,"('s', 's', 's')",enɾikesemos,enɾikesemos
90L_10NL,3,90L_10NL_3_1,1,1085,"('s', 's', 's')",enɾikesemos,enɾikesemos
90L_10NL,3,90L_10NL_3_1,1,3500,"('s', 'sk', 's')",enɾikesemos,enɾikesemos
90L_10NL,3,90L_10NL_3_1,1,3500,"('s', 'sk', 's')",enɾikesemos,enɾikesemos
90L_10NL,3,90L_10NL_3_1,1,3500,"('s', 'sk', 's')",enɾikesemos,enɾikesemos
90L_10NL,3,90L_10NL_3_1,1,3500,"('s', 'sk', 's')",enɾikesemos,enɾikesemos
90L_10NL,3,90L_10NL_3_1,1,3500,"('s', 'sk', 's')",enɾikesemos,enɾikesemos
90L_10NL,3,90L_10NL_3_1,1,3500,"('s', 'sk', 's')",enɾikesemos,enɾikesemos
90L_10NL,3,90L_10NL_3_1,1,3500,"('s', 'sk', 's')",enɾikesemos,enɾikesemos
90L_10NL,3,90L_10NL_3_1,1,1085,"('s', 's', 's')",enɾikesemos,enɾikesemos
90L_10NL,3,90L_10NL_3_1,1,1085,"('s', 's', 's')",enɾikesemos,enɾikesemos
90L_10NL,3,90L_10NL_3_1,1,3500,"('s', 'sk', 's')",enɾikesemos,enɾikesemos
90L_10NL,3,90L_10NL_3_1,1,3500,"('s', 'sk', 's')",enɾikesemos,enɾikesemos
90L_10NL,3,90L_10NL_3_1,1,3500,"('s', 'sk', 's')",enɾikesemos,enɾikesemos
90L_10NL,3,90L_10NL_3_1,1,3500,"('s', 'sk', 's')",enɾikesemos,enɾikesemos
90L_10NL,3,90L_10NL_3_1,1,3500,"('s', 'sk', 's')",enɾikesemos,enɾikesemos
90L_10NL,3,90L_10NL_3_1,1,3500,"('s', 'sk', 's')",enɾikesemos,enɾikesemos
90L_10NL,3,90L_10NL_3_1,1,3500,"('s', 'sk', 's')",enɾikesemos,enɾikesemos
90L_10NL,3,90L_10NL_3_1,1,1085,"('s', 's', 's')",enɾikesemos,enɾikesemos
90L_10NL,3,90L_10NL_3_1,1,3500,"('s', 'sk', 's')",enɾikesemos,enɾikesemos
90L_10NL,3,90L_10NL_3_1,1,3500,"('s', 'sk', 's')",enɾikesemos,enɾikesemos
90L_10NL,3,90L_10NL_3_1,1,3500,"('s', 'sk', 's')",enɾikesemos,enɾikesemos
90L_10NL,3,90L_10NL_3_1,1,3500,"('s', 'sk', 's')",enɾikesemos,enɾikesemos
90L_10NL,3,90L_10NL_3_1,1,3500,"('s', 'sk', 's')",enɾikesemos,enɾikesemos
90L_10NL,3,90L_10NL_3_1,1,3500,"('s', 'sk', 's')",enɾikesemos,enɾikesemos
90L_10NL,3,90L_10NL_3_1,1,3500,"('s', 'sk', 's')",enɾikesemos,enɾikesemos
90L_10NL,3,90L_10NL_3_1,1,3500,"('s', 'sk', 's')",enɾikesemos,enɾikesemos
90L_10NL,3,90L_10NL_3_1,1,3500,"('s', 'sk', 's')",enɾikesemos,enɾikesemos
90L_10NL,3,90L_10NL_3_1,1,3500,"('s', 'sk', 's')",enɾikesemos,enɾikesemos
90L_10NL,3,90L_10NL_3_1,1,3500,"('s', 'sk', 's')",enɾikesemos,enɾikesemos
90L_10NL,3,90L_10NL_3_1,1,3500,"('s', 'sk', 's')",enɾikesemos,enɾikesemos
90L_10NL,3,90L_10NL_3_1,1,3500,"('s', 'sk', 's')",enɾikesemos,enɾikesemos
90L_10NL,3,90L_10NL_3_1,1,3500,"('s', 'sk', 's')",enɾikesemos,enɾikesemos
90L_10NL,3,90L_10NL_3_1,1,2625,"('sk', 'sk', 's')",enɾikesemos,enɾikesemos
90L_10NL,3,90L_10NL_3_1,1,2625,"('sk', 'sk', 's')",enɾikesemos,enɾikesemos
90L_10NL,3,90L_10NL_3_1,1,2625,"('sk', 'sk', 's')",enɾikesemos,enɾikesemos
90L_10NL,3,90L_10NL_3_1,1,2625,"('sk', 'sk', 's')",enɾikesemos,enɾikesemos
90L_10NL,3,90L_10NL_3_1,1,2625,"('sk', 'sk', 's')",enɾikesemos,enɾikesemos
90L_10NL,3,90L_10NL_3_1,1,2625,"('sk', 'sk', 's')",enɾikesemos,enɾikesemos
90L_10NL,3,90L_10NL_3_1,1,2625,"('sk', 'sk', 's')",enɾikesemos,enɾikesemos
90L_10NL,3,90L_10NL_3_1,1,2625,"('sk', 'sk', 's')",enɾikesemos,enɾikesemos
90L_10NL,3,90L_10NL_3_1,1,2625,"('sk', 'sk', 's')",enɾikesemos,enɾikesemos
90L_10NL,3,90L_10NL_3_1,1,2625,"('sk', 'sk', 's')",enɾikesemos,enɾikesemos
90L_10NL,3,90L_10NL_3_1,1,2625,"('sk', 'sk', 's')",enɾikesemos,enɾikesemos
90L_10NL,3,90L_10NL_3_1,1,2625,"('sk', 'sk', 's')",enɾikesemos,enɾikesemos
90L_10NL,3,90L_10NL_3_1,1,2625,"('sk', 'sk', 's')",enɾikesemos,enɾikesemos
90L_10NL,3,90L_10NL_3_1,1,2625,"('sk', 'sk', 's')",enɾikesemos,enɾikesemos
90L_10NL,3,90L_10NL_3_1,1,2625,"('sk', 'sk', 's')",enɾikesemos,enɾikesemos
90L_10NL,3,90L_10NL_3_1,1,2625,"('sk', 'sk', 's')",enɾikesemos,enɾikesemos
90L_10NL,3,90L_10NL_3_1,1,2625,"('sk', 'sk', 's')",enɾikesemos,enɾikesemos
90L_10NL,3,90L_10NL_3_1,1,2625,"('sk', 'sk', 's')",enɾikesemos,enɾikesemos
90L_10NL,3,90L_10NL_3_1,1,2625,"('sk', 'sk', 's')",enɾikesemos,enɾikesemos
90L_10NL,3,90L_10NL_3_1,1,2625,"('sk', 'sk', 's')",enɾikesemos,enɾikesemos
90L_10NL,3,90L_10NL_3_1,1,2625,"('sk', 'sk', 's')",enɾikesemos,enɾikesemos
90L_10NL,3,90L_10NL_3_1,1,1085,"('s', 's', 's')",enɾikesen,enɾikesen
90L_10NL,3,90L_10NL_3_1,1,1085,"('s', 's', 's')",enɾikesen,enɾikesen
90L_10NL,3,90L_10NL_3_1,1,1085,"('s', 's', 's')",enɾikesen,enɾikesen
90L_10NL,3,90L_10NL_3_1,1,3500,"('s', 'sk', 's')",enɾikesen,enɾikesen
90L_10NL,3,90L_10NL_3_1,1,3500,"('s', 'sk', 's')",enɾikesen,enɾikesen
90L_10NL,3,90L_10NL_3_1,1,3500,"('s', 'sk', 's')",enɾikesen,enɾikesen
90L_10NL,3,90L_10NL_3_1,1,3500,"('s', 'sk', 's')",enɾikesen,enɾikesen
90L_10NL,3,90L_10NL_3_1,1,3500,"('s', 'sk', 's')",enɾikesen,enɾikesen
90L_10NL,3,90L_10NL_3_1,1,3500,"('s', 'sk', 's')",enɾikesen,enɾikesen
90L_10NL,3,90L_10NL_3_1,1,3500,"('s', 'sk', 's')",enɾikesen,enɾikesen
90L_10NL,3,90L_10NL_3_1,1,1085,"('s', 's', 's')",enɾikesen,enɾikesen
90L_10NL,3,90L_10NL_3_1,1,1085,"('s', 's', 's')",enɾikesen,enɾikesen
90L_10NL,3,90L_10NL_3_1,1,3500,"('s', 'sk', 's')",enɾikesen,enɾikesen
90L_10NL,3,90L_10NL_3_1,1,3500,"('s', 'sk', 's')",enɾikesen,enɾikesen
90L_10NL,3,90L_10NL_3_1,1,3500,"('s', 'sk', 's')",enɾikesen,enɾikesen
90L_10NL,3,90L_10NL_3_1,1,3500,"('s', 'sk', 's')",enɾikesen,enɾikesen
90L_10NL,3,90L_10NL_3_1,1,3500,"('s', 'sk', 's')",enɾikesen,enɾikesen
90L_10NL,3,90L_10NL_3_1,1,3500,"('s', 'sk', 's')",enɾikesen,enɾikesen
90L_10NL,3,90L_10NL_3_1,1,3500,"('s', 'sk', 's')",enɾikesen,enɾikesen
90L_10NL,3,90L_10NL_3_1,1,1085,"('s', 's', 's')",enɾikesen,enɾikesen
90L_10NL,3,90L_10NL_3_1,1,3500,"('s', 'sk', 's')",enɾikesen,enɾikesen
90L_10NL,3,90L_10NL_3_1,1,3500,"('s', 'sk', 's')",enɾikesen,enɾikesen
90L_10NL,3,90L_10NL_3_1,1,3500,"('s', 'sk', 's')",enɾikesen,enɾikesen
90L_10NL,3,90L_10NL_3_1,1,3500,"('s', 'sk', 's')",enɾikesen,enɾikesen
90L_10NL,3,90L_10NL_3_1,1,3500,"('s', 'sk', 's')",enɾikesen,enɾikesen
90L_10NL,3,90L_10NL_3_1,1,3500,"('s', 'sk', 's')",enɾikesen,enɾikesen
90L_10NL,3,90L_10NL_3_1,1,3500,"('s', 'sk', 's')",enɾikesen,enɾikesen
90L_10NL,3,90L_10NL_3_1,1,3500,"('s', 'sk', 's')",enɾikesen,enɾikesen
90L_10NL,3,90L_10NL_3_1,1,3500,"('s', 'sk', 's')",enɾikesen,enɾikesen
90L_10NL,3,90L_10NL_3_1,1,3500,"('s', 'sk', 's')",enɾikesen,enɾikesen
90L_10NL,3,90L_10NL_3_1,1,3500,"('s', 'sk', 's')",enɾikesen,enɾikesen
90L_10NL,3,90L_10NL_3_1,1,3500,"('s', 'sk', 's')",enɾikesen,enɾikesen
90L_10NL,3,90L_10NL_3_1,1,3500,"('s', 'sk', 's')",enɾikesen,enɾikesen
90L_10NL,3,90L_10NL_3_1,1,3500,"('s', 'sk', 's')",enɾikesen,enɾikesen
90L_10NL,3,90L_10NL_3_1,1,2625,"('sk', 'sk', 's')",enɾikesen,enɾikesen
90L_10NL,3,90L_10NL_3_1,1,2625,"('sk', 'sk', 's')",enɾikesen,enɾikesen
90L_10NL,3,90L_10NL_3_1,1,2625,"('sk', 'sk', 's')",enɾikesen,enɾikesen
90L_10NL,3,90L_10NL_3_1,1,2625,"('sk', 'sk', 's')",enɾikesen,enɾikesen
90L_10NL,3,90L_10NL_3_1,1,2625,"('sk', 'sk', 's')",enɾikesen,enɾikesen
90L_10NL,3,90L_10NL_3_1,1,2625,"('sk', 'sk', 's')",enɾikesen,enɾikesen
90L_10NL,3,90L_10NL_3_1,1,2625,"('sk', 'sk', 's')",enɾikesen,enɾikesen
90L_10NL,3,90L_10NL_3_1,1,2625,"('sk', 'sk', 's')",enɾikesen,enɾikesen
90L_10NL,3,90L_10NL_3_1,1,2625,"('sk', 'sk', 's')",enɾikesen,enɾikesen
90L_10NL,3,90L_10NL_3_1,1,2625,"('sk', 'sk', 's')",enɾikesen,enɾikesen
90L_10NL,3,90L_10NL_3_1,1,2625,"('sk', 'sk', 's')",enɾikesen,enɾikesen
90L_10NL,3,90L_10NL_3_1,1,2625,"('sk', 'sk', 's')",enɾikesen,enɾikesen
90L_10NL,3,90L_10NL_3_1,1,2625,"('sk', 'sk', 's')",enɾikesen,enɾikesen
90L_10NL,3,90L_10NL_3_1,1,2625,"('sk', 'sk', 's')",enɾikesen,enɾikesen
90L_10NL,3,90L_10NL_3_1,1,2625,"('sk', 'sk', 's')",enɾikesen,enɾikesen
90L_10NL,3,90L_10NL_3_1,1,2625,"('sk', 'sk', 's')",enɾikesen,enɾikesen
90L_10NL,3,90L_10NL_3_1,1,2625,"('sk', 'sk', 's')",enɾikesen,enɾikesen
90L_10NL,3,90L_10NL_3_1,1,2625,"('sk', 'sk', 's')",enɾikesen,enɾikesen
90L_10NL,3,90L_10NL_3_1,1,2625,"('sk', 'sk', 's')",enɾikesen,enɾikesen
90L_10NL,3,90L_10NL_3_1,1,2625,"('sk', 'sk', 's')",enɾikesen,enɾikesen
90L_10NL,3,90L_10NL_3_1,1,2625,"('sk', 'sk', 's')",enɾikesen,enɾikesen
90L_10NL,3,90L_10NL_3_1,1,1085,"('s', 's', 's')",enɾikeses,enɾikeses
90L_10NL,3,90L_10NL_3_1,1,1085,"('s', 's', 's')",enɾikeses,enɾikeses
90L_10NL,3,90L_10NL_3_1,1,1085,"('s', 's', 's')",enɾikeses,enɾikeses
90L_10NL,3,90L_10NL_3_1,1,3500,"('s', 'sk', 's')",enɾikeses,enɾikeses
90L_10NL,3,90L_10NL_3_1,1,3500,"('s', 'sk', 's')",enɾikeses,enɾikeses
90L_10NL,3,90L_10NL_3_1,1,3500,"('s', 'sk', 's')",enɾikeses,enɾikeses
90L_10NL,3,90L_10NL_3_1,1,3500,"('s', 'sk', 's')",enɾikeses,enɾikeses
90L_10NL,3,90L_10NL_3_1,1,3500,"('s', 'sk', 's')",enɾikeses,enɾikeses
90L_10NL,3,90L_10NL_3_1,1,3500,"('s', 'sk', 's')",enɾikeses,enɾikeses
90L_10NL,3,90L_10NL_3_1,1,3500,"('s', 'sk', 's')",enɾikeses,enɾikeses
90L_10NL,3,90L_10NL_3_1,1,1085,"('s', 's', 's')",enɾikeses,enɾikeses
90L_10NL,3,90L_10NL_3_1,1,1085,"('s', 's', 's')",enɾikeses,enɾikeses
90L_10NL,3,90L_10NL_3_1,1,3500,"('s', 'sk', 's')",enɾikeses,enɾikeses
90L_10NL,3,90L_10NL_3_1,1,3500,"('s', 'sk', 's')",enɾikeses,enɾikeses
90L_10NL,3,90L_10NL_3_1,1,3500,"('s', 'sk', 's')",enɾikeses,enɾikeses
90L_10NL,3,90L_10NL_3_1,1,3500,"('s', 'sk', 's')",enɾikeses,enɾikeses
90L_10NL,3,90L_10NL_3_1,1,3500,"('s', 'sk', 's')",enɾikeses,enɾikeses
90L_10NL,3,90L_10NL_3_1,1,3500,"('s', 'sk', 's')",enɾikeses,enɾikeses
90L_10NL,3,90L_10NL_3_1,1,3500,"('s', 'sk', 's')",enɾikeses,enɾikeses
90L_10NL,3,90L_10NL_3_1,1,1085,"('s', 's', 's')",enɾikeses,enɾikeses
90L_10NL,3,90L_10NL_3_1,1,3500,"('s', 'sk', 's')",enɾikeses,enɾikeses
90L_10NL,3,90L_10NL_3_1,1,3500,"('s', 'sk', 's')",enɾikeses,enɾikeses
90L_10NL,3,90L_10NL_3_1,1,3500,"('s', 'sk', 's')",enɾikeses,enɾikeses
90L_10NL,3,90L_10NL_3_1,1,3500,"('s', 'sk', 's')",enɾikeses,enɾikeses
90L_10NL,3,90L_10NL_3_1,1,3500,"('s', 'sk', 's')",enɾikeses,enɾikeses
90L_10NL,3,90L_10NL_3_1,1,3500,"('s', 'sk', 's')",enɾikeses,enɾikeses
90L_10NL,3,90L_10NL_3_1,1,3500,"('s', 'sk', 's')",enɾikeses,enɾikeses
90L_10NL,3,90L_10NL_3_1,1,3500,"('s', 'sk', 's')",enɾikeses,enɾikeses
90L_10NL,3,90L_10NL_3_1,1,3500,"('s', 'sk', 's')",enɾikeses,enɾikeses
90L_10NL,3,90L_10NL_3_1,1,3500,"('s', 'sk', 's')",enɾikeses,enɾikeses
90L_10NL,3,90L_10NL_3_1,1,3500,"('s', 'sk', 's')",enɾikeses,enɾikeses
90L_10NL,3,90L_10NL_3_1,1,3500,"('s', 'sk', 's')",enɾikeses,enɾikeses
90L_10NL,3,90L_10NL_3_1,1,3500,"('s', 'sk', 's')",enɾikeses,enɾikeses
90L_10NL,3,90L_10NL_3_1,1,3500,"('s', 'sk', 's')",enɾikeses,enɾikeses
90L_10NL,3,90L_10NL_3_1,1,2625,"('sk', 'sk', 's')",enɾikeses,enɾikeses
90L_10NL,3,90L_10NL_3_1,1,2625,"('sk', 'sk', 's')",enɾikeses,enɾikeses
90L_10NL,3,90L_10NL_3_1,1,2625,"('sk', 'sk', 's')",enɾikeses,enɾikeses
90L_10NL,3,90L_10NL_3_1,1,2625,"('sk', 'sk', 's')",enɾikeses,enɾikeses
90L_10NL,3,90L_10NL_3_1,1,2625,"('sk', 'sk', 's')",enɾikeses,enɾikeses
90L_10NL,3,90L_10NL_3_1,1,2625,"('sk', 'sk', 's')",enɾikeses,enɾikeses
90L_10NL,3,90L_10NL_3_1,1,2625,"('sk', 'sk', 's')",enɾikeses,enɾikeses
90L_10NL,3,90L_10NL_3_1,1,2625,"('sk', 'sk', 's')",enɾikeses,enɾikeses
90L_10NL,3,90L_10NL_3_1,1,2625,"('sk', 'sk', 's')",enɾikeses,enɾikeses
90L_10NL,3,90L_10NL_3_1,1,2625,"('sk', 'sk', 's')",enɾikeses,enɾikeses
90L_10NL,3,90L_10NL_3_1,1,2625,"('sk', 'sk', 's')",enɾikeses,enɾikeses
90L_10NL,3,90L_10NL_3_1,1,2625,"('sk', 'sk', 's')",enɾikeses,enɾikeses
90L_10NL,3,90L_10NL_3_1,1,2625,"('sk', 'sk', 's')",enɾikeses,enɾikeses
90L_10NL,3,90L_10NL_3_1,1,2625,"('sk', 'sk', 's')",enɾikeses,enɾikeses
90L_10NL,3,90L_10NL_3_1,1,2625,"('sk', 'sk', 's')",enɾikeses,enɾikeses
90L_10NL,3,90L_10NL_3_1,1,2625,"('sk', 'sk', 's')",enɾikeses,enɾikeses
90L_10NL,3,90L_10NL_3_1,1,2625,"('sk', 'sk', 's')",enɾikeses,enɾikeses
90L_10NL,3,90L_10NL_3_1,1,2625,"('sk', 'sk', 's')",enɾikeses,enɾikeses
90L_10NL,3,90L_10NL_3_1,1,2625,"('sk', 'sk', 's')",enɾikeses,enɾikeses
90L_10NL,3,90L_10NL_3_1,1,2625,"('sk', 'sk', 's')",enɾikeses,enɾikeses
90L_10NL,3,90L_10NL_3_1,1,2625,"('sk', 'sk', 's')",enɾikeses,enɾikeses
90L_10NL,3,90L_10NL_3_1,1,1085,"('s', 's', 's')",enɾikese,enɾikese
90L_10NL,3,90L_10NL_3_1,1,1085,"('s', 's', 's')",enɾikese,enɾikese
90L_10NL,3,90L_10NL_3_1,1,1085,"('s', 's', 's')",enɾikese,enɾikese
90L_10NL,3,90L_10NL_3_1,1,3500,"('s', 'sk', 's')",enɾikese,enɾikese
90L_10NL,3,90L_10NL_3_1,1,3500,"('s', 'sk', 's')",enɾikese,enɾikese
90L_10NL,3,90L_10NL_3_1,1,3500,"('s', 'sk', 's')",enɾikese,enɾikese
90L_10NL,3,90L_10NL_3_1,1,3500,"('s', 'sk', 's')",enɾikese,enɾikese
90L_10NL,3,90L_10NL_3_1,1,3500,"('s', 'sk', 's')",enɾikese,enɾikese
90L_10NL,3,90L_10NL_3_1,1,3500,"('s', 'sk', 's')",enɾikese,enɾikese
90L_10NL,3,90L_10NL_3_1,1,3500,"('s', 'sk', 's')",enɾikese,enɾikese
90L_10NL,3,90L_10NL_3_1,1,1085,"('s', 's', 's')",enɾikese,enɾikese
90L_10NL,3,90L_10NL_3_1,1,1085,"('s', 's', 's')",enɾikese,enɾikese
90L_10NL,3,90L_10NL_3_1,1,3500,"('s', 'sk', 's')",enɾikese,enɾikese
90L_10NL,3,90L_10NL_3_1,1,3500,"('s', 'sk', 's')",enɾikese,enɾikese
90L_10NL,3,90L_10NL_3_1,1,3500,"('s', 'sk', 's')",enɾikese,enɾikese
90L_10NL,3,90L_10NL_3_1,1,3500,"('s', 'sk', 's')",enɾikese,enɾikese
90L_10NL,3,90L_10NL_3_1,1,3500,"('s', 'sk', 's')",enɾikese,enɾikese
90L_10NL,3,90L_10NL_3_1,1,3500,"('s', 'sk', 's')",enɾikese,enɾikese
90L_10NL,3,90L_10NL_3_1,1,3500,"('s', 'sk', 's')",enɾikese,enɾikese
90L_10NL,3,90L_10NL_3_1,1,1085,"('s', 's', 's')",enɾikese,enɾikese
90L_10NL,3,90L_10NL_3_1,1,3500,"('s', 'sk', 's')",enɾikese,enɾikese
90L_10NL,3,90L_10NL_3_1,1,3500,"('s', 'sk', 's')",enɾikese,enɾikese
90L_10NL,3,90L_10NL_3_1,1,3500,"('s', 'sk', 's')",enɾikese,enɾikese
90L_10NL,3,90L_10NL_3_1,1,3500,"('s', 'sk', 's')",enɾikese,enɾikese
90L_10NL,3,90L_10NL_3_1,1,3500,"('s', 'sk', 's')",enɾikese,enɾikese
90L_10NL,3,90L_10NL_3_1,1,3500,"('s', 'sk', 's')",enɾikese,enɾikese
90L_10NL,3,90L_10NL_3_1,1,3500,"('s', 'sk', 's')",enɾikese,enɾikese
90L_10NL,3,90L_10NL_3_1,1,3500,"('s', 'sk', 's')",enɾikese,enɾikese
90L_10NL,3,90L_10NL_3_1,1,3500,"('s', 'sk', 's')",enɾikese,enɾikese
90L_10NL,3,90L_10NL_3_1,1,3500,"('s', 'sk', 's')",enɾikese,enɾikese
90L_10NL,3,90L_10NL_3_1,1,3500,"('s', 'sk', 's')",enɾikese,enɾikese
90L_10NL,3,90L_10NL_3_1,1,3500,"('s', 'sk', 's')",enɾikese,enɾikese
90L_10NL,3,90L_10NL_3_1,1,3500,"('s', 'sk', 's')",enɾikese,enɾikese
90L_10NL,3,90L_10NL_3_1,1,3500,"('s', 'sk', 's')",enɾikese,enɾikese
90L_10NL,3,90L_10NL_3_1,1,2625,"('sk', 'sk', 's')",enɾikese,enɾikese
90L_10NL,3,90L_10NL_3_1,1,2625,"('sk', 'sk', 's')",enɾikese,enɾikese
90L_10NL,3,90L_10NL_3_1,1,2625,"('sk', 'sk', 's')",enɾikese,enɾikese
90L_10NL,3,90L_10NL_3_1,1,2625,"('sk', 'sk', 's')",enɾikese,enɾikese
90L_10NL,3,90L_10NL_3_1,1,2625,"('sk', 'sk', 's')",enɾikese,enɾikese
90L_10NL,3,90L_10NL_3_1,1,2625,"('sk', 'sk', 's')",enɾikese,enɾikese
90L_10NL,3,90L_10NL_3_1,1,2625,"('sk', 'sk', 's')",enɾikese,enɾikese
90L_10NL,3,90L_10NL_3_1,1,2625,"('sk', 'sk', 's')",enɾikese,enɾikese
90L_10NL,3,90L_10NL_3_1,1,2625,"('sk', 'sk', 's')",enɾikese,enɾikese
90L_10NL,3,90L_10NL_3_1,1,2625,"('sk', 'sk', 's')",enɾikese,enɾikese
90L_10NL,3,90L_10NL_3_1,1,2625,"('sk', 'sk', 's')",enɾikese,enɾikese
90L_10NL,3,90L_10NL_3_1,1,2625,"('sk', 'sk', 's')",enɾikese,enɾikese
90L_10NL,3,90L_10NL_3_1,1,2625,"('sk', 'sk', 's')",enɾikese,enɾikese
90L_10NL,3,90L_10NL_3_1,1,2625,"('sk', 'sk', 's')",enɾikese,enɾikese
90L_10NL,3,90L_10NL_3_1,1,2625,"('sk', 'sk', 's')",enɾikese,enɾikese
90L_10NL,3,90L_10NL_3_1,1,2625,"('sk', 'sk', 's')",enɾikese,enɾikese
90L_10NL,3,90L_10NL_3_1,1,2625,"('sk', 'sk', 's')",enɾikese,enɾikese
90L_10NL,3,90L_10NL_3_1,1,2625,"('sk', 'sk', 's')",enɾikese,enɾikese
90L_10NL,3,90L_10NL_3_1,1,2625,"('sk', 'sk', 's')",enɾikese,enɾikese
90L_10NL,3,90L_10NL_3_1,1,2625,"('sk', 'sk', 's')",enɾikese,enɾikese
90L_10NL,3,90L_10NL_3_1,1,2625,"('sk', 'sk', 's')",enɾikese,enɾikese
90L_10NL,3,90L_10NL_3_1,1,1750,"('s', 's', 'sk')",enɾikeskajs,enɾikeskajs
90L_10NL,3,90L_10NL_3_1,1,1750,"('s', 's', 'sk')",enɾikeskajs,enɾikeskajs
90L_10NL,3,90L_10NL_3_1,1,1750,"('s', 's', 'sk')",enɾikeskajs,enɾikeskajs
90L_10NL,3,90L_10NL_3_1,1,1750,"('s', 's', 'sk')",enɾikeskajs,enɾikeskajs
90L_10NL,3,90L_10NL_3_1,1,5250,"('s', 'sk', 'sk')",enɾikeskajs,enɾikeskajs
90L_10NL,3,90L_10NL_3_1,1,5250,"('s', 'sk', 'sk')",enɾikeskajs,enɾikeskajs
90L_10NL,3,90L_10NL_3_1,1,5250,"('s', 'sk', 'sk')",enɾikeskajs,enɾikeskajs
90L_10NL,3,90L_10NL_3_1,1,5250,"('s', 'sk', 'sk')",enɾikeskajs,enɾikeskajs
90L_10NL,3,90L_10NL_3_1,1,5250,"('s', 'sk', 'sk')",enɾikeskajs,enɾikeskajs
90L_10NL,3,90L_10NL_3_1,1,5250,"('s', 'sk', 'sk')",enɾikeskajs,enɾikeskajs
90L_10NL,3,90L_10NL_3_1,1,1750,"('s', 's', 'sk')",enɾikeskajs,enɾikeskajs
90L_10NL,3,90L_10NL_3_1,1,1750,"('s', 's', 'sk')",enɾikeskajs,enɾikeskajs
90L_10NL,3,90L_10NL_3_1,1,1750,"('s', 's', 'sk')",enɾikeskajs,enɾikeskajs
90L_10NL,3,90L_10NL_3_1,1,5250,"('s', 'sk', 'sk')",enɾikeskajs,enɾikeskajs
90L_10NL,3,90L_10NL_3_1,1,5250,"('s', 'sk', 'sk')",enɾikeskajs,enɾikeskajs
90L_10NL,3,90L_10NL_3_1,1,5250,"('s', 'sk', 'sk')",enɾikeskajs,enɾikeskajs
90L_10NL,3,90L_10NL_3_1,1,5250,"('s', 'sk', 'sk')",enɾikeskajs,enɾikeskajs
90L_10NL,3,90L_10NL_3_1,1,5250,"('s', 'sk', 'sk')",enɾikeskajs,enɾikeskajs
90L_10NL,3,90L_10NL_3_1,1,5250,"('s', 'sk', 'sk')",enɾikeskajs,enɾikeskajs
90L_10NL,3,90L_10NL_3_1,1,1750,"('s', 's', 'sk')",enɾikeskajs,enɾikeskajs
90L_10NL,3,90L_10NL_3_1,1,1750,"('s', 's', 'sk')",enɾikeskajs,enɾikeskajs
90L_10NL,3,90L_10NL_3_1,1,5250,"('s', 'sk', 'sk')",enɾikeskajs,enɾikeskajs
90L_10NL,3,90L_10NL_3_1,1,5250,"('s', 'sk', 'sk')",enɾikeskajs,enɾikeskajs
90L_10NL,3,90L_10NL_3_1,1,5250,"('s', 'sk', 'sk')",enɾikeskajs,enɾikeskajs
90L_10NL,3,90L_10NL_3_1,1,5250,"('s', 'sk', 'sk')",enɾikeskajs,enɾikeskajs
90L_10NL,3,90L_10NL_3_1,1,5250,"('s', 'sk', 'sk')",enɾikeskajs,enɾikeskajs
90L_10NL,3,90L_10NL_3_1,1,5250,"('s', 'sk', 'sk')",enɾikeskajs,enɾikeskajs
90L_10NL,3,90L_10NL_3_1,1,1750,"('s', 's', 'sk')",enɾikeskajs,enɾikeskajs
90L_10NL,3,90L_10NL_3_1,1,5250,"('s', 'sk', 'sk')",enɾikeskajs,enɾikeskajs
90L_10NL,3,90L_10NL_3_1,1,5250,"('s', 'sk', 'sk')",enɾikeskajs,enɾikeskajs
90L_10NL,3,90L_10NL_3_1,1,5250,"('s', 'sk', 'sk')",enɾikeskajs,enɾikeskajs
90L_10NL,3,90L_10NL_3_1,1,5250,"('s', 'sk', 'sk')",enɾikeskajs,enɾikeskajs
90L_10NL,3,90L_10NL_3_1,1,5250,"('s', 'sk', 'sk')",enɾikeskajs,enɾikeskajs
90L_10NL,3,90L_10NL_3_1,1,5250,"('s', 'sk', 'sk')",enɾikeskajs,enɾikeskajs
90L_10NL,3,90L_10NL_3_1,1,5250,"('s', 'sk', 'sk')",enɾikeskajs,enɾikeskajs
90L_10NL,3,90L_10NL_3_1,1,5250,"('s', 'sk', 'sk')",enɾikeskajs,enɾikeskajs
90L_10NL,3,90L_10NL_3_1,1,5250,"('s', 'sk', 'sk')",enɾikeskajs,enɾikeskajs
90L_10NL,3,90L_10NL_3_1,1,5250,"('s', 'sk', 'sk')",enɾikeskajs,enɾikeskajs
90L_10NL,3,90L_10NL_3_1,1,5250,"('s', 'sk', 'sk')",enɾikeskajs,enɾikeskajs
90L_10NL,3,90L_10NL_3_1,1,5250,"('s', 'sk', 'sk')",enɾikeskajs,enɾikeskajs
90L_10NL,3,90L_10NL_3_1,1,2625,"('sk', 'sk', 'sk')",enɾikeskajs,enɾikeskajs
90L_10NL,3,90L_10NL_3_1,1,2625,"('sk', 'sk', 'sk')",enɾikeskajs,enɾikeskajs
90L_10NL,3,90L_10NL_3_1,1,2625,"('sk', 'sk', 'sk')",enɾikeskajs,enɾikeskajs
90L_10NL,3,90L_10NL_3_1,1,2625,"('sk', 'sk', 'sk')",enɾikeskajs,enɾikeskajs
90L_10NL,3,90L_10NL_3_1,1,2625,"('sk', 'sk', 'sk')",enɾikeskajs,enɾikeskajs
90L_10NL,3,90L_10NL_3_1,1,2625,"('sk', 'sk', 'sk')",enɾikeskajs,enɾikeskajs
90L_10NL,3,90L_10NL_3_1,1,2625,"('sk', 'sk', 'sk')",enɾikeskajs,enɾikeskajs
90L_10NL,3,90L_10NL_3_1,1,2625,"('sk', 'sk', 'sk')",enɾikeskajs,enɾikeskajs
90L_10NL,3,90L_10NL_3_1,1,2625,"('sk', 'sk', 'sk')",enɾikeskajs,enɾikeskajs
90L_10NL,3,90L_10NL_3_1,1,2625,"('sk', 'sk', 'sk')",enɾikeskajs,enɾikeskajs
90L_10NL,3,90L_10NL_3_1,1,2625,"('sk', 'sk', 'sk')",enɾikeskajs,enɾikeskajs
90L_10NL,3,90L_10NL_3_1,1,2625,"('sk', 'sk', 'sk')",enɾikeskajs,enɾikeskajs
90L_10NL,3,90L_10NL_3_1,1,2625,"('sk', 'sk', 'sk')",enɾikeskajs,enɾikeskajs
90L_10NL,3,90L_10NL_3_1,1,2625,"('sk', 'sk', 'sk')",enɾikeskajs,enɾikeskajs
90L_10NL,3,90L_10NL_3_1,1,2625,"('sk', 'sk', 'sk')",enɾikeskajs,enɾikeskajs
90L_10NL,3,90L_10NL_3_1,1,1750,"('s', 's', 'sk')",enɾikeskamos,enɾikeskamos
90L_10NL,3,90L_10NL_3_1,1,1750,"('s', 's', 'sk')",enɾikeskamos,enɾikeskamos
90L_10NL,3,90L_10NL_3_1,1,1750,"('s', 's', 'sk')",enɾikeskamos,enɾikeskamos
90L_10NL,3,90L_10NL_3_1,1,1750,"('s', 's', 'sk')",enɾikeskamos,enɾikeskamos
90L_10NL,3,90L_10NL_3_1,1,5250,"('s', 'sk', 'sk')",enɾikeskamos,enɾikeskamos
90L_10NL,3,90L_10NL_3_1,1,5250,"('s', 'sk', 'sk')",enɾikeskamos,enɾikeskamos
90L_10NL,3,90L_10NL_3_1,1,5250,"('s', 'sk', 'sk')",enɾikeskamos,enɾikeskamos
90L_10NL,3,90L_10NL_3_1,1,5250,"('s', 'sk', 'sk')",enɾikeskamos,enɾikeskamos
90L_10NL,3,90L_10NL_3_1,1,5250,"('s', 'sk', 'sk')",enɾikeskamos,enɾikeskamos
90L_10NL,3,90L_10NL_3_1,1,5250,"('s', 'sk', 'sk')",enɾikeskamos,enɾikeskamos
90L_10NL,3,90L_10NL_3_1,1,1750,"('s', 's', 'sk')",enɾikeskamos,enɾikeskamos
90L_10NL,3,90L_10NL_3_1,1,1750,"('s', 's', 'sk')",enɾikeskamos,enɾikeskamos
90L_10NL,3,90L_10NL_3_1,1,1750,"('s', 's', 'sk')",enɾikeskamos,enɾikeskamos
90L_10NL,3,90L_10NL_3_1,1,5250,"('s', 'sk', 'sk')",enɾikeskamos,enɾikeskamos
90L_10NL,3,90L_10NL_3_1,1,5250,"('s', 'sk', 'sk')",enɾikeskamos,enɾikeskamos
90L_10NL,3,90L_10NL_3_1,1,5250,"('s', 'sk', 'sk')",enɾikeskamos,enɾikeskamos
90L_10NL,3,90L_10NL_3_1,1,5250,"('s', 'sk', 'sk')",enɾikeskamos,enɾikeskamos
90L_10NL,3,90L_10NL_3_1,1,5250,"('s', 'sk', 'sk')",enɾikeskamos,enɾikeskamos
90L_10NL,3,90L_10NL_3_1,1,5250,"('s', 'sk', 'sk')",enɾikeskamos,enɾikeskamos
90L_10NL,3,90L_10NL_3_1,1,1750,"('s', 's', 'sk')",enɾikeskamos,enɾikeskamos
90L_10NL,3,90L_10NL_3_1,1,1750,"('s', 's', 'sk')",enɾikeskamos,enɾikeskamos
90L_10NL,3,90L_10NL_3_1,1,5250,"('s', 'sk', 'sk')",enɾikeskamos,enɾikeskamos
90L_10NL,3,90L_10NL_3_1,1,5250,"('s', 'sk', 'sk')",enɾikeskamos,enɾikeskamos
90L_10NL,3,90L_10NL_3_1,1,5250,"('s', 'sk', 'sk')",enɾikeskamos,enɾikeskamos
90L_10NL,3,90L_10NL_3_1,1,5250,"('s', 'sk', 'sk')",enɾikeskamos,enɾikeskamos
90L_10NL,3,90L_10NL_3_1,1,5250,"('s', 'sk', 'sk')",enɾikeskamos,enɾikeskamos
90L_10NL,3,90L_10NL_3_1,1,5250,"('s', 'sk', 'sk')",enɾikeskamos,enɾikeskamos
90L_10NL,3,90L_10NL_3_1,1,1750,"('s', 's', 'sk')",enɾikeskamos,enɾikeskamos
90L_10NL,3,90L_10NL_3_1,1,5250,"('s', 'sk', 'sk')",enɾikeskamos,enɾikeskamos
90L_10NL,3,90L_10NL_3_1,1,5250,"('s', 'sk', 'sk')",enɾikeskamos,enɾikeskamos
90L_10NL,3,90L_10NL_3_1,1,5250,"('s', 'sk', 'sk')",enɾikeskamos,enɾikeskamos
90L_10NL,3,90L_10NL_3_1,1,5250,"('s', 'sk', 'sk')",enɾikeskamos,enɾikeskamos
90L_10NL,3,90L_10NL_3_1,1,5250,"('s', 'sk', 'sk')",enɾikeskamos,enɾikeskamos
90L_10NL,3,90L_10NL_3_1,1,5250,"('s', 'sk', 'sk')",enɾikeskamos,enɾikeskamos
90L_10NL,3,90L_10NL_3_1,1,5250,"('s', 'sk', 'sk')",enɾikeskamos,enɾikeskamos
90L_10NL,3,90L_10NL_3_1,1,5250,"('s', 'sk', 'sk')",enɾikeskamos,enɾikeskamos
90L_10NL,3,90L_10NL_3_1,1,5250,"('s', 'sk', 'sk')",enɾikeskamos,enɾikeskamos
90L_10NL,3,90L_10NL_3_1,1,5250,"('s', 'sk', 'sk')",enɾikeskamos,enɾikeskamos
90L_10NL,3,90L_10NL_3_1,1,5250,"('s', 'sk', 'sk')",enɾikeskamos,enɾikeskamos
90L_10NL,3,90L_10NL_3_1,1,5250,"('s', 'sk', 'sk')",enɾikeskamos,enɾikeskamos
90L_10NL,3,90L_10NL_3_1,1,2625,"('sk', 'sk', 'sk')",enɾikeskamos,enɾikeskamos
90L_10NL,3,90L_10NL_3_1,1,2625,"('sk', 'sk', 'sk')",enɾikeskamos,enɾikeskamos
90L_10NL,3,90L_10NL_3_1,1,2625,"('sk', 'sk', 'sk')",enɾikeskamos,enɾikeskamos
90L_10NL,3,90L_10NL_3_1,1,2625,"('sk', 'sk', 'sk')",enɾikeskamos,enɾikeskamos
90L_10NL,3,90L_10NL_3_1,1,2625,"('sk', 'sk', 'sk')",enɾikeskamos,enɾikeskamos
90L_10NL,3,90L_10NL_3_1,1,2625,"('sk', 'sk', 'sk')",enɾikeskamos,enɾikeskamos
90L_10NL,3,90L_10NL_3_1,1,2625,"('sk', 'sk', 'sk')",enɾikeskamos,enɾikeskamos
90L_10NL,3,90L_10NL_3_1,1,2625,"('sk', 'sk', 'sk')",enɾikeskamos,enɾikeskamos
90L_10NL,3,90L_10NL_3_1,1,2625,"('sk', 'sk', 'sk')",enɾikeskamos,enɾikeskamos
90L_10NL,3,90L_10NL_3_1,1,2625,"('sk', 'sk', 'sk')",enɾikeskamos,enɾikeskamos
90L_10NL,3,90L_10NL_3_1,1,2625,"('sk', 'sk', 'sk')",enɾikeskamos,enɾikeskamos
90L_10NL,3,90L_10NL_3_1,1,2625,"('sk', 'sk', 'sk')",enɾikeskamos,enɾikeskamos
90L_10NL,3,90L_10NL_3_1,1,2625,"('sk', 'sk', 'sk')",enɾikeskamos,enɾikeskamos
90L_10NL,3,90L_10NL_3_1,1,2625,"('sk', 'sk', 'sk')",enɾikeskamos,enɾikeskamos
90L_10NL,3,90L_10NL_3_1,1,2625,"('sk', 'sk', 'sk')",enɾikeskamos,enɾikeskamos
90L_10NL,3,90L_10NL_3_1,1,1750,"('s', 's', 'sk')",enɾikeskan,enɾikeskan
90L_10NL,3,90L_10NL_3_1,1,1750,"('s', 's', 'sk')",enɾikeskan,enɾikeskan
90L_10NL,3,90L_10NL_3_1,1,1750,"('s', 's', 'sk')",enɾikeskan,enɾikeskan
90L_10NL,3,90L_10NL_3_1,1,1750,"('s', 's', 'sk')",enɾikeskan,enɾikeskan
90L_10NL,3,90L_10NL_3_1,1,5250,"('s', 'sk', 'sk')",enɾikeskan,enɾikeskan
90L_10NL,3,90L_10NL_3_1,1,5250,"('s', 'sk', 'sk')",enɾikeskan,enɾikeskan
90L_10NL,3,90L_10NL_3_1,1,5250,"('s', 'sk', 'sk')",enɾikeskan,enɾikeskan
90L_10NL,3,90L_10NL_3_1,1,5250,"('s', 'sk', 'sk')",enɾikeskan,enɾikeskan
90L_10NL,3,90L_10NL_3_1,1,5250,"('s', 'sk', 'sk')",enɾikeskan,enɾikeskan
90L_10NL,3,90L_10NL_3_1,1,5250,"('s', 'sk', 'sk')",enɾikeskan,enɾikeskan
90L_10NL,3,90L_10NL_3_1,1,1750,"('s', 's', 'sk')",enɾikeskan,enɾikeskan
90L_10NL,3,90L_10NL_3_1,1,1750,"('s', 's', 'sk')",enɾikeskan,enɾikeskan
90L_10NL,3,90L_10NL_3_1,1,1750,"('s', 's', 'sk')",enɾikeskan,enɾikeskan
90L_10NL,3,90L_10NL_3_1,1,5250,"('s', 'sk', 'sk')",enɾikeskan,enɾikeskan
90L_10NL,3,90L_10NL_3_1,1,5250,"('s', 'sk', 'sk')",enɾikeskan,enɾikeskan
90L_10NL,3,90L_10NL_3_1,1,5250,"('s', 'sk', 'sk')",enɾikeskan,enɾikeskan
90L_10NL,3,90L_10NL_3_1,1,5250,"('s', 'sk', 'sk')",enɾikeskan,enɾikeskan
90L_10NL,3,90L_10NL_3_1,1,5250,"('s', 'sk', 'sk')",enɾikeskan,enɾikeskan
90L_10NL,3,90L_10NL_3_1,1,5250,"('s', 'sk', 'sk')",enɾikeskan,enɾikeskan
90L_10NL,3,90L_10NL_3_1,1,1750,"('s', 's', 'sk')",enɾikeskan,enɾikeskan
90L_10NL,3,90L_10NL_3_1,1,1750,"('s', 's', 'sk')",enɾikeskan,enɾikeskan
90L_10NL,3,90L_10NL_3_1,1,5250,"('s', 'sk', 'sk')",enɾikeskan,enɾikeskan
90L_10NL,3,90L_10NL_3_1,1,5250,"('s', 'sk', 'sk')",enɾikeskan,enɾikeskan
90L_10NL,3,90L_10NL_3_1,1,5250,"('s', 'sk', 'sk')",enɾikeskan,enɾikeskan
90L_10NL,3,90L_10NL_3_1,1,5250,"('s', 'sk', 'sk')",enɾikeskan,enɾikeskan
90L_10NL,3,90L_10NL_3_1,1,5250,"('s', 'sk', 'sk')",enɾikeskan,enɾikeskan
90L_10NL,3,90L_10NL_3_1,1,5250,"('s', 'sk', 'sk')",enɾikeskan,enɾikeskan
90L_10NL,3,90L_10NL_3_1,1,1750,"('s', 's', 'sk')",enɾikeskan,enɾikeskan
90L_10NL,3,90L_10NL_3_1,1,5250,"('s', 'sk', 'sk')",enɾikeskan,enɾikeskan
90L_10NL,3,90L_10NL_3_1,1,5250,"('s', 'sk', 'sk')",enɾikeskan,enɾikeskan
90L_10NL,3,90L_10NL_3_1,1,5250,"('s', 'sk', 'sk')",enɾikeskan,enɾikeskan
90L_10NL,3,90L_10NL_3_1,1,5250,"('s', 'sk', 'sk')",enɾikeskan,enɾikeskan
90L_10NL,3,90L_10NL_3_1,1,5250,"('s', 'sk', 'sk')",enɾikeskan,enɾikeskan
90L_10NL,3,90L_10NL_3_1,1,5250,"('s', 'sk', 'sk')",enɾikeskan,enɾikeskan
90L_10NL,3,90L_10NL_3_1,1,5250,"('s', 'sk', 'sk')",enɾikeskan,enɾikeskan
90L_10NL,3,90L_10NL_3_1,1,5250,"('s', 'sk', 'sk')",enɾikeskan,enɾikeskan
90L_10NL,3,90L_10NL_3_1,1,5250,"('s', 'sk', 'sk')",enɾikeskan,enɾikeskan
90L_10NL,3,90L_10NL_3_1,1,5250,"('s', 'sk', 'sk')",enɾikeskan,enɾikeskan
90L_10NL,3,90L_10NL_3_1,1,5250,"('s', 'sk', 'sk')",enɾikeskan,enɾikeskan
90L_10NL,3,90L_10NL_3_1,1,5250,"('s', 'sk', 'sk')",enɾikeskan,enɾikeskan
90L_10NL,3,90L_10NL_3_1,1,2625,"('sk', 'sk', 'sk')",enɾikeskan,enɾikeskan
90L_10NL,3,90L_10NL_3_1,1,2625,"('sk', 'sk', 'sk')",enɾikeskan,enɾikeskan
90L_10NL,3,90L_10NL_3_1,1,2625,"('sk', 'sk', 'sk')",enɾikeskan,enɾikeskan
90L_10NL,3,90L_10NL_3_1,1,2625,"('sk', 'sk', 'sk')",enɾikeskan,enɾikeskan
90L_10NL,3,90L_10NL_3_1,1,2625,"('sk', 'sk', 'sk')",enɾikeskan,enɾikeskan
90L_10NL,3,90L_10NL_3_1,1,2625,"('sk', 'sk', 'sk')",enɾikeskan,enɾikeskan
90L_10NL,3,90L_10NL_3_1,1,2625,"('sk', 'sk', 'sk')",enɾikeskan,enɾikeskan
90L_10NL,3,90L_10NL_3_1,1,2625,"('sk', 'sk', 'sk')",enɾikeskan,enɾikeskan
90L_10NL,3,90L_10NL_3_1,1,2625,"('sk', 'sk', 'sk')",enɾikeskan,enɾikeskan
90L_10NL,3,90L_10NL_3_1,1,2625,"('sk', 'sk', 'sk')",enɾikeskan,enɾikeskan
90L_10NL,3,90L_10NL_3_1,1,2625,"('sk', 'sk', 'sk')",enɾikeskan,enɾikeskan
90L_10NL,3,90L_10NL_3_1,1,2625,"('sk', 'sk', 'sk')",enɾikeskan,enɾikeskan
90L_10NL,3,90L_10NL_3_1,1,2625,"('sk', 'sk', 'sk')",enɾikeskan,enɾikeskan
90L_10NL,3,90L_10NL_3_1,1,2625,"('sk', 'sk', 'sk')",enɾikeskan,enɾikeskan
90L_10NL,3,90L_10NL_3_1,1,2625,"('sk', 'sk', 'sk')",enɾikeskan,enɾikeskan
90L_10NL,3,90L_10NL_3_1,1,1750,"('s', 's', 'sk')",enɾikeskas,enɾikeskas
90L_10NL,3,90L_10NL_3_1,1,1750,"('s', 's', 'sk')",enɾikeskas,enɾikeskas
90L_10NL,3,90L_10NL_3_1,1,1750,"('s', 's', 'sk')",enɾikeskas,enɾikeskas
90L_10NL,3,90L_10NL_3_1,1,1750,"('s', 's', 'sk')",enɾikeskas,enɾikeskas
90L_10NL,3,90L_10NL_3_1,1,5250,"('s', 'sk', 'sk')",enɾikeskas,enɾikeskas
90L_10NL,3,90L_10NL_3_1,1,5250,"('s', 'sk', 'sk')",enɾikeskas,enɾikeskas
90L_10NL,3,90L_10NL_3_1,1,5250,"('s', 'sk', 'sk')",enɾikeskas,enɾikeskas
90L_10NL,3,90L_10NL_3_1,1,5250,"('s', 'sk', 'sk')",enɾikeskas,enɾikeskas
90L_10NL,3,90L_10NL_3_1,1,5250,"('s', 'sk', 'sk')",enɾikeskas,enɾikeskas
90L_10NL,3,90L_10NL_3_1,1,5250,"('s', 'sk', 'sk')",enɾikeskas,enɾikeskas
90L_10NL,3,90L_10NL_3_1,1,1750,"('s', 's', 'sk')",enɾikeskas,enɾikeskas
90L_10NL,3,90L_10NL_3_1,1,1750,"('s', 's', 'sk')",enɾikeskas,enɾikeskas
90L_10NL,3,90L_10NL_3_1,1,1750,"('s', 's', 'sk')",enɾikeskas,enɾikeskas
90L_10NL,3,90L_10NL_3_1,1,5250,"('s', 'sk', 'sk')",enɾikeskas,enɾikeskas
90L_10NL,3,90L_10NL_3_1,1,5250,"('s', 'sk', 'sk')",enɾikeskas,enɾikeskas
90L_10NL,3,90L_10NL_3_1,1,5250,"('s', 'sk', 'sk')",enɾikeskas,enɾikeskas
90L_10NL,3,90L_10NL_3_1,1,5250,"('s', 'sk', 'sk')",enɾikeskas,enɾikeskas
90L_10NL,3,90L_10NL_3_1,1,5250,"('s', 'sk', 'sk')",enɾikeskas,enɾikeskas
90L_10NL,3,90L_10NL_3_1,1,5250,"('s', 'sk', 'sk')",enɾikeskas,enɾikeskas
90L_10NL,3,90L_10NL_3_1,1,1750,"('s', 's', 'sk')",enɾikeskas,enɾikeskas
90L_10NL,3,90L_10NL_3_1,1,1750,"('s', 's', 'sk')",enɾikeskas,enɾikeskas
90L_10NL,3,90L_10NL_3_1,1,5250,"('s', 'sk', 'sk')",enɾikeskas,enɾikeskas
90L_10NL,3,90L_10NL_3_1,1,5250,"('s', 'sk', 'sk')",enɾikeskas,enɾikeskas
90L_10NL,3,90L_10NL_3_1,1,5250,"('s', 'sk', 'sk')",enɾikeskas,enɾikeskas
90L_10NL,3,90L_10NL_3_1,1,5250,"('s', 'sk', 'sk')",enɾikeskas,enɾikeskas
90L_10NL,3,90L_10NL_3_1,1,5250,"('s', 'sk', 'sk')",enɾikeskas,enɾikeskas
90L_10NL,3,90L_10NL_3_1,1,5250,"('s', 'sk', 'sk')",enɾikeskas,enɾikeskas
90L_10NL,3,90L_10NL_3_1,1,1750,"('s', 's', 'sk')",enɾikeskas,enɾikeskas
90L_10NL,3,90L_10NL_3_1,1,5250,"('s', 'sk', 'sk')",enɾikeskas,enɾikeskas
90L_10NL,3,90L_10NL_3_1,1,5250,"('s', 'sk', 'sk')",enɾikeskas,enɾikeskas
90L_10NL,3,90L_10NL_3_1,1,5250,"('s', 'sk', 'sk')",enɾikeskas,enɾikeskas
90L_10NL,3,90L_10NL_3_1,1,5250,"('s', 'sk', 'sk')",enɾikeskas,enɾikeskas
90L_10NL,3,90L_10NL_3_1,1,5250,"('s', 'sk', 'sk')",enɾikeskas,enɾikeskas
90L_10NL,3,90L_10NL_3_1,1,5250,"('s', 'sk', 'sk')",enɾikeskas,enɾikeskas
90L_10NL,3,90L_10NL_3_1,1,5250,"('s', 'sk', 'sk')",enɾikeskas,enɾikeskas
90L_10NL,3,90L_10NL_3_1,1,5250,"('s', 'sk', 'sk')",enɾikeskas,enɾikeskas
90L_10NL,3,90L_10NL_3_1,1,5250,"('s', 'sk', 'sk')",enɾikeskas,enɾikeskas
90L_10NL,3,90L_10NL_3_1,1,5250,"('s', 'sk', 'sk')",enɾikeskas,enɾikeskas
90L_10NL,3,90L_10NL_3_1,1,5250,"('s', 'sk', 'sk')",enɾikeskas,enɾikeskas
90L_10NL,3,90L_10NL_3_1,1,5250,"('s', 'sk', 'sk')",enɾikeskas,enɾikeskas
90L_10NL,3,90L_10NL_3_1,1,2625,"('sk', 'sk', 'sk')",enɾikeskas,enɾikeskas
90L_10NL,3,90L_10NL_3_1,1,2625,"('sk', 'sk', 'sk')",enɾikeskas,enɾikeskas
90L_10NL,3,90L_10NL_3_1,1,2625,"('sk', 'sk', 'sk')",enɾikeskas,enɾikeskas
90L_10NL,3,90L_10NL_3_1,1,2625,"('sk', 'sk', 'sk')",enɾikeskas,enɾikeskas
90L_10NL,3,90L_10NL_3_1,1,2625,"('sk', 'sk', 'sk')",enɾikeskas,enɾikeskas
90L_10NL,3,90L_10NL_3_1,1,2625,"('sk', 'sk', 'sk')",enɾikeskas,enɾikeskas
90L_10NL,3,90L_10NL_3_1,1,2625,"('sk', 'sk', 'sk')",enɾikeskas,enɾikeskas
90L_10NL,3,90L_10NL_3_1,1,2625,"('sk', 'sk', 'sk')",enɾikeskas,enɾikeskas
90L_10NL,3,90L_10NL_3_1,1,2625,"('sk', 'sk', 'sk')",enɾikeskas,enɾikeskas
90L_10NL,3,90L_10NL_3_1,1,2625,"('sk', 'sk', 'sk')",enɾikeskas,enɾikeskas
90L_10NL,3,90L_10NL_3_1,1,2625,"('sk', 'sk', 'sk')",enɾikeskas,enɾikeskas
90L_10NL,3,90L_10NL_3_1,1,2625,"('sk', 'sk', 'sk')",enɾikeskas,enɾikeskas
90L_10NL,3,90L_10NL_3_1,1,2625,"('sk', 'sk', 'sk')",enɾikeskas,enɾikeskas
90L_10NL,3,90L_10NL_3_1,1,2625,"('sk', 'sk', 'sk')",enɾikeskas,enɾikeskas
90L_10NL,3,90L_10NL_3_1,1,2625,"('sk', 'sk', 'sk')",enɾikeskas,enɾikeskas
90L_10NL,3,90L_10NL_3_1,1,1750,"('s', 's', 'sk')",enɾikeska,enɾikeska
90L_10NL,3,90L_10NL_3_1,1,1750,"('s', 's', 'sk')",enɾikeska,enɾikeska
90L_10NL,3,90L_10NL_3_1,1,1750,"('s', 's', 'sk')",enɾikeska,enɾikeska
90L_10NL,3,90L_10NL_3_1,1,1750,"('s', 's', 'sk')",enɾikeska,enɾikeska
90L_10NL,3,90L_10NL_3_1,1,5250,"('s', 'sk', 'sk')",enɾikeska,enɾikeska
90L_10NL,3,90L_10NL_3_1,1,5250,"('s', 'sk', 'sk')",enɾikeska,enɾikeska
90L_10NL,3,90L_10NL_3_1,1,5250,"('s', 'sk', 'sk')",enɾikeska,enɾikeska
90L_10NL,3,90L_10NL_3_1,1,5250,"('s', 'sk', 'sk')",enɾikeska,enɾikeska
90L_10NL,3,90L_10NL_3_1,1,5250,"('s', 'sk', 'sk')",enɾikeska,enɾikeska
90L_10NL,3,90L_10NL_3_1,1,5250,"('s', 'sk', 'sk')",enɾikeska,enɾikeska
90L_10NL,3,90L_10NL_3_1,1,1750,"('s', 's', 'sk')",enɾikeska,enɾikeska
90L_10NL,3,90L_10NL_3_1,1,1750,"('s', 's', 'sk')",enɾikeska,enɾikeska
90L_10NL,3,90L_10NL_3_1,1,1750,"('s', 's', 'sk')",enɾikeska,enɾikeska
90L_10NL,3,90L_10NL_3_1,1,5250,"('s', 'sk', 'sk')",enɾikeska,enɾikeska
90L_10NL,3,90L_10NL_3_1,1,5250,"('s', 'sk', 'sk')",enɾikeska,enɾikeska
90L_10NL,3,90L_10NL_3_1,1,5250,"('s', 'sk', 'sk')",enɾikeska,enɾikeska
90L_10NL,3,90L_10NL_3_1,1,5250,"('s', 'sk', 'sk')",enɾikeska,enɾikeska
90L_10NL,3,90L_10NL_3_1,1,5250,"('s', 'sk', 'sk')",enɾikeska,enɾikeska
90L_10NL,3,90L_10NL_3_1,1,5250,"('s', 'sk', 'sk')",enɾikeska,enɾikeska
90L_10NL,3,90L_10NL_3_1,1,1750,"('s', 's', 'sk')",enɾikeska,enɾikeska
90L_10NL,3,90L_10NL_3_1,1,1750,"('s', 's', 'sk')",enɾikeska,enɾikeska
90L_10NL,3,90L_10NL_3_1,1,5250,"('s', 'sk', 'sk')",enɾikeska,enɾikeska
90L_10NL,3,90L_10NL_3_1,1,5250,"('s', 'sk', 'sk')",enɾikeska,enɾikeska
90L_10NL,3,90L_10NL_3_1,1,5250,"('s', 'sk', 'sk')",enɾikeska,enɾikeska
90L_10NL,3,90L_10NL_3_1,1,5250,"('s', 'sk', 'sk')",enɾikeska,enɾikeska
90L_10NL,3,90L_10NL_3_1,1,5250,"('s', 'sk', 'sk')",enɾikeska,enɾikeska
90L_10NL,3,90L_10NL_3_1,1,5250,"('s', 'sk', 'sk')",enɾikeska,enɾikeska
90L_10NL,3,90L_10NL_3_1,1,1750,"('s', 's', 'sk')",enɾikeska,enɾikeska
90L_10NL,3,90L_10NL_3_1,1,5250,"('s', 'sk', 'sk')",enɾikeska,enɾikeska
90L_10NL,3,90L_10NL_3_1,1,5250,"('s', 'sk', 'sk')",enɾikeska,enɾikeska
90L_10NL,3,90L_10NL_3_1,1,5250,"('s', 'sk', 'sk')",enɾikeska,enɾikeska
90L_10NL,3,90L_10NL_3_1,1,5250,"('s', 'sk', 'sk')",enɾikeska,enɾikeska
90L_10NL,3,90L_10NL_3_1,1,5250,"('s', 'sk', 'sk')",enɾikeska,enɾikeska
90L_10NL,3,90L_10NL_3_1,1,5250,"('s', 'sk', 'sk')",enɾikeska,enɾikeska
90L_10NL,3,90L_10NL_3_1,1,5250,"('s', 'sk', 'sk')",enɾikeska,enɾikeska
90L_10NL,3,90L_10NL_3_1,1,5250,"('s', 'sk', 'sk')",enɾikeska,enɾikeska
90L_10NL,3,90L_10NL_3_1,1,5250,"('s', 'sk', 'sk')",enɾikeska,enɾikeska
90L_10NL,3,90L_10NL_3_1,1,5250,"('s', 'sk', 'sk')",enɾikeska,enɾikeska
90L_10NL,3,90L_10NL_3_1,1,5250,"('s', 'sk', 'sk')",enɾikeska,enɾikeska
90L_10NL,3,90L_10NL_3_1,1,5250,"('s', 'sk', 'sk')",enɾikeska,enɾikeska
90L_10NL,3,90L_10NL_3_1,1,2625,"('sk', 'sk', 'sk')",enɾikeska,enɾikeska
90L_10NL,3,90L_10NL_3_1,1,2625,"('sk', 'sk', 'sk')",enɾikeska,enɾikeska
90L_10NL,3,90L_10NL_3_1,1,2625,"('sk', 'sk', 'sk')",enɾikeska,enɾikeska
90L_10NL,3,90L_10NL_3_1,1,2625,"('sk', 'sk', 'sk')",enɾikeska,enɾikeska
90L_10NL,3,90L_10NL_3_1,1,2625,"('sk', 'sk', 'sk')",enɾikeska,enɾikeska
90L_10NL,3,90L_10NL_3_1,1,2625,"('sk', 'sk', 'sk')",enɾikeska,enɾikeska
90L_10NL,3,90L_10NL_3_1,1,2625,"('sk', 'sk', 'sk')",enɾikeska,enɾikeska
90L_10NL,3,90L_10NL_3_1,1,2625,"('sk', 'sk', 'sk')",enɾikeska,enɾikeska
90L_10NL,3,90L_10NL_3_1,1,2625,"('sk', 'sk', 'sk')",enɾikeska,enɾikeska
90L_10NL,3,90L_10NL_3_1,1,2625,"('sk', 'sk', 'sk')",enɾikeska,enɾikeska
90L_10NL,3,90L_10NL_3_1,1,2625,"('sk', 'sk', 'sk')",enɾikeska,enɾikeska
90L_10NL,3,90L_10NL_3_1,1,2625,"('sk', 'sk', 'sk')",enɾikeska,enɾikeska
90L_10NL,3,90L_10NL_3_1,1,2625,"('sk', 'sk', 'sk')",enɾikeska,enɾikeska
90L_10NL,3,90L_10NL_3_1,1,2625,"('sk', 'sk', 'sk')",enɾikeska,enɾikeska
90L_10NL,3,90L_10NL_3_1,1,2625,"('sk', 'sk', 'sk')",enɾikeska,enɾikeska
90L_10NL,3,90L_10NL_3_1,1,1750,"('s', 's', 'sk')",enɾikeska,enɾikeska
90L_10NL,3,90L_10NL_3_1,1,1750,"('s', 's', 'sk')",enɾikeska,enɾikeska
90L_10NL,3,90L_10NL_3_1,1,1750,"('s', 's', 'sk')",enɾikeska,enɾikeska
90L_10NL,3,90L_10NL_3_1,1,1750,"('s', 's', 'sk')",enɾikeska,enɾikeska
90L_10NL,3,90L_10NL_3_1,1,5250,"('s', 'sk', 'sk')",enɾikeska,enɾikeska
90L_10NL,3,90L_10NL_3_1,1,5250,"('s', 'sk', 'sk')",enɾikeska,enɾikeska
90L_10NL,3,90L_10NL_3_1,1,5250,"('s', 'sk', 'sk')",enɾikeska,enɾikeska
90L_10NL,3,90L_10NL_3_1,1,5250,"('s', 'sk', 'sk')",enɾikeska,enɾikeska
90L_10NL,3,90L_10NL_3_1,1,5250,"('s', 'sk', 'sk')",enɾikeska,enɾikeska
90L_10NL,3,90L_10NL_3_1,1,5250,"('s', 'sk', 'sk')",enɾikeska,enɾikeska
90L_10NL,3,90L_10NL_3_1,1,1750,"('s', 's', 'sk')",enɾikeska,enɾikeska
90L_10NL,3,90L_10NL_3_1,1,1750,"('s', 's', 'sk')",enɾikeska,enɾikeska
90L_10NL,3,90L_10NL_3_1,1,1750,"('s', 's', 'sk')",enɾikeska,enɾikeska
90L_10NL,3,90L_10NL_3_1,1,5250,"('s', 'sk', 'sk')",enɾikeska,enɾikeska
90L_10NL,3,90L_10NL_3_1,1,5250,"('s', 'sk', 'sk')",enɾikeska,enɾikeska
90L_10NL,3,90L_10NL_3_1,1,5250,"('s', 'sk', 'sk')",enɾikeska,enɾikeska
90L_10NL,3,90L_10NL_3_1,1,5250,"('s', 'sk', 'sk')",enɾikeska,enɾikeska
90L_10NL,3,90L_10NL_3_1,1,5250,"('s', 'sk', 'sk')",enɾikeska,enɾikeska
90L_10NL,3,90L_10NL_3_1,1,5250,"('s', 'sk', 'sk')",enɾikeska,enɾikeska
90L_10NL,3,90L_10NL_3_1,1,1750,"('s', 's', 'sk')",enɾikeska,enɾikeska
90L_10NL,3,90L_10NL_3_1,1,1750,"('s', 's', 'sk')",enɾikeska,enɾikeska
90L_10NL,3,90L_10NL_3_1,1,5250,"('s', 'sk', 'sk')",enɾikeska,enɾikeska
90L_10NL,3,90L_10NL_3_1,1,5250,"('s', 'sk', 'sk')",enɾikeska,enɾikeska
90L_10NL,3,90L_10NL_3_1,1,5250,"('s', 'sk', 'sk')",enɾikeska,enɾikeska
90L_10NL,3,90L_10NL_3_1,1,5250,"('s', 'sk', 'sk')",enɾikeska,enɾikeska
90L_10NL,3,90L_10NL_3_1,1,5250,"('s', 'sk', 'sk')",enɾikeska,enɾikeska
90L_10NL,3,90L_10NL_3_1,1,5250,"('s', 'sk', 'sk')",enɾikeska,enɾikeska
90L_10NL,3,90L_10NL_3_1,1,1750,"('s', 's', 'sk')",enɾikeska,enɾikeska
90L_10NL,3,90L_10NL_3_1,1,5250,"('s', 'sk', 'sk')",enɾikeska,enɾikeska
90L_10NL,3,90L_10NL_3_1,1,5250,"('s', 'sk', 'sk')",enɾikeska,enɾikeska
90L_10NL,3,90L_10NL_3_1,1,5250,"('s', 'sk', 'sk')",enɾikeska,enɾikeska
90L_10NL,3,90L_10NL_3_1,1,5250,"('s', 'sk', 'sk')",enɾikeska,enɾikeska
90L_10NL,3,90L_10NL_3_1,1,5250,"('s', 'sk', 'sk')",enɾikeska,enɾikeska
90L_10NL,3,90L_10NL_3_1,1,5250,"('s', 'sk', 'sk')",enɾikeska,enɾikeska
90L_10NL,3,90L_10NL_3_1,1,5250,"('s', 'sk', 'sk')",enɾikeska,enɾikeska
90L_10NL,3,90L_10NL_3_1,1,5250,"('s', 'sk', 'sk')",enɾikeska,enɾikeska
90L_10NL,3,90L_10NL_3_1,1,5250,"('s', 'sk', 'sk')",enɾikeska,enɾikeska
90L_10NL,3,90L_10NL_3_1,1,5250,"('s', 'sk', 'sk')",enɾikeska,enɾikeska
90L_10NL,3,90L_10NL_3_1,1,5250,"('s', 'sk', 'sk')",enɾikeska,enɾikeska
90L_10NL,3,90L_10NL_3_1,1,5250,"('s', 'sk', 'sk')",enɾikeska,enɾikeska
90L_10NL,3,90L_10NL_3_1,1,2625,"('sk', 'sk', 'sk')",enɾikeska,enɾikeska
90L_10NL,3,90L_10NL_3_1,1,2625,"('sk', 'sk', 'sk')",enɾikeska,enɾikeska
90L_10NL,3,90L_10NL_3_1,1,2625,"('sk', 'sk', 'sk')",enɾikeska,enɾikeska
90L_10NL,3,90L_10NL_3_1,1,2625,"('sk', 'sk', 'sk')",enɾikeska,enɾikeska
90L_10NL,3,90L_10NL_3_1,1,2625,"('sk', 'sk', 'sk')",enɾikeska,enɾikeska
90L_10NL,3,90L_10NL_3_1,1,2625,"('sk', 'sk', 'sk')",enɾikeska,enɾikeska
90L_10NL,3,90L_10NL_3_1,1,2625,"('sk', 'sk', 'sk')",enɾikeska,enɾikeska
90L_10NL,3,90L_10NL_3_1,1,2625,"('sk', 'sk', 'sk')",enɾikeska,enɾikeska
90L_10NL,3,90L_10NL_3_1,1,2625,"('sk', 'sk', 'sk')",enɾikeska,enɾikeska
90L_10NL,3,90L_10NL_3_1,1,2625,"('sk', 'sk', 'sk')",enɾikeska,enɾikeska
90L_10NL,3,90L_10NL_3_1,1,2625,"('sk', 'sk', 'sk')",enɾikeska,enɾikeska
90L_10NL,3,90L_10NL_3_1,1,2625,"('sk', 'sk', 'sk')",enɾikeska,enɾikeska
90L_10NL,3,90L_10NL_3_1,1,2625,"('sk', 'sk', 'sk')",enɾikeska,enɾikeska
90L_10NL,3,90L_10NL_3_1,1,2625,"('sk', 'sk', 'sk')",enɾikeska,enɾikeska
90L_10NL,3,90L_10NL_3_1,1,2625,"('sk', 'sk', 'sk')",enɾikeska,enɾikeska
90L_10NL,3,90L_10NL_3_1,1,1750,"('s', 's', 'sk')",enɾikesko,enɾikesko
90L_10NL,3,90L_10NL_3_1,1,1750,"('s', 's', 'sk')",enɾikesko,enɾikesko
90L_10NL,3,90L_10NL_3_1,1,1750,"('s', 's', 'sk')",enɾikesko,enɾikesko
90L_10NL,3,90L_10NL_3_1,1,1750,"('s', 's', 'sk')",enɾikesko,enɾikesko
90L_10NL,3,90L_10NL_3_1,1,5250,"('s', 'sk', 'sk')",enɾikesko,enɾikesko
90L_10NL,3,90L_10NL_3_1,1,5250,"('s', 'sk', 'sk')",enɾikesko,enɾikesko
90L_10NL,3,90L_10NL_3_1,1,5250,"('s', 'sk', 'sk')",enɾikesko,enɾikesko
90L_10NL,3,90L_10NL_3_1,1,5250,"('s', 'sk', 'sk')",enɾikesko,enɾikesko
90L_10NL,3,90L_10NL_3_1,1,5250,"('s', 'sk', 'sk')",enɾikesko,enɾikesko
90L_10NL,3,90L_10NL_3_1,1,5250,"('s', 'sk', 'sk')",enɾikesko,enɾikesko
90L_10NL,3,90L_10NL_3_1,1,1750,"('s', 's', 'sk')",enɾikesko,enɾikesko
90L_10NL,3,90L_10NL_3_1,1,1750,"('s', 's', 'sk')",enɾikesko,enɾikesko
90L_10NL,3,90L_10NL_3_1,1,1750,"('s', 's', 'sk')",enɾikesko,enɾikesko
90L_10NL,3,90L_10NL_3_1,1,5250,"('s', 'sk', 'sk')",enɾikesko,enɾikesko
90L_10NL,3,90L_10NL_3_1,1,5250,"('s', 'sk', 'sk')",enɾikesko,enɾikesko
90L_10NL,3,90L_10NL_3_1,1,5250,"('s', 'sk', 'sk')",enɾikesko,enɾikesko
90L_10NL,3,90L_10NL_3_1,1,5250,"('s', 'sk', 'sk')",enɾikesko,enɾikesko
90L_10NL,3,90L_10NL_3_1,1,5250,"('s', 'sk', 'sk')",enɾikesko,enɾikesko
90L_10NL,3,90L_10NL_3_1,1,5250,"('s', 'sk', 'sk')",enɾikesko,enɾikesko
90L_10NL,3,90L_10NL_3_1,1,1750,"('s', 's', 'sk')",enɾikesko,enɾikesko
90L_10NL,3,90L_10NL_3_1,1,1750,"('s', 's', 'sk')",enɾikesko,enɾikesko
90L_10NL,3,90L_10NL_3_1,1,5250,"('s', 'sk', 'sk')",enɾikesko,enɾikesko
90L_10NL,3,90L_10NL_3_1,1,5250,"('s', 'sk', 'sk')",enɾikesko,enɾikesko
90L_10NL,3,90L_10NL_3_1,1,5250,"('s', 'sk', 'sk')",enɾikesko,enɾikesko
90L_10NL,3,90L_10NL_3_1,1,5250,"('s', 'sk', 'sk')",enɾikesko,enɾikesko
90L_10NL,3,90L_10NL_3_1,1,5250,"('s', 'sk', 'sk')",enɾikesko,enɾikesko
90L_10NL,3,90L_10NL_3_1,1,5250,"('s', 'sk', 'sk')",enɾikesko,enɾikesko
90L_10NL,3,90L_10NL_3_1,1,1750,"('s', 's', 'sk')",enɾikesko,enɾikesko
90L_10NL,3,90L_10NL_3_1,1,5250,"('s', 'sk', 'sk')",enɾikesko,enɾikesko
90L_10NL,3,90L_10NL_3_1,1,5250,"('s', 'sk', 'sk')",enɾikesko,enɾikesko
90L_10NL,3,90L_10NL_3_1,1,5250,"('s', 'sk', 'sk')",enɾikesko,enɾikesko
90L_10NL,3,90L_10NL_3_1,1,5250,"('s', 'sk', 'sk')",enɾikesko,enɾikesko
90L_10NL,3,90L_10NL_3_1,1,5250,"('s', 'sk', 'sk')",enɾikesko,enɾikesko
90L_10NL,3,90L_10NL_3_1,1,5250,"('s', 'sk', 'sk')",enɾikesko,enɾikesko
90L_10NL,3,90L_10NL_3_1,1,5250,"('s', 'sk', 'sk')",enɾikesko,enɾikesko
90L_10NL,3,90L_10NL_3_1,1,5250,"('s', 'sk', 'sk')",enɾikesko,enɾikesko
90L_10NL,3,90L_10NL_3_1,1,5250,"('s', 'sk', 'sk')",enɾikesko,enɾikesko
90L_10NL,3,90L_10NL_3_1,1,5250,"('s', 'sk', 'sk')",enɾikesko,enɾikesko
90L_10NL,3,90L_10NL_3_1,1,5250,"('s', 'sk', 'sk')",enɾikesko,enɾikesko
90L_10NL,3,90L_10NL_3_1,1,5250,"('s', 'sk', 'sk')",enɾikesko,enɾikesko
90L_10NL,3,90L_10NL_3_1,1,2625,"('sk', 'sk', 'sk')",enɾikesko,enɾikesko
90L_10NL,3,90L_10NL_3_1,1,2625,"('sk', 'sk', 'sk')",enɾikesko,enɾikesko
90L_10NL,3,90L_10NL_3_1,1,2625,"('sk', 'sk', 'sk')",enɾikesko,enɾikesko
90L_10NL,3,90L_10NL_3_1,1,2625,"('sk', 'sk', 'sk')",enɾikesko,enɾikesko
90L_10NL,3,90L_10NL_3_1,1,2625,"('sk', 'sk', 'sk')",enɾikesko,enɾikesko
90L_10NL,3,90L_10NL_3_1,1,2625,"('sk', 'sk', 'sk')",enɾikesko,enɾikesko
90L_10NL,3,90L_10NL_3_1,1,2625,"('sk', 'sk', 'sk')",enɾikesko,enɾikesko
90L_10NL,3,90L_10NL_3_1,1,2625,"('sk', 'sk', 'sk')",enɾikesko,enɾikesko
90L_10NL,3,90L_10NL_3_1,1,2625,"('sk', 'sk', 'sk')",enɾikesko,enɾikesko
90L_10NL,3,90L_10NL_3_1,1,2625,"('sk', 'sk', 'sk')",enɾikesko,enɾikesko
90L_10NL,3,90L_10NL_3_1,1,2625,"('sk', 'sk', 'sk')",enɾikesko,enɾikesko
90L_10NL,3,90L_10NL_3_1,1,2625,"('sk', 'sk', 'sk')",enɾikesko,enɾikesko
90L_10NL,3,90L_10NL_3_1,1,2625,"('sk', 'sk', 'sk')",enɾikesko,enɾikesko
90L_10NL,3,90L_10NL_3_1,1,2625,"('sk', 'sk', 'sk')",enɾikesko,enɾikesko
90L_10NL,3,90L_10NL_3_1,1,2625,"('sk', 'sk', 'sk')",enɾikesko,enɾikesko
90L_10NL,3,90L_10NL_3_1,1,1085,"('s', 's', 's')",amanesejs,amanesejs
90L_10NL,3,90L_10NL_3_1,1,1085,"('s', 's', 's')",amanesejs,amanesejs
90L_10NL,3,90L_10NL_3_1,1,1085,"('s', 's', 's')",amanesejs,amanesejs
90L_10NL,3,90L_10NL_3_1,1,3500,"('s', 'sk', 's')",amanesejs,amanesejs
90L_10NL,3,90L_10NL_3_1,1,3500,"('s', 'sk', 's')",amanesejs,amanesejs
90L_10NL,3,90L_10NL_3_1,1,3500,"('s', 'sk', 's')",amanesejs,amanesejs
90L_10NL,3,90L_10NL_3_1,1,3500,"('s', 'sk', 's')",amanesejs,amanesejs
90L_10NL,3,90L_10NL_3_1,1,3500,"('s', 'sk', 's')",amanesejs,amanesejs
90L_10NL,3,90L_10NL_3_1,1,3500,"('s', 'sk', 's')",amanesejs,amanesejs
90L_10NL,3,90L_10NL_3_1,1,3500,"('s', 'sk', 's')",amanesejs,amanesejs
90L_10NL,3,90L_10NL_3_1,1,1085,"('s', 's', 's')",amanesejs,amanesejs
90L_10NL,3,90L_10NL_3_1,1,1085,"('s', 's', 's')",amanesejs,amanesejs
90L_10NL,3,90L_10NL_3_1,1,3500,"('s', 'sk', 's')",amanesejs,amanesejs
90L_10NL,3,90L_10NL_3_1,1,3500,"('s', 'sk', 's')",amanesejs,amanesejs
90L_10NL,3,90L_10NL_3_1,1,3500,"('s', 'sk', 's')",amanesejs,amanesejs
90L_10NL,3,90L_10NL_3_1,1,3500,"('s', 'sk', 's')",amanesejs,amanesejs
90L_10NL,3,90L_10NL_3_1,1,3500,"('s', 'sk', 's')",amanesejs,amanesejs
90L_10NL,3,90L_10NL_3_1,1,3500,"('s', 'sk', 's')",amanesejs,amanesejs
90L_10NL,3,90L_10NL_3_1,1,3500,"('s', 'sk', 's')",amanesejs,amanesejs
90L_10NL,3,90L_10NL_3_1,1,1085,"('s', 's', 's')",amanesejs,amanesejs
90L_10NL,3,90L_10NL_3_1,1,3500,"('s', 'sk', 's')",amanesejs,amanesejs
90L_10NL,3,90L_10NL_3_1,1,3500,"('s', 'sk', 's')",amanesejs,amanesejs
90L_10NL,3,90L_10NL_3_1,1,3500,"('s', 'sk', 's')",amanesejs,amanesejs
90L_10NL,3,90L_10NL_3_1,1,3500,"('s', 'sk', 's')",amanesejs,amanesejs
90L_10NL,3,90L_10NL_3_1,1,3500,"('s', 'sk', 's')",amanesejs,amanesejs
90L_10NL,3,90L_10NL_3_1,1,3500,"('s', 'sk', 's')",amanesejs,amanesejs
90L_10NL,3,90L_10NL_3_1,1,3500,"('s', 'sk', 's')",amanesejs,amanesejs
90L_10NL,3,90L_10NL_3_1,1,3500,"('s', 'sk', 's')",amanesejs,amanesejs
90L_10NL,3,90L_10NL_3_1,1,3500,"('s', 'sk', 's')",amanesejs,amanesejs
90L_10NL,3,90L_10NL_3_1,1,3500,"('s', 'sk', 's')",amanesejs,amanesejs
90L_10NL,3,90L_10NL_3_1,1,3500,"('s', 'sk', 's')",amanesejs,amanesejs
90L_10NL,3,90L_10NL_3_1,1,3500,"('s', 'sk', 's')",amanesejs,amanesejs
90L_10NL,3,90L_10NL_3_1,1,3500,"('s', 'sk', 's')",amanesejs,amanesejs
90L_10NL,3,90L_10NL_3_1,1,3500,"('s', 'sk', 's')",amanesejs,amanesejs
90L_10NL,3,90L_10NL_3_1,1,2625,"('sk', 'sk', 's')",amanesejs,amanesejs
90L_10NL,3,90L_10NL_3_1,1,2625,"('sk', 'sk', 's')",amanesejs,amanesejs
90L_10NL,3,90L_10NL_3_1,1,2625,"('sk', 'sk', 's')",amanesejs,amanesejs
90L_10NL,3,90L_10NL_3_1,1,2625,"('sk', 'sk', 's')",amanesejs,amanesejs
90L_10NL,3,90L_10NL_3_1,1,2625,"('sk', 'sk', 's')",amanesejs,amanesejs
90L_10NL,3,90L_10NL_3_1,1,2625,"('sk', 'sk', 's')",amanesejs,amanesejs
90L_10NL,3,90L_10NL_3_1,1,2625,"('sk', 'sk', 's')",amanesejs,amanesejs
90L_10NL,3,90L_10NL_3_1,1,2625,"('sk', 'sk', 's')",amanesejs,amanesejs
90L_10NL,3,90L_10NL_3_1,1,2625,"('sk', 'sk', 's')",amanesejs,amanesejs
90L_10NL,3,90L_10NL_3_1,1,2625,"('sk', 'sk', 's')",amanesejs,amanesejs
90L_10NL,3,90L_10NL_3_1,1,2625,"('sk', 'sk', 's')",amanesejs,amanesejs
90L_10NL,3,90L_10NL_3_1,1,2625,"('sk', 'sk', 's')",amanesejs,amanesejs
90L_10NL,3,90L_10NL_3_1,1,2625,"('sk', 'sk', 's')",amanesejs,amanesejs
90L_10NL,3,90L_10NL_3_1,1,2625,"('sk', 'sk', 's')",amanesejs,amanesejs
90L_10NL,3,90L_10NL_3_1,1,2625,"('sk', 'sk', 's')",amanesejs,amanesejs
90L_10NL,3,90L_10NL_3_1,1,2625,"('sk', 'sk', 's')",amanesejs,amanesejs
90L_10NL,3,90L_10NL_3_1,1,2625,"('sk', 'sk', 's')",amanesejs,amanesejs
90L_10NL,3,90L_10NL_3_1,1,2625,"('sk', 'sk', 's')",amanesejs,amanesejs
90L_10NL,3,90L_10NL_3_1,1,2625,"('sk', 'sk', 's')",amanesejs,amanesejs
90L_10NL,3,90L_10NL_3_1,1,2625,"('sk', 'sk', 's')",amanesejs,amanesejs
90L_10NL,3,90L_10NL_3_1,1,2625,"('sk', 'sk', 's')",amanesejs,amanesejs
90L_10NL,3,90L_10NL_3_1,1,1085,"('s', 's', 's')",amanesemos,amanesemos
90L_10NL,3,90L_10NL_3_1,1,1085,"('s', 's', 's')",amanesemos,amanesemos
90L_10NL,3,90L_10NL_3_1,1,1085,"('s', 's', 's')",amanesemos,amanesemos
90L_10NL,3,90L_10NL_3_1,1,3500,"('s', 'sk', 's')",amanesemos,amanesemos
90L_10NL,3,90L_10NL_3_1,1,3500,"('s', 'sk', 's')",amanesemos,amanesemos
90L_10NL,3,90L_10NL_3_1,1,3500,"('s', 'sk', 's')",amanesemos,amanesemos
90L_10NL,3,90L_10NL_3_1,1,3500,"('s', 'sk', 's')",amanesemos,amanesemos
90L_10NL,3,90L_10NL_3_1,1,3500,"('s', 'sk', 's')",amanesemos,amanesemos
90L_10NL,3,90L_10NL_3_1,1,3500,"('s', 'sk', 's')",amanesemos,amanesemos
90L_10NL,3,90L_10NL_3_1,1,3500,"('s', 'sk', 's')",amanesemos,amanesemos
90L_10NL,3,90L_10NL_3_1,1,1085,"('s', 's', 's')",amanesemos,amanesemos
90L_10NL,3,90L_10NL_3_1,1,1085,"('s', 's', 's')",amanesemos,amanesemos
90L_10NL,3,90L_10NL_3_1,1,3500,"('s', 'sk', 's')",amanesemos,amanesemos
90L_10NL,3,90L_10NL_3_1,1,3500,"('s', 'sk', 's')",amanesemos,amanesemos
90L_10NL,3,90L_10NL_3_1,1,3500,"('s', 'sk', 's')",amanesemos,amanesemos
90L_10NL,3,90L_10NL_3_1,1,3500,"('s', 'sk', 's')",amanesemos,amanesemos
90L_10NL,3,90L_10NL_3_1,1,3500,"('s', 'sk', 's')",amanesemos,amanesemos
90L_10NL,3,90L_10NL_3_1,1,3500,"('s', 'sk', 's')",amanesemos,amanesemos
90L_10NL,3,90L_10NL_3_1,1,3500,"('s', 'sk', 's')",amanesemos,amanesemos
90L_10NL,3,90L_10NL_3_1,1,1085,"('s', 's', 's')",amanesemos,amanesemos
90L_10NL,3,90L_10NL_3_1,1,3500,"('s', 'sk', 's')",amanesemos,amanesemos
90L_10NL,3,90L_10NL_3_1,1,3500,"('s', 'sk', 's')",amanesemos,amanesemos
90L_10NL,3,90L_10NL_3_1,1,3500,"('s', 'sk', 's')",amanesemos,amanesemos
90L_10NL,3,90L_10NL_3_1,1,3500,"('s', 'sk', 's')",amanesemos,amanesemos
90L_10NL,3,90L_10NL_3_1,1,3500,"('s', 'sk', 's')",amanesemos,amanesemos
90L_10NL,3,90L_10NL_3_1,1,3500,"('s', 'sk', 's')",amanesemos,amanesemos
90L_10NL,3,90L_10NL_3_1,1,3500,"('s', 'sk', 's')",amanesemos,amanesemos
90L_10NL,3,90L_10NL_3_1,1,3500,"('s', 'sk', 's')",amanesemos,amanesemos
90L_10NL,3,90L_10NL_3_1,1,3500,"('s', 'sk', 's')",amanesemos,amanesemos
90L_10NL,3,90L_10NL_3_1,1,3500,"('s', 'sk', 's')",amanesemos,amanesemos
90L_10NL,3,90L_10NL_3_1,1,3500,"('s', 'sk', 's')",amanesemos,amanesemos
90L_10NL,3,90L_10NL_3_1,1,3500,"('s', 'sk', 's')",amanesemos,amanesemos
90L_10NL,3,90L_10NL_3_1,1,3500,"('s', 'sk', 's')",amanesemos,amanesemos
90L_10NL,3,90L_10NL_3_1,1,3500,"('s', 'sk', 's')",amanesemos,amanesemos
90L_10NL,3,90L_10NL_3_1,1,2625,"('sk', 'sk', 's')",amanesemos,amanesemos
90L_10NL,3,90L_10NL_3_1,1,2625,"('sk', 'sk', 's')",amanesemos,amanesemos
90L_10NL,3,90L_10NL_3_1,1,2625,"('sk', 'sk', 's')",amanesemos,amanesemos
90L_10NL,3,90L_10NL_3_1,1,2625,"('sk', 'sk', 's')",amanesemos,amanesemos
90L_10NL,3,90L_10NL_3_1,1,2625,"('sk', 'sk', 's')",amanesemos,amanesemos
90L_10NL,3,90L_10NL_3_1,1,2625,"('sk', 'sk', 's')",amanesemos,amanesemos
90L_10NL,3,90L_10NL_3_1,1,2625,"('sk', 'sk', 's')",amanesemos,amanesemos
90L_10NL,3,90L_10NL_3_1,1,2625,"('sk', 'sk', 's')",amanesemos,amanesemos
90L_10NL,3,90L_10NL_3_1,1,2625,"('sk', 'sk', 's')",amanesemos,amanesemos
90L_10NL,3,90L_10NL_3_1,1,2625,"('sk', 'sk', 's')",amanesemos,amanesemos
90L_10NL,3,90L_10NL_3_1,1,2625,"('sk', 'sk', 's')",amanesemos,amanesemos
90L_10NL,3,90L_10NL_3_1,1,2625,"('sk', 'sk', 's')",amanesemos,amanesemos
90L_10NL,3,90L_10NL_3_1,1,2625,"('sk', 'sk', 's')",amanesemos,amanesemos
90L_10NL,3,90L_10NL_3_1,1,2625,"('sk', 'sk', 's')",amanesemos,amanesemos
90L_10NL,3,90L_10NL_3_1,1,2625,"('sk', 'sk', 's')",amanesemos,amanesemos
90L_10NL,3,90L_10NL_3_1,1,2625,"('sk', 'sk', 's')",amanesemos,amanesemos
90L_10NL,3,90L_10NL_3_1,1,2625,"('sk', 'sk', 's')",amanesemos,amanesemos
90L_10NL,3,90L_10NL_3_1,1,2625,"('sk', 'sk', 's')",amanesemos,amanesemos
90L_10NL,3,90L_10NL_3_1,1,2625,"('sk', 'sk', 's')",amanesemos,amanesemos
90L_10NL,3,90L_10NL_3_1,1,2625,"('sk', 'sk', 's')",amanesemos,amanesemos
90L_10NL,3,90L_10NL_3_1,1,2625,"('sk', 'sk', 's')",amanesemos,amanesemos
90L_10NL,3,90L_10NL_3_1,1,1085,"('s', 's', 's')",amanesen,amanesen
90L_10NL,3,90L_10NL_3_1,1,1085,"('s', 's', 's')",amanesen,amanesen
90L_10NL,3,90L_10NL_3_1,1,1085,"('s', 's', 's')",amanesen,amanesen
90L_10NL,3,90L_10NL_3_1,1,3500,"('s', 'sk', 's')",amanesen,amanesen
90L_10NL,3,90L_10NL_3_1,1,3500,"('s', 'sk', 's')",amanesen,amanesen
90L_10NL,3,90L_10NL_3_1,1,3500,"('s', 'sk', 's')",amanesen,amanesen
90L_10NL,3,90L_10NL_3_1,1,3500,"('s', 'sk', 's')",amanesen,amanesen
90L_10NL,3,90L_10NL_3_1,1,3500,"('s', 'sk', 's')",amanesen,amanesen
90L_10NL,3,90L_10NL_3_1,1,3500,"('s', 'sk', 's')",amanesen,amanesen
90L_10NL,3,90L_10NL_3_1,1,3500,"('s', 'sk', 's')",amanesen,amanesen
90L_10NL,3,90L_10NL_3_1,1,1085,"('s', 's', 's')",amanesen,amanesen
90L_10NL,3,90L_10NL_3_1,1,1085,"('s', 's', 's')",amanesen,amanesen
90L_10NL,3,90L_10NL_3_1,1,3500,"('s', 'sk', 's')",amanesen,amanesen
90L_10NL,3,90L_10NL_3_1,1,3500,"('s', 'sk', 's')",amanesen,amanesen
90L_10NL,3,90L_10NL_3_1,1,3500,"('s', 'sk', 's')",amanesen,amanesen
90L_10NL,3,90L_10NL_3_1,1,3500,"('s', 'sk', 's')",amanesen,amanesen
90L_10NL,3,90L_10NL_3_1,1,3500,"('s', 'sk', 's')",amanesen,amanesen
90L_10NL,3,90L_10NL_3_1,1,3500,"('s', 'sk', 's')",amanesen,amanesen
90L_10NL,3,90L_10NL_3_1,1,3500,"('s', 'sk', 's')",amanesen,amanesen
90L_10NL,3,90L_10NL_3_1,1,1085,"('s', 's', 's')",amanesen,amanesen
90L_10NL,3,90L_10NL_3_1,1,3500,"('s', 'sk', 's')",amanesen,amanesen
90L_10NL,3,90L_10NL_3_1,1,3500,"('s', 'sk', 's')",amanesen,amanesen
90L_10NL,3,90L_10NL_3_1,1,3500,"('s', 'sk', 's')",amanesen,amanesen
90L_10NL,3,90L_10NL_3_1,1,3500,"('s', 'sk', 's')",amanesen,amanesen
90L_10NL,3,90L_10NL_3_1,1,3500,"('s', 'sk', 's')",amanesen,amanesen
90L_10NL,3,90L_10NL_3_1,1,3500,"('s', 'sk', 's')",amanesen,amanesen
90L_10NL,3,90L_10NL_3_1,1,3500,"('s', 'sk', 's')",amanesen,amanesen
90L_10NL,3,90L_10NL_3_1,1,3500,"('s', 'sk', 's')",amanesen,amanesen
90L_10NL,3,90L_10NL_3_1,1,3500,"('s', 'sk', 's')",amanesen,amanesen
90L_10NL,3,90L_10NL_3_1,1,3500,"('s', 'sk', 's')",amanesen,amanesen
90L_10NL,3,90L_10NL_3_1,1,3500,"('s', 'sk', 's')",amanesen,amanesen
90L_10NL,3,90L_10NL_3_1,1,3500,"('s', 'sk', 's')",amanesen,amanesen
90L_10NL,3,90L_10NL_3_1,1,3500,"('s', 'sk', 's')",amanesen,amanesen
90L_10NL,3,90L_10NL_3_1,1,3500,"('s', 'sk', 's')",amanesen,amanesen
90L_10NL,3,90L_10NL_3_1,1,2625,"('sk', 'sk', 's')",amanesen,amanesen
90L_10NL,3,90L_10NL_3_1,1,2625,"('sk', 'sk', 's')",amanesen,amanesen
90L_10NL,3,90L_10NL_3_1,1,2625,"('sk', 'sk', 's')",amanesen,amanesen
90L_10NL,3,90L_10NL_3_1,1,2625,"('sk', 'sk', 's')",amanesen,amanesen
90L_10NL,3,90L_10NL_3_1,1,2625,"('sk', 'sk', 's')",amanesen,amanesen
90L_10NL,3,90L_10NL_3_1,1,2625,"('sk', 'sk', 's')",amanesen,amanesen
90L_10NL,3,90L_10NL_3_1,1,2625,"('sk', 'sk', 's')",amanesen,amanesen
90L_10NL,3,90L_10NL_3_1,1,2625,"('sk', 'sk', 's')",amanesen,amanesen
90L_10NL,3,90L_10NL_3_1,1,2625,"('sk', 'sk', 's')",amanesen,amanesen
90L_10NL,3,90L_10NL_3_1,1,2625,"('sk', 'sk', 's')",amanesen,amanesen
90L_10NL,3,90L_10NL_3_1,1,2625,"('sk', 'sk', 's')",amanesen,amanesen
90L_10NL,3,90L_10NL_3_1,1,2625,"('sk', 'sk', 's')",amanesen,amanesen
90L_10NL,3,90L_10NL_3_1,1,2625,"('sk', 'sk', 's')",amanesen,amanesen
90L_10NL,3,90L_10NL_3_1,1,2625,"('sk', 'sk', 's')",amanesen,amanesen
90L_10NL,3,90L_10NL_3_1,1,2625,"('sk', 'sk', 's')",amanesen,amanesen
90L_10NL,3,90L_10NL_3_1,1,2625,"('sk', 'sk', 's')",amanesen,amanesen
90L_10NL,3,90L_10NL_3_1,1,2625,"('sk', 'sk', 's')",amanesen,amanesen
90L_10NL,3,90L_10NL_3_1,1,2625,"('sk', 'sk', 's')",amanesen,amanesen
90L_10NL,3,90L_10NL_3_1,1,2625,"('sk', 'sk', 's')",amanesen,amanesen
90L_10NL,3,90L_10NL_3_1,1,2625,"('sk', 'sk', 's')",amanesen,amanesen
90L_10NL,3,90L_10NL_3_1,1,2625,"('sk', 'sk', 's')",amanesen,amanesen
90L_10NL,3,90L_10NL_3_1,1,1085,"('s', 's', 's')",amaneses,amaneses
90L_10NL,3,90L_10NL_3_1,1,1085,"('s', 's', 's')",amaneses,amaneses
90L_10NL,3,90L_10NL_3_1,1,1085,"('s', 's', 's')",amaneses,amaneses
90L_10NL,3,90L_10NL_3_1,1,3500,"('s', 'sk', 's')",amaneses,amaneses
90L_10NL,3,90L_10NL_3_1,1,3500,"('s', 'sk', 's')",amaneses,amaneses
90L_10NL,3,90L_10NL_3_1,1,3500,"('s', 'sk', 's')",amaneses,amaneses
90L_10NL,3,90L_10NL_3_1,1,3500,"('s', 'sk', 's')",amaneses,amaneses
90L_10NL,3,90L_10NL_3_1,1,3500,"('s', 'sk', 's')",amaneses,amaneses
90L_10NL,3,90L_10NL_3_1,1,3500,"('s', 'sk', 's')",amaneses,amaneses
90L_10NL,3,90L_10NL_3_1,1,3500,"('s', 'sk', 's')",amaneses,amaneses
90L_10NL,3,90L_10NL_3_1,1,1085,"('s', 's', 's')",amaneses,amaneses
90L_10NL,3,90L_10NL_3_1,1,1085,"('s', 's', 's')",amaneses,amaneses
90L_10NL,3,90L_10NL_3_1,1,3500,"('s', 'sk', 's')",amaneses,amaneses
90L_10NL,3,90L_10NL_3_1,1,3500,"('s', 'sk', 's')",amaneses,amaneses
90L_10NL,3,90L_10NL_3_1,1,3500,"('s', 'sk', 's')",amaneses,amaneses
90L_10NL,3,90L_10NL_3_1,1,3500,"('s', 'sk', 's')",amaneses,amaneses
90L_10NL,3,90L_10NL_3_1,1,3500,"('s', 'sk', 's')",amaneses,amaneses
90L_10NL,3,90L_10NL_3_1,1,3500,"('s', 'sk', 's')",amaneses,amaneses
90L_10NL,3,90L_10NL_3_1,1,3500,"('s', 'sk', 's')",amaneses,amaneses
90L_10NL,3,90L_10NL_3_1,1,1085,"('s', 's', 's')",amaneses,amaneses
90L_10NL,3,90L_10NL_3_1,1,3500,"('s', 'sk', 's')",amaneses,amaneses
90L_10NL,3,90L_10NL_3_1,1,3500,"('s', 'sk', 's')",amaneses,amaneses
90L_10NL,3,90L_10NL_3_1,1,3500,"('s', 'sk', 's')",amaneses,amaneses
90L_10NL,3,90L_10NL_3_1,1,3500,"('s', 'sk', 's')",amaneses,amaneses
90L_10NL,3,90L_10NL_3_1,1,3500,"('s', 'sk', 's')",amaneses,amaneses
90L_10NL,3,90L_10NL_3_1,1,3500,"('s', 'sk', 's')",amaneses,amaneses
90L_10NL,3,90L_10NL_3_1,1,3500,"('s', 'sk', 's')",amaneses,amaneses
90L_10NL,3,90L_10NL_3_1,1,3500,"('s', 'sk', 's')",amaneses,amaneses
90L_10NL,3,90L_10NL_3_1,1,3500,"('s', 'sk', 's')",amaneses,amaneses
90L_10NL,3,90L_10NL_3_1,1,3500,"('s', 'sk', 's')",amaneses,amaneses
90L_10NL,3,90L_10NL_3_1,1,3500,"('s', 'sk', 's')",amaneses,amaneses
90L_10NL,3,90L_10NL_3_1,1,3500,"('s', 'sk', 's')",amaneses,amaneses
90L_10NL,3,90L_10NL_3_1,1,3500,"('s', 'sk', 's')",amaneses,amaneses
90L_10NL,3,90L_10NL_3_1,1,3500,"('s', 'sk', 's')",amaneses,amaneses
90L_10NL,3,90L_10NL_3_1,1,2625,"('sk', 'sk', 's')",amaneses,amaneses
90L_10NL,3,90L_10NL_3_1,1,2625,"('sk', 'sk', 's')",amaneses,amaneses
90L_10NL,3,90L_10NL_3_1,1,2625,"('sk', 'sk', 's')",amaneses,amaneses
90L_10NL,3,90L_10NL_3_1,1,2625,"('sk', 'sk', 's')",amaneses,amaneses
90L_10NL,3,90L_10NL_3_1,1,2625,"('sk', 'sk', 's')",amaneses,amaneses
90L_10NL,3,90L_10NL_3_1,1,2625,"('sk', 'sk', 's')",amaneses,amaneses
90L_10NL,3,90L_10NL_3_1,1,2625,"('sk', 'sk', 's')",amaneses,amaneses
90L_10NL,3,90L_10NL_3_1,1,2625,"('sk', 'sk', 's')",amaneses,amaneses
90L_10NL,3,90L_10NL_3_1,1,2625,"('sk', 'sk', 's')",amaneses,amaneses
90L_10NL,3,90L_10NL_3_1,1,2625,"('sk', 'sk', 's')",amaneses,amaneses
90L_10NL,3,90L_10NL_3_1,1,2625,"('sk', 'sk', 's')",amaneses,amaneses
90L_10NL,3,90L_10NL_3_1,1,2625,"('sk', 'sk', 's')",amaneses,amaneses
90L_10NL,3,90L_10NL_3_1,1,2625,"('sk', 'sk', 's')",amaneses,amaneses
90L_10NL,3,90L_10NL_3_1,1,2625,"('sk', 'sk', 's')",amaneses,amaneses
90L_10NL,3,90L_10NL_3_1,1,2625,"('sk', 'sk', 's')",amaneses,amaneses
90L_10NL,3,90L_10NL_3_1,1,2625,"('sk', 'sk', 's')",amaneses,amaneses
90L_10NL,3,90L_10NL_3_1,1,2625,"('sk', 'sk', 's')",amaneses,amaneses
90L_10NL,3,90L_10NL_3_1,1,2625,"('sk', 'sk', 's')",amaneses,amaneses
90L_10NL,3,90L_10NL_3_1,1,2625,"('sk', 'sk', 's')",amaneses,amaneses
90L_10NL,3,90L_10NL_3_1,1,2625,"('sk', 'sk', 's')",amaneses,amaneses
90L_10NL,3,90L_10NL_3_1,1,2625,"('sk', 'sk', 's')",amaneses,amaneses
90L_10NL,3,90L_10NL_3_1,1,1085,"('s', 's', 's')",amanese,amanese
90L_10NL,3,90L_10NL_3_1,1,1085,"('s', 's', 's')",amanese,amanese
90L_10NL,3,90L_10NL_3_1,1,1085,"('s', 's', 's')",amanese,amanese
90L_10NL,3,90L_10NL_3_1,1,3500,"('s', 'sk', 's')",amanese,amanese
90L_10NL,3,90L_10NL_3_1,1,3500,"('s', 'sk', 's')",amanese,amanese
90L_10NL,3,90L_10NL_3_1,1,3500,"('s', 'sk', 's')",amanese,amanese
90L_10NL,3,90L_10NL_3_1,1,3500,"('s', 'sk', 's')",amanese,amanese
90L_10NL,3,90L_10NL_3_1,1,3500,"('s', 'sk', 's')",amanese,amanese
90L_10NL,3,90L_10NL_3_1,1,3500,"('s', 'sk', 's')",amanese,amanese
90L_10NL,3,90L_10NL_3_1,1,3500,"('s', 'sk', 's')",amanese,amanese
90L_10NL,3,90L_10NL_3_1,1,1085,"('s', 's', 's')",amanese,amanese
90L_10NL,3,90L_10NL_3_1,1,1085,"('s', 's', 's')",amanese,amanese
90L_10NL,3,90L_10NL_3_1,1,3500,"('s', 'sk', 's')",amanese,amanese
90L_10NL,3,90L_10NL_3_1,1,3500,"('s', 'sk', 's')",amanese,amanese
90L_10NL,3,90L_10NL_3_1,1,3500,"('s', 'sk', 's')",amanese,amanese
90L_10NL,3,90L_10NL_3_1,1,3500,"('s', 'sk', 's')",amanese,amanese
90L_10NL,3,90L_10NL_3_1,1,3500,"('s', 'sk', 's')",amanese,amanese
90L_10NL,3,90L_10NL_3_1,1,3500,"('s', 'sk', 's')",amanese,amanese
90L_10NL,3,90L_10NL_3_1,1,3500,"('s', 'sk', 's')",amanese,amanese
90L_10NL,3,90L_10NL_3_1,1,1085,"('s', 's', 's')",amanese,amanese
90L_10NL,3,90L_10NL_3_1,1,3500,"('s', 'sk', 's')",amanese,amanese
90L_10NL,3,90L_10NL_3_1,1,3500,"('s', 'sk', 's')",amanese,amanese
90L_10NL,3,90L_10NL_3_1,1,3500,"('s', 'sk', 's')",amanese,amanese
90L_10NL,3,90L_10NL_3_1,1,3500,"('s', 'sk', 's')",amanese,amanese
90L_10NL,3,90L_10NL_3_1,1,3500,"('s', 'sk', 's')",amanese,amanese
90L_10NL,3,90L_10NL_3_1,1,3500,"('s', 'sk', 's')",amanese,amanese
90L_10NL,3,90L_10NL_3_1,1,3500,"('s', 'sk', 's')",amanese,amanese
90L_10NL,3,90L_10NL_3_1,1,3500,"('s', 'sk', 's')",amanese,amanese
90L_10NL,3,90L_10NL_3_1,1,3500,"('s', 'sk', 's')",amanese,amanese
90L_10NL,3,90L_10NL_3_1,1,3500,"('s', 'sk', 's')",amanese,amanese
90L_10NL,3,90L_10NL_3_1,1,3500,"('s', 'sk', 's')",amanese,amanese
90L_10NL,3,90L_10NL_3_1,1,3500,"('s', 'sk', 's')",amanese,amanese
90L_10NL,3,90L_10NL_3_1,1,3500,"('s', 'sk', 's')",amanese,amanese
90L_10NL,3,90L_10NL_3_1,1,3500,"('s', 'sk', 's')",amanese,amanese
90L_10NL,3,90L_10NL_3_1,1,2625,"('sk', 'sk', 's')",amanese,amanese
90L_10NL,3,90L_10NL_3_1,1,2625,"('sk', 'sk', 's')",amanese,amanese
90L_10NL,3,90L_10NL_3_1,1,2625,"('sk', 'sk', 's')",amanese,amanese
90L_10NL,3,90L_10NL_3_1,1,2625,"('sk', 'sk', 's')",amanese,amanese
90L_10NL,3,90L_10NL_3_1,1,2625,"('sk', 'sk', 's')",amanese,amanese
90L_10NL,3,90L_10NL_3_1,1,2625,"('sk', 'sk', 's')",amanese,amanese
90L_10NL,3,90L_10NL_3_1,1,2625,"('sk', 'sk', 's')",amanese,amanese
90L_10NL,3,90L_10NL_3_1,1,2625,"('sk', 'sk', 's')",amanese,amanese
90L_10NL,3,90L_10NL_3_1,1,2625,"('sk', 'sk', 's')",amanese,amanese
90L_10NL,3,90L_10NL_3_1,1,2625,"('sk', 'sk', 's')",amanese,amanese
90L_10NL,3,90L_10NL_3_1,1,2625,"('sk', 'sk', 's')",amanese,amanese
90L_10NL,3,90L_10NL_3_1,1,2625,"('sk', 'sk', 's')",amanese,amanese
90L_10NL,3,90L_10NL_3_1,1,2625,"('sk', 'sk', 's')",amanese,amanese
90L_10NL,3,90L_10NL_3_1,1,2625,"('sk', 'sk', 's')",amanese,amanese
90L_10NL,3,90L_10NL_3_1,1,2625,"('sk', 'sk', 's')",amanese,amanese
90L_10NL,3,90L_10NL_3_1,1,2625,"('sk', 'sk', 's')",amanese,amanese
90L_10NL,3,90L_10NL_3_1,1,2625,"('sk', 'sk', 's')",amanese,amanese
90L_10NL,3,90L_10NL_3_1,1,2625,"('sk', 'sk', 's')",amanese,amanese
90L_10NL,3,90L_10NL_3_1,1,2625,"('sk', 'sk', 's')",amanese,amanese
90L_10NL,3,90L_10NL_3_1,1,2625,"('sk', 'sk', 's')",amanese,amanese
90L_10NL,3,90L_10NL_3_1,1,2625,"('sk', 'sk', 's')",amanese,amanese
90L_10NL,3,90L_10NL_3_1,1,1750,"('s', 's', 'sk')",amaneskajs,amaneskajs
90L_10NL,3,90L_10NL_3_1,1,1750,"('s', 's', 'sk')",amaneskajs,amaneskajs
90L_10NL,3,90L_10NL_3_1,1,1750,"('s', 's', 'sk')",amaneskajs,amaneskajs
90L_10NL,3,90L_10NL_3_1,1,1750,"('s', 's', 'sk')",amaneskajs,amaneskajs
90L_10NL,3,90L_10NL_3_1,1,5250,"('s', 'sk', 'sk')",amaneskajs,amaneskajs
90L_10NL,3,90L_10NL_3_1,1,5250,"('s', 'sk', 'sk')",amaneskajs,amaneskajs
90L_10NL,3,90L_10NL_3_1,1,5250,"('s', 'sk', 'sk')",amaneskajs,amaneskajs
90L_10NL,3,90L_10NL_3_1,1,5250,"('s', 'sk', 'sk')",amaneskajs,amaneskajs
90L_10NL,3,90L_10NL_3_1,1,5250,"('s', 'sk', 'sk')",amaneskajs,amaneskajs
90L_10NL,3,90L_10NL_3_1,1,5250,"('s', 'sk', 'sk')",amaneskajs,amaneskajs
90L_10NL,3,90L_10NL_3_1,1,1750,"('s', 's', 'sk')",amaneskajs,amaneskajs
90L_10NL,3,90L_10NL_3_1,1,1750,"('s', 's', 'sk')",amaneskajs,amaneskajs
90L_10NL,3,90L_10NL_3_1,1,1750,"('s', 's', 'sk')",amaneskajs,amaneskajs
90L_10NL,3,90L_10NL_3_1,1,5250,"('s', 'sk', 'sk')",amaneskajs,amaneskajs
90L_10NL,3,90L_10NL_3_1,1,5250,"('s', 'sk', 'sk')",amaneskajs,amaneskajs
90L_10NL,3,90L_10NL_3_1,1,5250,"('s', 'sk', 'sk')",amaneskajs,amaneskajs
90L_10NL,3,90L_10NL_3_1,1,5250,"('s', 'sk', 'sk')",amaneskajs,amaneskajs
90L_10NL,3,90L_10NL_3_1,1,5250,"('s', 'sk', 'sk')",amaneskajs,amaneskajs
90L_10NL,3,90L_10NL_3_1,1,5250,"('s', 'sk', 'sk')",amaneskajs,amaneskajs
90L_10NL,3,90L_10NL_3_1,1,1750,"('s', 's', 'sk')",amaneskajs,amaneskajs
90L_10NL,3,90L_10NL_3_1,1,1750,"('s', 's', 'sk')",amaneskajs,amaneskajs
90L_10NL,3,90L_10NL_3_1,1,5250,"('s', 'sk', 'sk')",amaneskajs,amaneskajs
90L_10NL,3,90L_10NL_3_1,1,5250,"('s', 'sk', 'sk')",amaneskajs,amaneskajs
90L_10NL,3,90L_10NL_3_1,1,5250,"('s', 'sk', 'sk')",amaneskajs,amaneskajs
90L_10NL,3,90L_10NL_3_1,1,5250,"('s', 'sk', 'sk')",amaneskajs,amaneskajs
90L_10NL,3,90L_10NL_3_1,1,5250,"('s', 'sk', 'sk')",amaneskajs,amaneskajs
90L_10NL,3,90L_10NL_3_1,1,5250,"('s', 'sk', 'sk')",amaneskajs,amaneskajs
90L_10NL,3,90L_10NL_3_1,1,1750,"('s', 's', 'sk')",amaneskajs,amaneskajs
90L_10NL,3,90L_10NL_3_1,1,5250,"('s', 'sk', 'sk')",amaneskajs,amaneskajs
90L_10NL,3,90L_10NL_3_1,1,5250,"('s', 'sk', 'sk')",amaneskajs,amaneskajs
90L_10NL,3,90L_10NL_3_1,1,5250,"('s', 'sk', 'sk')",amaneskajs,amaneskajs
90L_10NL,3,90L_10NL_3_1,1,5250,"('s', 'sk', 'sk')",amaneskajs,amaneskajs
90L_10NL,3,90L_10NL_3_1,1,5250,"('s', 'sk', 'sk')",amaneskajs,amaneskajs
90L_10NL,3,90L_10NL_3_1,1,5250,"('s', 'sk', 'sk')",amaneskajs,amaneskajs
90L_10NL,3,90L_10NL_3_1,1,5250,"('s', 'sk', 'sk')",amaneskajs,amaneskajs
90L_10NL,3,90L_10NL_3_1,1,5250,"('s', 'sk', 'sk')",amaneskajs,amaneskajs
90L_10NL,3,90L_10NL_3_1,1,5250,"('s', 'sk', 'sk')",amaneskajs,amaneskajs
90L_10NL,3,90L_10NL_3_1,1,5250,"('s', 'sk', 'sk')",amaneskajs,amaneskajs
90L_10NL,3,90L_10NL_3_1,1,5250,"('s', 'sk', 'sk')",amaneskajs,amaneskajs
90L_10NL,3,90L_10NL_3_1,1,5250,"('s', 'sk', 'sk')",amaneskajs,amaneskajs
90L_10NL,3,90L_10NL_3_1,1,2625,"('sk', 'sk', 'sk')",amaneskajs,amaneskajs
90L_10NL,3,90L_10NL_3_1,1,2625,"('sk', 'sk', 'sk')",amaneskajs,amaneskajs
90L_10NL,3,90L_10NL_3_1,1,2625,"('sk', 'sk', 'sk')",amaneskajs,amaneskajs
90L_10NL,3,90L_10NL_3_1,1,2625,"('sk', 'sk', 'sk')",amaneskajs,amaneskajs
90L_10NL,3,90L_10NL_3_1,1,2625,"('sk', 'sk', 'sk')",amaneskajs,amaneskajs
90L_10NL,3,90L_10NL_3_1,1,2625,"('sk', 'sk', 'sk')",amaneskajs,amaneskajs
90L_10NL,3,90L_10NL_3_1,1,2625,"('sk', 'sk', 'sk')",amaneskajs,amaneskajs
90L_10NL,3,90L_10NL_3_1,1,2625,"('sk', 'sk', 'sk')",amaneskajs,amaneskajs
90L_10NL,3,90L_10NL_3_1,1,2625,"('sk', 'sk', 'sk')",amaneskajs,amaneskajs
90L_10NL,3,90L_10NL_3_1,1,2625,"('sk', 'sk', 'sk')",amaneskajs,amaneskajs
90L_10NL,3,90L_10NL_3_1,1,2625,"('sk', 'sk', 'sk')",amaneskajs,amaneskajs
90L_10NL,3,90L_10NL_3_1,1,2625,"('sk', 'sk', 'sk')",amaneskajs,amaneskajs
90L_10NL,3,90L_10NL_3_1,1,2625,"('sk', 'sk', 'sk')",amaneskajs,amaneskajs
90L_10NL,3,90L_10NL_3_1,1,2625,"('sk', 'sk', 'sk')",amaneskajs,amaneskajs
90L_10NL,3,90L_10NL_3_1,1,2625,"('sk', 'sk', 'sk')",amaneskajs,amaneskajs
90L_10NL,3,90L_10NL_3_1,1,1750,"('s', 's', 'sk')",amaneskamos,amaneskamos
90L_10NL,3,90L_10NL_3_1,1,1750,"('s', 's', 'sk')",amaneskamos,amaneskamos
90L_10NL,3,90L_10NL_3_1,1,1750,"('s', 's', 'sk')",amaneskamos,amaneskamos
90L_10NL,3,90L_10NL_3_1,1,1750,"('s', 's', 'sk')",amaneskamos,amaneskamos
90L_10NL,3,90L_10NL_3_1,1,5250,"('s', 'sk', 'sk')",amaneskamos,amaneskamos
90L_10NL,3,90L_10NL_3_1,1,5250,"('s', 'sk', 'sk')",amaneskamos,amaneskamos
90L_10NL,3,90L_10NL_3_1,1,5250,"('s', 'sk', 'sk')",amaneskamos,amaneskamos
90L_10NL,3,90L_10NL_3_1,1,5250,"('s', 'sk', 'sk')",amaneskamos,amaneskamos
90L_10NL,3,90L_10NL_3_1,1,5250,"('s', 'sk', 'sk')",amaneskamos,amaneskamos
90L_10NL,3,90L_10NL_3_1,1,5250,"('s', 'sk', 'sk')",amaneskamos,amaneskamos
90L_10NL,3,90L_10NL_3_1,1,1750,"('s', 's', 'sk')",amaneskamos,amaneskamos
90L_10NL,3,90L_10NL_3_1,1,1750,"('s', 's', 'sk')",amaneskamos,amaneskamos
90L_10NL,3,90L_10NL_3_1,1,1750,"('s', 's', 'sk')",amaneskamos,amaneskamos
90L_10NL,3,90L_10NL_3_1,1,5250,"('s', 'sk', 'sk')",amaneskamos,amaneskamos
90L_10NL,3,90L_10NL_3_1,1,5250,"('s', 'sk', 'sk')",amaneskamos,amaneskamos
90L_10NL,3,90L_10NL_3_1,1,5250,"('s', 'sk', 'sk')",amaneskamos,amaneskamos
90L_10NL,3,90L_10NL_3_1,1,5250,"('s', 'sk', 'sk')",amaneskamos,amaneskamos
90L_10NL,3,90L_10NL_3_1,1,5250,"('s', 'sk', 'sk')",amaneskamos,amaneskamos
90L_10NL,3,90L_10NL_3_1,1,5250,"('s', 'sk', 'sk')",amaneskamos,amaneskamos
90L_10NL,3,90L_10NL_3_1,1,1750,"('s', 's', 'sk')",amaneskamos,amaneskamos
90L_10NL,3,90L_10NL_3_1,1,1750,"('s', 's', 'sk')",amaneskamos,amaneskamos
90L_10NL,3,90L_10NL_3_1,1,5250,"('s', 'sk', 'sk')",amaneskamos,amaneskamos
90L_10NL,3,90L_10NL_3_1,1,5250,"('s', 'sk', 'sk')",amaneskamos,amaneskamos
90L_10NL,3,90L_10NL_3_1,1,5250,"('s', 'sk', 'sk')",amaneskamos,amaneskamos
90L_10NL,3,90L_10NL_3_1,1,5250,"('s', 'sk', 'sk')",amaneskamos,amaneskamos
90L_10NL,3,90L_10NL_3_1,1,5250,"('s', 'sk', 'sk')",amaneskamos,amaneskamos
90L_10NL,3,90L_10NL_3_1,1,5250,"('s', 'sk', 'sk')",amaneskamos,amaneskamos
90L_10NL,3,90L_10NL_3_1,1,1750,"('s', 's', 'sk')",amaneskamos,amaneskamos
90L_10NL,3,90L_10NL_3_1,1,5250,"('s', 'sk', 'sk')",amaneskamos,amaneskamos
90L_10NL,3,90L_10NL_3_1,1,5250,"('s', 'sk', 'sk')",amaneskamos,amaneskamos
90L_10NL,3,90L_10NL_3_1,1,5250,"('s', 'sk', 'sk')",amaneskamos,amaneskamos
90L_10NL,3,90L_10NL_3_1,1,5250,"('s', 'sk', 'sk')",amaneskamos,amaneskamos
90L_10NL,3,90L_10NL_3_1,1,5250,"('s', 'sk', 'sk')",amaneskamos,amaneskamos
90L_10NL,3,90L_10NL_3_1,1,5250,"('s', 'sk', 'sk')",amaneskamos,amaneskamos
90L_10NL,3,90L_10NL_3_1,1,5250,"('s', 'sk', 'sk')",amaneskamos,amaneskamos
90L_10NL,3,90L_10NL_3_1,1,5250,"('s', 'sk', 'sk')",amaneskamos,amaneskamos
90L_10NL,3,90L_10NL_3_1,1,5250,"('s', 'sk', 'sk')",amaneskamos,amaneskamos
90L_10NL,3,90L_10NL_3_1,1,5250,"('s', 'sk', 'sk')",amaneskamos,amaneskamos
90L_10NL,3,90L_10NL_3_1,1,5250,"('s', 'sk', 'sk')",amaneskamos,amaneskamos
90L_10NL,3,90L_10NL_3_1,1,5250,"('s', 'sk', 'sk')",amaneskamos,amaneskamos
90L_10NL,3,90L_10NL_3_1,1,2625,"('sk', 'sk', 'sk')",amaneskamos,amaneskamos
90L_10NL,3,90L_10NL_3_1,1,2625,"('sk', 'sk', 'sk')",amaneskamos,amaneskamos
90L_10NL,3,90L_10NL_3_1,1,2625,"('sk', 'sk', 'sk')",amaneskamos,amaneskamos
90L_10NL,3,90L_10NL_3_1,1,2625,"('sk', 'sk', 'sk')",amaneskamos,amaneskamos
90L_10NL,3,90L_10NL_3_1,1,2625,"('sk', 'sk', 'sk')",amaneskamos,amaneskamos
90L_10NL,3,90L_10NL_3_1,1,2625,"('sk', 'sk', 'sk')",amaneskamos,amaneskamos
90L_10NL,3,90L_10NL_3_1,1,2625,"('sk', 'sk', 'sk')",amaneskamos,amaneskamos
90L_10NL,3,90L_10NL_3_1,1,2625,"('sk', 'sk', 'sk')",amaneskamos,amaneskamos
90L_10NL,3,90L_10NL_3_1,1,2625,"('sk', 'sk', 'sk')",amaneskamos,amaneskamos
90L_10NL,3,90L_10NL_3_1,1,2625,"('sk', 'sk', 'sk')",amaneskamos,amaneskamos
90L_10NL,3,90L_10NL_3_1,1,2625,"('sk', 'sk', 'sk')",amaneskamos,amaneskamos
90L_10NL,3,90L_10NL_3_1,1,2625,"('sk', 'sk', 'sk')",amaneskamos,amaneskamos
90L_10NL,3,90L_10NL_3_1,1,2625,"('sk', 'sk', 'sk')",amaneskamos,amaneskamos
90L_10NL,3,90L_10NL_3_1,1,2625,"('sk', 'sk', 'sk')",amaneskamos,amaneskamos
90L_10NL,3,90L_10NL_3_1,1,2625,"('sk', 'sk', 'sk')",amaneskamos,amaneskamos
90L_10NL,3,90L_10NL_3_1,1,1750,"('s', 's', 'sk')",amaneskan,amaneskan
90L_10NL,3,90L_10NL_3_1,1,1750,"('s', 's', 'sk')",amaneskan,amaneskan
90L_10NL,3,90L_10NL_3_1,1,1750,"('s', 's', 'sk')",amaneskan,amaneskan
90L_10NL,3,90L_10NL_3_1,1,1750,"('s', 's', 'sk')",amaneskan,amaneskan
90L_10NL,3,90L_10NL_3_1,1,5250,"('s', 'sk', 'sk')",amaneskan,amaneskan
90L_10NL,3,90L_10NL_3_1,1,5250,"('s', 'sk', 'sk')",amaneskan,amaneskan
90L_10NL,3,90L_10NL_3_1,1,5250,"('s', 'sk', 'sk')",amaneskan,amaneskan
90L_10NL,3,90L_10NL_3_1,1,5250,"('s', 'sk', 'sk')",amaneskan,amaneskan
90L_10NL,3,90L_10NL_3_1,1,5250,"('s', 'sk', 'sk')",amaneskan,amaneskan
90L_10NL,3,90L_10NL_3_1,1,5250,"('s', 'sk', 'sk')",amaneskan,amaneskan
90L_10NL,3,90L_10NL_3_1,1,1750,"('s', 's', 'sk')",amaneskan,amaneskan
90L_10NL,3,90L_10NL_3_1,1,1750,"('s', 's', 'sk')",amaneskan,amaneskan
90L_10NL,3,90L_10NL_3_1,1,1750,"('s', 's', 'sk')",amaneskan,amaneskan
90L_10NL,3,90L_10NL_3_1,1,5250,"('s', 'sk', 'sk')",amaneskan,amaneskan
90L_10NL,3,90L_10NL_3_1,1,5250,"('s', 'sk', 'sk')",amaneskan,amaneskan
90L_10NL,3,90L_10NL_3_1,1,5250,"('s', 'sk', 'sk')",amaneskan,amaneskan
90L_10NL,3,90L_10NL_3_1,1,5250,"('s', 'sk', 'sk')",amaneskan,amaneskan
90L_10NL,3,90L_10NL_3_1,1,5250,"('s', 'sk', 'sk')",amaneskan,amaneskan
90L_10NL,3,90L_10NL_3_1,1,5250,"('s', 'sk', 'sk')",amaneskan,amaneskan
90L_10NL,3,90L_10NL_3_1,1,1750,"('s', 's', 'sk')",amaneskan,amaneskan
90L_10NL,3,90L_10NL_3_1,1,1750,"('s', 's', 'sk')",amaneskan,amaneskan
90L_10NL,3,90L_10NL_3_1,1,5250,"('s', 'sk', 'sk')",amaneskan,amaneskan
90L_10NL,3,90L_10NL_3_1,1,5250,"('s', 'sk', 'sk')",amaneskan,amaneskan
90L_10NL,3,90L_10NL_3_1,1,5250,"('s', 'sk', 'sk')",amaneskan,amaneskan
90L_10NL,3,90L_10NL_3_1,1,5250,"('s', 'sk', 'sk')",amaneskan,amaneskan
90L_10NL,3,90L_10NL_3_1,1,5250,"('s', 'sk', 'sk')",amaneskan,amaneskan
90L_10NL,3,90L_10NL_3_1,1,5250,"('s', 'sk', 'sk')",amaneskan,amaneskan
90L_10NL,3,90L_10NL_3_1,1,1750,"('s', 's', 'sk')",amaneskan,amaneskan
90L_10NL,3,90L_10NL_3_1,1,5250,"('s', 'sk', 'sk')",amaneskan,amaneskan
90L_10NL,3,90L_10NL_3_1,1,5250,"('s', 'sk', 'sk')",amaneskan,amaneskan
90L_10NL,3,90L_10NL_3_1,1,5250,"('s', 'sk', 'sk')",amaneskan,amaneskan
90L_10NL,3,90L_10NL_3_1,1,5250,"('s', 'sk', 'sk')",amaneskan,amaneskan
90L_10NL,3,90L_10NL_3_1,1,5250,"('s', 'sk', 'sk')",amaneskan,amaneskan
90L_10NL,3,90L_10NL_3_1,1,5250,"('s', 'sk', 'sk')",amaneskan,amaneskan
90L_10NL,3,90L_10NL_3_1,1,5250,"('s', 'sk', 'sk')",amaneskan,amaneskan
90L_10NL,3,90L_10NL_3_1,1,5250,"('s', 'sk', 'sk')",amaneskan,amaneskan
90L_10NL,3,90L_10NL_3_1,1,5250,"('s', 'sk', 'sk')",amaneskan,amaneskan
90L_10NL,3,90L_10NL_3_1,1,5250,"('s', 'sk', 'sk')",amaneskan,amaneskan
90L_10NL,3,90L_10NL_3_1,1,5250,"('s', 'sk', 'sk')",amaneskan,amaneskan
90L_10NL,3,90L_10NL_3_1,1,5250,"('s', 'sk', 'sk')",amaneskan,amaneskan
90L_10NL,3,90L_10NL_3_1,1,2625,"('sk', 'sk', 'sk')",amaneskan,amaneskan
90L_10NL,3,90L_10NL_3_1,1,2625,"('sk', 'sk', 'sk')",amaneskan,amaneskan
90L_10NL,3,90L_10NL_3_1,1,2625,"('sk', 'sk', 'sk')",amaneskan,amaneskan
90L_10NL,3,90L_10NL_3_1,1,2625,"('sk', 'sk', 'sk')",amaneskan,amaneskan
90L_10NL,3,90L_10NL_3_1,1,2625,"('sk', 'sk', 'sk')",amaneskan,amaneskan
90L_10NL,3,90L_10NL_3_1,1,2625,"('sk', 'sk', 'sk')",amaneskan,amaneskan
90L_10NL,3,90L_10NL_3_1,1,2625,"('sk', 'sk', 'sk')",amaneskan,amaneskan
90L_10NL,3,90L_10NL_3_1,1,2625,"('sk', 'sk', 'sk')",amaneskan,amaneskan
90L_10NL,3,90L_10NL_3_1,1,2625,"('sk', 'sk', 'sk')",amaneskan,amaneskan
90L_10NL,3,90L_10NL_3_1,1,2625,"('sk', 'sk', 'sk')",amaneskan,amaneskan
90L_10NL,3,90L_10NL_3_1,1,2625,"('sk', 'sk', 'sk')",amaneskan,amaneskan
90L_10NL,3,90L_10NL_3_1,1,2625,"('sk', 'sk', 'sk')",amaneskan,amaneskan
90L_10NL,3,90L_10NL_3_1,1,2625,"('sk', 'sk', 'sk')",amaneskan,amaneskan
90L_10NL,3,90L_10NL_3_1,1,2625,"('sk', 'sk', 'sk')",amaneskan,amaneskan
90L_10NL,3,90L_10NL_3_1,1,2625,"('sk', 'sk', 'sk')",amaneskan,amaneskan
90L_10NL,3,90L_10NL_3_1,1,1750,"('s', 's', 'sk')",amaneskas,amaneskas
90L_10NL,3,90L_10NL_3_1,1,1750,"('s', 's', 'sk')",amaneskas,amaneskas
90L_10NL,3,90L_10NL_3_1,1,1750,"('s', 's', 'sk')",amaneskas,amaneskas
90L_10NL,3,90L_10NL_3_1,1,1750,"('s', 's', 'sk')",amaneskas,amaneskas
90L_10NL,3,90L_10NL_3_1,1,5250,"('s', 'sk', 'sk')",amaneskas,amaneskas
90L_10NL,3,90L_10NL_3_1,1,5250,"('s', 'sk', 'sk')",amaneskas,amaneskas
90L_10NL,3,90L_10NL_3_1,1,5250,"('s', 'sk', 'sk')",amaneskas,amaneskas
90L_10NL,3,90L_10NL_3_1,1,5250,"('s', 'sk', 'sk')",amaneskas,amaneskas
90L_10NL,3,90L_10NL_3_1,1,5250,"('s', 'sk', 'sk')",amaneskas,amaneskas
90L_10NL,3,90L_10NL_3_1,1,5250,"('s', 'sk', 'sk')",amaneskas,amaneskas
90L_10NL,3,90L_10NL_3_1,1,1750,"('s', 's', 'sk')",amaneskas,amaneskas
90L_10NL,3,90L_10NL_3_1,1,1750,"('s', 's', 'sk')",amaneskas,amaneskas
90L_10NL,3,90L_10NL_3_1,1,1750,"('s', 's', 'sk')",amaneskas,amaneskas
90L_10NL,3,90L_10NL_3_1,1,5250,"('s', 'sk', 'sk')",amaneskas,amaneskas
90L_10NL,3,90L_10NL_3_1,1,5250,"('s', 'sk', 'sk')",amaneskas,amaneskas
90L_10NL,3,90L_10NL_3_1,1,5250,"('s', 'sk', 'sk')",amaneskas,amaneskas
90L_10NL,3,90L_10NL_3_1,1,5250,"('s', 'sk', 'sk')",amaneskas,amaneskas
90L_10NL,3,90L_10NL_3_1,1,5250,"('s', 'sk', 'sk')",amaneskas,amaneskas
90L_10NL,3,90L_10NL_3_1,1,5250,"('s', 'sk', 'sk')",amaneskas,amaneskas
90L_10NL,3,90L_10NL_3_1,1,1750,"('s', 's', 'sk')",amaneskas,amaneskas
90L_10NL,3,90L_10NL_3_1,1,1750,"('s', 's', 'sk')",amaneskas,amaneskas
90L_10NL,3,90L_10NL_3_1,1,5250,"('s', 'sk', 'sk')",amaneskas,amaneskas
90L_10NL,3,90L_10NL_3_1,1,5250,"('s', 'sk', 'sk')",amaneskas,amaneskas
90L_10NL,3,90L_10NL_3_1,1,5250,"('s', 'sk', 'sk')",amaneskas,amaneskas
90L_10NL,3,90L_10NL_3_1,1,5250,"('s', 'sk', 'sk')",amaneskas,amaneskas
90L_10NL,3,90L_10NL_3_1,1,5250,"('s', 'sk', 'sk')",amaneskas,amaneskas
90L_10NL,3,90L_10NL_3_1,1,5250,"('s', 'sk', 'sk')",amaneskas,amaneskas
90L_10NL,3,90L_10NL_3_1,1,1750,"('s', 's', 'sk')",amaneskas,amaneskas
90L_10NL,3,90L_10NL_3_1,1,5250,"('s', 'sk', 'sk')",amaneskas,amaneskas
90L_10NL,3,90L_10NL_3_1,1,5250,"('s', 'sk', 'sk')",amaneskas,amaneskas
90L_10NL,3,90L_10NL_3_1,1,5250,"('s', 'sk', 'sk')",amaneskas,amaneskas
90L_10NL,3,90L_10NL_3_1,1,5250,"('s', 'sk', 'sk')",amaneskas,amaneskas
90L_10NL,3,90L_10NL_3_1,1,5250,"('s', 'sk', 'sk')",amaneskas,amaneskas
90L_10NL,3,90L_10NL_3_1,1,5250,"('s', 'sk', 'sk')",amaneskas,amaneskas
90L_10NL,3,90L_10NL_3_1,1,5250,"('s', 'sk', 'sk')",amaneskas,amaneskas
90L_10NL,3,90L_10NL_3_1,1,5250,"('s', 'sk', 'sk')",amaneskas,amaneskas
90L_10NL,3,90L_10NL_3_1,1,5250,"('s', 'sk', 'sk')",amaneskas,amaneskas
90L_10NL,3,90L_10NL_3_1,1,5250,"('s', 'sk', 'sk')",amaneskas,amaneskas
90L_10NL,3,90L_10NL_3_1,1,5250,"('s', 'sk', 'sk')",amaneskas,amaneskas
90L_10NL,3,90L_10NL_3_1,1,5250,"('s', 'sk', 'sk')",amaneskas,amaneskas
90L_10NL,3,90L_10NL_3_1,1,2625,"('sk', 'sk', 'sk')",amaneskas,amaneskas
90L_10NL,3,90L_10NL_3_1,1,2625,"('sk', 'sk', 'sk')",amaneskas,amaneskas
90L_10NL,3,90L_10NL_3_1,1,2625,"('sk', 'sk', 'sk')",amaneskas,amaneskas
90L_10NL,3,90L_10NL_3_1,1,2625,"('sk', 'sk', 'sk')",amaneskas,amaneskas
90L_10NL,3,90L_10NL_3_1,1,2625,"('sk', 'sk', 'sk')",amaneskas,amaneskas
90L_10NL,3,90L_10NL_3_1,1,2625,"('sk', 'sk', 'sk')",amaneskas,amaneskas
90L_10NL,3,90L_10NL_3_1,1,2625,"('sk', 'sk', 'sk')",amaneskas,amaneskas
90L_10NL,3,90L_10NL_3_1,1,2625,"('sk', 'sk', 'sk')",amaneskas,amaneskas
90L_10NL,3,90L_10NL_3_1,1,2625,"('sk', 'sk', 'sk')",amaneskas,amaneskas
90L_10NL,3,90L_10NL_3_1,1,2625,"('sk', 'sk', 'sk')",amaneskas,amaneskas
90L_10NL,3,90L_10NL_3_1,1,2625,"('sk', 'sk', 'sk')",amaneskas,amaneskas
90L_10NL,3,90L_10NL_3_1,1,2625,"('sk', 'sk', 'sk')",amaneskas,amaneskas
90L_10NL,3,90L_10NL_3_1,1,2625,"('sk', 'sk', 'sk')",amaneskas,amaneskas
90L_10NL,3,90L_10NL_3_1,1,2625,"('sk', 'sk', 'sk')",amaneskas,amaneskas
90L_10NL,3,90L_10NL_3_1,1,2625,"('sk', 'sk', 'sk')",amaneskas,amaneskas
90L_10NL,3,90L_10NL_3_1,1,1750,"('s', 's', 'sk')",amaneska,amaneska
90L_10NL,3,90L_10NL_3_1,1,1750,"('s', 's', 'sk')",amaneska,amaneska
90L_10NL,3,90L_10NL_3_1,1,1750,"('s', 's', 'sk')",amaneska,amaneska
90L_10NL,3,90L_10NL_3_1,1,1750,"('s', 's', 'sk')",amaneska,amaneska
90L_10NL,3,90L_10NL_3_1,1,5250,"('s', 'sk', 'sk')",amaneska,amaneska
90L_10NL,3,90L_10NL_3_1,1,5250,"('s', 'sk', 'sk')",amaneska,amaneska
90L_10NL,3,90L_10NL_3_1,1,5250,"('s', 'sk', 'sk')",amaneska,amaneska
90L_10NL,3,90L_10NL_3_1,1,5250,"('s', 'sk', 'sk')",amaneska,amaneska
90L_10NL,3,90L_10NL_3_1,1,5250,"('s', 'sk', 'sk')",amaneska,amaneska
90L_10NL,3,90L_10NL_3_1,1,5250,"('s', 'sk', 'sk')",amaneska,amaneska
90L_10NL,3,90L_10NL_3_1,1,1750,"('s', 's', 'sk')",amaneska,amaneska
90L_10NL,3,90L_10NL_3_1,1,1750,"('s', 's', 'sk')",amaneska,amaneska
90L_10NL,3,90L_10NL_3_1,1,1750,"('s', 's', 'sk')",amaneska,amaneska
90L_10NL,3,90L_10NL_3_1,1,5250,"('s', 'sk', 'sk')",amaneska,amaneska
90L_10NL,3,90L_10NL_3_1,1,5250,"('s', 'sk', 'sk')",amaneska,amaneska
90L_10NL,3,90L_10NL_3_1,1,5250,"('s', 'sk', 'sk')",amaneska,amaneska
90L_10NL,3,90L_10NL_3_1,1,5250,"('s', 'sk', 'sk')",amaneska,amaneska
90L_10NL,3,90L_10NL_3_1,1,5250,"('s', 'sk', 'sk')",amaneska,amaneska
90L_10NL,3,90L_10NL_3_1,1,5250,"('s', 'sk', 'sk')",amaneska,amaneska
90L_10NL,3,90L_10NL_3_1,1,1750,"('s', 's', 'sk')",amaneska,amaneska
90L_10NL,3,90L_10NL_3_1,1,1750,"('s', 's', 'sk')",amaneska,amaneska
90L_10NL,3,90L_10NL_3_1,1,5250,"('s', 'sk', 'sk')",amaneska,amaneska
90L_10NL,3,90L_10NL_3_1,1,5250,"('s', 'sk', 'sk')",amaneska,amaneska
90L_10NL,3,90L_10NL_3_1,1,5250,"('s', 'sk', 'sk')",amaneska,amaneska
90L_10NL,3,90L_10NL_3_1,1,5250,"('s', 'sk', 'sk')",amaneska,amaneska
90L_10NL,3,90L_10NL_3_1,1,5250,"('s', 'sk', 'sk')",amaneska,amaneska
90L_10NL,3,90L_10NL_3_1,1,5250,"('s', 'sk', 'sk')",amaneska,amaneska
90L_10NL,3,90L_10NL_3_1,1,1750,"('s', 's', 'sk')",amaneska,amaneska
90L_10NL,3,90L_10NL_3_1,1,5250,"('s', 'sk', 'sk')",amaneska,amaneska
90L_10NL,3,90L_10NL_3_1,1,5250,"('s', 'sk', 'sk')",amaneska,amaneska
90L_10NL,3,90L_10NL_3_1,1,5250,"('s', 'sk', 'sk')",amaneska,amaneska
90L_10NL,3,90L_10NL_3_1,1,5250,"('s', 'sk', 'sk')",amaneska,amaneska
90L_10NL,3,90L_10NL_3_1,1,5250,"('s', 'sk', 'sk')",amaneska,amaneska
90L_10NL,3,90L_10NL_3_1,1,5250,"('s', 'sk', 'sk')",amaneska,amaneska
90L_10NL,3,90L_10NL_3_1,1,5250,"('s', 'sk', 'sk')",amaneska,amaneska
90L_10NL,3,90L_10NL_3_1,1,5250,"('s', 'sk', 'sk')",amaneska,amaneska
90L_10NL,3,90L_10NL_3_1,1,5250,"('s', 'sk', 'sk')",amaneska,amaneska
90L_10NL,3,90L_10NL_3_1,1,5250,"('s', 'sk', 'sk')",amaneska,amaneska
90L_10NL,3,90L_10NL_3_1,1,5250,"('s', 'sk', 'sk')",amaneska,amaneska
90L_10NL,3,90L_10NL_3_1,1,5250,"('s', 'sk', 'sk')",amaneska,amaneska
90L_10NL,3,90L_10NL_3_1,1,2625,"('sk', 'sk', 'sk')",amaneska,amaneska
90L_10NL,3,90L_10NL_3_1,1,2625,"('sk', 'sk', 'sk')",amaneska,amaneska
90L_10NL,3,90L_10NL_3_1,1,2625,"('sk', 'sk', 'sk')",amaneska,amaneska
90L_10NL,3,90L_10NL_3_1,1,2625,"('sk', 'sk', 'sk')",amaneska,amaneska
90L_10NL,3,90L_10NL_3_1,1,2625,"('sk', 'sk', 'sk')",amaneska,amaneska
90L_10NL,3,90L_10NL_3_1,1,2625,"('sk', 'sk', 'sk')",amaneska,amaneska
90L_10NL,3,90L_10NL_3_1,1,2625,"('sk', 'sk', 'sk')",amaneska,amaneska
90L_10NL,3,90L_10NL_3_1,1,2625,"('sk', 'sk', 'sk')",amaneska,amaneska
90L_10NL,3,90L_10NL_3_1,1,2625,"('sk', 'sk', 'sk')",amaneska,amaneska
90L_10NL,3,90L_10NL_3_1,1,2625,"('sk', 'sk', 'sk')",amaneska,amaneska
90L_10NL,3,90L_10NL_3_1,1,2625,"('sk', 'sk', 'sk')",amaneska,amaneska
90L_10NL,3,90L_10NL_3_1,1,2625,"('sk', 'sk', 'sk')",amaneska,amaneska
90L_10NL,3,90L_10NL_3_1,1,2625,"('sk', 'sk', 'sk')",amaneska,amaneska
90L_10NL,3,90L_10NL_3_1,1,2625,"('sk', 'sk', 'sk')",amaneska,amaneska
90L_10NL,3,90L_10NL_3_1,1,2625,"('sk', 'sk', 'sk')",amaneska,amaneska
90L_10NL,3,90L_10NL_3_1,1,1750,"('s', 's', 'sk')",amaneska,amaneska
90L_10NL,3,90L_10NL_3_1,1,1750,"('s', 's', 'sk')",amaneska,amaneska
90L_10NL,3,90L_10NL_3_1,1,1750,"('s', 's', 'sk')",amaneska,amaneska
90L_10NL,3,90L_10NL_3_1,1,1750,"('s', 's', 'sk')",amaneska,amaneska
90L_10NL,3,90L_10NL_3_1,1,5250,"('s', 'sk', 'sk')",amaneska,amaneska
90L_10NL,3,90L_10NL_3_1,1,5250,"('s', 'sk', 'sk')",amaneska,amaneska
90L_10NL,3,90L_10NL_3_1,1,5250,"('s', 'sk', 'sk')",amaneska,amaneska
90L_10NL,3,90L_10NL_3_1,1,5250,"('s', 'sk', 'sk')",amaneska,amaneska
90L_10NL,3,90L_10NL_3_1,1,5250,"('s', 'sk', 'sk')",amaneska,amaneska
90L_10NL,3,90L_10NL_3_1,1,5250,"('s', 'sk', 'sk')",amaneska,amaneska
90L_10NL,3,90L_10NL_3_1,1,1750,"('s', 's', 'sk')",amaneska,amaneska
90L_10NL,3,90L_10NL_3_1,1,1750,"('s', 's', 'sk')",amaneska,amaneska
90L_10NL,3,90L_10NL_3_1,1,1750,"('s', 's', 'sk')",amaneska,amaneska
90L_10NL,3,90L_10NL_3_1,1,5250,"('s', 'sk', 'sk')",amaneska,amaneska
90L_10NL,3,90L_10NL_3_1,1,5250,"('s', 'sk', 'sk')",amaneska,amaneska
90L_10NL,3,90L_10NL_3_1,1,5250,"('s', 'sk', 'sk')",amaneska,amaneska
90L_10NL,3,90L_10NL_3_1,1,5250,"('s', 'sk', 'sk')",amaneska,amaneska
90L_10NL,3,90L_10NL_3_1,1,5250,"('s', 'sk', 'sk')",amaneska,amaneska
90L_10NL,3,90L_10NL_3_1,1,5250,"('s', 'sk', 'sk')",amaneska,amaneska
90L_10NL,3,90L_10NL_3_1,1,1750,"('s', 's', 'sk')",amaneska,amaneska
90L_10NL,3,90L_10NL_3_1,1,1750,"('s', 's', 'sk')",amaneska,amaneska
90L_10NL,3,90L_10NL_3_1,1,5250,"('s', 'sk', 'sk')",amaneska,amaneska
90L_10NL,3,90L_10NL_3_1,1,5250,"('s', 'sk', 'sk')",amaneska,amaneska
90L_10NL,3,90L_10NL_3_1,1,5250,"('s', 'sk', 'sk')",amaneska,amaneska
90L_10NL,3,90L_10NL_3_1,1,5250,"('s', 'sk', 'sk')",amaneska,amaneska
90L_10NL,3,90L_10NL_3_1,1,5250,"('s', 'sk', 'sk')",amaneska,amaneska
90L_10NL,3,90L_10NL_3_1,1,5250,"('s', 'sk', 'sk')",amaneska,amaneska
90L_10NL,3,90L_10NL_3_1,1,1750,"('s', 's', 'sk')",amaneska,amaneska
90L_10NL,3,90L_10NL_3_1,1,5250,"('s', 'sk', 'sk')",amaneska,amaneska
90L_10NL,3,90L_10NL_3_1,1,5250,"('s', 'sk', 'sk')",amaneska,amaneska
90L_10NL,3,90L_10NL_3_1,1,5250,"('s', 'sk', 'sk')",amaneska,amaneska
90L_10NL,3,90L_10NL_3_1,1,5250,"('s', 'sk', 'sk')",amaneska,amaneska
90L_10NL,3,90L_10NL_3_1,1,5250,"('s', 'sk', 'sk')",amaneska,amaneska
90L_10NL,3,90L_10NL_3_1,1,5250,"('s', 'sk', 'sk')",amaneska,amaneska
90L_10NL,3,90L_10NL_3_1,1,5250,"('s', 'sk', 'sk')",amaneska,amaneska
90L_10NL,3,90L_10NL_3_1,1,5250,"('s', 'sk', 'sk')",amaneska,amaneska
90L_10NL,3,90L_10NL_3_1,1,5250,"('s', 'sk', 'sk')",amaneska,amaneska
90L_10NL,3,90L_10NL_3_1,1,5250,"('s', 'sk', 'sk')",amaneska,amaneska
90L_10NL,3,90L_10NL_3_1,1,5250,"('s', 'sk', 'sk')",amaneska,amaneska
90L_10NL,3,90L_10NL_3_1,1,5250,"('s', 'sk', 'sk')",amaneska,amaneska
90L_10NL,3,90L_10NL_3_1,1,2625,"('sk', 'sk', 'sk')",amaneska,amaneska
90L_10NL,3,90L_10NL_3_1,1,2625,"('sk', 'sk', 'sk')",amaneska,amaneska
90L_10NL,3,90L_10NL_3_1,1,2625,"('sk', 'sk', 'sk')",amaneska,amaneska
90L_10NL,3,90L_10NL_3_1,1,2625,"('sk', 'sk', 'sk')",amaneska,amaneska
90L_10NL,3,90L_10NL_3_1,1,2625,"('sk', 'sk', 'sk')",amaneska,amaneska
90L_10NL,3,90L_10NL_3_1,1,2625,"('sk', 'sk', 'sk')",amaneska,amaneska
90L_10NL,3,90L_10NL_3_1,1,2625,"('sk', 'sk', 'sk')",amaneska,amaneska
90L_10NL,3,90L_10NL_3_1,1,2625,"('sk', 'sk', 'sk')",amaneska,amaneska
90L_10NL,3,90L_10NL_3_1,1,2625,"('sk', 'sk', 'sk')",amaneska,amaneska
90L_10NL,3,90L_10NL_3_1,1,2625,"('sk', 'sk', 'sk')",amaneska,amaneska
90L_10NL,3,90L_10NL_3_1,1,2625,"('sk', 'sk', 'sk')",amaneska,amaneska
90L_10NL,3,90L_10NL_3_1,1,2625,"('sk', 'sk', 'sk')",amaneska,amaneska
90L_10NL,3,90L_10NL_3_1,1,2625,"('sk', 'sk', 'sk')",amaneska,amaneska
90L_10NL,3,90L_10NL_3_1,1,2625,"('sk', 'sk', 'sk')",amaneska,amaneska
90L_10NL,3,90L_10NL_3_1,1,2625,"('sk', 'sk', 'sk')",amaneska,amaneska
90L_10NL,3,90L_10NL_3_1,1,1750,"('s', 's', 'sk')",amanesko,amanesko
90L_10NL,3,90L_10NL_3_1,1,1750,"('s', 's', 'sk')",amanesko,amanesko
90L_10NL,3,90L_10NL_3_1,1,1750,"('s', 's', 'sk')",amanesko,amanesko
90L_10NL,3,90L_10NL_3_1,1,1750,"('s', 's', 'sk')",amanesko,amanesko
90L_10NL,3,90L_10NL_3_1,1,5250,"('s', 'sk', 'sk')",amanesko,amanesko
90L_10NL,3,90L_10NL_3_1,1,5250,"('s', 'sk', 'sk')",amanesko,amanesko
90L_10NL,3,90L_10NL_3_1,1,5250,"('s', 'sk', 'sk')",amanesko,amanesko
90L_10NL,3,90L_10NL_3_1,1,5250,"('s', 'sk', 'sk')",amanesko,amanesko
90L_10NL,3,90L_10NL_3_1,1,5250,"('s', 'sk', 'sk')",amanesko,amanesko
90L_10NL,3,90L_10NL_3_1,1,5250,"('s', 'sk', 'sk')",amanesko,amanesko
90L_10NL,3,90L_10NL_3_1,1,1750,"('s', 's', 'sk')",amanesko,amanesko
90L_10NL,3,90L_10NL_3_1,1,1750,"('s', 's', 'sk')",amanesko,amanesko
90L_10NL,3,90L_10NL_3_1,1,1750,"('s', 's', 'sk')",amanesko,amanesko
90L_10NL,3,90L_10NL_3_1,1,5250,"('s', 'sk', 'sk')",amanesko,amanesko
90L_10NL,3,90L_10NL_3_1,1,5250,"('s', 'sk', 'sk')",amanesko,amanesko
90L_10NL,3,90L_10NL_3_1,1,5250,"('s', 'sk', 'sk')",amanesko,amanesko
90L_10NL,3,90L_10NL_3_1,1,5250,"('s', 'sk', 'sk')",amanesko,amanesko
90L_10NL,3,90L_10NL_3_1,1,5250,"('s', 'sk', 'sk')",amanesko,amanesko
90L_10NL,3,90L_10NL_3_1,1,5250,"('s', 'sk', 'sk')",amanesko,amanesko
90L_10NL,3,90L_10NL_3_1,1,1750,"('s', 's', 'sk')",amanesko,amanesko
90L_10NL,3,90L_10NL_3_1,1,1750,"('s', 's', 'sk')",amanesko,amanesko
90L_10NL,3,90L_10NL_3_1,1,5250,"('s', 'sk', 'sk')",amanesko,amanesko
90L_10NL,3,90L_10NL_3_1,1,5250,"('s', 'sk', 'sk')",amanesko,amanesko
90L_10NL,3,90L_10NL_3_1,1,5250,"('s', 'sk', 'sk')",amanesko,amanesko
90L_10NL,3,90L_10NL_3_1,1,5250,"('s', 'sk', 'sk')",amanesko,amanesko
90L_10NL,3,90L_10NL_3_1,1,5250,"('s', 'sk', 'sk')",amanesko,amanesko
90L_10NL,3,90L_10NL_3_1,1,5250,"('s', 'sk', 'sk')",amanesko,amanesko
90L_10NL,3,90L_10NL_3_1,1,1750,"('s', 's', 'sk')",amanesko,amanesko
90L_10NL,3,90L_10NL_3_1,1,5250,"('s', 'sk', 'sk')",amanesko,amanesko
90L_10NL,3,90L_10NL_3_1,1,5250,"('s', 'sk', 'sk')",amanesko,amanesko
90L_10NL,3,90L_10NL_3_1,1,5250,"('s', 'sk', 'sk')",amanesko,amanesko
90L_10NL,3,90L_10NL_3_1,1,5250,"('s', 'sk', 'sk')",amanesko,amanesko
90L_10NL,3,90L_10NL_3_1,1,5250,"('s', 'sk', 'sk')",amanesko,amanesko
90L_10NL,3,90L_10NL_3_1,1,5250,"('s', 'sk', 'sk')",amanesko,amanesko
90L_10NL,3,90L_10NL_3_1,1,5250,"('s', 'sk', 'sk')",amanesko,amanesko
90L_10NL,3,90L_10NL_3_1,1,5250,"('s', 'sk', 'sk')",amanesko,amanesko
90L_10NL,3,90L_10NL_3_1,1,5250,"('s', 'sk', 'sk')",amanesko,amanesko
90L_10NL,3,90L_10NL_3_1,1,5250,"('s', 'sk', 'sk')",amanesko,amanesko
90L_10NL,3,90L_10NL_3_1,1,5250,"('s', 'sk', 'sk')",amanesko,amanesko
90L_10NL,3,90L_10NL_3_1,1,5250,"('s', 'sk', 'sk')",amanesko,amanesko
90L_10NL,3,90L_10NL_3_1,1,2625,"('sk', 'sk', 'sk')",amanesko,amanesko
90L_10NL,3,90L_10NL_3_1,1,2625,"('sk', 'sk', 'sk')",amanesko,amanesko
90L_10NL,3,90L_10NL_3_1,1,2625,"('sk', 'sk', 'sk')",amanesko,amanesko
90L_10NL,3,90L_10NL_3_1,1,2625,"('sk', 'sk', 'sk')",amanesko,amanesko
90L_10NL,3,90L_10NL_3_1,1,2625,"('sk', 'sk', 'sk')",amanesko,amanesko
90L_10NL,3,90L_10NL_3_1,1,2625,"('sk', 'sk', 'sk')",amanesko,amanesko
90L_10NL,3,90L_10NL_3_1,1,2625,"('sk', 'sk', 'sk')",amanesko,amanesko
90L_10NL,3,90L_10NL_3_1,1,2625,"('sk', 'sk', 'sk')",amanesko,amanesko
90L_10NL,3,90L_10NL_3_1,1,2625,"('sk', 'sk', 'sk')",amanesko,amanesko
90L_10NL,3,90L_10NL_3_1,1,2625,"('sk', 'sk', 'sk')",amanesko,amanesko
90L_10NL,3,90L_10NL_3_1,1,2625,"('sk', 'sk', 'sk')",amanesko,amanesko
90L_10NL,3,90L_10NL_3_1,1,2625,"('sk', 'sk', 'sk')",amanesko,amanesko
90L_10NL,3,90L_10NL_3_1,1,2625,"('sk', 'sk', 'sk')",amanesko,amanesko
90L_10NL,3,90L_10NL_3_1,1,2625,"('sk', 'sk', 'sk')",amanesko,amanesko
90L_10NL,3,90L_10NL_3_1,1,2625,"('sk', 'sk', 'sk')",amanesko,amanesko
90L_10NL,3,90L_10NL_3_1,1,30,"('ɾç', 'ɾç', 'ɾç')",emeɾçejs,emeɾçejs
90L_10NL,3,90L_10NL_3_1,1,30,"('ɾç', 'ɾç', 'ɾç')",emeɾçejs,emeɾçejs
90L_10NL,3,90L_10NL_3_1,1,30,"('ɾç', 'ɾç', 'ɾç')",emeɾçejs,emeɾçejs
90L_10NL,3,90L_10NL_3_1,1,140,"('ɾç', 'ɾx', 'ɾç')",emeɾçejs,emeɾçejs
90L_10NL,3,90L_10NL_3_1,1,140,"('ɾç', 'ɾx', 'ɾç')",emeɾçejs,emeɾçejs
90L_10NL,3,90L_10NL_3_1,1,140,"('ɾç', 'ɾx', 'ɾç')",emeɾçejs,emeɾçejs
90L_10NL,3,90L_10NL_3_1,1,140,"('ɾç', 'ɾx', 'ɾç')",emeɾçejs,emeɾçejs
90L_10NL,3,90L_10NL_3_1,1,140,"('ɾç', 'ɾx', 'ɾç')",emeɾçejs,emeɾçejs
90L_10NL,3,90L_10NL_3_1,1,140,"('ɾç', 'ɾx', 'ɾç')",emeɾçejs,emeɾçejs
90L_10NL,3,90L_10NL_3_1,1,140,"('ɾç', 'ɾx', 'ɾç')",emeɾçejs,emeɾçejs
90L_10NL,3,90L_10NL_3_1,1,30,"('ɾç', 'ɾç', 'ɾç')",emeɾçejs,emeɾçejs
90L_10NL,3,90L_10NL_3_1,1,30,"('ɾç', 'ɾç', 'ɾç')",emeɾçejs,emeɾçejs
90L_10NL,3,90L_10NL_3_1,1,140,"('ɾç', 'ɾx', 'ɾç')",emeɾçejs,emeɾçejs
90L_10NL,3,90L_10NL_3_1,1,140,"('ɾç', 'ɾx', 'ɾç')",emeɾçejs,emeɾçejs
90L_10NL,3,90L_10NL_3_1,1,140,"('ɾç', 'ɾx', 'ɾç')",emeɾçejs,emeɾçejs
90L_10NL,3,90L_10NL_3_1,1,140,"('ɾç', 'ɾx', 'ɾç')",emeɾçejs,emeɾçejs
90L_10NL,3,90L_10NL_3_1,1,140,"('ɾç', 'ɾx', 'ɾç')",emeɾçejs,emeɾçejs
90L_10NL,3,90L_10NL_3_1,1,140,"('ɾç', 'ɾx', 'ɾç')",emeɾçejs,emeɾçejs
90L_10NL,3,90L_10NL_3_1,1,140,"('ɾç', 'ɾx', 'ɾç')",emeɾçejs,emeɾçejs
90L_10NL,3,90L_10NL_3_1,1,30,"('ɾç', 'ɾç', 'ɾç')",emeɾçejs,emeɾçejs
90L_10NL,3,90L_10NL_3_1,1,140,"('ɾç', 'ɾx', 'ɾç')",emeɾçejs,emeɾçejs
90L_10NL,3,90L_10NL_3_1,1,140,"('ɾç', 'ɾx', 'ɾç')",emeɾçejs,emeɾçejs
90L_10NL,3,90L_10NL_3_1,1,140,"('ɾç', 'ɾx', 'ɾç')",emeɾçejs,emeɾçejs
90L_10NL,3,90L_10NL_3_1,1,140,"('ɾç', 'ɾx', 'ɾç')",emeɾçejs,emeɾçejs
90L_10NL,3,90L_10NL_3_1,1,140,"('ɾç', 'ɾx', 'ɾç')",emeɾçejs,emeɾçejs
90L_10NL,3,90L_10NL_3_1,1,140,"('ɾç', 'ɾx', 'ɾç')",emeɾçejs,emeɾçejs
90L_10NL,3,90L_10NL_3_1,1,140,"('ɾç', 'ɾx', 'ɾç')",emeɾçejs,emeɾçejs
90L_10NL,3,90L_10NL_3_1,1,140,"('ɾç', 'ɾx', 'ɾç')",emeɾçejs,emeɾçejs
90L_10NL,3,90L_10NL_3_1,1,140,"('ɾç', 'ɾx', 'ɾç')",emeɾçejs,emeɾçejs
90L_10NL,3,90L_10NL_3_1,1,140,"('ɾç', 'ɾx', 'ɾç')",emeɾçejs,emeɾçejs
90L_10NL,3,90L_10NL_3_1,1,140,"('ɾç', 'ɾx', 'ɾç')",emeɾçejs,emeɾçejs
90L_10NL,3,90L_10NL_3_1,1,140,"('ɾç', 'ɾx', 'ɾç')",emeɾçejs,emeɾçejs
90L_10NL,3,90L_10NL_3_1,1,140,"('ɾç', 'ɾx', 'ɾç')",emeɾçejs,emeɾçejs
90L_10NL,3,90L_10NL_3_1,1,140,"('ɾç', 'ɾx', 'ɾç')",emeɾçejs,emeɾçejs
90L_10NL,3,90L_10NL_3_1,1,105,"('ɾx', 'ɾx', 'ɾç')",emeɾçejs,emeɾçejs
90L_10NL,3,90L_10NL_3_1,1,105,"('ɾx', 'ɾx', 'ɾç')",emeɾçejs,emeɾçejs
90L_10NL,3,90L_10NL_3_1,1,105,"('ɾx', 'ɾx', 'ɾç')",emeɾçejs,emeɾçejs
90L_10NL,3,90L_10NL_3_1,1,105,"('ɾx', 'ɾx', 'ɾç')",emeɾçejs,emeɾçejs
90L_10NL,3,90L_10NL_3_1,1,105,"('ɾx', 'ɾx', 'ɾç')",emeɾçejs,emeɾçejs
90L_10NL,3,90L_10NL_3_1,1,105,"('ɾx', 'ɾx', 'ɾç')",emeɾçejs,emeɾçejs
90L_10NL,3,90L_10NL_3_1,1,105,"('ɾx', 'ɾx', 'ɾç')",emeɾçejs,emeɾçejs
90L_10NL,3,90L_10NL_3_1,1,105,"('ɾx', 'ɾx', 'ɾç')",emeɾçejs,emeɾçejs
90L_10NL,3,90L_10NL_3_1,1,105,"('ɾx', 'ɾx', 'ɾç')",emeɾçejs,emeɾçejs
90L_10NL,3,90L_10NL_3_1,1,105,"('ɾx', 'ɾx', 'ɾç')",emeɾçejs,emeɾçejs
90L_10NL,3,90L_10NL_3_1,1,105,"('ɾx', 'ɾx', 'ɾç')",emeɾçejs,emeɾçejs
90L_10NL,3,90L_10NL_3_1,1,105,"('ɾx', 'ɾx', 'ɾç')",emeɾçejs,emeɾçejs
90L_10NL,3,90L_10NL_3_1,1,105,"('ɾx', 'ɾx', 'ɾç')",emeɾçejs,emeɾçejs
90L_10NL,3,90L_10NL_3_1,1,105,"('ɾx', 'ɾx', 'ɾç')",emeɾçejs,emeɾçejs
90L_10NL,3,90L_10NL_3_1,1,105,"('ɾx', 'ɾx', 'ɾç')",emeɾçejs,emeɾçejs
90L_10NL,3,90L_10NL_3_1,1,105,"('ɾx', 'ɾx', 'ɾç')",emeɾçejs,emeɾçejs
90L_10NL,3,90L_10NL_3_1,1,105,"('ɾx', 'ɾx', 'ɾç')",emeɾçejs,emeɾçejs
90L_10NL,3,90L_10NL_3_1,1,105,"('ɾx', 'ɾx', 'ɾç')",emeɾçejs,emeɾçejs
90L_10NL,3,90L_10NL_3_1,1,105,"('ɾx', 'ɾx', 'ɾç')",emeɾçejs,emeɾçejs
90L_10NL,3,90L_10NL_3_1,1,105,"('ɾx', 'ɾx', 'ɾç')",emeɾçejs,emeɾçejs
90L_10NL,3,90L_10NL_3_1,1,105,"('ɾx', 'ɾx', 'ɾç')",emeɾçejs,emeɾçejs
90L_10NL,3,90L_10NL_3_1,1,30,"('ɾç', 'ɾç', 'ɾç')",emeɾçemos,emeɾçemos
90L_10NL,3,90L_10NL_3_1,1,30,"('ɾç', 'ɾç', 'ɾç')",emeɾçemos,emeɾçemos
90L_10NL,3,90L_10NL_3_1,1,30,"('ɾç', 'ɾç', 'ɾç')",emeɾçemos,emeɾçemos
90L_10NL,3,90L_10NL_3_1,1,140,"('ɾç', 'ɾx', 'ɾç')",emeɾçemos,emeɾçemos
90L_10NL,3,90L_10NL_3_1,1,140,"('ɾç', 'ɾx', 'ɾç')",emeɾçemos,emeɾçemos
90L_10NL,3,90L_10NL_3_1,1,140,"('ɾç', 'ɾx', 'ɾç')",emeɾçemos,emeɾçemos
90L_10NL,3,90L_10NL_3_1,1,140,"('ɾç', 'ɾx', 'ɾç')",emeɾçemos,emeɾçemos
90L_10NL,3,90L_10NL_3_1,1,140,"('ɾç', 'ɾx', 'ɾç')",emeɾçemos,emeɾçemos
90L_10NL,3,90L_10NL_3_1,1,140,"('ɾç', 'ɾx', 'ɾç')",emeɾçemos,emeɾçemos
90L_10NL,3,90L_10NL_3_1,1,140,"('ɾç', 'ɾx', 'ɾç')",emeɾçemos,emeɾçemos
90L_10NL,3,90L_10NL_3_1,1,30,"('ɾç', 'ɾç', 'ɾç')",emeɾçemos,emeɾçemos
90L_10NL,3,90L_10NL_3_1,1,30,"('ɾç', 'ɾç', 'ɾç')",emeɾçemos,emeɾçemos
90L_10NL,3,90L_10NL_3_1,1,140,"('ɾç', 'ɾx', 'ɾç')",emeɾçemos,emeɾçemos
90L_10NL,3,90L_10NL_3_1,1,140,"('ɾç', 'ɾx', 'ɾç')",emeɾçemos,emeɾçemos
90L_10NL,3,90L_10NL_3_1,1,140,"('ɾç', 'ɾx', 'ɾç')",emeɾçemos,emeɾçemos
90L_10NL,3,90L_10NL_3_1,1,140,"('ɾç', 'ɾx', 'ɾç')",emeɾçemos,emeɾçemos
90L_10NL,3,90L_10NL_3_1,1,140,"('ɾç', 'ɾx', 'ɾç')",emeɾçemos,emeɾçemos
90L_10NL,3,90L_10NL_3_1,1,140,"('ɾç', 'ɾx', 'ɾç')",emeɾçemos,emeɾçemos
90L_10NL,3,90L_10NL_3_1,1,140,"('ɾç', 'ɾx', 'ɾç')",emeɾçemos,emeɾçemos
90L_10NL,3,90L_10NL_3_1,1,30,"('ɾç', 'ɾç', 'ɾç')",emeɾçemos,emeɾçemos
90L_10NL,3,90L_10NL_3_1,1,140,"('ɾç', 'ɾx', 'ɾç')",emeɾçemos,emeɾçemos
90L_10NL,3,90L_10NL_3_1,1,140,"('ɾç', 'ɾx', 'ɾç')",emeɾçemos,emeɾçemos
90L_10NL,3,90L_10NL_3_1,1,140,"('ɾç', 'ɾx', 'ɾç')",emeɾçemos,emeɾçemos
90L_10NL,3,90L_10NL_3_1,1,140,"('ɾç', 'ɾx', 'ɾç')",emeɾçemos,emeɾçemos
90L_10NL,3,90L_10NL_3_1,1,140,"('ɾç', 'ɾx', 'ɾç')",emeɾçemos,emeɾçemos
90L_10NL,3,90L_10NL_3_1,1,140,"('ɾç', 'ɾx', 'ɾç')",emeɾçemos,emeɾçemos
90L_10NL,3,90L_10NL_3_1,1,140,"('ɾç', 'ɾx', 'ɾç')",emeɾçemos,emeɾçemos
90L_10NL,3,90L_10NL_3_1,1,140,"('ɾç', 'ɾx', 'ɾç')",emeɾçemos,emeɾçemos
90L_10NL,3,90L_10NL_3_1,1,140,"('ɾç', 'ɾx', 'ɾç')",emeɾçemos,emeɾçemos
90L_10NL,3,90L_10NL_3_1,1,140,"('ɾç', 'ɾx', 'ɾç')",emeɾçemos,emeɾçemos
90L_10NL,3,90L_10NL_3_1,1,140,"('ɾç', 'ɾx', 'ɾç')",emeɾçemos,emeɾçemos
90L_10NL,3,90L_10NL_3_1,1,140,"('ɾç', 'ɾx', 'ɾç')",emeɾçemos,emeɾçemos
90L_10NL,3,90L_10NL_3_1,1,140,"('ɾç', 'ɾx', 'ɾç')",emeɾçemos,emeɾçemos
90L_10NL,3,90L_10NL_3_1,1,140,"('ɾç', 'ɾx', 'ɾç')",emeɾçemos,emeɾçemos
90L_10NL,3,90L_10NL_3_1,1,105,"('ɾx', 'ɾx', 'ɾç')",emeɾçemos,emeɾçemos
90L_10NL,3,90L_10NL_3_1,1,105,"('ɾx', 'ɾx', 'ɾç')",emeɾçemos,emeɾçemos
90L_10NL,3,90L_10NL_3_1,1,105,"('ɾx', 'ɾx', 'ɾç')",emeɾçemos,emeɾçemos
90L_10NL,3,90L_10NL_3_1,1,105,"('ɾx', 'ɾx', 'ɾç')",emeɾçemos,emeɾçemos
90L_10NL,3,90L_10NL_3_1,1,105,"('ɾx', 'ɾx', 'ɾç')",emeɾçemos,emeɾçemos
90L_10NL,3,90L_10NL_3_1,1,105,"('ɾx', 'ɾx', 'ɾç')",emeɾçemos,emeɾçemos
90L_10NL,3,90L_10NL_3_1,1,105,"('ɾx', 'ɾx', 'ɾç')",emeɾçemos,emeɾçemos
90L_10NL,3,90L_10NL_3_1,1,105,"('ɾx', 'ɾx', 'ɾç')",emeɾçemos,emeɾçemos
90L_10NL,3,90L_10NL_3_1,1,105,"('ɾx', 'ɾx', 'ɾç')",emeɾçemos,emeɾçemos
90L_10NL,3,90L_10NL_3_1,1,105,"('ɾx', 'ɾx', 'ɾç')",emeɾçemos,emeɾçemos
90L_10NL,3,90L_10NL_3_1,1,105,"('ɾx', 'ɾx', 'ɾç')",emeɾçemos,emeɾçemos
90L_10NL,3,90L_10NL_3_1,1,105,"('ɾx', 'ɾx', 'ɾç')",emeɾçemos,emeɾçemos
90L_10NL,3,90L_10NL_3_1,1,105,"('ɾx', 'ɾx', 'ɾç')",emeɾçemos,emeɾçemos
90L_10NL,3,90L_10NL_3_1,1,105,"('ɾx', 'ɾx', 'ɾç')",emeɾçemos,emeɾçemos
90L_10NL,3,90L_10NL_3_1,1,105,"('ɾx', 'ɾx', 'ɾç')",emeɾçemos,emeɾçemos
90L_10NL,3,90L_10NL_3_1,1,105,"('ɾx', 'ɾx', 'ɾç')",emeɾçemos,emeɾçemos
90L_10NL,3,90L_10NL_3_1,1,105,"('ɾx', 'ɾx', 'ɾç')",emeɾçemos,emeɾçemos
90L_10NL,3,90L_10NL_3_1,1,105,"('ɾx', 'ɾx', 'ɾç')",emeɾçemos,emeɾçemos
90L_10NL,3,90L_10NL_3_1,1,105,"('ɾx', 'ɾx', 'ɾç')",emeɾçemos,emeɾçemos
90L_10NL,3,90L_10NL_3_1,1,105,"('ɾx', 'ɾx', 'ɾç')",emeɾçemos,emeɾçemos
90L_10NL,3,90L_10NL_3_1,1,105,"('ɾx', 'ɾx', 'ɾç')",emeɾçemos,emeɾçemos
90L_10NL,3,90L_10NL_3_1,1,30,"('ɾç', 'ɾç', 'ɾç')",emeɾçen,emeɾçen
90L_10NL,3,90L_10NL_3_1,1,30,"('ɾç', 'ɾç', 'ɾç')",emeɾçen,emeɾçen
90L_10NL,3,90L_10NL_3_1,1,30,"('ɾç', 'ɾç', 'ɾç')",emeɾçen,emeɾçen
90L_10NL,3,90L_10NL_3_1,1,140,"('ɾç', 'ɾx', 'ɾç')",emeɾçen,emeɾçen
90L_10NL,3,90L_10NL_3_1,1,140,"('ɾç', 'ɾx', 'ɾç')",emeɾçen,emeɾçen
90L_10NL,3,90L_10NL_3_1,1,140,"('ɾç', 'ɾx', 'ɾç')",emeɾçen,emeɾçen
90L_10NL,3,90L_10NL_3_1,1,140,"('ɾç', 'ɾx', 'ɾç')",emeɾçen,emeɾçen
90L_10NL,3,90L_10NL_3_1,1,140,"('ɾç', 'ɾx', 'ɾç')",emeɾçen,emeɾçen
90L_10NL,3,90L_10NL_3_1,1,140,"('ɾç', 'ɾx', 'ɾç')",emeɾçen,emeɾçen
90L_10NL,3,90L_10NL_3_1,1,140,"('ɾç', 'ɾx', 'ɾç')",emeɾçen,emeɾçen
90L_10NL,3,90L_10NL_3_1,1,30,"('ɾç', 'ɾç', 'ɾç')",emeɾçen,emeɾçen
90L_10NL,3,90L_10NL_3_1,1,30,"('ɾç', 'ɾç', 'ɾç')",emeɾçen,emeɾçen
90L_10NL,3,90L_10NL_3_1,1,140,"('ɾç', 'ɾx', 'ɾç')",emeɾçen,emeɾçen
90L_10NL,3,90L_10NL_3_1,1,140,"('ɾç', 'ɾx', 'ɾç')",emeɾçen,emeɾçen
90L_10NL,3,90L_10NL_3_1,1,140,"('ɾç', 'ɾx', 'ɾç')",emeɾçen,emeɾçen
90L_10NL,3,90L_10NL_3_1,1,140,"('ɾç', 'ɾx', 'ɾç')",emeɾçen,emeɾçen
90L_10NL,3,90L_10NL_3_1,1,140,"('ɾç', 'ɾx', 'ɾç')",emeɾçen,emeɾçen
90L_10NL,3,90L_10NL_3_1,1,140,"('ɾç', 'ɾx', 'ɾç')",emeɾçen,emeɾçen
90L_10NL,3,90L_10NL_3_1,1,140,"('ɾç', 'ɾx', 'ɾç')",emeɾçen,emeɾçen
90L_10NL,3,90L_10NL_3_1,1,30,"('ɾç', 'ɾç', 'ɾç')",emeɾçen,emeɾçen
90L_10NL,3,90L_10NL_3_1,1,140,"('ɾç', 'ɾx', 'ɾç')",emeɾçen,emeɾçen
90L_10NL,3,90L_10NL_3_1,1,140,"('ɾç', 'ɾx', 'ɾç')",emeɾçen,emeɾçen
90L_10NL,3,90L_10NL_3_1,1,140,"('ɾç', 'ɾx', 'ɾç')",emeɾçen,emeɾçen
90L_10NL,3,90L_10NL_3_1,1,140,"('ɾç', 'ɾx', 'ɾç')",emeɾçen,emeɾçen
90L_10NL,3,90L_10NL_3_1,1,140,"('ɾç', 'ɾx', 'ɾç')",emeɾçen,emeɾçen
90L_10NL,3,90L_10NL_3_1,1,140,"('ɾç', 'ɾx', 'ɾç')",emeɾçen,emeɾçen
90L_10NL,3,90L_10NL_3_1,1,140,"('ɾç', 'ɾx', 'ɾç')",emeɾçen,emeɾçen
90L_10NL,3,90L_10NL_3_1,1,140,"('ɾç', 'ɾx', 'ɾç')",emeɾçen,emeɾçen
90L_10NL,3,90L_10NL_3_1,1,140,"('ɾç', 'ɾx', 'ɾç')",emeɾçen,emeɾçen
90L_10NL,3,90L_10NL_3_1,1,140,"('ɾç', 'ɾx', 'ɾç')",emeɾçen,emeɾçen
90L_10NL,3,90L_10NL_3_1,1,140,"('ɾç', 'ɾx', 'ɾç')",emeɾçen,emeɾçen
90L_10NL,3,90L_10NL_3_1,1,140,"('ɾç', 'ɾx', 'ɾç')",emeɾçen,emeɾçen
90L_10NL,3,90L_10NL_3_1,1,140,"('ɾç', 'ɾx', 'ɾç')",emeɾçen,emeɾçen
90L_10NL,3,90L_10NL_3_1,1,140,"('ɾç', 'ɾx', 'ɾç')",emeɾçen,emeɾçen
90L_10NL,3,90L_10NL_3_1,1,105,"('ɾx', 'ɾx', 'ɾç')",emeɾçen,emeɾçen
90L_10NL,3,90L_10NL_3_1,1,105,"('ɾx', 'ɾx', 'ɾç')",emeɾçen,emeɾçen
90L_10NL,3,90L_10NL_3_1,1,105,"('ɾx', 'ɾx', 'ɾç')",emeɾçen,emeɾçen
90L_10NL,3,90L_10NL_3_1,1,105,"('ɾx', 'ɾx', 'ɾç')",emeɾçen,emeɾçen
90L_10NL,3,90L_10NL_3_1,1,105,"('ɾx', 'ɾx', 'ɾç')",emeɾçen,emeɾçen
90L_10NL,3,90L_10NL_3_1,1,105,"('ɾx', 'ɾx', 'ɾç')",emeɾçen,emeɾçen
90L_10NL,3,90L_10NL_3_1,1,105,"('ɾx', 'ɾx', 'ɾç')",emeɾçen,emeɾçen
90L_10NL,3,90L_10NL_3_1,1,105,"('ɾx', 'ɾx', 'ɾç')",emeɾçen,emeɾçen
90L_10NL,3,90L_10NL_3_1,1,105,"('ɾx', 'ɾx', 'ɾç')",emeɾçen,emeɾçen
90L_10NL,3,90L_10NL_3_1,1,105,"('ɾx', 'ɾx', 'ɾç')",emeɾçen,emeɾçen
90L_10NL,3,90L_10NL_3_1,1,105,"('ɾx', 'ɾx', 'ɾç')",emeɾçen,emeɾçen
90L_10NL,3,90L_10NL_3_1,1,105,"('ɾx', 'ɾx', 'ɾç')",emeɾçen,emeɾçen
90L_10NL,3,90L_10NL_3_1,1,105,"('ɾx', 'ɾx', 'ɾç')",emeɾçen,emeɾçen
90L_10NL,3,90L_10NL_3_1,1,105,"('ɾx', 'ɾx', 'ɾç')",emeɾçen,emeɾçen
90L_10NL,3,90L_10NL_3_1,1,105,"('ɾx', 'ɾx', 'ɾç')",emeɾçen,emeɾçen
90L_10NL,3,90L_10NL_3_1,1,105,"('ɾx', 'ɾx', 'ɾç')",emeɾçen,emeɾçen
90L_10NL,3,90L_10NL_3_1,1,105,"('ɾx', 'ɾx', 'ɾç')",emeɾçen,emeɾçen
90L_10NL,3,90L_10NL_3_1,1,105,"('ɾx', 'ɾx', 'ɾç')",emeɾçen,emeɾçen
90L_10NL,3,90L_10NL_3_1,1,105,"('ɾx', 'ɾx', 'ɾç')",emeɾçen,emeɾçen
90L_10NL,3,90L_10NL_3_1,1,105,"('ɾx', 'ɾx', 'ɾç')",emeɾçen,emeɾçen
90L_10NL,3,90L_10NL_3_1,1,105,"('ɾx', 'ɾx', 'ɾç')",emeɾçen,emeɾçen
90L_10NL,3,90L_10NL_3_1,1,30,"('ɾç', 'ɾç', 'ɾç')",emeɾçes,emeɾçes
90L_10NL,3,90L_10NL_3_1,1,30,"('ɾç', 'ɾç', 'ɾç')",emeɾçes,emeɾçes
90L_10NL,3,90L_10NL_3_1,1,30,"('ɾç', 'ɾç', 'ɾç')",emeɾçes,emeɾçes
90L_10NL,3,90L_10NL_3_1,1,140,"('ɾç', 'ɾx', 'ɾç')",emeɾçes,emeɾçes
90L_10NL,3,90L_10NL_3_1,1,140,"('ɾç', 'ɾx', 'ɾç')",emeɾçes,emeɾçes
90L_10NL,3,90L_10NL_3_1,1,140,"('ɾç', 'ɾx', 'ɾç')",emeɾçes,emeɾçes
90L_10NL,3,90L_10NL_3_1,1,140,"('ɾç', 'ɾx', 'ɾç')",emeɾçes,emeɾçes
90L_10NL,3,90L_10NL_3_1,1,140,"('ɾç', 'ɾx', 'ɾç')",emeɾçes,emeɾçes
90L_10NL,3,90L_10NL_3_1,1,140,"('ɾç', 'ɾx', 'ɾç')",emeɾçes,emeɾçes
90L_10NL,3,90L_10NL_3_1,1,140,"('ɾç', 'ɾx', 'ɾç')",emeɾçes,emeɾçes
90L_10NL,3,90L_10NL_3_1,1,30,"('ɾç', 'ɾç', 'ɾç')",emeɾçes,emeɾçes
90L_10NL,3,90L_10NL_3_1,1,30,"('ɾç', 'ɾç', 'ɾç')",emeɾçes,emeɾçes
90L_10NL,3,90L_10NL_3_1,1,140,"('ɾç', 'ɾx', 'ɾç')",emeɾçes,emeɾçes
90L_10NL,3,90L_10NL_3_1,1,140,"('ɾç', 'ɾx', 'ɾç')",emeɾçes,emeɾçes
90L_10NL,3,90L_10NL_3_1,1,140,"('ɾç', 'ɾx', 'ɾç')",emeɾçes,emeɾçes
90L_10NL,3,90L_10NL_3_1,1,140,"('ɾç', 'ɾx', 'ɾç')",emeɾçes,emeɾçes
90L_10NL,3,90L_10NL_3_1,1,140,"('ɾç', 'ɾx', 'ɾç')",emeɾçes,emeɾçes
90L_10NL,3,90L_10NL_3_1,1,140,"('ɾç', 'ɾx', 'ɾç')",emeɾçes,emeɾçes
90L_10NL,3,90L_10NL_3_1,1,140,"('ɾç', 'ɾx', 'ɾç')",emeɾçes,emeɾçes
90L_10NL,3,90L_10NL_3_1,1,30,"('ɾç', 'ɾç', 'ɾç')",emeɾçes,emeɾçes
90L_10NL,3,90L_10NL_3_1,1,140,"('ɾç', 'ɾx', 'ɾç')",emeɾçes,emeɾçes
90L_10NL,3,90L_10NL_3_1,1,140,"('ɾç', 'ɾx', 'ɾç')",emeɾçes,emeɾçes
90L_10NL,3,90L_10NL_3_1,1,140,"('ɾç', 'ɾx', 'ɾç')",emeɾçes,emeɾçes
90L_10NL,3,90L_10NL_3_1,1,140,"('ɾç', 'ɾx', 'ɾç')",emeɾçes,emeɾçes
90L_10NL,3,90L_10NL_3_1,1,140,"('ɾç', 'ɾx', 'ɾç')",emeɾçes,emeɾçes
90L_10NL,3,90L_10NL_3_1,1,140,"('ɾç', 'ɾx', 'ɾç')",emeɾçes,emeɾçes
90L_10NL,3,90L_10NL_3_1,1,140,"('ɾç', 'ɾx', 'ɾç')",emeɾçes,emeɾçes
90L_10NL,3,90L_10NL_3_1,1,140,"('ɾç', 'ɾx', 'ɾç')",emeɾçes,emeɾçes
90L_10NL,3,90L_10NL_3_1,1,140,"('ɾç', 'ɾx', 'ɾç')",emeɾçes,emeɾçes
90L_10NL,3,90L_10NL_3_1,1,140,"('ɾç', 'ɾx', 'ɾç')",emeɾçes,emeɾçes
90L_10NL,3,90L_10NL_3_1,1,140,"('ɾç', 'ɾx', 'ɾç')",emeɾçes,emeɾçes
90L_10NL,3,90L_10NL_3_1,1,140,"('ɾç', 'ɾx', 'ɾç')",emeɾçes,emeɾçes
90L_10NL,3,90L_10NL_3_1,1,140,"('ɾç', 'ɾx', 'ɾç')",emeɾçes,emeɾçes
90L_10NL,3,90L_10NL_3_1,1,140,"('ɾç', 'ɾx', 'ɾç')",emeɾçes,emeɾçes
90L_10NL,3,90L_10NL_3_1,1,105,"('ɾx', 'ɾx', 'ɾç')",emeɾçes,emeɾçes
90L_10NL,3,90L_10NL_3_1,1,105,"('ɾx', 'ɾx', 'ɾç')",emeɾçes,emeɾçes
90L_10NL,3,90L_10NL_3_1,1,105,"('ɾx', 'ɾx', 'ɾç')",emeɾçes,emeɾçes
90L_10NL,3,90L_10NL_3_1,1,105,"('ɾx', 'ɾx', 'ɾç')",emeɾçes,emeɾçes
90L_10NL,3,90L_10NL_3_1,1,105,"('ɾx', 'ɾx', 'ɾç')",emeɾçes,emeɾçes
90L_10NL,3,90L_10NL_3_1,1,105,"('ɾx', 'ɾx', 'ɾç')",emeɾçes,emeɾçes
90L_10NL,3,90L_10NL_3_1,1,105,"('ɾx', 'ɾx', 'ɾç')",emeɾçes,emeɾçes
90L_10NL,3,90L_10NL_3_1,1,105,"('ɾx', 'ɾx', 'ɾç')",emeɾçes,emeɾçes
90L_10NL,3,90L_10NL_3_1,1,105,"('ɾx', 'ɾx', 'ɾç')",emeɾçes,emeɾçes
90L_10NL,3,90L_10NL_3_1,1,105,"('ɾx', 'ɾx', 'ɾç')",emeɾçes,emeɾçes
90L_10NL,3,90L_10NL_3_1,1,105,"('ɾx', 'ɾx', 'ɾç')",emeɾçes,emeɾçes
90L_10NL,3,90L_10NL_3_1,1,105,"('ɾx', 'ɾx', 'ɾç')",emeɾçes,emeɾçes
90L_10NL,3,90L_10NL_3_1,1,105,"('ɾx', 'ɾx', 'ɾç')",emeɾçes,emeɾçes
90L_10NL,3,90L_10NL_3_1,1,105,"('ɾx', 'ɾx', 'ɾç')",emeɾçes,emeɾçes
90L_10NL,3,90L_10NL_3_1,1,105,"('ɾx', 'ɾx', 'ɾç')",emeɾçes,emeɾçes
90L_10NL,3,90L_10NL_3_1,1,105,"('ɾx', 'ɾx', 'ɾç')",emeɾçes,emeɾçes
90L_10NL,3,90L_10NL_3_1,1,105,"('ɾx', 'ɾx', 'ɾç')",emeɾçes,emeɾçes
90L_10NL,3,90L_10NL_3_1,1,105,"('ɾx', 'ɾx', 'ɾç')",emeɾçes,emeɾçes
90L_10NL,3,90L_10NL_3_1,1,105,"('ɾx', 'ɾx', 'ɾç')",emeɾçes,emeɾçes
90L_10NL,3,90L_10NL_3_1,1,105,"('ɾx', 'ɾx', 'ɾç')",emeɾçes,emeɾçes
90L_10NL,3,90L_10NL_3_1,1,105,"('ɾx', 'ɾx', 'ɾç')",emeɾçes,emeɾçes
90L_10NL,3,90L_10NL_3_1,1,30,"('ɾç', 'ɾç', 'ɾç')",emeɾçe,emeɾçe
90L_10NL,3,90L_10NL_3_1,1,30,"('ɾç', 'ɾç', 'ɾç')",emeɾçe,emeɾçe
90L_10NL,3,90L_10NL_3_1,1,30,"('ɾç', 'ɾç', 'ɾç')",emeɾçe,emeɾçe
90L_10NL,3,90L_10NL_3_1,1,140,"('ɾç', 'ɾx', 'ɾç')",emeɾçe,emeɾçe
90L_10NL,3,90L_10NL_3_1,1,140,"('ɾç', 'ɾx', 'ɾç')",emeɾçe,emeɾçe
90L_10NL,3,90L_10NL_3_1,1,140,"('ɾç', 'ɾx', 'ɾç')",emeɾçe,emeɾçe
90L_10NL,3,90L_10NL_3_1,1,140,"('ɾç', 'ɾx', 'ɾç')",emeɾçe,emeɾçe
90L_10NL,3,90L_10NL_3_1,1,140,"('ɾç', 'ɾx', 'ɾç')",emeɾçe,emeɾçe
90L_10NL,3,90L_10NL_3_1,1,140,"('ɾç', 'ɾx', 'ɾç')",emeɾçe,emeɾçe
90L_10NL,3,90L_10NL_3_1,1,140,"('ɾç', 'ɾx', 'ɾç')",emeɾçe,emeɾçe
90L_10NL,3,90L_10NL_3_1,1,30,"('ɾç', 'ɾç', 'ɾç')",emeɾçe,emeɾçe
90L_10NL,3,90L_10NL_3_1,1,30,"('ɾç', 'ɾç', 'ɾç')",emeɾçe,emeɾçe
90L_10NL,3,90L_10NL_3_1,1,140,"('ɾç', 'ɾx', 'ɾç')",emeɾçe,emeɾçe
90L_10NL,3,90L_10NL_3_1,1,140,"('ɾç', 'ɾx', 'ɾç')",emeɾçe,emeɾçe
90L_10NL,3,90L_10NL_3_1,1,140,"('ɾç', 'ɾx', 'ɾç')",emeɾçe,emeɾçe
90L_10NL,3,90L_10NL_3_1,1,140,"('ɾç', 'ɾx', 'ɾç')",emeɾçe,emeɾçe
90L_10NL,3,90L_10NL_3_1,1,140,"('ɾç', 'ɾx', 'ɾç')",emeɾçe,emeɾçe
90L_10NL,3,90L_10NL_3_1,1,140,"('ɾç', 'ɾx', 'ɾç')",emeɾçe,emeɾçe
90L_10NL,3,90L_10NL_3_1,1,140,"('ɾç', 'ɾx', 'ɾç')",emeɾçe,emeɾçe
90L_10NL,3,90L_10NL_3_1,1,30,"('ɾç', 'ɾç', 'ɾç')",emeɾçe,emeɾçe
90L_10NL,3,90L_10NL_3_1,1,140,"('ɾç', 'ɾx', 'ɾç')",emeɾçe,emeɾçe
90L_10NL,3,90L_10NL_3_1,1,140,"('ɾç', 'ɾx', 'ɾç')",emeɾçe,emeɾçe
90L_10NL,3,90L_10NL_3_1,1,140,"('ɾç', 'ɾx', 'ɾç')",emeɾçe,emeɾçe
90L_10NL,3,90L_10NL_3_1,1,140,"('ɾç', 'ɾx', 'ɾç')",emeɾçe,emeɾçe
90L_10NL,3,90L_10NL_3_1,1,140,"('ɾç', 'ɾx', 'ɾç')",emeɾçe,emeɾçe
90L_10NL,3,90L_10NL_3_1,1,140,"('ɾç', 'ɾx', 'ɾç')",emeɾçe,emeɾçe
90L_10NL,3,90L_10NL_3_1,1,140,"('ɾç', 'ɾx', 'ɾç')",emeɾçe,emeɾçe
90L_10NL,3,90L_10NL_3_1,1,140,"('ɾç', 'ɾx', 'ɾç')",emeɾçe,emeɾçe
90L_10NL,3,90L_10NL_3_1,1,140,"('ɾç', 'ɾx', 'ɾç')",emeɾçe,emeɾçe
90L_10NL,3,90L_10NL_3_1,1,140,"('ɾç', 'ɾx', 'ɾç')",emeɾçe,emeɾçe
90L_10NL,3,90L_10NL_3_1,1,140,"('ɾç', 'ɾx', 'ɾç')",emeɾçe,emeɾçe
90L_10NL,3,90L_10NL_3_1,1,140,"('ɾç', 'ɾx', 'ɾç')",emeɾçe,emeɾçe
90L_10NL,3,90L_10NL_3_1,1,140,"('ɾç', 'ɾx', 'ɾç')",emeɾçe,emeɾçe
90L_10NL,3,90L_10NL_3_1,1,140,"('ɾç', 'ɾx', 'ɾç')",emeɾçe,emeɾçe
90L_10NL,3,90L_10NL_3_1,1,105,"('ɾx', 'ɾx', 'ɾç')",emeɾçe,emeɾçe
90L_10NL,3,90L_10NL_3_1,1,105,"('ɾx', 'ɾx', 'ɾç')",emeɾçe,emeɾçe
90L_10NL,3,90L_10NL_3_1,1,105,"('ɾx', 'ɾx', 'ɾç')",emeɾçe,emeɾçe
90L_10NL,3,90L_10NL_3_1,1,105,"('ɾx', 'ɾx', 'ɾç')",emeɾçe,emeɾçe
90L_10NL,3,90L_10NL_3_1,1,105,"('ɾx', 'ɾx', 'ɾç')",emeɾçe,emeɾçe
90L_10NL,3,90L_10NL_3_1,1,105,"('ɾx', 'ɾx', 'ɾç')",emeɾçe,emeɾçe
90L_10NL,3,90L_10NL_3_1,1,105,"('ɾx', 'ɾx', 'ɾç')",emeɾçe,emeɾçe
90L_10NL,3,90L_10NL_3_1,1,105,"('ɾx', 'ɾx', 'ɾç')",emeɾçe,emeɾçe
90L_10NL,3,90L_10NL_3_1,1,105,"('ɾx', 'ɾx', 'ɾç')",emeɾçe,emeɾçe
90L_10NL,3,90L_10NL_3_1,1,105,"('ɾx', 'ɾx', 'ɾç')",emeɾçe,emeɾçe
90L_10NL,3,90L_10NL_3_1,1,105,"('ɾx', 'ɾx', 'ɾç')",emeɾçe,emeɾçe
90L_10NL,3,90L_10NL_3_1,1,105,"('ɾx', 'ɾx', 'ɾç')",emeɾçe,emeɾçe
90L_10NL,3,90L_10NL_3_1,1,105,"('ɾx', 'ɾx', 'ɾç')",emeɾçe,emeɾçe
90L_10NL,3,90L_10NL_3_1,1,105,"('ɾx', 'ɾx', 'ɾç')",emeɾçe,emeɾçe
90L_10NL,3,90L_10NL_3_1,1,105,"('ɾx', 'ɾx', 'ɾç')",emeɾçe,emeɾçe
90L_10NL,3,90L_10NL_3_1,1,105,"('ɾx', 'ɾx', 'ɾç')",emeɾçe,emeɾçe
90L_10NL,3,90L_10NL_3_1,1,105,"('ɾx', 'ɾx', 'ɾç')",emeɾçe,emeɾçe
90L_10NL,3,90L_10NL_3_1,1,105,"('ɾx', 'ɾx', 'ɾç')",emeɾçe,emeɾçe
90L_10NL,3,90L_10NL_3_1,1,105,"('ɾx', 'ɾx', 'ɾç')",emeɾçe,emeɾçe
90L_10NL,3,90L_10NL_3_1,1,105,"('ɾx', 'ɾx', 'ɾç')",emeɾçe,emeɾçe
90L_10NL,3,90L_10NL_3_1,1,105,"('ɾx', 'ɾx', 'ɾç')",emeɾçe,emeɾçe
90L_10NL,3,90L_10NL_3_1,1,70,"('ɾç', 'ɾç', 'ɾx')",emeɾxajs,emeɾxajs
90L_10NL,3,90L_10NL_3_1,1,70,"('ɾç', 'ɾç', 'ɾx')",emeɾxajs,emeɾxajs
90L_10NL,3,90L_10NL_3_1,1,70,"('ɾç', 'ɾç', 'ɾx')",emeɾxajs,emeɾxajs
90L_10NL,3,90L_10NL_3_1,1,70,"('ɾç', 'ɾç', 'ɾx')",emeɾxajs,emeɾxajs
90L_10NL,3,90L_10NL_3_1,1,210,"('ɾç', 'ɾx', 'ɾx')",emeɾxajs,emeɾxajs
90L_10NL,3,90L_10NL_3_1,1,210,"('ɾç', 'ɾx', 'ɾx')",emeɾxajs,emeɾxajs
90L_10NL,3,90L_10NL_3_1,1,210,"('ɾç', 'ɾx', 'ɾx')",emeɾxajs,emeɾxajs
90L_10NL,3,90L_10NL_3_1,1,210,"('ɾç', 'ɾx', 'ɾx')",emeɾxajs,emeɾxajs
90L_10NL,3,90L_10NL_3_1,1,210,"('ɾç', 'ɾx', 'ɾx')",emeɾxajs,emeɾxajs
90L_10NL,3,90L_10NL_3_1,1,210,"('ɾç', 'ɾx', 'ɾx')",emeɾxajs,emeɾxajs
90L_10NL,3,90L_10NL_3_1,1,70,"('ɾç', 'ɾç', 'ɾx')",emeɾxajs,emeɾxajs
90L_10NL,3,90L_10NL_3_1,1,70,"('ɾç', 'ɾç', 'ɾx')",emeɾxajs,emeɾxajs
90L_10NL,3,90L_10NL_3_1,1,70,"('ɾç', 'ɾç', 'ɾx')",emeɾxajs,emeɾxajs
90L_10NL,3,90L_10NL_3_1,1,210,"('ɾç', 'ɾx', 'ɾx')",emeɾxajs,emeɾxajs
90L_10NL,3,90L_10NL_3_1,1,210,"('ɾç', 'ɾx', 'ɾx')",emeɾxajs,emeɾxajs
90L_10NL,3,90L_10NL_3_1,1,210,"('ɾç', 'ɾx', 'ɾx')",emeɾxajs,emeɾxajs
90L_10NL,3,90L_10NL_3_1,1,210,"('ɾç', 'ɾx', 'ɾx')",emeɾxajs,emeɾxajs
90L_10NL,3,90L_10NL_3_1,1,210,"('ɾç', 'ɾx', 'ɾx')",emeɾxajs,emeɾxajs
90L_10NL,3,90L_10NL_3_1,1,210,"('ɾç', 'ɾx', 'ɾx')",emeɾxajs,emeɾxajs
90L_10NL,3,90L_10NL_3_1,1,70,"('ɾç', 'ɾç', 'ɾx')",emeɾxajs,emeɾxajs
90L_10NL,3,90L_10NL_3_1,1,70,"('ɾç', 'ɾç', 'ɾx')",emeɾxajs,emeɾxajs
90L_10NL,3,90L_10NL_3_1,1,210,"('ɾç', 'ɾx', 'ɾx')",emeɾxajs,emeɾxajs
90L_10NL,3,90L_10NL_3_1,1,210,"('ɾç', 'ɾx', 'ɾx')",emeɾxajs,emeɾxajs
90L_10NL,3,90L_10NL_3_1,1,210,"('ɾç', 'ɾx', 'ɾx')",emeɾxajs,emeɾxajs
90L_10NL,3,90L_10NL_3_1,1,210,"('ɾç', 'ɾx', 'ɾx')",emeɾxajs,emeɾxajs
90L_10NL,3,90L_10NL_3_1,1,210,"('ɾç', 'ɾx', 'ɾx')",emeɾxajs,emeɾxajs
90L_10NL,3,90L_10NL_3_1,1,210,"('ɾç', 'ɾx', 'ɾx')",emeɾxajs,emeɾxajs
90L_10NL,3,90L_10NL_3_1,1,70,"('ɾç', 'ɾç', 'ɾx')",emeɾxajs,emeɾxajs
90L_10NL,3,90L_10NL_3_1,1,210,"('ɾç', 'ɾx', 'ɾx')",emeɾxajs,emeɾxajs
90L_10NL,3,90L_10NL_3_1,1,210,"('ɾç', 'ɾx', 'ɾx')",emeɾxajs,emeɾxajs
90L_10NL,3,90L_10NL_3_1,1,210,"('ɾç', 'ɾx', 'ɾx')",emeɾxajs,emeɾxajs
90L_10NL,3,90L_10NL_3_1,1,210,"('ɾç', 'ɾx', 'ɾx')",emeɾxajs,emeɾxajs
90L_10NL,3,90L_10NL_3_1,1,210,"('ɾç', 'ɾx', 'ɾx')",emeɾxajs,emeɾxajs
90L_10NL,3,90L_10NL_3_1,1,210,"('ɾç', 'ɾx', 'ɾx')",emeɾxajs,emeɾxajs
90L_10NL,3,90L_10NL_3_1,1,210,"('ɾç', 'ɾx', 'ɾx')",emeɾxajs,emeɾxajs
90L_10NL,3,90L_10NL_3_1,1,210,"('ɾç', 'ɾx', 'ɾx')",emeɾxajs,emeɾxajs
90L_10NL,3,90L_10NL_3_1,1,210,"('ɾç', 'ɾx', 'ɾx')",emeɾxajs,emeɾxajs
90L_10NL,3,90L_10NL_3_1,1,210,"('ɾç', 'ɾx', 'ɾx')",emeɾxajs,emeɾxajs
90L_10NL,3,90L_10NL_3_1,1,210,"('ɾç', 'ɾx', 'ɾx')",emeɾxajs,emeɾxajs
90L_10NL,3,90L_10NL_3_1,1,210,"('ɾç', 'ɾx', 'ɾx')",emeɾxajs,emeɾxajs
90L_10NL,3,90L_10NL_3_1,1,105,"('ɾx', 'ɾx', 'ɾx')",emeɾxajs,emeɾxajs
90L_10NL,3,90L_10NL_3_1,1,105,"('ɾx', 'ɾx', 'ɾx')",emeɾxajs,emeɾxajs
90L_10NL,3,90L_10NL_3_1,1,105,"('ɾx', 'ɾx', 'ɾx')",emeɾxajs,emeɾxajs
90L_10NL,3,90L_10NL_3_1,1,105,"('ɾx', 'ɾx', 'ɾx')",emeɾxajs,emeɾxajs
90L_10NL,3,90L_10NL_3_1,1,105,"('ɾx', 'ɾx', 'ɾx')",emeɾxajs,emeɾxajs
90L_10NL,3,90L_10NL_3_1,1,105,"('ɾx', 'ɾx', 'ɾx')",emeɾxajs,emeɾxajs
90L_10NL,3,90L_10NL_3_1,1,105,"('ɾx', 'ɾx', 'ɾx')",emeɾxajs,emeɾxajs
90L_10NL,3,90L_10NL_3_1,1,105,"('ɾx', 'ɾx', 'ɾx')",emeɾxajs,emeɾxajs
90L_10NL,3,90L_10NL_3_1,1,105,"('ɾx', 'ɾx', 'ɾx')",emeɾxajs,emeɾxajs
90L_10NL,3,90L_10NL_3_1,1,105,"('ɾx', 'ɾx', 'ɾx')",emeɾxajs,emeɾxajs
90L_10NL,3,90L_10NL_3_1,1,105,"('ɾx', 'ɾx', 'ɾx')",emeɾxajs,emeɾxajs
90L_10NL,3,90L_10NL_3_1,1,105,"('ɾx', 'ɾx', 'ɾx')",emeɾxajs,emeɾxajs
90L_10NL,3,90L_10NL_3_1,1,105,"('ɾx', 'ɾx', 'ɾx')",emeɾxajs,emeɾxajs
90L_10NL,3,90L_10NL_3_1,1,105,"('ɾx', 'ɾx', 'ɾx')",emeɾxajs,emeɾxajs
90L_10NL,3,90L_10NL_3_1,1,105,"('ɾx', 'ɾx', 'ɾx')",emeɾxajs,emeɾxajs
90L_10NL,3,90L_10NL_3_1,1,70,"('ɾç', 'ɾç', 'ɾx')",emeɾxamos,emeɾxamos
90L_10NL,3,90L_10NL_3_1,1,70,"('ɾç', 'ɾç', 'ɾx')",emeɾxamos,emeɾxamos
90L_10NL,3,90L_10NL_3_1,1,70,"('ɾç', 'ɾç', 'ɾx')",emeɾxamos,emeɾxamos
90L_10NL,3,90L_10NL_3_1,1,70,"('ɾç', 'ɾç', 'ɾx')",emeɾxamos,emeɾxamos
90L_10NL,3,90L_10NL_3_1,1,210,"('ɾç', 'ɾx', 'ɾx')",emeɾxamos,emeɾxamos
90L_10NL,3,90L_10NL_3_1,1,210,"('ɾç', 'ɾx', 'ɾx')",emeɾxamos,emeɾxamos
90L_10NL,3,90L_10NL_3_1,1,210,"('ɾç', 'ɾx', 'ɾx')",emeɾxamos,emeɾxamos
90L_10NL,3,90L_10NL_3_1,1,210,"('ɾç', 'ɾx', 'ɾx')",emeɾxamos,emeɾxamos
90L_10NL,3,90L_10NL_3_1,1,210,"('ɾç', 'ɾx', 'ɾx')",emeɾxamos,emeɾxamos
90L_10NL,3,90L_10NL_3_1,1,210,"('ɾç', 'ɾx', 'ɾx')",emeɾxamos,emeɾxamos
90L_10NL,3,90L_10NL_3_1,1,70,"('ɾç', 'ɾç', 'ɾx')",emeɾxamos,emeɾxamos
90L_10NL,3,90L_10NL_3_1,1,70,"('ɾç', 'ɾç', 'ɾx')",emeɾxamos,emeɾxamos
90L_10NL,3,90L_10NL_3_1,1,70,"('ɾç', 'ɾç', 'ɾx')",emeɾxamos,emeɾxamos
90L_10NL,3,90L_10NL_3_1,1,210,"('ɾç', 'ɾx', 'ɾx')",emeɾxamos,emeɾxamos
90L_10NL,3,90L_10NL_3_1,1,210,"('ɾç', 'ɾx', 'ɾx')",emeɾxamos,emeɾxamos
90L_10NL,3,90L_10NL_3_1,1,210,"('ɾç', 'ɾx', 'ɾx')",emeɾxamos,emeɾxamos
90L_10NL,3,90L_10NL_3_1,1,210,"('ɾç', 'ɾx', 'ɾx')",emeɾxamos,emeɾxamos
90L_10NL,3,90L_10NL_3_1,1,210,"('ɾç', 'ɾx', 'ɾx')",emeɾxamos,emeɾxamos
90L_10NL,3,90L_10NL_3_1,1,210,"('ɾç', 'ɾx', 'ɾx')",emeɾxamos,emeɾxamos
90L_10NL,3,90L_10NL_3_1,1,70,"('ɾç', 'ɾç', 'ɾx')",emeɾxamos,emeɾxamos
90L_10NL,3,90L_10NL_3_1,1,70,"('ɾç', 'ɾç', 'ɾx')",emeɾxamos,emeɾxamos
90L_10NL,3,90L_10NL_3_1,1,210,"('ɾç', 'ɾx', 'ɾx')",emeɾxamos,emeɾxamos
90L_10NL,3,90L_10NL_3_1,1,210,"('ɾç', 'ɾx', 'ɾx')",emeɾxamos,emeɾxamos
90L_10NL,3,90L_10NL_3_1,1,210,"('ɾç', 'ɾx', 'ɾx')",emeɾxamos,emeɾxamos
90L_10NL,3,90L_10NL_3_1,1,210,"('ɾç', 'ɾx', 'ɾx')",emeɾxamos,emeɾxamos
90L_10NL,3,90L_10NL_3_1,1,210,"('ɾç', 'ɾx', 'ɾx')",emeɾxamos,emeɾxamos
90L_10NL,3,90L_10NL_3_1,1,210,"('ɾç', 'ɾx', 'ɾx')",emeɾxamos,emeɾxamos
90L_10NL,3,90L_10NL_3_1,1,70,"('ɾç', 'ɾç', 'ɾx')",emeɾxamos,emeɾxamos
90L_10NL,3,90L_10NL_3_1,1,210,"('ɾç', 'ɾx', 'ɾx')",emeɾxamos,emeɾxamos
90L_10NL,3,90L_10NL_3_1,1,210,"('ɾç', 'ɾx', 'ɾx')",emeɾxamos,emeɾxamos
90L_10NL,3,90L_10NL_3_1,1,210,"('ɾç', 'ɾx', 'ɾx')",emeɾxamos,emeɾxamos
90L_10NL,3,90L_10NL_3_1,1,210,"('ɾç', 'ɾx', 'ɾx')",emeɾxamos,emeɾxamos
90L_10NL,3,90L_10NL_3_1,1,210,"('ɾç', 'ɾx', 'ɾx')",emeɾxamos,emeɾxamos
90L_10NL,3,90L_10NL_3_1,1,210,"('ɾç', 'ɾx', 'ɾx')",emeɾxamos,emeɾxamos
90L_10NL,3,90L_10NL_3_1,1,210,"('ɾç', 'ɾx', 'ɾx')",emeɾxamos,emeɾxamos
90L_10NL,3,90L_10NL_3_1,1,210,"('ɾç', 'ɾx', 'ɾx')",emeɾxamos,emeɾxamos
90L_10NL,3,90L_10NL_3_1,1,210,"('ɾç', 'ɾx', 'ɾx')",emeɾxamos,emeɾxamos
90L_10NL,3,90L_10NL_3_1,1,210,"('ɾç', 'ɾx', 'ɾx')",emeɾxamos,emeɾxamos
90L_10NL,3,90L_10NL_3_1,1,210,"('ɾç', 'ɾx', 'ɾx')",emeɾxamos,emeɾxamos
90L_10NL,3,90L_10NL_3_1,1,210,"('ɾç', 'ɾx', 'ɾx')",emeɾxamos,emeɾxamos
90L_10NL,3,90L_10NL_3_1,1,105,"('ɾx', 'ɾx', 'ɾx')",emeɾxamos,emeɾxamos
90L_10NL,3,90L_10NL_3_1,1,105,"('ɾx', 'ɾx', 'ɾx')",emeɾxamos,emeɾxamos
90L_10NL,3,90L_10NL_3_1,1,105,"('ɾx', 'ɾx', 'ɾx')",emeɾxamos,emeɾxamos
90L_10NL,3,90L_10NL_3_1,1,105,"('ɾx', 'ɾx', 'ɾx')",emeɾxamos,emeɾxamos
90L_10NL,3,90L_10NL_3_1,1,105,"('ɾx', 'ɾx', 'ɾx')",emeɾxamos,emeɾxamos
90L_10NL,3,90L_10NL_3_1,1,105,"('ɾx', 'ɾx', 'ɾx')",emeɾxamos,emeɾxamos
90L_10NL,3,90L_10NL_3_1,1,105,"('ɾx', 'ɾx', 'ɾx')",emeɾxamos,emeɾxamos
90L_10NL,3,90L_10NL_3_1,1,105,"('ɾx', 'ɾx', 'ɾx')",emeɾxamos,emeɾxamos
90L_10NL,3,90L_10NL_3_1,1,105,"('ɾx', 'ɾx', 'ɾx')",emeɾxamos,emeɾxamos
90L_10NL,3,90L_10NL_3_1,1,105,"('ɾx', 'ɾx', 'ɾx')",emeɾxamos,emeɾxamos
90L_10NL,3,90L_10NL_3_1,1,105,"('ɾx', 'ɾx', 'ɾx')",emeɾxamos,emeɾxamos
90L_10NL,3,90L_10NL_3_1,1,105,"('ɾx', 'ɾx', 'ɾx')",emeɾxamos,emeɾxamos
90L_10NL,3,90L_10NL_3_1,1,105,"('ɾx', 'ɾx', 'ɾx')",emeɾxamos,emeɾxamos
90L_10NL,3,90L_10NL_3_1,1,105,"('ɾx', 'ɾx', 'ɾx')",emeɾxamos,emeɾxamos
90L_10NL,3,90L_10NL_3_1,1,105,"('ɾx', 'ɾx', 'ɾx')",emeɾxamos,emeɾxamos
90L_10NL,3,90L_10NL_3_1,1,70,"('ɾç', 'ɾç', 'ɾx')",emeɾxan,emeɾxan
90L_10NL,3,90L_10NL_3_1,1,70,"('ɾç', 'ɾç', 'ɾx')",emeɾxan,emeɾxan
90L_10NL,3,90L_10NL_3_1,1,70,"('ɾç', 'ɾç', 'ɾx')",emeɾxan,emeɾxan
90L_10NL,3,90L_10NL_3_1,1,70,"('ɾç', 'ɾç', 'ɾx')",emeɾxan,emeɾxan
90L_10NL,3,90L_10NL_3_1,1,210,"('ɾç', 'ɾx', 'ɾx')",emeɾxan,emeɾxan
90L_10NL,3,90L_10NL_3_1,1,210,"('ɾç', 'ɾx', 'ɾx')",emeɾxan,emeɾxan
90L_10NL,3,90L_10NL_3_1,1,210,"('ɾç', 'ɾx', 'ɾx')",emeɾxan,emeɾxan
90L_10NL,3,90L_10NL_3_1,1,210,"('ɾç', 'ɾx', 'ɾx')",emeɾxan,emeɾxan
90L_10NL,3,90L_10NL_3_1,1,210,"('ɾç', 'ɾx', 'ɾx')",emeɾxan,emeɾxan
90L_10NL,3,90L_10NL_3_1,1,210,"('ɾç', 'ɾx', 'ɾx')",emeɾxan,emeɾxan
90L_10NL,3,90L_10NL_3_1,1,70,"('ɾç', 'ɾç', 'ɾx')",emeɾxan,emeɾxan
90L_10NL,3,90L_10NL_3_1,1,70,"('ɾç', 'ɾç', 'ɾx')",emeɾxan,emeɾxan
90L_10NL,3,90L_10NL_3_1,1,70,"('ɾç', 'ɾç', 'ɾx')",emeɾxan,emeɾxan
90L_10NL,3,90L_10NL_3_1,1,210,"('ɾç', 'ɾx', 'ɾx')",emeɾxan,emeɾxan
90L_10NL,3,90L_10NL_3_1,1,210,"('ɾç', 'ɾx', 'ɾx')",emeɾxan,emeɾxan
90L_10NL,3,90L_10NL_3_1,1,210,"('ɾç', 'ɾx', 'ɾx')",emeɾxan,emeɾxan
90L_10NL,3,90L_10NL_3_1,1,210,"('ɾç', 'ɾx', 'ɾx')",emeɾxan,emeɾxan
90L_10NL,3,90L_10NL_3_1,1,210,"('ɾç', 'ɾx', 'ɾx')",emeɾxan,emeɾxan
90L_10NL,3,90L_10NL_3_1,1,210,"('ɾç', 'ɾx', 'ɾx')",emeɾxan,emeɾxan
90L_10NL,3,90L_10NL_3_1,1,70,"('ɾç', 'ɾç', 'ɾx')",emeɾxan,emeɾxan
90L_10NL,3,90L_10NL_3_1,1,70,"('ɾç', 'ɾç', 'ɾx')",emeɾxan,emeɾxan
90L_10NL,3,90L_10NL_3_1,1,210,"('ɾç', 'ɾx', 'ɾx')",emeɾxan,emeɾxan
90L_10NL,3,90L_10NL_3_1,1,210,"('ɾç', 'ɾx', 'ɾx')",emeɾxan,emeɾxan
90L_10NL,3,90L_10NL_3_1,1,210,"('ɾç', 'ɾx', 'ɾx')",emeɾxan,emeɾxan
90L_10NL,3,90L_10NL_3_1,1,210,"('ɾç', 'ɾx', 'ɾx')",emeɾxan,emeɾxan
90L_10NL,3,90L_10NL_3_1,1,210,"('ɾç', 'ɾx', 'ɾx')",emeɾxan,emeɾxan
90L_10NL,3,90L_10NL_3_1,1,210,"('ɾç', 'ɾx', 'ɾx')",emeɾxan,emeɾxan
90L_10NL,3,90L_10NL_3_1,1,70,"('ɾç', 'ɾç', 'ɾx')",emeɾxan,emeɾxan
90L_10NL,3,90L_10NL_3_1,1,210,"('ɾç', 'ɾx', 'ɾx')",emeɾxan,emeɾxan
90L_10NL,3,90L_10NL_3_1,1,210,"('ɾç', 'ɾx', 'ɾx')",emeɾxan,emeɾxan
90L_10NL,3,90L_10NL_3_1,1,210,"('ɾç', 'ɾx', 'ɾx')",emeɾxan,emeɾxan
90L_10NL,3,90L_10NL_3_1,1,210,"('ɾç', 'ɾx', 'ɾx')",emeɾxan,emeɾxan
90L_10NL,3,90L_10NL_3_1,1,210,"('ɾç', 'ɾx', 'ɾx')",emeɾxan,emeɾxan
90L_10NL,3,90L_10NL_3_1,1,210,"('ɾç', 'ɾx', 'ɾx')",emeɾxan,emeɾxan
90L_10NL,3,90L_10NL_3_1,1,210,"('ɾç', 'ɾx', 'ɾx')",emeɾxan,emeɾxan
90L_10NL,3,90L_10NL_3_1,1,210,"('ɾç', 'ɾx', 'ɾx')",emeɾxan,emeɾxan
90L_10NL,3,90L_10NL_3_1,1,210,"('ɾç', 'ɾx', 'ɾx')",emeɾxan,emeɾxan
90L_10NL,3,90L_10NL_3_1,1,210,"('ɾç', 'ɾx', 'ɾx')",emeɾxan,emeɾxan
90L_10NL,3,90L_10NL_3_1,1,210,"('ɾç', 'ɾx', 'ɾx')",emeɾxan,emeɾxan
90L_10NL,3,90L_10NL_3_1,1,210,"('ɾç', 'ɾx', 'ɾx')",emeɾxan,emeɾxan
90L_10NL,3,90L_10NL_3_1,1,105,"('ɾx', 'ɾx', 'ɾx')",emeɾxan,emeɾxan
90L_10NL,3,90L_10NL_3_1,1,105,"('ɾx', 'ɾx', 'ɾx')",emeɾxan,emeɾxan
90L_10NL,3,90L_10NL_3_1,1,105,"('ɾx', 'ɾx', 'ɾx')",emeɾxan,emeɾxan
90L_10NL,3,90L_10NL_3_1,1,105,"('ɾx', 'ɾx', 'ɾx')",emeɾxan,emeɾxan
90L_10NL,3,90L_10NL_3_1,1,105,"('ɾx', 'ɾx', 'ɾx')",emeɾxan,emeɾxan
90L_10NL,3,90L_10NL_3_1,1,105,"('ɾx', 'ɾx', 'ɾx')",emeɾxan,emeɾxan
90L_10NL,3,90L_10NL_3_1,1,105,"('ɾx', 'ɾx', 'ɾx')",emeɾxan,emeɾxan
90L_10NL,3,90L_10NL_3_1,1,105,"('ɾx', 'ɾx', 'ɾx')",emeɾxan,emeɾxan
90L_10NL,3,90L_10NL_3_1,1,105,"('ɾx', 'ɾx', 'ɾx')",emeɾxan,emeɾxan
90L_10NL,3,90L_10NL_3_1,1,105,"('ɾx', 'ɾx', 'ɾx')",emeɾxan,emeɾxan
90L_10NL,3,90L_10NL_3_1,1,105,"('ɾx', 'ɾx', 'ɾx')",emeɾxan,emeɾxan
90L_10NL,3,90L_10NL_3_1,1,105,"('ɾx', 'ɾx', 'ɾx')",emeɾxan,emeɾxan
90L_10NL,3,90L_10NL_3_1,1,105,"('ɾx', 'ɾx', 'ɾx')",emeɾxan,emeɾxan
90L_10NL,3,90L_10NL_3_1,1,105,"('ɾx', 'ɾx', 'ɾx')",emeɾxan,emeɾxan
90L_10NL,3,90L_10NL_3_1,1,105,"('ɾx', 'ɾx', 'ɾx')",emeɾxan,emeɾxan
90L_10NL,3,90L_10NL_3_1,1,70,"('ɾç', 'ɾç', 'ɾx')",emeɾxas,emeɾxas
90L_10NL,3,90L_10NL_3_1,1,70,"('ɾç', 'ɾç', 'ɾx')",emeɾxas,emeɾxas
90L_10NL,3,90L_10NL_3_1,1,70,"('ɾç', 'ɾç', 'ɾx')",emeɾxas,emeɾxas
90L_10NL,3,90L_10NL_3_1,1,70,"('ɾç', 'ɾç', 'ɾx')",emeɾxas,emeɾxas
90L_10NL,3,90L_10NL_3_1,1,210,"('ɾç', 'ɾx', 'ɾx')",emeɾxas,emeɾxas
90L_10NL,3,90L_10NL_3_1,1,210,"('ɾç', 'ɾx', 'ɾx')",emeɾxas,emeɾxas
90L_10NL,3,90L_10NL_3_1,1,210,"('ɾç', 'ɾx', 'ɾx')",emeɾxas,emeɾxas
90L_10NL,3,90L_10NL_3_1,1,210,"('ɾç', 'ɾx', 'ɾx')",emeɾxas,emeɾxas
90L_10NL,3,90L_10NL_3_1,1,210,"('ɾç', 'ɾx', 'ɾx')",emeɾxas,emeɾxas
90L_10NL,3,90L_10NL_3_1,1,210,"('ɾç', 'ɾx', 'ɾx')",emeɾxas,emeɾxas
90L_10NL,3,90L_10NL_3_1,1,70,"('ɾç', 'ɾç', 'ɾx')",emeɾxas,emeɾxas
90L_10NL,3,90L_10NL_3_1,1,70,"('ɾç', 'ɾç', 'ɾx')",emeɾxas,emeɾxas
90L_10NL,3,90L_10NL_3_1,1,70,"('ɾç', 'ɾç', 'ɾx')",emeɾxas,emeɾxas
90L_10NL,3,90L_10NL_3_1,1,210,"('ɾç', 'ɾx', 'ɾx')",emeɾxas,emeɾxas
90L_10NL,3,90L_10NL_3_1,1,210,"('ɾç', 'ɾx', 'ɾx')",emeɾxas,emeɾxas
90L_10NL,3,90L_10NL_3_1,1,210,"('ɾç', 'ɾx', 'ɾx')",emeɾxas,emeɾxas
90L_10NL,3,90L_10NL_3_1,1,210,"('ɾç', 'ɾx', 'ɾx')",emeɾxas,emeɾxas
90L_10NL,3,90L_10NL_3_1,1,210,"('ɾç', 'ɾx', 'ɾx')",emeɾxas,emeɾxas
90L_10NL,3,90L_10NL_3_1,1,210,"('ɾç', 'ɾx', 'ɾx')",emeɾxas,emeɾxas
90L_10NL,3,90L_10NL_3_1,1,70,"('ɾç', 'ɾç', 'ɾx')",emeɾxas,emeɾxas
90L_10NL,3,90L_10NL_3_1,1,70,"('ɾç', 'ɾç', 'ɾx')",emeɾxas,emeɾxas
90L_10NL,3,90L_10NL_3_1,1,210,"('ɾç', 'ɾx', 'ɾx')",emeɾxas,emeɾxas
90L_10NL,3,90L_10NL_3_1,1,210,"('ɾç', 'ɾx', 'ɾx')",emeɾxas,emeɾxas
90L_10NL,3,90L_10NL_3_1,1,210,"('ɾç', 'ɾx', 'ɾx')",emeɾxas,emeɾxas
90L_10NL,3,90L_10NL_3_1,1,210,"('ɾç', 'ɾx', 'ɾx')",emeɾxas,emeɾxas
90L_10NL,3,90L_10NL_3_1,1,210,"('ɾç', 'ɾx', 'ɾx')",emeɾxas,emeɾxas
90L_10NL,3,90L_10NL_3_1,1,210,"('ɾç', 'ɾx', 'ɾx')",emeɾxas,emeɾxas
90L_10NL,3,90L_10NL_3_1,1,70,"('ɾç', 'ɾç', 'ɾx')",emeɾxas,emeɾxas
90L_10NL,3,90L_10NL_3_1,1,210,"('ɾç', 'ɾx', 'ɾx')",emeɾxas,emeɾxas
90L_10NL,3,90L_10NL_3_1,1,210,"('ɾç', 'ɾx', 'ɾx')",emeɾxas,emeɾxas
90L_10NL,3,90L_10NL_3_1,1,210,"('ɾç', 'ɾx', 'ɾx')",emeɾxas,emeɾxas
90L_10NL,3,90L_10NL_3_1,1,210,"('ɾç', 'ɾx', 'ɾx')",emeɾxas,emeɾxas
90L_10NL,3,90L_10NL_3_1,1,210,"('ɾç', 'ɾx', 'ɾx')",emeɾxas,emeɾxas
90L_10NL,3,90L_10NL_3_1,1,210,"('ɾç', 'ɾx', 'ɾx')",emeɾxas,emeɾxas
90L_10NL,3,90L_10NL_3_1,1,210,"('ɾç', 'ɾx', 'ɾx')",emeɾxas,emeɾxas
90L_10NL,3,90L_10NL_3_1,1,210,"('ɾç', 'ɾx', 'ɾx')",emeɾxas,emeɾxas
90L_10NL,3,90L_10NL_3_1,1,210,"('ɾç', 'ɾx', 'ɾx')",emeɾxas,emeɾxas
90L_10NL,3,90L_10NL_3_1,1,210,"('ɾç', 'ɾx', 'ɾx')",emeɾxas,emeɾxas
90L_10NL,3,90L_10NL_3_1,1,210,"('ɾç', 'ɾx', 'ɾx')",emeɾxas,emeɾxas
90L_10NL,3,90L_10NL_3_1,1,210,"('ɾç', 'ɾx', 'ɾx')",emeɾxas,emeɾxas
90L_10NL,3,90L_10NL_3_1,1,105,"('ɾx', 'ɾx', 'ɾx')",emeɾxas,emeɾxas
90L_10NL,3,90L_10NL_3_1,1,105,"('ɾx', 'ɾx', 'ɾx')",emeɾxas,emeɾxas
90L_10NL,3,90L_10NL_3_1,1,105,"('ɾx', 'ɾx', 'ɾx')",emeɾxas,emeɾxas
90L_10NL,3,90L_10NL_3_1,1,105,"('ɾx', 'ɾx', 'ɾx')",emeɾxas,emeɾxas
90L_10NL,3,90L_10NL_3_1,1,105,"('ɾx', 'ɾx', 'ɾx')",emeɾxas,emeɾxas
90L_10NL,3,90L_10NL_3_1,1,105,"('ɾx', 'ɾx', 'ɾx')",emeɾxas,emeɾxas
90L_10NL,3,90L_10NL_3_1,1,105,"('ɾx', 'ɾx', 'ɾx')",emeɾxas,emeɾxas
90L_10NL,3,90L_10NL_3_1,1,105,"('ɾx', 'ɾx', 'ɾx')",emeɾxas,emeɾxas
90L_10NL,3,90L_10NL_3_1,1,105,"('ɾx', 'ɾx', 'ɾx')",emeɾxas,emeɾxas
90L_10NL,3,90L_10NL_3_1,1,105,"('ɾx', 'ɾx', 'ɾx')",emeɾxas,emeɾxas
90L_10NL,3,90L_10NL_3_1,1,105,"('ɾx', 'ɾx', 'ɾx')",emeɾxas,emeɾxas
90L_10NL,3,90L_10NL_3_1,1,105,"('ɾx', 'ɾx', 'ɾx')",emeɾxas,emeɾxas
90L_10NL,3,90L_10NL_3_1,1,105,"('ɾx', 'ɾx', 'ɾx')",emeɾxas,emeɾxas
90L_10NL,3,90L_10NL_3_1,1,105,"('ɾx', 'ɾx', 'ɾx')",emeɾxas,emeɾxas
90L_10NL,3,90L_10NL_3_1,1,105,"('ɾx', 'ɾx', 'ɾx')",emeɾxas,emeɾxas
90L_10NL,3,90L_10NL_3_1,1,70,"('ɾç', 'ɾç', 'ɾx')",emeɾxa,emeɾxa
90L_10NL,3,90L_10NL_3_1,1,70,"('ɾç', 'ɾç', 'ɾx')",emeɾxa,emeɾxa
90L_10NL,3,90L_10NL_3_1,1,70,"('ɾç', 'ɾç', 'ɾx')",emeɾxa,emeɾxa
90L_10NL,3,90L_10NL_3_1,1,70,"('ɾç', 'ɾç', 'ɾx')",emeɾxa,emeɾxa
90L_10NL,3,90L_10NL_3_1,1,210,"('ɾç', 'ɾx', 'ɾx')",emeɾxa,emeɾxa
90L_10NL,3,90L_10NL_3_1,1,210,"('ɾç', 'ɾx', 'ɾx')",emeɾxa,emeɾxa
90L_10NL,3,90L_10NL_3_1,1,210,"('ɾç', 'ɾx', 'ɾx')",emeɾxa,emeɾxa
90L_10NL,3,90L_10NL_3_1,1,210,"('ɾç', 'ɾx', 'ɾx')",emeɾxa,emeɾxa
90L_10NL,3,90L_10NL_3_1,1,210,"('ɾç', 'ɾx', 'ɾx')",emeɾxa,emeɾxa
90L_10NL,3,90L_10NL_3_1,1,210,"('ɾç', 'ɾx', 'ɾx')",emeɾxa,emeɾxa
90L_10NL,3,90L_10NL_3_1,1,70,"('ɾç', 'ɾç', 'ɾx')",emeɾxa,emeɾxa
90L_10NL,3,90L_10NL_3_1,1,70,"('ɾç', 'ɾç', 'ɾx')",emeɾxa,emeɾxa
90L_10NL,3,90L_10NL_3_1,1,70,"('ɾç', 'ɾç', 'ɾx')",emeɾxa,emeɾxa
90L_10NL,3,90L_10NL_3_1,1,210,"('ɾç', 'ɾx', 'ɾx')",emeɾxa,emeɾxa
90L_10NL,3,90L_10NL_3_1,1,210,"('ɾç', 'ɾx', 'ɾx')",emeɾxa,emeɾxa
90L_10NL,3,90L_10NL_3_1,1,210,"('ɾç', 'ɾx', 'ɾx')",emeɾxa,emeɾxa
90L_10NL,3,90L_10NL_3_1,1,210,"('ɾç', 'ɾx', 'ɾx')",emeɾxa,emeɾxa
90L_10NL,3,90L_10NL_3_1,1,210,"('ɾç', 'ɾx', 'ɾx')",emeɾxa,emeɾxa
90L_10NL,3,90L_10NL_3_1,1,210,"('ɾç', 'ɾx', 'ɾx')",emeɾxa,emeɾxa
90L_10NL,3,90L_10NL_3_1,1,70,"('ɾç', 'ɾç', 'ɾx')",emeɾxa,emeɾxa
90L_10NL,3,90L_10NL_3_1,1,70,"('ɾç', 'ɾç', 'ɾx')",emeɾxa,emeɾxa
90L_10NL,3,90L_10NL_3_1,1,210,"('ɾç', 'ɾx', 'ɾx')",emeɾxa,emeɾxa
90L_10NL,3,90L_10NL_3_1,1,210,"('ɾç', 'ɾx', 'ɾx')",emeɾxa,emeɾxa
90L_10NL,3,90L_10NL_3_1,1,210,"('ɾç', 'ɾx', 'ɾx')",emeɾxa,emeɾxa
90L_10NL,3,90L_10NL_3_1,1,210,"('ɾç', 'ɾx', 'ɾx')",emeɾxa,emeɾxa
90L_10NL,3,90L_10NL_3_1,1,210,"('ɾç', 'ɾx', 'ɾx')",emeɾxa,emeɾxa
90L_10NL,3,90L_10NL_3_1,1,210,"('ɾç', 'ɾx', 'ɾx')",emeɾxa,emeɾxa
90L_10NL,3,90L_10NL_3_1,1,70,"('ɾç', 'ɾç', 'ɾx')",emeɾxa,emeɾxa
90L_10NL,3,90L_10NL_3_1,1,210,"('ɾç', 'ɾx', 'ɾx')",emeɾxa,emeɾxa
90L_10NL,3,90L_10NL_3_1,1,210,"('ɾç', 'ɾx', 'ɾx')",emeɾxa,emeɾxa
90L_10NL,3,90L_10NL_3_1,1,210,"('ɾç', 'ɾx', 'ɾx')",emeɾxa,emeɾxa
90L_10NL,3,90L_10NL_3_1,1,210,"('ɾç', 'ɾx', 'ɾx')",emeɾxa,emeɾxa
90L_10NL,3,90L_10NL_3_1,1,210,"('ɾç', 'ɾx', 'ɾx')",emeɾxa,emeɾxa
90L_10NL,3,90L_10NL_3_1,1,210,"('ɾç', 'ɾx', 'ɾx')",emeɾxa,emeɾxa
90L_10NL,3,90L_10NL_3_1,1,210,"('ɾç', 'ɾx', 'ɾx')",emeɾxa,emeɾxa
90L_10NL,3,90L_10NL_3_1,1,210,"('ɾç', 'ɾx', 'ɾx')",emeɾxa,emeɾxa
90L_10NL,3,90L_10NL_3_1,1,210,"('ɾç', 'ɾx', 'ɾx')",emeɾxa,emeɾxa
90L_10NL,3,90L_10NL_3_1,1,210,"('ɾç', 'ɾx', 'ɾx')",emeɾxa,emeɾxa
90L_10NL,3,90L_10NL_3_1,1,210,"('ɾç', 'ɾx', 'ɾx')",emeɾxa,emeɾxa
90L_10NL,3,90L_10NL_3_1,1,210,"('ɾç', 'ɾx', 'ɾx')",emeɾxa,emeɾxa
90L_10NL,3,90L_10NL_3_1,1,105,"('ɾx', 'ɾx', 'ɾx')",emeɾxa,emeɾxa
90L_10NL,3,90L_10NL_3_1,1,105,"('ɾx', 'ɾx', 'ɾx')",emeɾxa,emeɾxa
90L_10NL,3,90L_10NL_3_1,1,105,"('ɾx', 'ɾx', 'ɾx')",emeɾxa,emeɾxa
90L_10NL,3,90L_10NL_3_1,1,105,"('ɾx', 'ɾx', 'ɾx')",emeɾxa,emeɾxa
90L_10NL,3,90L_10NL_3_1,1,105,"('ɾx', 'ɾx', 'ɾx')",emeɾxa,emeɾxa
90L_10NL,3,90L_10NL_3_1,1,105,"('ɾx', 'ɾx', 'ɾx')",emeɾxa,emeɾxa
90L_10NL,3,90L_10NL_3_1,1,105,"('ɾx', 'ɾx', 'ɾx')",emeɾxa,emeɾxa
90L_10NL,3,90L_10NL_3_1,1,105,"('ɾx', 'ɾx', 'ɾx')",emeɾxa,emeɾxa
90L_10NL,3,90L_10NL_3_1,1,105,"('ɾx', 'ɾx', 'ɾx')",emeɾxa,emeɾxa
90L_10NL,3,90L_10NL_3_1,1,105,"('ɾx', 'ɾx', 'ɾx')",emeɾxa,emeɾxa
90L_10NL,3,90L_10NL_3_1,1,105,"('ɾx', 'ɾx', 'ɾx')",emeɾxa,emeɾxa
90L_10NL,3,90L_10NL_3_1,1,105,"('ɾx', 'ɾx', 'ɾx')",emeɾxa,emeɾxa
90L_10NL,3,90L_10NL_3_1,1,105,"('ɾx', 'ɾx', 'ɾx')",emeɾxa,emeɾxa
90L_10NL,3,90L_10NL_3_1,1,105,"('ɾx', 'ɾx', 'ɾx')",emeɾxa,emeɾxa
90L_10NL,3,90L_10NL_3_1,1,105,"('ɾx', 'ɾx', 'ɾx')",emeɾxa,emeɾxa
90L_10NL,3,90L_10NL_3_1,1,70,"('ɾç', 'ɾç', 'ɾx')",emeɾxa,emeɾxa
90L_10NL,3,90L_10NL_3_1,1,70,"('ɾç', 'ɾç', 'ɾx')",emeɾxa,emeɾxa
90L_10NL,3,90L_10NL_3_1,1,70,"('ɾç', 'ɾç', 'ɾx')",emeɾxa,emeɾxa
90L_10NL,3,90L_10NL_3_1,1,70,"('ɾç', 'ɾç', 'ɾx')",emeɾxa,emeɾxa
90L_10NL,3,90L_10NL_3_1,1,210,"('ɾç', 'ɾx', 'ɾx')",emeɾxa,emeɾxa
90L_10NL,3,90L_10NL_3_1,1,210,"('ɾç', 'ɾx', 'ɾx')",emeɾxa,emeɾxa
90L_10NL,3,90L_10NL_3_1,1,210,"('ɾç', 'ɾx', 'ɾx')",emeɾxa,emeɾxa
90L_10NL,3,90L_10NL_3_1,1,210,"('ɾç', 'ɾx', 'ɾx')",emeɾxa,emeɾxa
90L_10NL,3,90L_10NL_3_1,1,210,"('ɾç', 'ɾx', 'ɾx')",emeɾxa,emeɾxa
90L_10NL,3,90L_10NL_3_1,1,210,"('ɾç', 'ɾx', 'ɾx')",emeɾxa,emeɾxa
90L_10NL,3,90L_10NL_3_1,1,70,"('ɾç', 'ɾç', 'ɾx')",emeɾxa,emeɾxa
90L_10NL,3,90L_10NL_3_1,1,70,"('ɾç', 'ɾç', 'ɾx')",emeɾxa,emeɾxa
90L_10NL,3,90L_10NL_3_1,1,70,"('ɾç', 'ɾç', 'ɾx')",emeɾxa,emeɾxa
90L_10NL,3,90L_10NL_3_1,1,210,"('ɾç', 'ɾx', 'ɾx')",emeɾxa,emeɾxa
90L_10NL,3,90L_10NL_3_1,1,210,"('ɾç', 'ɾx', 'ɾx')",emeɾxa,emeɾxa
90L_10NL,3,90L_10NL_3_1,1,210,"('ɾç', 'ɾx', 'ɾx')",emeɾxa,emeɾxa
90L_10NL,3,90L_10NL_3_1,1,210,"('ɾç', 'ɾx', 'ɾx')",emeɾxa,emeɾxa
90L_10NL,3,90L_10NL_3_1,1,210,"('ɾç', 'ɾx', 'ɾx')",emeɾxa,emeɾxa
90L_10NL,3,90L_10NL_3_1,1,210,"('ɾç', 'ɾx', 'ɾx')",emeɾxa,emeɾxa
90L_10NL,3,90L_10NL_3_1,1,70,"('ɾç', 'ɾç', 'ɾx')",emeɾxa,emeɾxa
90L_10NL,3,90L_10NL_3_1,1,70,"('ɾç', 'ɾç', 'ɾx')",emeɾxa,emeɾxa
90L_10NL,3,90L_10NL_3_1,1,210,"('ɾç', 'ɾx', 'ɾx')",emeɾxa,emeɾxa
90L_10NL,3,90L_10NL_3_1,1,210,"('ɾç', 'ɾx', 'ɾx')",emeɾxa,emeɾxa
90L_10NL,3,90L_10NL_3_1,1,210,"('ɾç', 'ɾx', 'ɾx')",emeɾxa,emeɾxa
90L_10NL,3,90L_10NL_3_1,1,210,"('ɾç', 'ɾx', 'ɾx')",emeɾxa,emeɾxa
90L_10NL,3,90L_10NL_3_1,1,210,"('ɾç', 'ɾx', 'ɾx')",emeɾxa,emeɾxa
90L_10NL,3,90L_10NL_3_1,1,210,"('ɾç', 'ɾx', 'ɾx')",emeɾxa,emeɾxa
90L_10NL,3,90L_10NL_3_1,1,70,"('ɾç', 'ɾç', 'ɾx')",emeɾxa,emeɾxa
90L_10NL,3,90L_10NL_3_1,1,210,"('ɾç', 'ɾx', 'ɾx')",emeɾxa,emeɾxa
90L_10NL,3,90L_10NL_3_1,1,210,"('ɾç', 'ɾx', 'ɾx')",emeɾxa,emeɾxa
90L_10NL,3,90L_10NL_3_1,1,210,"('ɾç', 'ɾx', 'ɾx')",emeɾxa,emeɾxa
90L_10NL,3,90L_10NL_3_1,1,210,"('ɾç', 'ɾx', 'ɾx')",emeɾxa,emeɾxa
90L_10NL,3,90L_10NL_3_1,1,210,"('ɾç', 'ɾx', 'ɾx')",emeɾxa,emeɾxa
90L_10NL,3,90L_10NL_3_1,1,210,"('ɾç', 'ɾx', 'ɾx')",emeɾxa,emeɾxa
90L_10NL,3,90L_10NL_3_1,1,210,"('ɾç', 'ɾx', 'ɾx')",emeɾxa,emeɾxa
90L_10NL,3,90L_10NL_3_1,1,210,"('ɾç', 'ɾx', 'ɾx')",emeɾxa,emeɾxa
90L_10NL,3,90L_10NL_3_1,1,210,"('ɾç', 'ɾx', 'ɾx')",emeɾxa,emeɾxa
90L_10NL,3,90L_10NL_3_1,1,210,"('ɾç', 'ɾx', 'ɾx')",emeɾxa,emeɾxa
90L_10NL,3,90L_10NL_3_1,1,210,"('ɾç', 'ɾx', 'ɾx')",emeɾxa,emeɾxa
90L_10NL,3,90L_10NL_3_1,1,210,"('ɾç', 'ɾx', 'ɾx')",emeɾxa,emeɾxa
90L_10NL,3,90L_10NL_3_1,1,105,"('ɾx', 'ɾx', 'ɾx')",emeɾxa,emeɾxa
90L_10NL,3,90L_10NL_3_1,1,105,"('ɾx', 'ɾx', 'ɾx')",emeɾxa,emeɾxa
90L_10NL,3,90L_10NL_3_1,1,105,"('ɾx', 'ɾx', 'ɾx')",emeɾxa,emeɾxa
90L_10NL,3,90L_10NL_3_1,1,105,"('ɾx', 'ɾx', 'ɾx')",emeɾxa,emeɾxa
90L_10NL,3,90L_10NL_3_1,1,105,"('ɾx', 'ɾx', 'ɾx')",emeɾxa,emeɾxa
90L_10NL,3,90L_10NL_3_1,1,105,"('ɾx', 'ɾx', 'ɾx')",emeɾxa,emeɾxa
90L_10NL,3,90L_10NL_3_1,1,105,"('ɾx', 'ɾx', 'ɾx')",emeɾxa,emeɾxa
90L_10NL,3,90L_10NL_3_1,1,105,"('ɾx', 'ɾx', 'ɾx')",emeɾxa,emeɾxa
90L_10NL,3,90L_10NL_3_1,1,105,"('ɾx', 'ɾx', 'ɾx')",emeɾxa,emeɾxa
90L_10NL,3,90L_10NL_3_1,1,105,"('ɾx', 'ɾx', 'ɾx')",emeɾxa,emeɾxa
90L_10NL,3,90L_10NL_3_1,1,105,"('ɾx', 'ɾx', 'ɾx')",emeɾxa,emeɾxa
90L_10NL,3,90L_10NL_3_1,1,105,"('ɾx', 'ɾx', 'ɾx')",emeɾxa,emeɾxa
90L_10NL,3,90L_10NL_3_1,1,105,"('ɾx', 'ɾx', 'ɾx')",emeɾxa,emeɾxa
90L_10NL,3,90L_10NL_3_1,1,105,"('ɾx', 'ɾx', 'ɾx')",emeɾxa,emeɾxa
90L_10NL,3,90L_10NL_3_1,1,105,"('ɾx', 'ɾx', 'ɾx')",emeɾxa,emeɾxa
90L_10NL,3,90L_10NL_3_1,1,70,"('ɾç', 'ɾç', 'ɾx')",emeɾxo,emeɾxo
90L_10NL,3,90L_10NL_3_1,1,70,"('ɾç', 'ɾç', 'ɾx')",emeɾxo,emeɾxo
90L_10NL,3,90L_10NL_3_1,1,70,"('ɾç', 'ɾç', 'ɾx')",emeɾxo,emeɾxo
90L_10NL,3,90L_10NL_3_1,1,70,"('ɾç', 'ɾç', 'ɾx')",emeɾxo,emeɾxo
90L_10NL,3,90L_10NL_3_1,1,210,"('ɾç', 'ɾx', 'ɾx')",emeɾxo,emeɾxo
90L_10NL,3,90L_10NL_3_1,1,210,"('ɾç', 'ɾx', 'ɾx')",emeɾxo,emeɾxo
90L_10NL,3,90L_10NL_3_1,1,210,"('ɾç', 'ɾx', 'ɾx')",emeɾxo,emeɾxo
90L_10NL,3,90L_10NL_3_1,1,210,"('ɾç', 'ɾx', 'ɾx')",emeɾxo,emeɾxo
90L_10NL,3,90L_10NL_3_1,1,210,"('ɾç', 'ɾx', 'ɾx')",emeɾxo,emeɾxo
90L_10NL,3,90L_10NL_3_1,1,210,"('ɾç', 'ɾx', 'ɾx')",emeɾxo,emeɾxo
90L_10NL,3,90L_10NL_3_1,1,70,"('ɾç', 'ɾç', 'ɾx')",emeɾxo,emeɾxo
90L_10NL,3,90L_10NL_3_1,1,70,"('ɾç', 'ɾç', 'ɾx')",emeɾxo,emeɾxo
90L_10NL,3,90L_10NL_3_1,1,70,"('ɾç', 'ɾç', 'ɾx')",emeɾxo,emeɾxo
90L_10NL,3,90L_10NL_3_1,1,210,"('ɾç', 'ɾx', 'ɾx')",emeɾxo,emeɾxo
90L_10NL,3,90L_10NL_3_1,1,210,"('ɾç', 'ɾx', 'ɾx')",emeɾxo,emeɾxo
90L_10NL,3,90L_10NL_3_1,1,210,"('ɾç', 'ɾx', 'ɾx')",emeɾxo,emeɾxo
90L_10NL,3,90L_10NL_3_1,1,210,"('ɾç', 'ɾx', 'ɾx')",emeɾxo,emeɾxo
90L_10NL,3,90L_10NL_3_1,1,210,"('ɾç', 'ɾx', 'ɾx')",emeɾxo,emeɾxo
90L_10NL,3,90L_10NL_3_1,1,210,"('ɾç', 'ɾx', 'ɾx')",emeɾxo,emeɾxo
90L_10NL,3,90L_10NL_3_1,1,70,"('ɾç', 'ɾç', 'ɾx')",emeɾxo,emeɾxo
90L_10NL,3,90L_10NL_3_1,1,70,"('ɾç', 'ɾç', 'ɾx')",emeɾxo,emeɾxo
90L_10NL,3,90L_10NL_3_1,1,210,"('ɾç', 'ɾx', 'ɾx')",emeɾxo,emeɾxo
90L_10NL,3,90L_10NL_3_1,1,210,"('ɾç', 'ɾx', 'ɾx')",emeɾxo,emeɾxo
90L_10NL,3,90L_10NL_3_1,1,210,"('ɾç', 'ɾx', 'ɾx')",emeɾxo,emeɾxo
90L_10NL,3,90L_10NL_3_1,1,210,"('ɾç', 'ɾx', 'ɾx')",emeɾxo,emeɾxo
90L_10NL,3,90L_10NL_3_1,1,210,"('ɾç', 'ɾx', 'ɾx')",emeɾxo,emeɾxo
90L_10NL,3,90L_10NL_3_1,1,210,"('ɾç', 'ɾx', 'ɾx')",emeɾxo,emeɾxo
90L_10NL,3,90L_10NL_3_1,1,70,"('ɾç', 'ɾç', 'ɾx')",emeɾxo,emeɾxo
90L_10NL,3,90L_10NL_3_1,1,210,"('ɾç', 'ɾx', 'ɾx')",emeɾxo,emeɾxo
90L_10NL,3,90L_10NL_3_1,1,210,"('ɾç', 'ɾx', 'ɾx')",emeɾxo,emeɾxo
90L_10NL,3,90L_10NL_3_1,1,210,"('ɾç', 'ɾx', 'ɾx')",emeɾxo,emeɾxo
90L_10NL,3,90L_10NL_3_1,1,210,"('ɾç', 'ɾx', 'ɾx')",emeɾxo,emeɾxo
90L_10NL,3,90L_10NL_3_1,1,210,"('ɾç', 'ɾx', 'ɾx')",emeɾxo,emeɾxo
90L_10NL,3,90L_10NL_3_1,1,210,"('ɾç', 'ɾx', 'ɾx')",emeɾxo,emeɾxo
90L_10NL,3,90L_10NL_3_1,1,210,"('ɾç', 'ɾx', 'ɾx')",emeɾxo,emeɾxo
90L_10NL,3,90L_10NL_3_1,1,210,"('ɾç', 'ɾx', 'ɾx')",emeɾxo,emeɾxo
90L_10NL,3,90L_10NL_3_1,1,210,"('ɾç', 'ɾx', 'ɾx')",emeɾxo,emeɾxo
90L_10NL,3,90L_10NL_3_1,1,210,"('ɾç', 'ɾx', 'ɾx')",emeɾxo,emeɾxo
90L_10NL,3,90L_10NL_3_1,1,210,"('ɾç', 'ɾx', 'ɾx')",emeɾxo,emeɾxo
90L_10NL,3,90L_10NL_3_1,1,210,"('ɾç', 'ɾx', 'ɾx')",emeɾxo,emeɾxo
90L_10NL,3,90L_10NL_3_1,1,105,"('ɾx', 'ɾx', 'ɾx')",emeɾxo,emeɾxo
90L_10NL,3,90L_10NL_3_1,1,105,"('ɾx', 'ɾx', 'ɾx')",emeɾxo,emeɾxo
90L_10NL,3,90L_10NL_3_1,1,105,"('ɾx', 'ɾx', 'ɾx')",emeɾxo,emeɾxo
90L_10NL,3,90L_10NL_3_1,1,105,"('ɾx', 'ɾx', 'ɾx')",emeɾxo,emeɾxo
90L_10NL,3,90L_10NL_3_1,1,105,"('ɾx', 'ɾx', 'ɾx')",emeɾxo,emeɾxo
90L_10NL,3,90L_10NL_3_1,1,105,"('ɾx', 'ɾx', 'ɾx')",emeɾxo,emeɾxo
90L_10NL,3,90L_10NL_3_1,1,105,"('ɾx', 'ɾx', 'ɾx')",emeɾxo,emeɾxo
90L_10NL,3,90L_10NL_3_1,1,105,"('ɾx', 'ɾx', 'ɾx')",emeɾxo,emeɾxo
90L_10NL,3,90L_10NL_3_1,1,105,"('ɾx', 'ɾx', 'ɾx')",emeɾxo,emeɾxo
90L_10NL,3,90L_10NL_3_1,1,105,"('ɾx', 'ɾx', 'ɾx')",emeɾxo,emeɾxo
90L_10NL,3,90L_10NL_3_1,1,105,"('ɾx', 'ɾx', 'ɾx')",emeɾxo,emeɾxo
90L_10NL,3,90L_10NL_3_1,1,105,"('ɾx', 'ɾx', 'ɾx')",emeɾxo,emeɾxo
90L_10NL,3,90L_10NL_3_1,1,105,"('ɾx', 'ɾx', 'ɾx')",emeɾxo,emeɾxo
90L_10NL,3,90L_10NL_3_1,1,105,"('ɾx', 'ɾx', 'ɾx')",emeɾxo,emeɾxo
90L_10NL,3,90L_10NL_3_1,1,105,"('ɾx', 'ɾx', 'ɾx')",emeɾxo,emeɾxo
90L_10NL,3,90L_10NL_3_1,0,1085,"('s', 's', 's')",adaʃasejs,adʃasejs
90L_10NL,3,90L_10NL_3_1,0,1085,"('s', 's', 's')",adaʃasejs,adʃasejs
90L_10NL,3,90L_10NL_3_1,0,1085,"('s', 's', 's')",adaʃasejs,adʃasejs
90L_10NL,3,90L_10NL_3_1,0,3500,"('s', 'sk', 's')",adaʃasejs,adʃasejs
90L_10NL,3,90L_10NL_3_1,0,3500,"('s', 'sk', 's')",adaʃasejs,adʃasejs
90L_10NL,3,90L_10NL_3_1,0,3500,"('s', 'sk', 's')",adaʃasejs,adʃasejs
90L_10NL,3,90L_10NL_3_1,0,3500,"('s', 'sk', 's')",adaʃasejs,adʃasejs
90L_10NL,3,90L_10NL_3_1,0,3500,"('s', 'sk', 's')",adaʃasejs,adʃasejs
90L_10NL,3,90L_10NL_3_1,0,3500,"('s', 'sk', 's')",adaʃasejs,adʃasejs
90L_10NL,3,90L_10NL_3_1,0,3500,"('s', 'sk', 's')",adaʃasejs,adʃasejs
90L_10NL,3,90L_10NL_3_1,0,1085,"('s', 's', 's')",adeʃasejs,adʃasejs
90L_10NL,3,90L_10NL_3_1,0,1085,"('s', 's', 's')",adaʃasejs,adʃasejs
90L_10NL,3,90L_10NL_3_1,0,3500,"('s', 'sk', 's')",adesejs,adʃasejs
90L_10NL,3,90L_10NL_3_1,0,3500,"('s', 'sk', 's')",adesejs,adʃasejs
90L_10NL,3,90L_10NL_3_1,0,3500,"('s', 'sk', 's')",adaʃasejs,adʃasejs
90L_10NL,3,90L_10NL_3_1,0,3500,"('s', 'sk', 's')",adaʃasejs,adʃasejs
90L_10NL,3,90L_10NL_3_1,0,3500,"('s', 'sk', 's')",adaʃasejs,adʃasejs
90L_10NL,3,90L_10NL_3_1,0,3500,"('s', 'sk', 's')",adaʃasejs,adʃasejs
90L_10NL,3,90L_10NL_3_1,0,3500,"('s', 'sk', 's')",adaʃasejs,adʃasejs
90L_10NL,3,90L_10NL_3_1,0,1085,"('s', 's', 's')",adaʃasejs,adʃasejs
90L_10NL,3,90L_10NL_3_1,0,3500,"('s', 'sk', 's')",adesejs,adʃasejs
90L_10NL,3,90L_10NL_3_1,0,3500,"('s', 'sk', 's')",adesejs,adʃasejs
90L_10NL,3,90L_10NL_3_1,0,3500,"('s', 'sk', 's')",adaʃasejs,adʃasejs
90L_10NL,3,90L_10NL_3_1,0,3500,"('s', 'sk', 's')",adaʃasejs,adʃasejs
90L_10NL,3,90L_10NL_3_1,0,3500,"('s', 'sk', 's')",adaʃasejs,adʃasejs
90L_10NL,3,90L_10NL_3_1,0,3500,"('s', 'sk', 's')",adaʃasejs,adʃasejs
90L_10NL,3,90L_10NL_3_1,0,3500,"('s', 'sk', 's')",adaʃasejs,adʃasejs
90L_10NL,3,90L_10NL_3_1,0,3500,"('s', 'sk', 's')",adasejs,adʃasejs
90L_10NL,3,90L_10NL_3_1,0,3500,"('s', 'sk', 's')",adasejs,adʃasejs
90L_10NL,3,90L_10NL_3_1,0,3500,"('s', 'sk', 's')",adasejs,adʃasejs
90L_10NL,3,90L_10NL_3_1,0,3500,"('s', 'sk', 's')",adasejs,adʃasejs
90L_10NL,3,90L_10NL_3_1,0,3500,"('s', 'sk', 's')",adasejs,adʃasejs
90L_10NL,3,90L_10NL_3_1,0,3500,"('s', 'sk', 's')",adasejs,adʃasejs
90L_10NL,3,90L_10NL_3_1,0,3500,"('s', 'sk', 's')",adasejs,adʃasejs
90L_10NL,3,90L_10NL_3_1,0,2625,"('sk', 'sk', 's')",adaʃasejs,adʃasejs
90L_10NL,3,90L_10NL_3_1,0,2625,"('sk', 'sk', 's')",adaʃasejs,adʃasejs
90L_10NL,3,90L_10NL_3_1,0,2625,"('sk', 'sk', 's')",adaʃasejs,adʃasejs
90L_10NL,3,90L_10NL_3_1,0,2625,"('sk', 'sk', 's')",adaʃasejs,adʃasejs
90L_10NL,3,90L_10NL_3_1,0,2625,"('sk', 'sk', 's')",adaʃasejs,adʃasejs
90L_10NL,3,90L_10NL_3_1,0,2625,"('sk', 'sk', 's')",adaʃasejs,adʃasejs
90L_10NL,3,90L_10NL_3_1,0,2625,"('sk', 'sk', 's')",adaʃasejs,adʃasejs
90L_10NL,3,90L_10NL_3_1,0,2625,"('sk', 'sk', 's')",adaʃasejs,adʃasejs
90L_10NL,3,90L_10NL_3_1,0,2625,"('sk', 'sk', 's')",adaʃasejs,adʃasejs
90L_10NL,3,90L_10NL_3_1,0,2625,"('sk', 'sk', 's')",adaʃasejs,adʃasejs
90L_10NL,3,90L_10NL_3_1,0,2625,"('sk', 'sk', 's')",adaʃasejs,adʃasejs
90L_10NL,3,90L_10NL_3_1,0,2625,"('sk', 'sk', 's')",adasejs,adʃasejs
90L_10NL,3,90L_10NL_3_1,0,2625,"('sk', 'sk', 's')",adaʃasejs,adʃasejs
90L_10NL,3,90L_10NL_3_1,0,2625,"('sk', 'sk', 's')",adaʃasejs,adʃasejs
90L_10NL,3,90L_10NL_3_1,0,2625,"('sk', 'sk', 's')",adaʃasejs,adʃasejs
90L_10NL,3,90L_10NL_3_1,0,2625,"('sk', 'sk', 's')",adasejs,adʃasejs
90L_10NL,3,90L_10NL_3_1,0,2625,"('sk', 'sk', 's')",adasejs,adʃasejs
90L_10NL,3,90L_10NL_3_1,0,2625,"('sk', 'sk', 's')",adasejs,adʃasejs
90L_10NL,3,90L_10NL_3_1,0,2625,"('sk', 'sk', 's')",adasejs,adʃasejs
90L_10NL,3,90L_10NL_3_1,0,2625,"('sk', 'sk', 's')",adasejs,adʃasejs
90L_10NL,3,90L_10NL_3_1,0,2625,"('sk', 'sk', 's')",adasejs,adʃasejs
90L_10NL,3,90L_10NL_3_1,0,1085,"('s', 's', 's')",adaʃasemos,adʃasemos
90L_10NL,3,90L_10NL_3_1,0,1085,"('s', 's', 's')",adaʃasemos,adʃasemos
90L_10NL,3,90L_10NL_3_1,0,1085,"('s', 's', 's')",adaʃasemos,adʃasemos
90L_10NL,3,90L_10NL_3_1,0,3500,"('s', 'sk', 's')",adaʃasemos,adʃasemos
90L_10NL,3,90L_10NL_3_1,0,3500,"('s', 'sk', 's')",adaʃasemos,adʃasemos
90L_10NL,3,90L_10NL_3_1,0,3500,"('s', 'sk', 's')",adaʃasemos,adʃasemos
90L_10NL,3,90L_10NL_3_1,0,3500,"('s', 'sk', 's')",adaʃasemos,adʃasemos
90L_10NL,3,90L_10NL_3_1,0,3500,"('s', 'sk', 's')",adaʃasemos,adʃasemos
90L_10NL,3,90L_10NL_3_1,0,3500,"('s', 'sk', 's')",adaʃasemos,adʃasemos
90L_10NL,3,90L_10NL_3_1,0,3500,"('s', 'sk', 's')",adaʃasemos,adʃasemos
90L_10NL,3,90L_10NL_3_1,0,1085,"('s', 's', 's')",adeʃasemos,adʃasemos
90L_10NL,3,90L_10NL_3_1,0,1085,"('s', 's', 's')",adaʃasemos,adʃasemos
90L_10NL,3,90L_10NL_3_1,0,3500,"('s', 'sk', 's')",adaʃasemos,adʃasemos
90L_10NL,3,90L_10NL_3_1,0,3500,"('s', 'sk', 's')",adaʃasemos,adʃasemos
90L_10NL,3,90L_10NL_3_1,0,3500,"('s', 'sk', 's')",adaʃasemos,adʃasemos
90L_10NL,3,90L_10NL_3_1,0,3500,"('s', 'sk', 's')",adaʃasemos,adʃasemos
90L_10NL,3,90L_10NL_3_1,0,3500,"('s', 'sk', 's')",adaʃasemos,adʃasemos
90L_10NL,3,90L_10NL_3_1,0,3500,"('s', 'sk', 's')",adaʃasemos,adʃasemos
90L_10NL,3,90L_10NL_3_1,0,3500,"('s', 'sk', 's')",adaʃasemos,adʃasemos
90L_10NL,3,90L_10NL_3_1,0,1085,"('s', 's', 's')",adaʃasemos,adʃasemos
90L_10NL,3,90L_10NL_3_1,0,3500,"('s', 'sk', 's')",adaʃasemos,adʃasemos
90L_10NL,3,90L_10NL_3_1,0,3500,"('s', 'sk', 's')",adaʃasemos,adʃasemos
90L_10NL,3,90L_10NL_3_1,0,3500,"('s', 'sk', 's')",adaʃasemos,adʃasemos
90L_10NL,3,90L_10NL_3_1,0,3500,"('s', 'sk', 's')",adaʃasemos,adʃasemos
90L_10NL,3,90L_10NL_3_1,0,3500,"('s', 'sk', 's')",adaʃasemos,adʃasemos
90L_10NL,3,90L_10NL_3_1,0,3500,"('s', 'sk', 's')",adaʃasemos,adʃasemos
90L_10NL,3,90L_10NL_3_1,0,3500,"('s', 'sk', 's')",adaʃasemos,adʃasemos
90L_10NL,3,90L_10NL_3_1,0,3500,"('s', 'sk', 's')",adasemos,adʃasemos
90L_10NL,3,90L_10NL_3_1,0,3500,"('s', 'sk', 's')",adasemos,adʃasemos
90L_10NL,3,90L_10NL_3_1,0,3500,"('s', 'sk', 's')",adasemos,adʃasemos
90L_10NL,3,90L_10NL_3_1,0,3500,"('s', 'sk', 's')",adasemos,adʃasemos
90L_10NL,3,90L_10NL_3_1,0,3500,"('s', 'sk', 's')",adasemos,adʃasemos
90L_10NL,3,90L_10NL_3_1,0,3500,"('s', 'sk', 's')",adasemos,adʃasemos
90L_10NL,3,90L_10NL_3_1,0,3500,"('s', 'sk', 's')",adasemos,adʃasemos
90L_10NL,3,90L_10NL_3_1,0,2625,"('sk', 'sk', 's')",adaʃasemos,adʃasemos
90L_10NL,3,90L_10NL_3_1,0,2625,"('sk', 'sk', 's')",adaʃasemos,adʃasemos
90L_10NL,3,90L_10NL_3_1,0,2625,"('sk', 'sk', 's')",adaʃasemos,adʃasemos
90L_10NL,3,90L_10NL_3_1,0,2625,"('sk', 'sk', 's')",adaʃasemos,adʃasemos
90L_10NL,3,90L_10NL_3_1,0,2625,"('sk', 'sk', 's')",adaʃasemos,adʃasemos
90L_10NL,3,90L_10NL_3_1,0,2625,"('sk', 'sk', 's')",adaʃasemos,adʃasemos
90L_10NL,3,90L_10NL_3_1,0,2625,"('sk', 'sk', 's')",adaʃasemos,adʃasemos
90L_10NL,3,90L_10NL_3_1,0,2625,"('sk', 'sk', 's')",adaʃasemos,adʃasemos
90L_10NL,3,90L_10NL_3_1,0,2625,"('sk', 'sk', 's')",adaʃasemos,adʃasemos
90L_10NL,3,90L_10NL_3_1,0,2625,"('sk', 'sk', 's')",adaʃasemos,adʃasemos
90L_10NL,3,90L_10NL_3_1,0,2625,"('sk', 'sk', 's')",adaʃasemos,adʃasemos
90L_10NL,3,90L_10NL_3_1,0,2625,"('sk', 'sk', 's')",adaʃasemos,adʃasemos
90L_10NL,3,90L_10NL_3_1,0,2625,"('sk', 'sk', 's')",adaʃasemos,adʃasemos
90L_10NL,3,90L_10NL_3_1,0,2625,"('sk', 'sk', 's')",adaʃasemos,adʃasemos
90L_10NL,3,90L_10NL_3_1,0,2625,"('sk', 'sk', 's')",adaʃasemos,adʃasemos
90L_10NL,3,90L_10NL_3_1,0,2625,"('sk', 'sk', 's')",adaʃasemos,adʃasemos
90L_10NL,3,90L_10NL_3_1,0,2625,"('sk', 'sk', 's')",adasemos,adʃasemos
90L_10NL,3,90L_10NL_3_1,0,2625,"('sk', 'sk', 's')",adaʃasemos,adʃasemos
90L_10NL,3,90L_10NL_3_1,0,2625,"('sk', 'sk', 's')",adasimos,adʃasemos
90L_10NL,3,90L_10NL_3_1,0,2625,"('sk', 'sk', 's')",adasemos,adʃasemos
90L_10NL,3,90L_10NL_3_1,0,2625,"('sk', 'sk', 's')",adasemos,adʃasemos
90L_10NL,3,90L_10NL_3_1,0,1085,"('s', 's', 's')",adaʃasen,adʃasen
90L_10NL,3,90L_10NL_3_1,0,1085,"('s', 's', 's')",adaʃasen,adʃasen
90L_10NL,3,90L_10NL_3_1,0,1085,"('s', 's', 's')",adaʃasen,adʃasen
90L_10NL,3,90L_10NL_3_1,0,3500,"('s', 'sk', 's')",adaʃasen,adʃasen
90L_10NL,3,90L_10NL_3_1,0,3500,"('s', 'sk', 's')",adaʃasen,adʃasen
90L_10NL,3,90L_10NL_3_1,0,3500,"('s', 'sk', 's')",adaʃasen,adʃasen
90L_10NL,3,90L_10NL_3_1,0,3500,"('s', 'sk', 's')",adaʃasen,adʃasen
90L_10NL,3,90L_10NL_3_1,0,3500,"('s', 'sk', 's')",adaʃasen,adʃasen
90L_10NL,3,90L_10NL_3_1,0,3500,"('s', 'sk', 's')",adaʃasen,adʃasen
90L_10NL,3,90L_10NL_3_1,0,3500,"('s', 'sk', 's')",adaʃasen,adʃasen
90L_10NL,3,90L_10NL_3_1,1,1085,"('s', 's', 's')",adʃasen,adʃasen
90L_10NL,3,90L_10NL_3_1,1,1085,"('s', 's', 's')",adʃasen,adʃasen
90L_10NL,3,90L_10NL_3_1,0,3500,"('s', 'sk', 's')",adaʃasen,adʃasen
90L_10NL,3,90L_10NL_3_1,1,3500,"('s', 'sk', 's')",adʃasen,adʃasen
90L_10NL,3,90L_10NL_3_1,1,3500,"('s', 'sk', 's')",adʃasen,adʃasen
90L_10NL,3,90L_10NL_3_1,1,3500,"('s', 'sk', 's')",adʃasen,adʃasen
90L_10NL,3,90L_10NL_3_1,1,3500,"('s', 'sk', 's')",adʃasen,adʃasen
90L_10NL,3,90L_10NL_3_1,1,3500,"('s', 'sk', 's')",adʃasen,adʃasen
90L_10NL,3,90L_10NL_3_1,1,3500,"('s', 'sk', 's')",adʃasen,adʃasen
90L_10NL,3,90L_10NL_3_1,0,1085,"('s', 's', 's')",adaʃasen,adʃasen
90L_10NL,3,90L_10NL_3_1,0,3500,"('s', 'sk', 's')",adaʃsen,adʃasen
90L_10NL,3,90L_10NL_3_1,0,3500,"('s', 'sk', 's')",adaʃsen,adʃasen
90L_10NL,3,90L_10NL_3_1,1,3500,"('s', 'sk', 's')",adʃasen,adʃasen
90L_10NL,3,90L_10NL_3_1,1,3500,"('s', 'sk', 's')",adʃasen,adʃasen
90L_10NL,3,90L_10NL_3_1,1,3500,"('s', 'sk', 's')",adʃasen,adʃasen
90L_10NL,3,90L_10NL_3_1,1,3500,"('s', 'sk', 's')",adʃasen,adʃasen
90L_10NL,3,90L_10NL_3_1,1,3500,"('s', 'sk', 's')",adʃasen,adʃasen
90L_10NL,3,90L_10NL_3_1,0,3500,"('s', 'sk', 's')",adasen,adʃasen
90L_10NL,3,90L_10NL_3_1,0,3500,"('s', 'sk', 's')",adasen,adʃasen
90L_10NL,3,90L_10NL_3_1,0,3500,"('s', 'sk', 's')",adasen,adʃasen
90L_10NL,3,90L_10NL_3_1,0,3500,"('s', 'sk', 's')",adasen,adʃasen
90L_10NL,3,90L_10NL_3_1,0,3500,"('s', 'sk', 's')",adasen,adʃasen
90L_10NL,3,90L_10NL_3_1,0,3500,"('s', 'sk', 's')",adasen,adʃasen
90L_10NL,3,90L_10NL_3_1,0,3500,"('s', 'sk', 's')",adaʃsen,adʃasen
90L_10NL,3,90L_10NL_3_1,1,2625,"('sk', 'sk', 's')",adʃasen,adʃasen
90L_10NL,3,90L_10NL_3_1,1,2625,"('sk', 'sk', 's')",adʃasen,adʃasen
90L_10NL,3,90L_10NL_3_1,1,2625,"('sk', 'sk', 's')",adʃasen,adʃasen
90L_10NL,3,90L_10NL_3_1,1,2625,"('sk', 'sk', 's')",adʃasen,adʃasen
90L_10NL,3,90L_10NL_3_1,1,2625,"('sk', 'sk', 's')",adʃasen,adʃasen
90L_10NL,3,90L_10NL_3_1,1,2625,"('sk', 'sk', 's')",adʃasen,adʃasen
90L_10NL,3,90L_10NL_3_1,0,2625,"('sk', 'sk', 's')",adaʃasen,adʃasen
90L_10NL,3,90L_10NL_3_1,1,2625,"('sk', 'sk', 's')",adʃasen,adʃasen
90L_10NL,3,90L_10NL_3_1,0,2625,"('sk', 'sk', 's')",adaʃasen,adʃasen
90L_10NL,3,90L_10NL_3_1,0,2625,"('sk', 'sk', 's')",adaʃasen,adʃasen
90L_10NL,3,90L_10NL_3_1,0,2625,"('sk', 'sk', 's')",adaʃasen,adʃasen
90L_10NL,3,90L_10NL_3_1,1,2625,"('sk', 'sk', 's')",adʃasen,adʃasen
90L_10NL,3,90L_10NL_3_1,1,2625,"('sk', 'sk', 's')",adʃasen,adʃasen
90L_10NL,3,90L_10NL_3_1,1,2625,"('sk', 'sk', 's')",adʃasen,adʃasen
90L_10NL,3,90L_10NL_3_1,1,2625,"('sk', 'sk', 's')",adʃasen,adʃasen
90L_10NL,3,90L_10NL_3_1,1,2625,"('sk', 'sk', 's')",adʃasen,adʃasen
90L_10NL,3,90L_10NL_3_1,1,2625,"('sk', 'sk', 's')",adʃasen,adʃasen
90L_10NL,3,90L_10NL_3_1,1,2625,"('sk', 'sk', 's')",adʃasen,adʃasen
90L_10NL,3,90L_10NL_3_1,0,2625,"('sk', 'sk', 's')",adasen,adʃasen
90L_10NL,3,90L_10NL_3_1,0,2625,"('sk', 'sk', 's')",adasen,adʃasen
90L_10NL,3,90L_10NL_3_1,0,2625,"('sk', 'sk', 's')",adasen,adʃasen
90L_10NL,3,90L_10NL_3_1,0,1085,"('s', 's', 's')",adaʃases,adʃases
90L_10NL,3,90L_10NL_3_1,0,1085,"('s', 's', 's')",adaʃases,adʃases
90L_10NL,3,90L_10NL_3_1,0,1085,"('s', 's', 's')",adaʃases,adʃases
90L_10NL,3,90L_10NL_3_1,0,3500,"('s', 'sk', 's')",adaʃases,adʃases
90L_10NL,3,90L_10NL_3_1,0,3500,"('s', 'sk', 's')",adaʃases,adʃases
90L_10NL,3,90L_10NL_3_1,0,3500,"('s', 'sk', 's')",adaʃases,adʃases
90L_10NL,3,90L_10NL_3_1,0,3500,"('s', 'sk', 's')",adaʃases,adʃases
90L_10NL,3,90L_10NL_3_1,0,3500,"('s', 'sk', 's')",adaʃases,adʃases
90L_10NL,3,90L_10NL_3_1,0,3500,"('s', 'sk', 's')",adaʃases,adʃases
90L_10NL,3,90L_10NL_3_1,0,3500,"('s', 'sk', 's')",adaʃases,adʃases
90L_10NL,3,90L_10NL_3_1,0,1085,"('s', 's', 's')",adaʃases,adʃases
90L_10NL,3,90L_10NL_3_1,0,1085,"('s', 's', 's')",adaʃases,adʃases
90L_10NL,3,90L_10NL_3_1,0,3500,"('s', 'sk', 's')",adaʃases,adʃases
90L_10NL,3,90L_10NL_3_1,0,3500,"('s', 'sk', 's')",adaʃases,adʃases
90L_10NL,3,90L_10NL_3_1,1,3500,"('s', 'sk', 's')",adʃases,adʃases
90L_10NL,3,90L_10NL_3_1,0,3500,"('s', 'sk', 's')",adaʃases,adʃases
90L_10NL,3,90L_10NL_3_1,0,3500,"('s', 'sk', 's')",adaʃases,adʃases
90L_10NL,3,90L_10NL_3_1,0,3500,"('s', 'sk', 's')",adaʃases,adʃases
90L_10NL,3,90L_10NL_3_1,0,3500,"('s', 'sk', 's')",adaʃases,adʃases
90L_10NL,3,90L_10NL_3_1,0,1085,"('s', 's', 's')",adaʃases,adʃases
90L_10NL,3,90L_10NL_3_1,0,3500,"('s', 'sk', 's')",adaʃases,adʃases
90L_10NL,3,90L_10NL_3_1,0,3500,"('s', 'sk', 's')",adaʃases,adʃases
90L_10NL,3,90L_10NL_3_1,1,3500,"('s', 'sk', 's')",adʃases,adʃases
90L_10NL,3,90L_10NL_3_1,1,3500,"('s', 'sk', 's')",adʃases,adʃases
90L_10NL,3,90L_10NL_3_1,1,3500,"('s', 'sk', 's')",adʃases,adʃases
90L_10NL,3,90L_10NL_3_1,1,3500,"('s', 'sk', 's')",adʃases,adʃases
90L_10NL,3,90L_10NL_3_1,1,3500,"('s', 'sk', 's')",adʃases,adʃases
90L_10NL,3,90L_10NL_3_1,0,3500,"('s', 'sk', 's')",adases,adʃases
90L_10NL,3,90L_10NL_3_1,0,3500,"('s', 'sk', 's')",adases,adʃases
90L_10NL,3,90L_10NL_3_1,0,3500,"('s', 'sk', 's')",adases,adʃases
90L_10NL,3,90L_10NL_3_1,0,3500,"('s', 'sk', 's')",adases,adʃases
90L_10NL,3,90L_10NL_3_1,0,3500,"('s', 'sk', 's')",adaʃses,adʃases
90L_10NL,3,90L_10NL_3_1,0,3500,"('s', 'sk', 's')",adaʃses,adʃases
90L_10NL,3,90L_10NL_3_1,0,3500,"('s', 'sk', 's')",adaʃses,adʃases
90L_10NL,3,90L_10NL_3_1,1,2625,"('sk', 'sk', 's')",adʃases,adʃases
90L_10NL,3,90L_10NL_3_1,1,2625,"('sk', 'sk', 's')",adʃases,adʃases
90L_10NL,3,90L_10NL_3_1,1,2625,"('sk', 'sk', 's')",adʃases,adʃases
90L_10NL,3,90L_10NL_3_1,1,2625,"('sk', 'sk', 's')",adʃases,adʃases
90L_10NL,3,90L_10NL_3_1,1,2625,"('sk', 'sk', 's')",adʃases,adʃases
90L_10NL,3,90L_10NL_3_1,1,2625,"('sk', 'sk', 's')",adʃases,adʃases
90L_10NL,3,90L_10NL_3_1,1,2625,"('sk', 'sk', 's')",adʃases,adʃases
90L_10NL,3,90L_10NL_3_1,1,2625,"('sk', 'sk', 's')",adʃases,adʃases
90L_10NL,3,90L_10NL_3_1,1,2625,"('sk', 'sk', 's')",adʃases,adʃases
90L_10NL,3,90L_10NL_3_1,1,2625,"('sk', 'sk', 's')",adʃases,adʃases
90L_10NL,3,90L_10NL_3_1,1,2625,"('sk', 'sk', 's')",adʃases,adʃases
90L_10NL,3,90L_10NL_3_1,1,2625,"('sk', 'sk', 's')",adʃases,adʃases
90L_10NL,3,90L_10NL_3_1,1,2625,"('sk', 'sk', 's')",adʃases,adʃases
90L_10NL,3,90L_10NL_3_1,1,2625,"('sk', 'sk', 's')",adʃases,adʃases
90L_10NL,3,90L_10NL_3_1,1,2625,"('sk', 'sk', 's')",adʃases,adʃases
90L_10NL,3,90L_10NL_3_1,1,2625,"('sk', 'sk', 's')",adʃases,adʃases
90L_10NL,3,90L_10NL_3_1,1,2625,"('sk', 'sk', 's')",adʃases,adʃases
90L_10NL,3,90L_10NL_3_1,1,2625,"('sk', 'sk', 's')",adʃases,adʃases
90L_10NL,3,90L_10NL_3_1,0,2625,"('sk', 'sk', 's')",adases,adʃases
90L_10NL,3,90L_10NL_3_1,0,2625,"('sk', 'sk', 's')",adaʃses,adʃases
90L_10NL,3,90L_10NL_3_1,0,2625,"('sk', 'sk', 's')",adaʃses,adʃases
90L_10NL,3,90L_10NL_3_1,1,1085,"('s', 's', 's')",adʃase,adʃase
90L_10NL,3,90L_10NL_3_1,0,1085,"('s', 's', 's')",adaʃase,adʃase
90L_10NL,3,90L_10NL_3_1,0,1085,"('s', 's', 's')",adaʃase,adʃase
90L_10NL,3,90L_10NL_3_1,0,3500,"('s', 'sk', 's')",adaʃase,adʃase
90L_10NL,3,90L_10NL_3_1,0,3500,"('s', 'sk', 's')",adaʃase,adʃase
90L_10NL,3,90L_10NL_3_1,0,3500,"('s', 'sk', 's')",adaʃase,adʃase
90L_10NL,3,90L_10NL_3_1,0,3500,"('s', 'sk', 's')",adaʃase,adʃase
90L_10NL,3,90L_10NL_3_1,0,3500,"('s', 'sk', 's')",adaʃase,adʃase
90L_10NL,3,90L_10NL_3_1,0,3500,"('s', 'sk', 's')",adaʃase,adʃase
90L_10NL,3,90L_10NL_3_1,0,3500,"('s', 'sk', 's')",adaʃase,adʃase
90L_10NL,3,90L_10NL_3_1,1,1085,"('s', 's', 's')",adʃase,adʃase
90L_10NL,3,90L_10NL_3_1,1,1085,"('s', 's', 's')",adʃase,adʃase
90L_10NL,3,90L_10NL_3_1,0,3500,"('s', 'sk', 's')",adaʃse,adʃase
90L_10NL,3,90L_10NL_3_1,0,3500,"('s', 'sk', 's')",adaʃse,adʃase
90L_10NL,3,90L_10NL_3_1,0,3500,"('s', 'sk', 's')",adaʃse,adʃase
90L_10NL,3,90L_10NL_3_1,0,3500,"('s', 'sk', 's')",adaʃse,adʃase
90L_10NL,3,90L_10NL_3_1,0,3500,"('s', 'sk', 's')",adaʃse,adʃase
90L_10NL,3,90L_10NL_3_1,0,3500,"('s', 'sk', 's')",adaʃse,adʃase
90L_10NL,3,90L_10NL_3_1,0,3500,"('s', 'sk', 's')",adaʃse,adʃase
90L_10NL,3,90L_10NL_3_1,1,1085,"('s', 's', 's')",adʃase,adʃase
90L_10NL,3,90L_10NL_3_1,0,3500,"('s', 'sk', 's')",adaʃse,adʃase
90L_10NL,3,90L_10NL_3_1,0,3500,"('s', 'sk', 's')",adaʃse,adʃase
90L_10NL,3,90L_10NL_3_1,1,3500,"('s', 'sk', 's')",adʃase,adʃase
90L_10NL,3,90L_10NL_3_1,1,3500,"('s', 'sk', 's')",adʃase,adʃase
90L_10NL,3,90L_10NL_3_1,1,3500,"('s', 'sk', 's')",adʃase,adʃase
90L_10NL,3,90L_10NL_3_1,1,3500,"('s', 'sk', 's')",adʃase,adʃase
90L_10NL,3,90L_10NL_3_1,1,3500,"('s', 'sk', 's')",adʃase,adʃase
90L_10NL,3,90L_10NL_3_1,0,3500,"('s', 'sk', 's')",adaʃse,adʃase
90L_10NL,3,90L_10NL_3_1,0,3500,"('s', 'sk', 's')",adaʃse,adʃase
90L_10NL,3,90L_10NL_3_1,1,3500,"('s', 'sk', 's')",adʃase,adʃase
90L_10NL,3,90L_10NL_3_1,0,3500,"('s', 'sk', 's')",adaʃse,adʃase
90L_10NL,3,90L_10NL_3_1,0,3500,"('s', 'sk', 's')",adaʃse,adʃase
90L_10NL,3,90L_10NL_3_1,0,3500,"('s', 'sk', 's')",adaʃse,adʃase
90L_10NL,3,90L_10NL_3_1,1,3500,"('s', 'sk', 's')",adʃase,adʃase
90L_10NL,3,90L_10NL_3_1,0,2625,"('sk', 'sk', 's')",adase,adʃase
90L_10NL,3,90L_10NL_3_1,1,2625,"('sk', 'sk', 's')",adʃase,adʃase
90L_10NL,3,90L_10NL_3_1,1,2625,"('sk', 'sk', 's')",adʃase,adʃase
90L_10NL,3,90L_10NL_3_1,0,2625,"('sk', 'sk', 's')",adaʃse,adʃase
90L_10NL,3,90L_10NL_3_1,0,2625,"('sk', 'sk', 's')",adaʃse,adʃase
90L_10NL,3,90L_10NL_3_1,0,2625,"('sk', 'sk', 's')",adaʃse,adʃase
90L_10NL,3,90L_10NL_3_1,0,2625,"('sk', 'sk', 's')",adase,adʃase
90L_10NL,3,90L_10NL_3_1,0,2625,"('sk', 'sk', 's')",adase,adʃase
90L_10NL,3,90L_10NL_3_1,0,2625,"('sk', 'sk', 's')",adase,adʃase
90L_10NL,3,90L_10NL_3_1,0,2625,"('sk', 'sk', 's')",adase,adʃase
90L_10NL,3,90L_10NL_3_1,0,2625,"('sk', 'sk', 's')",adase,adʃase
90L_10NL,3,90L_10NL_3_1,1,2625,"('sk', 'sk', 's')",adʃase,adʃase
90L_10NL,3,90L_10NL_3_1,1,2625,"('sk', 'sk', 's')",adʃase,adʃase
90L_10NL,3,90L_10NL_3_1,1,2625,"('sk', 'sk', 's')",adʃase,adʃase
90L_10NL,3,90L_10NL_3_1,1,2625,"('sk', 'sk', 's')",adʃase,adʃase
90L_10NL,3,90L_10NL_3_1,0,2625,"('sk', 'sk', 's')",adaʃse,adʃase
90L_10NL,3,90L_10NL_3_1,0,2625,"('sk', 'sk', 's')",adaʃse,adʃase
90L_10NL,3,90L_10NL_3_1,1,2625,"('sk', 'sk', 's')",adʃase,adʃase
90L_10NL,3,90L_10NL_3_1,0,2625,"('sk', 'sk', 's')",adase,adʃase
90L_10NL,3,90L_10NL_3_1,0,2625,"('sk', 'sk', 's')",adase,adʃase
90L_10NL,3,90L_10NL_3_1,0,2625,"('sk', 'sk', 's')",adase,adʃase
90L_10NL,3,90L_10NL_3_1,0,1750,"('s', 's', 'sk')",adaʃaskajs,adʃaskajs
90L_10NL,3,90L_10NL_3_1,0,1750,"('s', 's', 'sk')",adaʃeskajs,adʃaskajs
90L_10NL,3,90L_10NL_3_1,0,1750,"('s', 's', 'sk')",adaʃeskajs,adʃaskajs
90L_10NL,3,90L_10NL_3_1,0,1750,"('s', 's', 'sk')",adaʃeskajs,adʃaskajs
90L_10NL,3,90L_10NL_3_1,0,5250,"('s', 'sk', 'sk')",adaʃeskajs,adʃaskajs
90L_10NL,3,90L_10NL_3_1,0,5250,"('s', 'sk', 'sk')",adaʃeskajs,adʃaskajs
90L_10NL,3,90L_10NL_3_1,0,5250,"('s', 'sk', 'sk')",adaʃeskajs,adʃaskajs
90L_10NL,3,90L_10NL_3_1,0,5250,"('s', 'sk', 'sk')",adaʃeskajs,adʃaskajs
90L_10NL,3,90L_10NL_3_1,0,5250,"('s', 'sk', 'sk')",adaʃeskajs,adʃaskajs
90L_10NL,3,90L_10NL_3_1,0,5250,"('s', 'sk', 'sk')",adaʃeskajs,adʃaskajs
90L_10NL,3,90L_10NL_3_1,0,1750,"('s', 's', 'sk')",adaʃaskajs,adʃaskajs
90L_10NL,3,90L_10NL_3_1,0,1750,"('s', 's', 'sk')",adaʃaskajs,adʃaskajs
90L_10NL,3,90L_10NL_3_1,0,1750,"('s', 's', 'sk')",adaʃaskajs,adʃaskajs
90L_10NL,3,90L_10NL_3_1,0,5250,"('s', 'sk', 'sk')",adaʃeskajs,adʃaskajs
90L_10NL,3,90L_10NL_3_1,0,5250,"('s', 'sk', 'sk')",adaʃaskajs,adʃaskajs
90L_10NL,3,90L_10NL_3_1,0,5250,"('s', 'sk', 'sk')",adaʃaskajs,adʃaskajs
90L_10NL,3,90L_10NL_3_1,0,5250,"('s', 'sk', 'sk')",adaʃaskajs,adʃaskajs
90L_10NL,3,90L_10NL_3_1,0,5250,"('s', 'sk', 'sk')",adaʃaskajs,adʃaskajs
90L_10NL,3,90L_10NL_3_1,0,5250,"('s', 'sk', 'sk')",adaʃaskajs,adʃaskajs
90L_10NL,3,90L_10NL_3_1,0,1750,"('s', 's', 'sk')",adaʃaskajs,adʃaskajs
90L_10NL,3,90L_10NL_3_1,0,1750,"('s', 's', 'sk')",adaʃaskajs,adʃaskajs
90L_10NL,3,90L_10NL_3_1,0,5250,"('s', 'sk', 'sk')",adaʃaskajs,adʃaskajs
90L_10NL,3,90L_10NL_3_1,0,5250,"('s', 'sk', 'sk')",adaʃaskajs,adʃaskajs
90L_10NL,3,90L_10NL_3_1,0,5250,"('s', 'sk', 'sk')",adeskajs,adʃaskajs
90L_10NL,3,90L_10NL_3_1,0,5250,"('s', 'sk', 'sk')",adaʃaskajs,adʃaskajs
90L_10NL,3,90L_10NL_3_1,0,5250,"('s', 'sk', 'sk')",adaʃaskajs,adʃaskajs
90L_10NL,3,90L_10NL_3_1,0,5250,"('s', 'sk', 'sk')",adaʃaskajs,adʃaskajs
90L_10NL,3,90L_10NL_3_1,0,1750,"('s', 's', 'sk')",adaʃaskajs,adʃaskajs
90L_10NL,3,90L_10NL_3_1,0,5250,"('s', 'sk', 'sk')",adaʃaskajs,adʃaskajs
90L_10NL,3,90L_10NL_3_1,0,5250,"('s', 'sk', 'sk')",adaʃaskajs,adʃaskajs
90L_10NL,3,90L_10NL_3_1,0,5250,"('s', 'sk', 'sk')",adaʃaskajs,adʃaskajs
90L_10NL,3,90L_10NL_3_1,0,5250,"('s', 'sk', 'sk')",adaʃaskajs,adʃaskajs
90L_10NL,3,90L_10NL_3_1,0,5250,"('s', 'sk', 'sk')",adaʃaskajs,adʃaskajs
90L_10NL,3,90L_10NL_3_1,0,5250,"('s', 'sk', 'sk')",adaʃaskajs,adʃaskajs
90L_10NL,3,90L_10NL_3_1,0,5250,"('s', 'sk', 'sk')",adaskajs,adʃaskajs
90L_10NL,3,90L_10NL_3_1,0,5250,"('s', 'sk', 'sk')",adaskajs,adʃaskajs
90L_10NL,3,90L_10NL_3_1,0,5250,"('s', 'sk', 'sk')",adaskajs,adʃaskajs
90L_10NL,3,90L_10NL_3_1,0,5250,"('s', 'sk', 'sk')",adaskajs,adʃaskajs
90L_10NL,3,90L_10NL_3_1,0,5250,"('s', 'sk', 'sk')",adaskajs,adʃaskajs
90L_10NL,3,90L_10NL_3_1,0,5250,"('s', 'sk', 'sk')",adaskajs,adʃaskajs
90L_10NL,3,90L_10NL_3_1,0,2625,"('sk', 'sk', 'sk')",adaʃaskajs,adʃaskajs
90L_10NL,3,90L_10NL_3_1,0,2625,"('sk', 'sk', 'sk')",adaʃaskajs,adʃaskajs
90L_10NL,3,90L_10NL_3_1,0,2625,"('sk', 'sk', 'sk')",adaʃaskajs,adʃaskajs
90L_10NL,3,90L_10NL_3_1,0,2625,"('sk', 'sk', 'sk')",adaʃaskajs,adʃaskajs
90L_10NL,3,90L_10NL_3_1,0,2625,"('sk', 'sk', 'sk')",adaʃaskajs,adʃaskajs
90L_10NL,3,90L_10NL_3_1,0,2625,"('sk', 'sk', 'sk')",adaskajs,adʃaskajs
90L_10NL,3,90L_10NL_3_1,0,2625,"('sk', 'sk', 'sk')",adaʃaskajs,adʃaskajs
90L_10NL,3,90L_10NL_3_1,0,2625,"('sk', 'sk', 'sk')",adaʃaskajs,adʃaskajs
90L_10NL,3,90L_10NL_3_1,0,2625,"('sk', 'sk', 'sk')",adaʃaskajs,adʃaskajs
90L_10NL,3,90L_10NL_3_1,0,2625,"('sk', 'sk', 'sk')",adaskajs,adʃaskajs
90L_10NL,3,90L_10NL_3_1,0,2625,"('sk', 'sk', 'sk')",adaskajs,adʃaskajs
90L_10NL,3,90L_10NL_3_1,0,2625,"('sk', 'sk', 'sk')",adaskajs,adʃaskajs
90L_10NL,3,90L_10NL_3_1,0,2625,"('sk', 'sk', 'sk')",adaskajs,adʃaskajs
90L_10NL,3,90L_10NL_3_1,0,2625,"('sk', 'sk', 'sk')",adaskajs,adʃaskajs
90L_10NL,3,90L_10NL_3_1,0,2625,"('sk', 'sk', 'sk')",adaskajs,adʃaskajs
90L_10NL,3,90L_10NL_3_1,0,1750,"('s', 's', 'sk')",adaʃaskamos,adʃaskamos
90L_10NL,3,90L_10NL_3_1,0,1750,"('s', 's', 'sk')",adaʃeskamos,adʃaskamos
90L_10NL,3,90L_10NL_3_1,0,1750,"('s', 's', 'sk')",adaʃeskamos,adʃaskamos
90L_10NL,3,90L_10NL_3_1,0,1750,"('s', 's', 'sk')",adaʃeskamos,adʃaskamos
90L_10NL,3,90L_10NL_3_1,0,5250,"('s', 'sk', 'sk')",adaʃeskamos,adʃaskamos
90L_10NL,3,90L_10NL_3_1,0,5250,"('s', 'sk', 'sk')",adaʃaskamos,adʃaskamos
90L_10NL,3,90L_10NL_3_1,0,5250,"('s', 'sk', 'sk')",adaʃeskamos,adʃaskamos
90L_10NL,3,90L_10NL_3_1,0,5250,"('s', 'sk', 'sk')",adaʃeskamos,adʃaskamos
90L_10NL,3,90L_10NL_3_1,0,5250,"('s', 'sk', 'sk')",adaʃeskamos,adʃaskamos
90L_10NL,3,90L_10NL_3_1,0,5250,"('s', 'sk', 'sk')",adaʃeskamos,adʃaskamos
90L_10NL,3,90L_10NL_3_1,0,1750,"('s', 's', 'sk')",adaʃaskamos,adʃaskamos
90L_10NL,3,90L_10NL_3_1,0,1750,"('s', 's', 'sk')",adaʃaskamos,adʃaskamos
90L_10NL,3,90L_10NL_3_1,0,1750,"('s', 's', 'sk')",adaʃaskamos,adʃaskamos
90L_10NL,3,90L_10NL_3_1,0,5250,"('s', 'sk', 'sk')",adaʃeskamos,adʃaskamos
90L_10NL,3,90L_10NL_3_1,0,5250,"('s', 'sk', 'sk')",adaʃaskamos,adʃaskamos
90L_10NL,3,90L_10NL_3_1,0,5250,"('s', 'sk', 'sk')",adaʃaskamos,adʃaskamos
90L_10NL,3,90L_10NL_3_1,0,5250,"('s', 'sk', 'sk')",adaʃaskamos,adʃaskamos
90L_10NL,3,90L_10NL_3_1,0,5250,"('s', 'sk', 'sk')",adaʃaskamos,adʃaskamos
90L_10NL,3,90L_10NL_3_1,0,5250,"('s', 'sk', 'sk')",adaʃaskamos,adʃaskamos
90L_10NL,3,90L_10NL_3_1,0,1750,"('s', 's', 'sk')",adaʃaskamos,adʃaskamos
90L_10NL,3,90L_10NL_3_1,0,1750,"('s', 's', 'sk')",adaʃaskamos,adʃaskamos
90L_10NL,3,90L_10NL_3_1,0,5250,"('s', 'sk', 'sk')",adaʃaskamos,adʃaskamos
90L_10NL,3,90L_10NL_3_1,0,5250,"('s', 'sk', 'sk')",adaʃaskamos,adʃaskamos
90L_10NL,3,90L_10NL_3_1,0,5250,"('s', 'sk', 'sk')",adaʃaskamos,adʃaskamos
90L_10NL,3,90L_10NL_3_1,0,5250,"('s', 'sk', 'sk')",adaʃaskamos,adʃaskamos
90L_10NL,3,90L_10NL_3_1,0,5250,"('s', 'sk', 'sk')",adaʃaskamos,adʃaskamos
90L_10NL,3,90L_10NL_3_1,0,5250,"('s', 'sk', 'sk')",adaʃaskamos,adʃaskamos
90L_10NL,3,90L_10NL_3_1,0,1750,"('s', 's', 'sk')",adaʃaskamos,adʃaskamos
90L_10NL,3,90L_10NL_3_1,0,5250,"('s', 'sk', 'sk')",adaʃaskamos,adʃaskamos
90L_10NL,3,90L_10NL_3_1,0,5250,"('s', 'sk', 'sk')",adaʃaskamos,adʃaskamos
90L_10NL,3,90L_10NL_3_1,0,5250,"('s', 'sk', 'sk')",adaʃaskamos,adʃaskamos
90L_10NL,3,90L_10NL_3_1,0,5250,"('s', 'sk', 'sk')",adaʃaskamos,adʃaskamos
90L_10NL,3,90L_10NL_3_1,0,5250,"('s', 'sk', 'sk')",adaʃaskamos,adʃaskamos
90L_10NL,3,90L_10NL_3_1,0,5250,"('s', 'sk', 'sk')",adaʃaskamos,adʃaskamos
90L_10NL,3,90L_10NL_3_1,0,5250,"('s', 'sk', 'sk')",adaskamos,adʃaskamos
90L_10NL,3,90L_10NL_3_1,0,5250,"('s', 'sk', 'sk')",adaskamos,adʃaskamos
90L_10NL,3,90L_10NL_3_1,0,5250,"('s', 'sk', 'sk')",adaskamos,adʃaskamos
90L_10NL,3,90L_10NL_3_1,0,5250,"('s', 'sk', 'sk')",adaskamos,adʃaskamos
90L_10NL,3,90L_10NL_3_1,0,5250,"('s', 'sk', 'sk')",adaskamos,adʃaskamos
90L_10NL,3,90L_10NL_3_1,0,5250,"('s', 'sk', 'sk')",adaskamos,adʃaskamos
90L_10NL,3,90L_10NL_3_1,0,2625,"('sk', 'sk', 'sk')",adaʃaskamos,adʃaskamos
90L_10NL,3,90L_10NL_3_1,0,2625,"('sk', 'sk', 'sk')",adaskamos,adʃaskamos
90L_10NL,3,90L_10NL_3_1,0,2625,"('sk', 'sk', 'sk')",adaʃaskamos,adʃaskamos
90L_10NL,3,90L_10NL_3_1,0,2625,"('sk', 'sk', 'sk')",adaʃaskamos,adʃaskamos
90L_10NL,3,90L_10NL_3_1,0,2625,"('sk', 'sk', 'sk')",adaʃaskamos,adʃaskamos
90L_10NL,3,90L_10NL_3_1,0,2625,"('sk', 'sk', 'sk')",adaskamos,adʃaskamos
90L_10NL,3,90L_10NL_3_1,0,2625,"('sk', 'sk', 'sk')",adaʃaskamos,adʃaskamos
90L_10NL,3,90L_10NL_3_1,0,2625,"('sk', 'sk', 'sk')",adaʃaskamos,adʃaskamos
90L_10NL,3,90L_10NL_3_1,0,2625,"('sk', 'sk', 'sk')",adaʃaskamos,adʃaskamos
90L_10NL,3,90L_10NL_3_1,0,2625,"('sk', 'sk', 'sk')",adaʃaskamos,adʃaskamos
90L_10NL,3,90L_10NL_3_1,0,2625,"('sk', 'sk', 'sk')",adaskamos,adʃaskamos
90L_10NL,3,90L_10NL_3_1,0,2625,"('sk', 'sk', 'sk')",adaʃaskamos,adʃaskamos
90L_10NL,3,90L_10NL_3_1,0,2625,"('sk', 'sk', 'sk')",adaskamos,adʃaskamos
90L_10NL,3,90L_10NL_3_1,0,2625,"('sk', 'sk', 'sk')",adaskamos,adʃaskamos
90L_10NL,3,90L_10NL_3_1,0,2625,"('sk', 'sk', 'sk')",adaskamos,adʃaskamos
90L_10NL,3,90L_10NL_3_1,1,1750,"('s', 's', 'sk')",adʃaskan,adʃaskan
90L_10NL,3,90L_10NL_3_1,1,1750,"('s', 's', 'sk')",adʃaskan,adʃaskan
90L_10NL,3,90L_10NL_3_1,1,1750,"('s', 's', 'sk')",adʃaskan,adʃaskan
90L_10NL,3,90L_10NL_3_1,1,1750,"('s', 's', 'sk')",adʃaskan,adʃaskan
90L_10NL,3,90L_10NL_3_1,0,5250,"('s', 'sk', 'sk')",adaʃaskan,adʃaskan
90L_10NL,3,90L_10NL_3_1,0,5250,"('s', 'sk', 'sk')",adaʃaskan,adʃaskan
90L_10NL,3,90L_10NL_3_1,1,5250,"('s', 'sk', 'sk')",adʃaskan,adʃaskan
90L_10NL,3,90L_10NL_3_1,0,5250,"('s', 'sk', 'sk')",adaʃaskan,adʃaskan
90L_10NL,3,90L_10NL_3_1,0,5250,"('s', 'sk', 'sk')",adaʃaskan,adʃaskan
90L_10NL,3,90L_10NL_3_1,0,5250,"('s', 'sk', 'sk')",adaʃaskan,adʃaskan
90L_10NL,3,90L_10NL_3_1,1,1750,"('s', 's', 'sk')",adʃaskan,adʃaskan
90L_10NL,3,90L_10NL_3_1,1,1750,"('s', 's', 'sk')",adʃaskan,adʃaskan
90L_10NL,3,90L_10NL_3_1,1,1750,"('s', 's', 'sk')",adʃaskan,adʃaskan
90L_10NL,3,90L_10NL_3_1,0,5250,"('s', 'sk', 'sk')",adaʃskan,adʃaskan
90L_10NL,3,90L_10NL_3_1,0,5250,"('s', 'sk', 'sk')",adaʃskan,adʃaskan
90L_10NL,3,90L_10NL_3_1,1,5250,"('s', 'sk', 'sk')",adʃaskan,adʃaskan
90L_10NL,3,90L_10NL_3_1,1,5250,"('s', 'sk', 'sk')",adʃaskan,adʃaskan
90L_10NL,3,90L_10NL_3_1,1,5250,"('s', 'sk', 'sk')",adʃaskan,adʃaskan
90L_10NL,3,90L_10NL_3_1,1,5250,"('s', 'sk', 'sk')",adʃaskan,adʃaskan
90L_10NL,3,90L_10NL_3_1,1,1750,"('s', 's', 'sk')",adʃaskan,adʃaskan
90L_10NL,3,90L_10NL_3_1,1,1750,"('s', 's', 'sk')",adʃaskan,adʃaskan
90L_10NL,3,90L_10NL_3_1,0,5250,"('s', 'sk', 'sk')",adaskan,adʃaskan
90L_10NL,3,90L_10NL_3_1,0,5250,"('s', 'sk', 'sk')",adaskan,adʃaskan
90L_10NL,3,90L_10NL_3_1,1,5250,"('s', 'sk', 'sk')",adʃaskan,adʃaskan
90L_10NL,3,90L_10NL_3_1,1,5250,"('s', 'sk', 'sk')",adʃaskan,adʃaskan
90L_10NL,3,90L_10NL_3_1,1,5250,"('s', 'sk', 'sk')",adʃaskan,adʃaskan
90L_10NL,3,90L_10NL_3_1,1,5250,"('s', 'sk', 'sk')",adʃaskan,adʃaskan
90L_10NL,3,90L_10NL_3_1,1,1750,"('s', 's', 'sk')",adʃaskan,adʃaskan
90L_10NL,3,90L_10NL_3_1,0,5250,"('s', 'sk', 'sk')",adaskan,adʃaskan
90L_10NL,3,90L_10NL_3_1,0,5250,"('s', 'sk', 'sk')",adaskan,adʃaskan
90L_10NL,3,90L_10NL_3_1,1,5250,"('s', 'sk', 'sk')",adʃaskan,adʃaskan
90L_10NL,3,90L_10NL_3_1,1,5250,"('s', 'sk', 'sk')",adʃaskan,adʃaskan
90L_10NL,3,90L_10NL_3_1,1,5250,"('s', 'sk', 'sk')",adʃaskan,adʃaskan
90L_10NL,3,90L_10NL_3_1,1,5250,"('s', 'sk', 'sk')",adʃaskan,adʃaskan
90L_10NL,3,90L_10NL_3_1,0,5250,"('s', 'sk', 'sk')",adaskan,adʃaskan
90L_10NL,3,90L_10NL_3_1,0,5250,"('s', 'sk', 'sk')",adaskan,adʃaskan
90L_10NL,3,90L_10NL_3_1,0,5250,"('s', 'sk', 'sk')",adaskan,adʃaskan
90L_10NL,3,90L_10NL_3_1,0,5250,"('s', 'sk', 'sk')",adaskan,adʃaskan
90L_10NL,3,90L_10NL_3_1,0,5250,"('s', 'sk', 'sk')",adaskan,adʃaskan
90L_10NL,3,90L_10NL_3_1,0,5250,"('s', 'sk', 'sk')",adaskan,adʃaskan
90L_10NL,3,90L_10NL_3_1,0,2625,"('sk', 'sk', 'sk')",adaskan,adʃaskan
90L_10NL,3,90L_10NL_3_1,0,2625,"('sk', 'sk', 'sk')",adaʃskan,adʃaskan
90L_10NL,3,90L_10NL_3_1,0,2625,"('sk', 'sk', 'sk')",adaʃskan,adʃaskan
90L_10NL,3,90L_10NL_3_1,0,2625,"('sk', 'sk', 'sk')",adaʃskan,adʃaskan
90L_10NL,3,90L_10NL_3_1,0,2625,"('sk', 'sk', 'sk')",adaʃskan,adʃaskan
90L_10NL,3,90L_10NL_3_1,0,2625,"('sk', 'sk', 'sk')",adaskan,adʃaskan
90L_10NL,3,90L_10NL_3_1,0,2625,"('sk', 'sk', 'sk')",adaʃskan,adʃaskan
90L_10NL,3,90L_10NL_3_1,0,2625,"('sk', 'sk', 'sk')",adaskan,adʃaskan
90L_10NL,3,90L_10NL_3_1,0,2625,"('sk', 'sk', 'sk')",adaskan,adʃaskan
90L_10NL,3,90L_10NL_3_1,0,2625,"('sk', 'sk', 'sk')",adaʃskan,adʃaskan
90L_10NL,3,90L_10NL_3_1,0,2625,"('sk', 'sk', 'sk')",adaʃskan,adʃaskan
90L_10NL,3,90L_10NL_3_1,0,2625,"('sk', 'sk', 'sk')",adaʃskan,adʃaskan
90L_10NL,3,90L_10NL_3_1,0,2625,"('sk', 'sk', 'sk')",adaskan,adʃaskan
90L_10NL,3,90L_10NL_3_1,0,2625,"('sk', 'sk', 'sk')",adaskan,adʃaskan
90L_10NL,3,90L_10NL_3_1,0,2625,"('sk', 'sk', 'sk')",adaskan,adʃaskan
90L_10NL,3,90L_10NL_3_1,1,1750,"('s', 's', 'sk')",adʃaskas,adʃaskas
90L_10NL,3,90L_10NL_3_1,1,1750,"('s', 's', 'sk')",adʃaskas,adʃaskas
90L_10NL,3,90L_10NL_3_1,1,1750,"('s', 's', 'sk')",adʃaskas,adʃaskas
90L_10NL,3,90L_10NL_3_1,1,1750,"('s', 's', 'sk')",adʃaskas,adʃaskas
90L_10NL,3,90L_10NL_3_1,0,5250,"('s', 'sk', 'sk')",adaʃaskas,adʃaskas
90L_10NL,3,90L_10NL_3_1,0,5250,"('s', 'sk', 'sk')",adaʃaskas,adʃaskas
90L_10NL,3,90L_10NL_3_1,0,5250,"('s', 'sk', 'sk')",adaʃaskas,adʃaskas
90L_10NL,3,90L_10NL_3_1,0,5250,"('s', 'sk', 'sk')",adaʃaskas,adʃaskas
90L_10NL,3,90L_10NL_3_1,0,5250,"('s', 'sk', 'sk')",adaʃaskas,adʃaskas
90L_10NL,3,90L_10NL_3_1,0,5250,"('s', 'sk', 'sk')",adaʃaskas,adʃaskas
90L_10NL,3,90L_10NL_3_1,1,1750,"('s', 's', 'sk')",adʃaskas,adʃaskas
90L_10NL,3,90L_10NL_3_1,1,1750,"('s', 's', 'sk')",adʃaskas,adʃaskas
90L_10NL,3,90L_10NL_3_1,1,1750,"('s', 's', 'sk')",adʃaskas,adʃaskas
90L_10NL,3,90L_10NL_3_1,1,5250,"('s', 'sk', 'sk')",adʃaskas,adʃaskas
90L_10NL,3,90L_10NL_3_1,1,5250,"('s', 'sk', 'sk')",adʃaskas,adʃaskas
90L_10NL,3,90L_10NL_3_1,1,5250,"('s', 'sk', 'sk')",adʃaskas,adʃaskas
90L_10NL,3,90L_10NL_3_1,1,5250,"('s', 'sk', 'sk')",adʃaskas,adʃaskas
90L_10NL,3,90L_10NL_3_1,1,5250,"('s', 'sk', 'sk')",adʃaskas,adʃaskas
90L_10NL,3,90L_10NL_3_1,1,5250,"('s', 'sk', 'sk')",adʃaskas,adʃaskas
90L_10NL,3,90L_10NL_3_1,1,1750,"('s', 's', 'sk')",adʃaskas,adʃaskas
90L_10NL,3,90L_10NL_3_1,1,1750,"('s', 's', 'sk')",adʃaskas,adʃaskas
90L_10NL,3,90L_10NL_3_1,1,5250,"('s', 'sk', 'sk')",adʃaskas,adʃaskas
90L_10NL,3,90L_10NL_3_1,0,5250,"('s', 'sk', 'sk')",adaskas,adʃaskas
90L_10NL,3,90L_10NL_3_1,1,5250,"('s', 'sk', 'sk')",adʃaskas,adʃaskas
90L_10NL,3,90L_10NL_3_1,1,5250,"('s', 'sk', 'sk')",adʃaskas,adʃaskas
90L_10NL,3,90L_10NL_3_1,1,5250,"('s', 'sk', 'sk')",adʃaskas,adʃaskas
90L_10NL,3,90L_10NL_3_1,1,5250,"('s', 'sk', 'sk')",adʃaskas,adʃaskas
90L_10NL,3,90L_10NL_3_1,1,1750,"('s', 's', 'sk')",adʃaskas,adʃaskas
90L_10NL,3,90L_10NL_3_1,0,5250,"('s', 'sk', 'sk')",adaʃskas,adʃaskas
90L_10NL,3,90L_10NL_3_1,0,5250,"('s', 'sk', 'sk')",adaskas,adʃaskas
90L_10NL,3,90L_10NL_3_1,1,5250,"('s', 'sk', 'sk')",adʃaskas,adʃaskas
90L_10NL,3,90L_10NL_3_1,1,5250,"('s', 'sk', 'sk')",adʃaskas,adʃaskas
90L_10NL,3,90L_10NL_3_1,1,5250,"('s', 'sk', 'sk')",adʃaskas,adʃaskas
90L_10NL,3,90L_10NL_3_1,1,5250,"('s', 'sk', 'sk')",adʃaskas,adʃaskas
90L_10NL,3,90L_10NL_3_1,0,5250,"('s', 'sk', 'sk')",adaskas,adʃaskas
90L_10NL,3,90L_10NL_3_1,0,5250,"('s', 'sk', 'sk')",adaskas,adʃaskas
90L_10NL,3,90L_10NL_3_1,0,5250,"('s', 'sk', 'sk')",adaskas,adʃaskas
90L_10NL,3,90L_10NL_3_1,0,5250,"('s', 'sk', 'sk')",adaskas,adʃaskas
90L_10NL,3,90L_10NL_3_1,0,5250,"('s', 'sk', 'sk')",adaskas,adʃaskas
90L_10NL,3,90L_10NL_3_1,0,5250,"('s', 'sk', 'sk')",adaʃskas,adʃaskas
90L_10NL,3,90L_10NL_3_1,0,2625,"('sk', 'sk', 'sk')",adaskas,adʃaskas
90L_10NL,3,90L_10NL_3_1,1,2625,"('sk', 'sk', 'sk')",adʃaskas,adʃaskas
90L_10NL,3,90L_10NL_3_1,1,2625,"('sk', 'sk', 'sk')",adʃaskas,adʃaskas
90L_10NL,3,90L_10NL_3_1,1,2625,"('sk', 'sk', 'sk')",adʃaskas,adʃaskas
90L_10NL,3,90L_10NL_3_1,1,2625,"('sk', 'sk', 'sk')",adʃaskas,adʃaskas
90L_10NL,3,90L_10NL_3_1,0,2625,"('sk', 'sk', 'sk')",adaʃaskas,adʃaskas
90L_10NL,3,90L_10NL_3_1,0,2625,"('sk', 'sk', 'sk')",adaʃaskas,adʃaskas
90L_10NL,3,90L_10NL_3_1,0,2625,"('sk', 'sk', 'sk')",adaʃaskas,adʃaskas
90L_10NL,3,90L_10NL_3_1,0,2625,"('sk', 'sk', 'sk')",adaʃaskas,adʃaskas
90L_10NL,3,90L_10NL_3_1,1,2625,"('sk', 'sk', 'sk')",adʃaskas,adʃaskas
90L_10NL,3,90L_10NL_3_1,1,2625,"('sk', 'sk', 'sk')",adʃaskas,adʃaskas
90L_10NL,3,90L_10NL_3_1,1,2625,"('sk', 'sk', 'sk')",adʃaskas,adʃaskas
90L_10NL,3,90L_10NL_3_1,0,2625,"('sk', 'sk', 'sk')",adaskas,adʃaskas
90L_10NL,3,90L_10NL_3_1,0,2625,"('sk', 'sk', 'sk')",adaʃskas,adʃaskas
90L_10NL,3,90L_10NL_3_1,0,2625,"('sk', 'sk', 'sk')",adaʃskas,adʃaskas
90L_10NL,3,90L_10NL_3_1,1,1750,"('s', 's', 'sk')",adʃaska,adʃaska
90L_10NL,3,90L_10NL_3_1,1,1750,"('s', 's', 'sk')",adʃaska,adʃaska
90L_10NL,3,90L_10NL_3_1,1,1750,"('s', 's', 'sk')",adʃaska,adʃaska
90L_10NL,3,90L_10NL_3_1,1,1750,"('s', 's', 'sk')",adʃaska,adʃaska
90L_10NL,3,90L_10NL_3_1,0,5250,"('s', 'sk', 'sk')",adaʃaska,adʃaska
90L_10NL,3,90L_10NL_3_1,1,5250,"('s', 'sk', 'sk')",adʃaska,adʃaska
90L_10NL,3,90L_10NL_3_1,1,5250,"('s', 'sk', 'sk')",adʃaska,adʃaska
90L_10NL,3,90L_10NL_3_1,1,5250,"('s', 'sk', 'sk')",adʃaska,adʃaska
90L_10NL,3,90L_10NL_3_1,0,5250,"('s', 'sk', 'sk')",adaʃaska,adʃaska
90L_10NL,3,90L_10NL_3_1,0,5250,"('s', 'sk', 'sk')",adaʃaska,adʃaska
90L_10NL,3,90L_10NL_3_1,1,1750,"('s', 's', 'sk')",adʃaska,adʃaska
90L_10NL,3,90L_10NL_3_1,1,1750,"('s', 's', 'sk')",adʃaska,adʃaska
90L_10NL,3,90L_10NL_3_1,1,1750,"('s', 's', 'sk')",adʃaska,adʃaska
90L_10NL,3,90L_10NL_3_1,0,5250,"('s', 'sk', 'sk')",adaʃska,adʃaska
90L_10NL,3,90L_10NL_3_1,0,5250,"('s', 'sk', 'sk')",adaʃska,adʃaska
90L_10NL,3,90L_10NL_3_1,1,5250,"('s', 'sk', 'sk')",adʃaska,adʃaska
90L_10NL,3,90L_10NL_3_1,0,5250,"('s', 'sk', 'sk')",adaʃska,adʃaska
90L_10NL,3,90L_10NL_3_1,1,5250,"('s', 'sk', 'sk')",adʃaska,adʃaska
90L_10NL,3,90L_10NL_3_1,1,5250,"('s', 'sk', 'sk')",adʃaska,adʃaska
90L_10NL,3,90L_10NL_3_1,0,1750,"('s', 's', 'sk')",adeʃaska,adʃaska
90L_10NL,3,90L_10NL_3_1,0,1750,"('s', 's', 'sk')",adeʃaska,adʃaska
90L_10NL,3,90L_10NL_3_1,0,5250,"('s', 'sk', 'sk')",adaska,adʃaska
90L_10NL,3,90L_10NL_3_1,0,5250,"('s', 'sk', 'sk')",adaska,adʃaska
90L_10NL,3,90L_10NL_3_1,1,5250,"('s', 'sk', 'sk')",adʃaska,adʃaska
90L_10NL,3,90L_10NL_3_1,1,5250,"('s', 'sk', 'sk')",adʃaska,adʃaska
90L_10NL,3,90L_10NL_3_1,1,5250,"('s', 'sk', 'sk')",adʃaska,adʃaska
90L_10NL,3,90L_10NL_3_1,1,5250,"('s', 'sk', 'sk')",adʃaska,adʃaska
90L_10NL,3,90L_10NL_3_1,0,1750,"('s', 's', 'sk')",adeʃaska,adʃaska
90L_10NL,3,90L_10NL_3_1,0,5250,"('s', 'sk', 'sk')",adaska,adʃaska
90L_10NL,3,90L_10NL_3_1,0,5250,"('s', 'sk', 'sk')",adaska,adʃaska
90L_10NL,3,90L_10NL_3_1,1,5250,"('s', 'sk', 'sk')",adʃaska,adʃaska
90L_10NL,3,90L_10NL_3_1,0,5250,"('s', 'sk', 'sk')",adaʃska,adʃaska
90L_10NL,3,90L_10NL_3_1,0,5250,"('s', 'sk', 'sk')",adaʃska,adʃaska
90L_10NL,3,90L_10NL_3_1,1,5250,"('s', 'sk', 'sk')",adʃaska,adʃaska
90L_10NL,3,90L_10NL_3_1,0,5250,"('s', 'sk', 'sk')",adaska,adʃaska
90L_10NL,3,90L_10NL_3_1,0,5250,"('s', 'sk', 'sk')",adaska,adʃaska
90L_10NL,3,90L_10NL_3_1,0,5250,"('s', 'sk', 'sk')",adaska,adʃaska
90L_10NL,3,90L_10NL_3_1,0,5250,"('s', 'sk', 'sk')",adaska,adʃaska
90L_10NL,3,90L_10NL_3_1,0,5250,"('s', 'sk', 'sk')",adaska,adʃaska
90L_10NL,3,90L_10NL_3_1,0,5250,"('s', 'sk', 'sk')",adaska,adʃaska
90L_10NL,3,90L_10NL_3_1,0,2625,"('sk', 'sk', 'sk')",adaska,adʃaska
90L_10NL,3,90L_10NL_3_1,1,2625,"('sk', 'sk', 'sk')",adʃaska,adʃaska
90L_10NL,3,90L_10NL_3_1,0,2625,"('sk', 'sk', 'sk')",adaʃska,adʃaska
90L_10NL,3,90L_10NL_3_1,0,2625,"('sk', 'sk', 'sk')",adaʃska,adʃaska
90L_10NL,3,90L_10NL_3_1,1,2625,"('sk', 'sk', 'sk')",adʃaska,adʃaska
90L_10NL,3,90L_10NL_3_1,1,2625,"('sk', 'sk', 'sk')",adʃaska,adʃaska
90L_10NL,3,90L_10NL_3_1,0,2625,"('sk', 'sk', 'sk')",adaʃska,adʃaska
90L_10NL,3,90L_10NL_3_1,0,2625,"('sk', 'sk', 'sk')",adaʃska,adʃaska
90L_10NL,3,90L_10NL_3_1,0,2625,"('sk', 'sk', 'sk')",adaska,adʃaska
90L_10NL,3,90L_10NL_3_1,1,2625,"('sk', 'sk', 'sk')",adʃaska,adʃaska
90L_10NL,3,90L_10NL_3_1,1,2625,"('sk', 'sk', 'sk')",adʃaska,adʃaska
90L_10NL,3,90L_10NL_3_1,1,2625,"('sk', 'sk', 'sk')",adʃaska,adʃaska
90L_10NL,3,90L_10NL_3_1,0,2625,"('sk', 'sk', 'sk')",adaʃska,adʃaska
90L_10NL,3,90L_10NL_3_1,1,2625,"('sk', 'sk', 'sk')",adʃaska,adʃaska
90L_10NL,3,90L_10NL_3_1,0,2625,"('sk', 'sk', 'sk')",adaska,adʃaska
90L_10NL,3,90L_10NL_3_1,1,1750,"('s', 's', 'sk')",adʃaska,adʃaska
90L_10NL,3,90L_10NL_3_1,1,1750,"('s', 's', 'sk')",adʃaska,adʃaska
90L_10NL,3,90L_10NL_3_1,1,1750,"('s', 's', 'sk')",adʃaska,adʃaska
90L_10NL,3,90L_10NL_3_1,0,1750,"('s', 's', 'sk')",adaʃaska,adʃaska
90L_10NL,3,90L_10NL_3_1,0,5250,"('s', 'sk', 'sk')",adaʃaska,adʃaska
90L_10NL,3,90L_10NL_3_1,0,5250,"('s', 'sk', 'sk')",adaʃska,adʃaska
90L_10NL,3,90L_10NL_3_1,1,5250,"('s', 'sk', 'sk')",adʃaska,adʃaska
90L_10NL,3,90L_10NL_3_1,1,5250,"('s', 'sk', 'sk')",adʃaska,adʃaska
90L_10NL,3,90L_10NL_3_1,0,5250,"('s', 'sk', 'sk')",adaʃaska,adʃaska
90L_10NL,3,90L_10NL_3_1,0,5250,"('s', 'sk', 'sk')",adaʃaska,adʃaska
90L_10NL,3,90L_10NL_3_1,1,1750,"('s', 's', 'sk')",adʃaska,adʃaska
90L_10NL,3,90L_10NL_3_1,1,1750,"('s', 's', 'sk')",adʃaska,adʃaska
90L_10NL,3,90L_10NL_3_1,1,1750,"('s', 's', 'sk')",adʃaska,adʃaska
90L_10NL,3,90L_10NL_3_1,0,5250,"('s', 'sk', 'sk')",adaska,adʃaska
90L_10NL,3,90L_10NL_3_1,0,5250,"('s', 'sk', 'sk')",adaʃska,adʃaska
90L_10NL,3,90L_10NL_3_1,0,5250,"('s', 'sk', 'sk')",adaʃska,adʃaska
90L_10NL,3,90L_10NL_3_1,0,5250,"('s', 'sk', 'sk')",adaʃska,adʃaska
90L_10NL,3,90L_10NL_3_1,0,5250,"('s', 'sk', 'sk')",adaʃska,adʃaska
90L_10NL,3,90L_10NL_3_1,0,5250,"('s', 'sk', 'sk')",adaʃska,adʃaska
90L_10NL,3,90L_10NL_3_1,0,1750,"('s', 's', 'sk')",adeʃaska,adʃaska
90L_10NL,3,90L_10NL_3_1,0,1750,"('s', 's', 'sk')",adeʃaska,adʃaska
90L_10NL,3,90L_10NL_3_1,0,5250,"('s', 'sk', 'sk')",adaska,adʃaska
90L_10NL,3,90L_10NL_3_1,0,5250,"('s', 'sk', 'sk')",adaska,adʃaska
90L_10NL,3,90L_10NL_3_1,1,5250,"('s', 'sk', 'sk')",adʃaska,adʃaska
90L_10NL,3,90L_10NL_3_1,0,5250,"('s', 'sk', 'sk')",adaʃska,adʃaska
90L_10NL,3,90L_10NL_3_1,0,5250,"('s', 'sk', 'sk')",adaʃska,adʃaska
90L_10NL,3,90L_10NL_3_1,1,5250,"('s', 'sk', 'sk')",adʃaska,adʃaska
90L_10NL,3,90L_10NL_3_1,0,1750,"('s', 's', 'sk')",adeʃaska,adʃaska
90L_10NL,3,90L_10NL_3_1,0,5250,"('s', 'sk', 'sk')",adaska,adʃaska
90L_10NL,3,90L_10NL_3_1,0,5250,"('s', 'sk', 'sk')",adaska,adʃaska
90L_10NL,3,90L_10NL_3_1,0,5250,"('s', 'sk', 'sk')",adaʃska,adʃaska
90L_10NL,3,90L_10NL_3_1,0,5250,"('s', 'sk', 'sk')",adaʃska,adʃaska
90L_10NL,3,90L_10NL_3_1,0,5250,"('s', 'sk', 'sk')",adaʃska,adʃaska
90L_10NL,3,90L_10NL_3_1,0,5250,"('s', 'sk', 'sk')",adaʃska,adʃaska
90L_10NL,3,90L_10NL_3_1,0,5250,"('s', 'sk', 'sk')",adaska,adʃaska
90L_10NL,3,90L_10NL_3_1,0,5250,"('s', 'sk', 'sk')",adaska,adʃaska
90L_10NL,3,90L_10NL_3_1,0,5250,"('s', 'sk', 'sk')",adaska,adʃaska
90L_10NL,3,90L_10NL_3_1,0,5250,"('s', 'sk', 'sk')",adaska,adʃaska
90L_10NL,3,90L_10NL_3_1,0,5250,"('s', 'sk', 'sk')",adaska,adʃaska
90L_10NL,3,90L_10NL_3_1,0,5250,"('s', 'sk', 'sk')",adaska,adʃaska
90L_10NL,3,90L_10NL_3_1,0,2625,"('sk', 'sk', 'sk')",adaska,adʃaska
90L_10NL,3,90L_10NL_3_1,0,2625,"('sk', 'sk', 'sk')",adaʃska,adʃaska
90L_10NL,3,90L_10NL_3_1,0,2625,"('sk', 'sk', 'sk')",adaska,adʃaska
90L_10NL,3,90L_10NL_3_1,0,2625,"('sk', 'sk', 'sk')",adaʃska,adʃaska
90L_10NL,3,90L_10NL_3_1,0,2625,"('sk', 'sk', 'sk')",adaʃska,adʃaska
90L_10NL,3,90L_10NL_3_1,0,2625,"('sk', 'sk', 'sk')",adaska,adʃaska
90L_10NL,3,90L_10NL_3_1,0,2625,"('sk', 'sk', 'sk')",adaska,adʃaska
90L_10NL,3,90L_10NL_3_1,0,2625,"('sk', 'sk', 'sk')",adaska,adʃaska
90L_10NL,3,90L_10NL_3_1,0,2625,"('sk', 'sk', 'sk')",adaska,adʃaska
90L_10NL,3,90L_10NL_3_1,1,2625,"('sk', 'sk', 'sk')",adʃaska,adʃaska
90L_10NL,3,90L_10NL_3_1,0,2625,"('sk', 'sk', 'sk')",adaʃska,adʃaska
90L_10NL,3,90L_10NL_3_1,0,2625,"('sk', 'sk', 'sk')",adaʃska,adʃaska
90L_10NL,3,90L_10NL_3_1,0,2625,"('sk', 'sk', 'sk')",adaʃska,adʃaska
90L_10NL,3,90L_10NL_3_1,0,2625,"('sk', 'sk', 'sk')",adaʃska,adʃaska
90L_10NL,3,90L_10NL_3_1,0,2625,"('sk', 'sk', 'sk')",adaska,adʃaska
90L_10NL,3,90L_10NL_3_1,1,1750,"('s', 's', 'sk')",adʃasko,adʃasko
90L_10NL,3,90L_10NL_3_1,1,1750,"('s', 's', 'sk')",adʃasko,adʃasko
90L_10NL,3,90L_10NL_3_1,1,1750,"('s', 's', 'sk')",adʃasko,adʃasko
90L_10NL,3,90L_10NL_3_1,1,1750,"('s', 's', 'sk')",adʃasko,adʃasko
90L_10NL,3,90L_10NL_3_1,0,5250,"('s', 'sk', 'sk')",adaʃasko,adʃasko
90L_10NL,3,90L_10NL_3_1,1,5250,"('s', 'sk', 'sk')",adʃasko,adʃasko
90L_10NL,3,90L_10NL_3_1,1,5250,"('s', 'sk', 'sk')",adʃasko,adʃasko
90L_10NL,3,90L_10NL_3_1,1,5250,"('s', 'sk', 'sk')",adʃasko,adʃasko
90L_10NL,3,90L_10NL_3_1,0,5250,"('s', 'sk', 'sk')",adaʃasko,adʃasko
90L_10NL,3,90L_10NL_3_1,0,5250,"('s', 'sk', 'sk')",adaʃasko,adʃasko
90L_10NL,3,90L_10NL_3_1,1,1750,"('s', 's', 'sk')",adʃasko,adʃasko
90L_10NL,3,90L_10NL_3_1,1,1750,"('s', 's', 'sk')",adʃasko,adʃasko
90L_10NL,3,90L_10NL_3_1,1,1750,"('s', 's', 'sk')",adʃasko,adʃasko
90L_10NL,3,90L_10NL_3_1,0,5250,"('s', 'sk', 'sk')",adaʃsko,adʃasko
90L_10NL,3,90L_10NL_3_1,0,5250,"('s', 'sk', 'sk')",adaʃsko,adʃasko
90L_10NL,3,90L_10NL_3_1,1,5250,"('s', 'sk', 'sk')",adʃasko,adʃasko
90L_10NL,3,90L_10NL_3_1,0,5250,"('s', 'sk', 'sk')",adaʃsko,adʃasko
90L_10NL,3,90L_10NL_3_1,0,5250,"('s', 'sk', 'sk')",adaʃsko,adʃasko
90L_10NL,3,90L_10NL_3_1,0,5250,"('s', 'sk', 'sk')",adaʃsko,adʃasko
90L_10NL,3,90L_10NL_3_1,1,1750,"('s', 's', 'sk')",adʃasko,adʃasko
90L_10NL,3,90L_10NL_3_1,0,1750,"('s', 's', 'sk')",adeʃasko,adʃasko
90L_10NL,3,90L_10NL_3_1,0,5250,"('s', 'sk', 'sk')",adaʃsko,adʃasko
90L_10NL,3,90L_10NL_3_1,0,5250,"('s', 'sk', 'sk')",adasko,adʃasko
90L_10NL,3,90L_10NL_3_1,1,5250,"('s', 'sk', 'sk')",adʃasko,adʃasko
90L_10NL,3,90L_10NL_3_1,1,5250,"('s', 'sk', 'sk')",adʃasko,adʃasko
90L_10NL,3,90L_10NL_3_1,1,5250,"('s', 'sk', 'sk')",adʃasko,adʃasko
90L_10NL,3,90L_10NL_3_1,0,5250,"('s', 'sk', 'sk')",adaʃsko,adʃasko
90L_10NL,3,90L_10NL_3_1,0,1750,"('s', 's', 'sk')",adeʃasko,adʃasko
90L_10NL,3,90L_10NL_3_1,0,5250,"('s', 'sk', 'sk')",adasko,adʃasko
90L_10NL,3,90L_10NL_3_1,0,5250,"('s', 'sk', 'sk')",adasko,adʃasko
90L_10NL,3,90L_10NL_3_1,1,5250,"('s', 'sk', 'sk')",adʃasko,adʃasko
90L_10NL,3,90L_10NL_3_1,0,5250,"('s', 'sk', 'sk')",adaʃsko,adʃasko
90L_10NL,3,90L_10NL_3_1,0,5250,"('s', 'sk', 'sk')",adaʃsko,adʃasko
90L_10NL,3,90L_10NL_3_1,0,5250,"('s', 'sk', 'sk')",adaʃsko,adʃasko
90L_10NL,3,90L_10NL_3_1,0,5250,"('s', 'sk', 'sk')",adasko,adʃasko
90L_10NL,3,90L_10NL_3_1,0,5250,"('s', 'sk', 'sk')",adasko,adʃasko
90L_10NL,3,90L_10NL_3_1,0,5250,"('s', 'sk', 'sk')",adasko,adʃasko
90L_10NL,3,90L_10NL_3_1,0,5250,"('s', 'sk', 'sk')",adasko,adʃasko
90L_10NL,3,90L_10NL_3_1,0,5250,"('s', 'sk', 'sk')",adasko,adʃasko
90L_10NL,3,90L_10NL_3_1,0,5250,"('s', 'sk', 'sk')",adasko,adʃasko
90L_10NL,3,90L_10NL_3_1,0,2625,"('sk', 'sk', 'sk')",adasko,adʃasko
90L_10NL,3,90L_10NL_3_1,0,2625,"('sk', 'sk', 'sk')",adaʃsko,adʃasko
90L_10NL,3,90L_10NL_3_1,0,2625,"('sk', 'sk', 'sk')",adaʃsko,adʃasko
90L_10NL,3,90L_10NL_3_1,0,2625,"('sk', 'sk', 'sk')",adaʃsko,adʃasko
90L_10NL,3,90L_10NL_3_1,0,2625,"('sk', 'sk', 'sk')",adaʃsko,adʃasko
90L_10NL,3,90L_10NL_3_1,1,2625,"('sk', 'sk', 'sk')",adʃasko,adʃasko
90L_10NL,3,90L_10NL_3_1,1,2625,"('sk', 'sk', 'sk')",adʃasko,adʃasko
90L_10NL,3,90L_10NL_3_1,0,2625,"('sk', 'sk', 'sk')",adasko,adʃasko
90L_10NL,3,90L_10NL_3_1,0,2625,"('sk', 'sk', 'sk')",adasko,adʃasko
90L_10NL,3,90L_10NL_3_1,1,2625,"('sk', 'sk', 'sk')",adʃasko,adʃasko
90L_10NL,3,90L_10NL_3_1,0,2625,"('sk', 'sk', 'sk')",adaʃsko,adʃasko
90L_10NL,3,90L_10NL_3_1,0,2625,"('sk', 'sk', 'sk')",adaʃsko,adʃasko
90L_10NL,3,90L_10NL_3_1,0,2625,"('sk', 'sk', 'sk')",adaʃsko,adʃasko
90L_10NL,3,90L_10NL_3_1,0,2625,"('sk', 'sk', 'sk')",adaʃsko,adʃasko
90L_10NL,3,90L_10NL_3_1,0,2625,"('sk', 'sk', 'sk')",adasko,adʃasko
90L_10NL,3,90L_10NL_3_1,1,210,"('ç', 'ç', 'ç')",koreçimos,koreçimos
90L_10NL,3,90L_10NL_3_1,1,210,"('ç', 'ç', 'ç')",koreçimos,koreçimos
90L_10NL,3,90L_10NL_3_1,1,210,"('ç', 'ç', 'ç')",koreçimos,koreçimos
90L_10NL,3,90L_10NL_3_1,1,980,"('ç', 'x', 'ç')",koreçimos,koreçimos
90L_10NL,3,90L_10NL_3_1,1,980,"('ç', 'x', 'ç')",koreçimos,koreçimos
90L_10NL,3,90L_10NL_3_1,1,980,"('ç', 'x', 'ç')",koreçimos,koreçimos
90L_10NL,3,90L_10NL_3_1,1,980,"('ç', 'x', 'ç')",koreçimos,koreçimos
90L_10NL,3,90L_10NL_3_1,1,980,"('ç', 'x', 'ç')",koreçimos,koreçimos
90L_10NL,3,90L_10NL_3_1,1,980,"('ç', 'x', 'ç')",koreçimos,koreçimos
90L_10NL,3,90L_10NL_3_1,1,980,"('ç', 'x', 'ç')",koreçimos,koreçimos
90L_10NL,3,90L_10NL_3_1,0,210,"('ç', 'ç', 'ç')",koriçimos,koreçimos
90L_10NL,3,90L_10NL_3_1,0,210,"('ç', 'ç', 'ç')",koriçimos,koreçimos
90L_10NL,3,90L_10NL_3_1,0,980,"('ç', 'x', 'ç')",koriçimos,koreçimos
90L_10NL,3,90L_10NL_3_1,0,980,"('ç', 'x', 'ç')",koriçimos,koreçimos
90L_10NL,3,90L_10NL_3_1,0,980,"('ç', 'x', 'ç')",koriçimos,koreçimos
90L_10NL,3,90L_10NL_3_1,0,980,"('ç', 'x', 'ç')",koriçimos,koreçimos
90L_10NL,3,90L_10NL_3_1,0,980,"('ç', 'x', 'ç')",koriçimos,koreçimos
90L_10NL,3,90L_10NL_3_1,0,980,"('ç', 'x', 'ç')",koriçimos,koreçimos
90L_10NL,3,90L_10NL_3_1,0,980,"('ç', 'x', 'ç')",koriçimos,koreçimos
90L_10NL,3,90L_10NL_3_1,0,210,"('ç', 'ç', 'ç')",koriçimos,koreçimos
90L_10NL,3,90L_10NL_3_1,0,980,"('ç', 'x', 'ç')",koriçimos,koreçimos
90L_10NL,3,90L_10NL_3_1,0,980,"('ç', 'x', 'ç')",koriçimos,koreçimos
90L_10NL,3,90L_10NL_3_1,0,980,"('ç', 'x', 'ç')",koriçimos,koreçimos
90L_10NL,3,90L_10NL_3_1,0,980,"('ç', 'x', 'ç')",koriçimos,koreçimos
90L_10NL,3,90L_10NL_3_1,0,980,"('ç', 'x', 'ç')",koriçimos,koreçimos
90L_10NL,3,90L_10NL_3_1,0,980,"('ç', 'x', 'ç')",koriçimos,koreçimos
90L_10NL,3,90L_10NL_3_1,0,980,"('ç', 'x', 'ç')",koriçimos,koreçimos
90L_10NL,3,90L_10NL_3_1,0,980,"('ç', 'x', 'ç')",koriçimos,koreçimos
90L_10NL,3,90L_10NL_3_1,0,980,"('ç', 'x', 'ç')",koriçimos,koreçimos
90L_10NL,3,90L_10NL_3_1,0,980,"('ç', 'x', 'ç')",koriçimos,koreçimos
90L_10NL,3,90L_10NL_3_1,0,980,"('ç', 'x', 'ç')",koriçimos,koreçimos
90L_10NL,3,90L_10NL_3_1,0,980,"('ç', 'x', 'ç')",koriçimos,koreçimos
90L_10NL,3,90L_10NL_3_1,0,980,"('ç', 'x', 'ç')",koriçimos,koreçimos
90L_10NL,3,90L_10NL_3_1,0,980,"('ç', 'x', 'ç')",koriçimos,koreçimos
90L_10NL,3,90L_10NL_3_1,0,735,"('x', 'x', 'ç')",koriçimos,koreçimos
90L_10NL,3,90L_10NL_3_1,0,735,"('x', 'x', 'ç')",koriçimos,koreçimos
90L_10NL,3,90L_10NL_3_1,0,735,"('x', 'x', 'ç')",koriçimos,koreçimos
90L_10NL,3,90L_10NL_3_1,0,735,"('x', 'x', 'ç')",koriçimos,koreçimos
90L_10NL,3,90L_10NL_3_1,0,735,"('x', 'x', 'ç')",koriçimos,koreçimos
90L_10NL,3,90L_10NL_3_1,0,735,"('x', 'x', 'ç')",koriçimos,koreçimos
90L_10NL,3,90L_10NL_3_1,0,735,"('x', 'x', 'ç')",koriçimos,koreçimos
90L_10NL,3,90L_10NL_3_1,0,735,"('x', 'x', 'ç')",koriçimos,koreçimos
90L_10NL,3,90L_10NL_3_1,0,735,"('x', 'x', 'ç')",koriçimos,koreçimos
90L_10NL,3,90L_10NL_3_1,0,735,"('x', 'x', 'ç')",koriçimos,koreçimos
90L_10NL,3,90L_10NL_3_1,0,735,"('x', 'x', 'ç')",koriçimos,koreçimos
90L_10NL,3,90L_10NL_3_1,0,735,"('x', 'x', 'ç')",koriçimos,koreçimos
90L_10NL,3,90L_10NL_3_1,0,735,"('x', 'x', 'ç')",koriçimos,koreçimos
90L_10NL,3,90L_10NL_3_1,0,735,"('x', 'x', 'ç')",koriçimos,koreçimos
90L_10NL,3,90L_10NL_3_1,0,735,"('x', 'x', 'ç')",koriçimos,koreçimos
90L_10NL,3,90L_10NL_3_1,0,735,"('x', 'x', 'ç')",koriçimos,koreçimos
90L_10NL,3,90L_10NL_3_1,0,735,"('x', 'x', 'ç')",koriçimos,koreçimos
90L_10NL,3,90L_10NL_3_1,0,735,"('x', 'x', 'ç')",koriçimos,koreçimos
90L_10NL,3,90L_10NL_3_1,0,735,"('x', 'x', 'ç')",koriçimos,koreçimos
90L_10NL,3,90L_10NL_3_1,0,735,"('x', 'x', 'ç')",koriçimos,koreçimos
90L_10NL,3,90L_10NL_3_1,0,735,"('x', 'x', 'ç')",koriçimos,koreçimos
90L_10NL,3,90L_10NL_3_1,1,210,"('ç', 'ç', 'ç')",koreçis,koreçis
90L_10NL,3,90L_10NL_3_1,1,210,"('ç', 'ç', 'ç')",koreçis,koreçis
90L_10NL,3,90L_10NL_3_1,1,210,"('ç', 'ç', 'ç')",koreçis,koreçis
90L_10NL,3,90L_10NL_3_1,1,980,"('ç', 'x', 'ç')",koreçis,koreçis
90L_10NL,3,90L_10NL_3_1,1,980,"('ç', 'x', 'ç')",koreçis,koreçis
90L_10NL,3,90L_10NL_3_1,1,980,"('ç', 'x', 'ç')",koreçis,koreçis
90L_10NL,3,90L_10NL_3_1,1,980,"('ç', 'x', 'ç')",koreçis,koreçis
90L_10NL,3,90L_10NL_3_1,1,980,"('ç', 'x', 'ç')",koreçis,koreçis
90L_10NL,3,90L_10NL_3_1,1,980,"('ç', 'x', 'ç')",koreçis,koreçis
90L_10NL,3,90L_10NL_3_1,1,980,"('ç', 'x', 'ç')",koreçis,koreçis
90L_10NL,3,90L_10NL_3_1,0,210,"('ç', 'ç', 'ç')",koriçis,koreçis
90L_10NL,3,90L_10NL_3_1,0,210,"('ç', 'ç', 'ç')",koriçis,koreçis
90L_10NL,3,90L_10NL_3_1,0,980,"('ç', 'x', 'ç')",koriçis,koreçis
90L_10NL,3,90L_10NL_3_1,0,980,"('ç', 'x', 'ç')",koriçis,koreçis
90L_10NL,3,90L_10NL_3_1,0,980,"('ç', 'x', 'ç')",koriçis,koreçis
90L_10NL,3,90L_10NL_3_1,0,980,"('ç', 'x', 'ç')",koriçis,koreçis
90L_10NL,3,90L_10NL_3_1,0,980,"('ç', 'x', 'ç')",koriçis,koreçis
90L_10NL,3,90L_10NL_3_1,0,980,"('ç', 'x', 'ç')",koriçis,koreçis
90L_10NL,3,90L_10NL_3_1,0,980,"('ç', 'x', 'ç')",koriçis,koreçis
90L_10NL,3,90L_10NL_3_1,0,210,"('ç', 'ç', 'ç')",koriçis,koreçis
90L_10NL,3,90L_10NL_3_1,0,980,"('ç', 'x', 'ç')",koriçis,koreçis
90L_10NL,3,90L_10NL_3_1,0,980,"('ç', 'x', 'ç')",koriçis,koreçis
90L_10NL,3,90L_10NL_3_1,0,980,"('ç', 'x', 'ç')",koriçis,koreçis
90L_10NL,3,90L_10NL_3_1,0,980,"('ç', 'x', 'ç')",koriçis,koreçis
90L_10NL,3,90L_10NL_3_1,0,980,"('ç', 'x', 'ç')",koriçis,koreçis
90L_10NL,3,90L_10NL_3_1,0,980,"('ç', 'x', 'ç')",koriçis,koreçis
90L_10NL,3,90L_10NL_3_1,0,980,"('ç', 'x', 'ç')",koriçis,koreçis
90L_10NL,3,90L_10NL_3_1,0,980,"('ç', 'x', 'ç')",koriçis,koreçis
90L_10NL,3,90L_10NL_3_1,0,980,"('ç', 'x', 'ç')",koriçis,koreçis
90L_10NL,3,90L_10NL_3_1,0,980,"('ç', 'x', 'ç')",koriçis,koreçis
90L_10NL,3,90L_10NL_3_1,0,980,"('ç', 'x', 'ç')",koriçis,koreçis
90L_10NL,3,90L_10NL_3_1,0,980,"('ç', 'x', 'ç')",koriçis,koreçis
90L_10NL,3,90L_10NL_3_1,0,980,"('ç', 'x', 'ç')",koriçis,koreçis
90L_10NL,3,90L_10NL_3_1,0,980,"('ç', 'x', 'ç')",koriçis,koreçis
90L_10NL,3,90L_10NL_3_1,0,735,"('x', 'x', 'ç')",koriçis,koreçis
90L_10NL,3,90L_10NL_3_1,0,735,"('x', 'x', 'ç')",koriçis,koreçis
90L_10NL,3,90L_10NL_3_1,0,735,"('x', 'x', 'ç')",koriçis,koreçis
90L_10NL,3,90L_10NL_3_1,0,735,"('x', 'x', 'ç')",koriçis,koreçis
90L_10NL,3,90L_10NL_3_1,0,735,"('x', 'x', 'ç')",koriçis,koreçis
90L_10NL,3,90L_10NL_3_1,0,735,"('x', 'x', 'ç')",koriçis,koreçis
90L_10NL,3,90L_10NL_3_1,0,735,"('x', 'x', 'ç')",koriçis,koreçis
90L_10NL,3,90L_10NL_3_1,0,735,"('x', 'x', 'ç')",koriçis,koreçis
90L_10NL,3,90L_10NL_3_1,0,735,"('x', 'x', 'ç')",koriçis,koreçis
90L_10NL,3,90L_10NL_3_1,0,735,"('x', 'x', 'ç')",koriçis,koreçis
90L_10NL,3,90L_10NL_3_1,0,735,"('x', 'x', 'ç')",koriçis,koreçis
90L_10NL,3,90L_10NL_3_1,0,735,"('x', 'x', 'ç')",koriçis,koreçis
90L_10NL,3,90L_10NL_3_1,0,735,"('x', 'x', 'ç')",koriçis,koreçis
90L_10NL,3,90L_10NL_3_1,0,735,"('x', 'x', 'ç')",koriçis,koreçis
90L_10NL,3,90L_10NL_3_1,0,735,"('x', 'x', 'ç')",koriçis,koreçis
90L_10NL,3,90L_10NL_3_1,0,735,"('x', 'x', 'ç')",koriçis,koreçis
90L_10NL,3,90L_10NL_3_1,0,735,"('x', 'x', 'ç')",koriçis,koreçis
90L_10NL,3,90L_10NL_3_1,0,735,"('x', 'x', 'ç')",koriçis,koreçis
90L_10NL,3,90L_10NL_3_1,0,735,"('x', 'x', 'ç')",koriçis,koreçis
90L_10NL,3,90L_10NL_3_1,0,735,"('x', 'x', 'ç')",koriçis,koreçis
90L_10NL,3,90L_10NL_3_1,0,735,"('x', 'x', 'ç')",koriçis,koreçis
90L_10NL,3,90L_10NL_3_1,0,210,"('ç', 'ç', 'ç')",koreçen,koriçen
90L_10NL,3,90L_10NL_3_1,0,210,"('ç', 'ç', 'ç')",koreçen,koriçen
90L_10NL,3,90L_10NL_3_1,0,210,"('ç', 'ç', 'ç')",koreçen,koriçen
90L_10NL,3,90L_10NL_3_1,0,980,"('ç', 'x', 'ç')",koreçen,koriçen
90L_10NL,3,90L_10NL_3_1,0,980,"('ç', 'x', 'ç')",koreçen,koriçen
90L_10NL,3,90L_10NL_3_1,0,980,"('ç', 'x', 'ç')",koreçen,koriçen
90L_10NL,3,90L_10NL_3_1,0,980,"('ç', 'x', 'ç')",koreçen,koriçen
90L_10NL,3,90L_10NL_3_1,0,980,"('ç', 'x', 'ç')",koreçen,koriçen
90L_10NL,3,90L_10NL_3_1,0,980,"('ç', 'x', 'ç')",koreçen,koriçen
90L_10NL,3,90L_10NL_3_1,0,980,"('ç', 'x', 'ç')",koreçen,koriçen
90L_10NL,3,90L_10NL_3_1,0,210,"('ç', 'ç', 'ç')",koreçen,koriçen
90L_10NL,3,90L_10NL_3_1,0,210,"('ç', 'ç', 'ç')",koreçen,koriçen
90L_10NL,3,90L_10NL_3_1,0,980,"('ç', 'x', 'ç')",koreçen,koriçen
90L_10NL,3,90L_10NL_3_1,0,980,"('ç', 'x', 'ç')",koreçen,koriçen
90L_10NL,3,90L_10NL_3_1,0,980,"('ç', 'x', 'ç')",koreçen,koriçen
90L_10NL,3,90L_10NL_3_1,0,980,"('ç', 'x', 'ç')",koreçen,koriçen
90L_10NL,3,90L_10NL_3_1,0,980,"('ç', 'x', 'ç')",koreçen,koriçen
90L_10NL,3,90L_10NL_3_1,0,980,"('ç', 'x', 'ç')",koreçen,koriçen
90L_10NL,3,90L_10NL_3_1,0,980,"('ç', 'x', 'ç')",koreçen,koriçen
90L_10NL,3,90L_10NL_3_1,1,210,"('ç', 'ç', 'ç')",koriçen,koriçen
90L_10NL,3,90L_10NL_3_1,1,980,"('ç', 'x', 'ç')",koriçen,koriçen
90L_10NL,3,90L_10NL_3_1,1,980,"('ç', 'x', 'ç')",koriçen,koriçen
90L_10NL,3,90L_10NL_3_1,1,980,"('ç', 'x', 'ç')",koriçen,koriçen
90L_10NL,3,90L_10NL_3_1,1,980,"('ç', 'x', 'ç')",koriçen,koriçen
90L_10NL,3,90L_10NL_3_1,1,980,"('ç', 'x', 'ç')",koriçen,koriçen
90L_10NL,3,90L_10NL_3_1,1,980,"('ç', 'x', 'ç')",koriçen,koriçen
90L_10NL,3,90L_10NL_3_1,1,980,"('ç', 'x', 'ç')",koriçen,koriçen
90L_10NL,3,90L_10NL_3_1,1,980,"('ç', 'x', 'ç')",koriçen,koriçen
90L_10NL,3,90L_10NL_3_1,1,980,"('ç', 'x', 'ç')",koriçen,koriçen
90L_10NL,3,90L_10NL_3_1,1,980,"('ç', 'x', 'ç')",koriçen,koriçen
90L_10NL,3,90L_10NL_3_1,1,980,"('ç', 'x', 'ç')",koriçen,koriçen
90L_10NL,3,90L_10NL_3_1,1,980,"('ç', 'x', 'ç')",koriçen,koriçen
90L_10NL,3,90L_10NL_3_1,1,980,"('ç', 'x', 'ç')",koriçen,koriçen
90L_10NL,3,90L_10NL_3_1,1,980,"('ç', 'x', 'ç')",koriçen,koriçen
90L_10NL,3,90L_10NL_3_1,1,735,"('x', 'x', 'ç')",koriçen,koriçen
90L_10NL,3,90L_10NL_3_1,1,735,"('x', 'x', 'ç')",koriçen,koriçen
90L_10NL,3,90L_10NL_3_1,1,735,"('x', 'x', 'ç')",koriçen,koriçen
90L_10NL,3,90L_10NL_3_1,1,735,"('x', 'x', 'ç')",koriçen,koriçen
90L_10NL,3,90L_10NL_3_1,1,735,"('x', 'x', 'ç')",koriçen,koriçen
90L_10NL,3,90L_10NL_3_1,1,735,"('x', 'x', 'ç')",koriçen,koriçen
90L_10NL,3,90L_10NL_3_1,1,735,"('x', 'x', 'ç')",koriçen,koriçen
90L_10NL,3,90L_10NL_3_1,1,735,"('x', 'x', 'ç')",koriçen,koriçen
90L_10NL,3,90L_10NL_3_1,1,735,"('x', 'x', 'ç')",koriçen,koriçen
90L_10NL,3,90L_10NL_3_1,1,735,"('x', 'x', 'ç')",koriçen,koriçen
90L_10NL,3,90L_10NL_3_1,1,735,"('x', 'x', 'ç')",koriçen,koriçen
90L_10NL,3,90L_10NL_3_1,1,735,"('x', 'x', 'ç')",koriçen,koriçen
90L_10NL,3,90L_10NL_3_1,1,735,"('x', 'x', 'ç')",koriçen,koriçen
90L_10NL,3,90L_10NL_3_1,1,735,"('x', 'x', 'ç')",koriçen,koriçen
90L_10NL,3,90L_10NL_3_1,1,735,"('x', 'x', 'ç')",koriçen,koriçen
90L_10NL,3,90L_10NL_3_1,1,735,"('x', 'x', 'ç')",koriçen,koriçen
90L_10NL,3,90L_10NL_3_1,1,735,"('x', 'x', 'ç')",koriçen,koriçen
90L_10NL,3,90L_10NL_3_1,1,735,"('x', 'x', 'ç')",koriçen,koriçen
90L_10NL,3,90L_10NL_3_1,1,735,"('x', 'x', 'ç')",koriçen,koriçen
90L_10NL,3,90L_10NL_3_1,1,735,"('x', 'x', 'ç')",koriçen,koriçen
90L_10NL,3,90L_10NL_3_1,1,735,"('x', 'x', 'ç')",koriçen,koriçen
90L_10NL,3,90L_10NL_3_1,0,210,"('ç', 'ç', 'ç')",koreçes,koriçes
90L_10NL,3,90L_10NL_3_1,0,210,"('ç', 'ç', 'ç')",koreçes,koriçes
90L_10NL,3,90L_10NL_3_1,0,210,"('ç', 'ç', 'ç')",koreçes,koriçes
90L_10NL,3,90L_10NL_3_1,0,980,"('ç', 'x', 'ç')",koreçes,koriçes
90L_10NL,3,90L_10NL_3_1,0,980,"('ç', 'x', 'ç')",koreçes,koriçes
90L_10NL,3,90L_10NL_3_1,0,980,"('ç', 'x', 'ç')",koreçes,koriçes
90L_10NL,3,90L_10NL_3_1,0,980,"('ç', 'x', 'ç')",koreçes,koriçes
90L_10NL,3,90L_10NL_3_1,0,980,"('ç', 'x', 'ç')",koreçes,koriçes
90L_10NL,3,90L_10NL_3_1,0,980,"('ç', 'x', 'ç')",koreçes,koriçes
90L_10NL,3,90L_10NL_3_1,0,980,"('ç', 'x', 'ç')",koreçes,koriçes
90L_10NL,3,90L_10NL_3_1,0,210,"('ç', 'ç', 'ç')",koreçes,koriçes
90L_10NL,3,90L_10NL_3_1,0,210,"('ç', 'ç', 'ç')",koreçes,koriçes
90L_10NL,3,90L_10NL_3_1,0,980,"('ç', 'x', 'ç')",koreçes,koriçes
90L_10NL,3,90L_10NL_3_1,0,980,"('ç', 'x', 'ç')",koreçes,koriçes
90L_10NL,3,90L_10NL_3_1,0,980,"('ç', 'x', 'ç')",koreçes,koriçes
90L_10NL,3,90L_10NL_3_1,0,980,"('ç', 'x', 'ç')",koreçes,koriçes
90L_10NL,3,90L_10NL_3_1,0,980,"('ç', 'x', 'ç')",koreçes,koriçes
90L_10NL,3,90L_10NL_3_1,0,980,"('ç', 'x', 'ç')",koreçes,koriçes
90L_10NL,3,90L_10NL_3_1,0,980,"('ç', 'x', 'ç')",koreçes,koriçes
90L_10NL,3,90L_10NL_3_1,1,210,"('ç', 'ç', 'ç')",koriçes,koriçes
90L_10NL,3,90L_10NL_3_1,1,980,"('ç', 'x', 'ç')",koriçes,koriçes
90L_10NL,3,90L_10NL_3_1,1,980,"('ç', 'x', 'ç')",koriçes,koriçes
90L_10NL,3,90L_10NL_3_1,1,980,"('ç', 'x', 'ç')",koriçes,koriçes
90L_10NL,3,90L_10NL_3_1,1,980,"('ç', 'x', 'ç')",koriçes,koriçes
90L_10NL,3,90L_10NL_3_1,1,980,"('ç', 'x', 'ç')",koriçes,koriçes
90L_10NL,3,90L_10NL_3_1,1,980,"('ç', 'x', 'ç')",koriçes,koriçes
90L_10NL,3,90L_10NL_3_1,1,980,"('ç', 'x', 'ç')",koriçes,koriçes
90L_10NL,3,90L_10NL_3_1,1,980,"('ç', 'x', 'ç')",koriçes,koriçes
90L_10NL,3,90L_10NL_3_1,1,980,"('ç', 'x', 'ç')",koriçes,koriçes
90L_10NL,3,90L_10NL_3_1,1,980,"('ç', 'x', 'ç')",koriçes,koriçes
90L_10NL,3,90L_10NL_3_1,1,980,"('ç', 'x', 'ç')",koriçes,koriçes
90L_10NL,3,90L_10NL_3_1,1,980,"('ç', 'x', 'ç')",koriçes,koriçes
90L_10NL,3,90L_10NL_3_1,1,980,"('ç', 'x', 'ç')",koriçes,koriçes
90L_10NL,3,90L_10NL_3_1,1,980,"('ç', 'x', 'ç')",koriçes,koriçes
90L_10NL,3,90L_10NL_3_1,1,735,"('x', 'x', 'ç')",koriçes,koriçes
90L_10NL,3,90L_10NL_3_1,1,735,"('x', 'x', 'ç')",koriçes,koriçes
90L_10NL,3,90L_10NL_3_1,1,735,"('x', 'x', 'ç')",koriçes,koriçes
90L_10NL,3,90L_10NL_3_1,1,735,"('x', 'x', 'ç')",koriçes,koriçes
90L_10NL,3,90L_10NL_3_1,1,735,"('x', 'x', 'ç')",koriçes,koriçes
90L_10NL,3,90L_10NL_3_1,1,735,"('x', 'x', 'ç')",koriçes,koriçes
90L_10NL,3,90L_10NL_3_1,1,735,"('x', 'x', 'ç')",koriçes,koriçes
90L_10NL,3,90L_10NL_3_1,1,735,"('x', 'x', 'ç')",koriçes,koriçes
90L_10NL,3,90L_10NL_3_1,1,735,"('x', 'x', 'ç')",koriçes,koriçes
90L_10NL,3,90L_10NL_3_1,1,735,"('x', 'x', 'ç')",koriçes,koriçes
90L_10NL,3,90L_10NL_3_1,1,735,"('x', 'x', 'ç')",koriçes,koriçes
90L_10NL,3,90L_10NL_3_1,1,735,"('x', 'x', 'ç')",koriçes,koriçes
90L_10NL,3,90L_10NL_3_1,1,735,"('x', 'x', 'ç')",koriçes,koriçes
90L_10NL,3,90L_10NL_3_1,1,735,"('x', 'x', 'ç')",koriçes,koriçes
90L_10NL,3,90L_10NL_3_1,1,735,"('x', 'x', 'ç')",koriçes,koriçes
90L_10NL,3,90L_10NL_3_1,1,735,"('x', 'x', 'ç')",koriçes,koriçes
90L_10NL,3,90L_10NL_3_1,1,735,"('x', 'x', 'ç')",koriçes,koriçes
90L_10NL,3,90L_10NL_3_1,1,735,"('x', 'x', 'ç')",koriçes,koriçes
90L_10NL,3,90L_10NL_3_1,1,735,"('x', 'x', 'ç')",koriçes,koriçes
90L_10NL,3,90L_10NL_3_1,1,735,"('x', 'x', 'ç')",koriçes,koriçes
90L_10NL,3,90L_10NL_3_1,1,735,"('x', 'x', 'ç')",koriçes,koriçes
90L_10NL,3,90L_10NL_3_1,0,210,"('ç', 'ç', 'ç')",koreçe,koriçe
90L_10NL,3,90L_10NL_3_1,0,210,"('ç', 'ç', 'ç')",koreçe,koriçe
90L_10NL,3,90L_10NL_3_1,0,210,"('ç', 'ç', 'ç')",koreçe,koriçe
90L_10NL,3,90L_10NL_3_1,0,980,"('ç', 'x', 'ç')",koreçe,koriçe
90L_10NL,3,90L_10NL_3_1,0,980,"('ç', 'x', 'ç')",koreçe,koriçe
90L_10NL,3,90L_10NL_3_1,0,980,"('ç', 'x', 'ç')",koreçe,koriçe
90L_10NL,3,90L_10NL_3_1,0,980,"('ç', 'x', 'ç')",koreçe,koriçe
90L_10NL,3,90L_10NL_3_1,0,980,"('ç', 'x', 'ç')",koreçe,koriçe
90L_10NL,3,90L_10NL_3_1,0,980,"('ç', 'x', 'ç')",koreçe,koriçe
90L_10NL,3,90L_10NL_3_1,0,980,"('ç', 'x', 'ç')",koreçe,koriçe
90L_10NL,3,90L_10NL_3_1,0,210,"('ç', 'ç', 'ç')",koreçe,koriçe
90L_10NL,3,90L_10NL_3_1,0,210,"('ç', 'ç', 'ç')",koreçe,koriçe
90L_10NL,3,90L_10NL_3_1,0,980,"('ç', 'x', 'ç')",koreçe,koriçe
90L_10NL,3,90L_10NL_3_1,0,980,"('ç', 'x', 'ç')",koreçe,koriçe
90L_10NL,3,90L_10NL_3_1,0,980,"('ç', 'x', 'ç')",koreçe,koriçe
90L_10NL,3,90L_10NL_3_1,0,980,"('ç', 'x', 'ç')",koreçe,koriçe
90L_10NL,3,90L_10NL_3_1,0,980,"('ç', 'x', 'ç')",koreçe,koriçe
90L_10NL,3,90L_10NL_3_1,0,980,"('ç', 'x', 'ç')",koreçe,koriçe
90L_10NL,3,90L_10NL_3_1,0,980,"('ç', 'x', 'ç')",koreçe,koriçe
90L_10NL,3,90L_10NL_3_1,1,210,"('ç', 'ç', 'ç')",koriçe,koriçe
90L_10NL,3,90L_10NL_3_1,1,980,"('ç', 'x', 'ç')",koriçe,koriçe
90L_10NL,3,90L_10NL_3_1,1,980,"('ç', 'x', 'ç')",koriçe,koriçe
90L_10NL,3,90L_10NL_3_1,1,980,"('ç', 'x', 'ç')",koriçe,koriçe
90L_10NL,3,90L_10NL_3_1,1,980,"('ç', 'x', 'ç')",koriçe,koriçe
90L_10NL,3,90L_10NL_3_1,1,980,"('ç', 'x', 'ç')",koriçe,koriçe
90L_10NL,3,90L_10NL_3_1,1,980,"('ç', 'x', 'ç')",koriçe,koriçe
90L_10NL,3,90L_10NL_3_1,1,980,"('ç', 'x', 'ç')",koriçe,koriçe
90L_10NL,3,90L_10NL_3_1,1,980,"('ç', 'x', 'ç')",koriçe,koriçe
90L_10NL,3,90L_10NL_3_1,1,980,"('ç', 'x', 'ç')",koriçe,koriçe
90L_10NL,3,90L_10NL_3_1,1,980,"('ç', 'x', 'ç')",koriçe,koriçe
90L_10NL,3,90L_10NL_3_1,1,980,"('ç', 'x', 'ç')",koriçe,koriçe
90L_10NL,3,90L_10NL_3_1,1,980,"('ç', 'x', 'ç')",koriçe,koriçe
90L_10NL,3,90L_10NL_3_1,1,980,"('ç', 'x', 'ç')",koriçe,koriçe
90L_10NL,3,90L_10NL_3_1,1,980,"('ç', 'x', 'ç')",koriçe,koriçe
90L_10NL,3,90L_10NL_3_1,1,735,"('x', 'x', 'ç')",koriçe,koriçe
90L_10NL,3,90L_10NL_3_1,1,735,"('x', 'x', 'ç')",koriçe,koriçe
90L_10NL,3,90L_10NL_3_1,1,735,"('x', 'x', 'ç')",koriçe,koriçe
90L_10NL,3,90L_10NL_3_1,1,735,"('x', 'x', 'ç')",koriçe,koriçe
90L_10NL,3,90L_10NL_3_1,1,735,"('x', 'x', 'ç')",koriçe,koriçe
90L_10NL,3,90L_10NL_3_1,1,735,"('x', 'x', 'ç')",koriçe,koriçe
90L_10NL,3,90L_10NL_3_1,1,735,"('x', 'x', 'ç')",koriçe,koriçe
90L_10NL,3,90L_10NL_3_1,1,735,"('x', 'x', 'ç')",koriçe,koriçe
90L_10NL,3,90L_10NL_3_1,1,735,"('x', 'x', 'ç')",koriçe,koriçe
90L_10NL,3,90L_10NL_3_1,1,735,"('x', 'x', 'ç')",koriçe,koriçe
90L_10NL,3,90L_10NL_3_1,1,735,"('x', 'x', 'ç')",koriçe,koriçe
90L_10NL,3,90L_10NL_3_1,1,735,"('x', 'x', 'ç')",koriçe,koriçe
90L_10NL,3,90L_10NL_3_1,1,735,"('x', 'x', 'ç')",koriçe,koriçe
90L_10NL,3,90L_10NL_3_1,1,735,"('x', 'x', 'ç')",koriçe,koriçe
90L_10NL,3,90L_10NL_3_1,1,735,"('x', 'x', 'ç')",koriçe,koriçe
90L_10NL,3,90L_10NL_3_1,1,735,"('x', 'x', 'ç')",koriçe,koriçe
90L_10NL,3,90L_10NL_3_1,1,735,"('x', 'x', 'ç')",koriçe,koriçe
90L_10NL,3,90L_10NL_3_1,1,735,"('x', 'x', 'ç')",koriçe,koriçe
90L_10NL,3,90L_10NL_3_1,1,735,"('x', 'x', 'ç')",koriçe,koriçe
90L_10NL,3,90L_10NL_3_1,1,735,"('x', 'x', 'ç')",koriçe,koriçe
90L_10NL,3,90L_10NL_3_1,1,735,"('x', 'x', 'ç')",koriçe,koriçe
90L_10NL,3,90L_10NL_3_1,0,490,"('ç', 'ç', 'x')",korexajs,korixajs
90L_10NL,3,90L_10NL_3_1,0,490,"('ç', 'ç', 'x')",korexajs,korixajs
90L_10NL,3,90L_10NL_3_1,0,490,"('ç', 'ç', 'x')",korexajs,korixajs
90L_10NL,3,90L_10NL_3_1,0,490,"('ç', 'ç', 'x')",korexajs,korixajs
90L_10NL,3,90L_10NL_3_1,0,1470,"('ç', 'x', 'x')",korexajs,korixajs
90L_10NL,3,90L_10NL_3_1,0,1470,"('ç', 'x', 'x')",korexajs,korixajs
90L_10NL,3,90L_10NL_3_1,0,1470,"('ç', 'x', 'x')",korexajs,korixajs
90L_10NL,3,90L_10NL_3_1,0,1470,"('ç', 'x', 'x')",korexajs,korixajs
90L_10NL,3,90L_10NL_3_1,0,1470,"('ç', 'x', 'x')",korexajs,korixajs
90L_10NL,3,90L_10NL_3_1,0,1470,"('ç', 'x', 'x')",korexajs,korixajs
90L_10NL,3,90L_10NL_3_1,0,490,"('ç', 'ç', 'x')",korexajs,korixajs
90L_10NL,3,90L_10NL_3_1,0,490,"('ç', 'ç', 'x')",korexajs,korixajs
90L_10NL,3,90L_10NL_3_1,0,490,"('ç', 'ç', 'x')",korexajs,korixajs
90L_10NL,3,90L_10NL_3_1,0,1470,"('ç', 'x', 'x')",korexajs,korixajs
90L_10NL,3,90L_10NL_3_1,0,1470,"('ç', 'x', 'x')",korexajs,korixajs
90L_10NL,3,90L_10NL_3_1,0,1470,"('ç', 'x', 'x')",korexajs,korixajs
90L_10NL,3,90L_10NL_3_1,0,1470,"('ç', 'x', 'x')",korexajs,korixajs
90L_10NL,3,90L_10NL_3_1,0,1470,"('ç', 'x', 'x')",korexajs,korixajs
90L_10NL,3,90L_10NL_3_1,0,1470,"('ç', 'x', 'x')",korexajs,korixajs
90L_10NL,3,90L_10NL_3_1,1,490,"('ç', 'ç', 'x')",korixajs,korixajs
90L_10NL,3,90L_10NL_3_1,1,490,"('ç', 'ç', 'x')",korixajs,korixajs
90L_10NL,3,90L_10NL_3_1,1,1470,"('ç', 'x', 'x')",korixajs,korixajs
90L_10NL,3,90L_10NL_3_1,1,1470,"('ç', 'x', 'x')",korixajs,korixajs
90L_10NL,3,90L_10NL_3_1,1,1470,"('ç', 'x', 'x')",korixajs,korixajs
90L_10NL,3,90L_10NL_3_1,1,1470,"('ç', 'x', 'x')",korixajs,korixajs
90L_10NL,3,90L_10NL_3_1,1,1470,"('ç', 'x', 'x')",korixajs,korixajs
90L_10NL,3,90L_10NL_3_1,1,1470,"('ç', 'x', 'x')",korixajs,korixajs
90L_10NL,3,90L_10NL_3_1,1,490,"('ç', 'ç', 'x')",korixajs,korixajs
90L_10NL,3,90L_10NL_3_1,1,1470,"('ç', 'x', 'x')",korixajs,korixajs
90L_10NL,3,90L_10NL_3_1,1,1470,"('ç', 'x', 'x')",korixajs,korixajs
90L_10NL,3,90L_10NL_3_1,1,1470,"('ç', 'x', 'x')",korixajs,korixajs
90L_10NL,3,90L_10NL_3_1,1,1470,"('ç', 'x', 'x')",korixajs,korixajs
90L_10NL,3,90L_10NL_3_1,1,1470,"('ç', 'x', 'x')",korixajs,korixajs
90L_10NL,3,90L_10NL_3_1,1,1470,"('ç', 'x', 'x')",korixajs,korixajs
90L_10NL,3,90L_10NL_3_1,1,1470,"('ç', 'x', 'x')",korixajs,korixajs
90L_10NL,3,90L_10NL_3_1,1,1470,"('ç', 'x', 'x')",korixajs,korixajs
90L_10NL,3,90L_10NL_3_1,1,1470,"('ç', 'x', 'x')",korixajs,korixajs
90L_10NL,3,90L_10NL_3_1,1,1470,"('ç', 'x', 'x')",korixajs,korixajs
90L_10NL,3,90L_10NL_3_1,1,1470,"('ç', 'x', 'x')",korixajs,korixajs
90L_10NL,3,90L_10NL_3_1,1,1470,"('ç', 'x', 'x')",korixajs,korixajs
90L_10NL,3,90L_10NL_3_1,1,735,"('x', 'x', 'x')",korixajs,korixajs
90L_10NL,3,90L_10NL_3_1,1,735,"('x', 'x', 'x')",korixajs,korixajs
90L_10NL,3,90L_10NL_3_1,1,735,"('x', 'x', 'x')",korixajs,korixajs
90L_10NL,3,90L_10NL_3_1,1,735,"('x', 'x', 'x')",korixajs,korixajs
90L_10NL,3,90L_10NL_3_1,1,735,"('x', 'x', 'x')",korixajs,korixajs
90L_10NL,3,90L_10NL_3_1,1,735,"('x', 'x', 'x')",korixajs,korixajs
90L_10NL,3,90L_10NL_3_1,1,735,"('x', 'x', 'x')",korixajs,korixajs
90L_10NL,3,90L_10NL_3_1,1,735,"('x', 'x', 'x')",korixajs,korixajs
90L_10NL,3,90L_10NL_3_1,1,735,"('x', 'x', 'x')",korixajs,korixajs
90L_10NL,3,90L_10NL_3_1,1,735,"('x', 'x', 'x')",korixajs,korixajs
90L_10NL,3,90L_10NL_3_1,1,735,"('x', 'x', 'x')",korixajs,korixajs
90L_10NL,3,90L_10NL_3_1,1,735,"('x', 'x', 'x')",korixajs,korixajs
90L_10NL,3,90L_10NL_3_1,1,735,"('x', 'x', 'x')",korixajs,korixajs
90L_10NL,3,90L_10NL_3_1,1,735,"('x', 'x', 'x')",korixajs,korixajs
90L_10NL,3,90L_10NL_3_1,1,735,"('x', 'x', 'x')",korixajs,korixajs
90L_10NL,3,90L_10NL_3_1,0,490,"('ç', 'ç', 'x')",korexamos,korixamos
90L_10NL,3,90L_10NL_3_1,0,490,"('ç', 'ç', 'x')",korexamos,korixamos
90L_10NL,3,90L_10NL_3_1,0,490,"('ç', 'ç', 'x')",korexamos,korixamos
90L_10NL,3,90L_10NL_3_1,0,490,"('ç', 'ç', 'x')",korexamos,korixamos
90L_10NL,3,90L_10NL_3_1,0,1470,"('ç', 'x', 'x')",korexamos,korixamos
90L_10NL,3,90L_10NL_3_1,0,1470,"('ç', 'x', 'x')",korexamos,korixamos
90L_10NL,3,90L_10NL_3_1,0,1470,"('ç', 'x', 'x')",korexamos,korixamos
90L_10NL,3,90L_10NL_3_1,0,1470,"('ç', 'x', 'x')",korexamos,korixamos
90L_10NL,3,90L_10NL_3_1,0,1470,"('ç', 'x', 'x')",korexamos,korixamos
90L_10NL,3,90L_10NL_3_1,0,1470,"('ç', 'x', 'x')",korexamos,korixamos
90L_10NL,3,90L_10NL_3_1,0,490,"('ç', 'ç', 'x')",korexamos,korixamos
90L_10NL,3,90L_10NL_3_1,0,490,"('ç', 'ç', 'x')",korexamos,korixamos
90L_10NL,3,90L_10NL_3_1,0,490,"('ç', 'ç', 'x')",korexamos,korixamos
90L_10NL,3,90L_10NL_3_1,0,1470,"('ç', 'x', 'x')",korexamos,korixamos
90L_10NL,3,90L_10NL_3_1,0,1470,"('ç', 'x', 'x')",korexamos,korixamos
90L_10NL,3,90L_10NL_3_1,0,1470,"('ç', 'x', 'x')",korexamos,korixamos
90L_10NL,3,90L_10NL_3_1,0,1470,"('ç', 'x', 'x')",korexamos,korixamos
90L_10NL,3,90L_10NL_3_1,0,1470,"('ç', 'x', 'x')",korexamos,korixamos
90L_10NL,3,90L_10NL_3_1,0,1470,"('ç', 'x', 'x')",korexamos,korixamos
90L_10NL,3,90L_10NL_3_1,1,490,"('ç', 'ç', 'x')",korixamos,korixamos
90L_10NL,3,90L_10NL_3_1,1,490,"('ç', 'ç', 'x')",korixamos,korixamos
90L_10NL,3,90L_10NL_3_1,1,1470,"('ç', 'x', 'x')",korixamos,korixamos
90L_10NL,3,90L_10NL_3_1,1,1470,"('ç', 'x', 'x')",korixamos,korixamos
90L_10NL,3,90L_10NL_3_1,1,1470,"('ç', 'x', 'x')",korixamos,korixamos
90L_10NL,3,90L_10NL_3_1,1,1470,"('ç', 'x', 'x')",korixamos,korixamos
90L_10NL,3,90L_10NL_3_1,1,1470,"('ç', 'x', 'x')",korixamos,korixamos
90L_10NL,3,90L_10NL_3_1,1,1470,"('ç', 'x', 'x')",korixamos,korixamos
90L_10NL,3,90L_10NL_3_1,1,490,"('ç', 'ç', 'x')",korixamos,korixamos
90L_10NL,3,90L_10NL_3_1,1,1470,"('ç', 'x', 'x')",korixamos,korixamos
90L_10NL,3,90L_10NL_3_1,1,1470,"('ç', 'x', 'x')",korixamos,korixamos
90L_10NL,3,90L_10NL_3_1,1,1470,"('ç', 'x', 'x')",korixamos,korixamos
90L_10NL,3,90L_10NL_3_1,1,1470,"('ç', 'x', 'x')",korixamos,korixamos
90L_10NL,3,90L_10NL_3_1,1,1470,"('ç', 'x', 'x')",korixamos,korixamos
90L_10NL,3,90L_10NL_3_1,1,1470,"('ç', 'x', 'x')",korixamos,korixamos
90L_10NL,3,90L_10NL_3_1,1,1470,"('ç', 'x', 'x')",korixamos,korixamos
90L_10NL,3,90L_10NL_3_1,1,1470,"('ç', 'x', 'x')",korixamos,korixamos
90L_10NL,3,90L_10NL_3_1,1,1470,"('ç', 'x', 'x')",korixamos,korixamos
90L_10NL,3,90L_10NL_3_1,1,1470,"('ç', 'x', 'x')",korixamos,korixamos
90L_10NL,3,90L_10NL_3_1,1,1470,"('ç', 'x', 'x')",korixamos,korixamos
90L_10NL,3,90L_10NL_3_1,1,1470,"('ç', 'x', 'x')",korixamos,korixamos
90L_10NL,3,90L_10NL_3_1,1,735,"('x', 'x', 'x')",korixamos,korixamos
90L_10NL,3,90L_10NL_3_1,1,735,"('x', 'x', 'x')",korixamos,korixamos
90L_10NL,3,90L_10NL_3_1,1,735,"('x', 'x', 'x')",korixamos,korixamos
90L_10NL,3,90L_10NL_3_1,1,735,"('x', 'x', 'x')",korixamos,korixamos
90L_10NL,3,90L_10NL_3_1,1,735,"('x', 'x', 'x')",korixamos,korixamos
90L_10NL,3,90L_10NL_3_1,1,735,"('x', 'x', 'x')",korixamos,korixamos
90L_10NL,3,90L_10NL_3_1,1,735,"('x', 'x', 'x')",korixamos,korixamos
90L_10NL,3,90L_10NL_3_1,1,735,"('x', 'x', 'x')",korixamos,korixamos
90L_10NL,3,90L_10NL_3_1,1,735,"('x', 'x', 'x')",korixamos,korixamos
90L_10NL,3,90L_10NL_3_1,1,735,"('x', 'x', 'x')",korixamos,korixamos
90L_10NL,3,90L_10NL_3_1,1,735,"('x', 'x', 'x')",korixamos,korixamos
90L_10NL,3,90L_10NL_3_1,1,735,"('x', 'x', 'x')",korixamos,korixamos
90L_10NL,3,90L_10NL_3_1,1,735,"('x', 'x', 'x')",korixamos,korixamos
90L_10NL,3,90L_10NL_3_1,1,735,"('x', 'x', 'x')",korixamos,korixamos
90L_10NL,3,90L_10NL_3_1,1,735,"('x', 'x', 'x')",korixamos,korixamos
90L_10NL,3,90L_10NL_3_1,0,490,"('ç', 'ç', 'x')",korexan,korixan
90L_10NL,3,90L_10NL_3_1,0,490,"('ç', 'ç', 'x')",korexan,korixan
90L_10NL,3,90L_10NL_3_1,0,490,"('ç', 'ç', 'x')",korexan,korixan
90L_10NL,3,90L_10NL_3_1,0,490,"('ç', 'ç', 'x')",korexan,korixan
90L_10NL,3,90L_10NL_3_1,0,1470,"('ç', 'x', 'x')",korexan,korixan
90L_10NL,3,90L_10NL_3_1,0,1470,"('ç', 'x', 'x')",korexan,korixan
90L_10NL,3,90L_10NL_3_1,0,1470,"('ç', 'x', 'x')",korexan,korixan
90L_10NL,3,90L_10NL_3_1,0,1470,"('ç', 'x', 'x')",korexan,korixan
90L_10NL,3,90L_10NL_3_1,0,1470,"('ç', 'x', 'x')",korexan,korixan
90L_10NL,3,90L_10NL_3_1,0,1470,"('ç', 'x', 'x')",korexan,korixan
90L_10NL,3,90L_10NL_3_1,0,490,"('ç', 'ç', 'x')",korexan,korixan
90L_10NL,3,90L_10NL_3_1,0,490,"('ç', 'ç', 'x')",korexan,korixan
90L_10NL,3,90L_10NL_3_1,0,490,"('ç', 'ç', 'x')",korexan,korixan
90L_10NL,3,90L_10NL_3_1,0,1470,"('ç', 'x', 'x')",korexan,korixan
90L_10NL,3,90L_10NL_3_1,0,1470,"('ç', 'x', 'x')",korexan,korixan
90L_10NL,3,90L_10NL_3_1,0,1470,"('ç', 'x', 'x')",korexan,korixan
90L_10NL,3,90L_10NL_3_1,0,1470,"('ç', 'x', 'x')",korexan,korixan
90L_10NL,3,90L_10NL_3_1,0,1470,"('ç', 'x', 'x')",korexan,korixan
90L_10NL,3,90L_10NL_3_1,0,1470,"('ç', 'x', 'x')",korexan,korixan
90L_10NL,3,90L_10NL_3_1,1,490,"('ç', 'ç', 'x')",korixan,korixan
90L_10NL,3,90L_10NL_3_1,1,490,"('ç', 'ç', 'x')",korixan,korixan
90L_10NL,3,90L_10NL_3_1,1,1470,"('ç', 'x', 'x')",korixan,korixan
90L_10NL,3,90L_10NL_3_1,1,1470,"('ç', 'x', 'x')",korixan,korixan
90L_10NL,3,90L_10NL_3_1,1,1470,"('ç', 'x', 'x')",korixan,korixan
90L_10NL,3,90L_10NL_3_1,1,1470,"('ç', 'x', 'x')",korixan,korixan
90L_10NL,3,90L_10NL_3_1,1,1470,"('ç', 'x', 'x')",korixan,korixan
90L_10NL,3,90L_10NL_3_1,1,1470,"('ç', 'x', 'x')",korixan,korixan
90L_10NL,3,90L_10NL_3_1,1,490,"('ç', 'ç', 'x')",korixan,korixan
90L_10NL,3,90L_10NL_3_1,1,1470,"('ç', 'x', 'x')",korixan,korixan
90L_10NL,3,90L_10NL_3_1,1,1470,"('ç', 'x', 'x')",korixan,korixan
90L_10NL,3,90L_10NL_3_1,1,1470,"('ç', 'x', 'x')",korixan,korixan
90L_10NL,3,90L_10NL_3_1,1,1470,"('ç', 'x', 'x')",korixan,korixan
90L_10NL,3,90L_10NL_3_1,1,1470,"('ç', 'x', 'x')",korixan,korixan
90L_10NL,3,90L_10NL_3_1,1,1470,"('ç', 'x', 'x')",korixan,korixan
90L_10NL,3,90L_10NL_3_1,1,1470,"('ç', 'x', 'x')",korixan,korixan
90L_10NL,3,90L_10NL_3_1,1,1470,"('ç', 'x', 'x')",korixan,korixan
90L_10NL,3,90L_10NL_3_1,1,1470,"('ç', 'x', 'x')",korixan,korixan
90L_10NL,3,90L_10NL_3_1,1,1470,"('ç', 'x', 'x')",korixan,korixan
90L_10NL,3,90L_10NL_3_1,1,1470,"('ç', 'x', 'x')",korixan,korixan
90L_10NL,3,90L_10NL_3_1,1,1470,"('ç', 'x', 'x')",korixan,korixan
90L_10NL,3,90L_10NL_3_1,1,735,"('x', 'x', 'x')",korixan,korixan
90L_10NL,3,90L_10NL_3_1,1,735,"('x', 'x', 'x')",korixan,korixan
90L_10NL,3,90L_10NL_3_1,1,735,"('x', 'x', 'x')",korixan,korixan
90L_10NL,3,90L_10NL_3_1,1,735,"('x', 'x', 'x')",korixan,korixan
90L_10NL,3,90L_10NL_3_1,1,735,"('x', 'x', 'x')",korixan,korixan
90L_10NL,3,90L_10NL_3_1,1,735,"('x', 'x', 'x')",korixan,korixan
90L_10NL,3,90L_10NL_3_1,1,735,"('x', 'x', 'x')",korixan,korixan
90L_10NL,3,90L_10NL_3_1,1,735,"('x', 'x', 'x')",korixan,korixan
90L_10NL,3,90L_10NL_3_1,1,735,"('x', 'x', 'x')",korixan,korixan
90L_10NL,3,90L_10NL_3_1,1,735,"('x', 'x', 'x')",korixan,korixan
90L_10NL,3,90L_10NL_3_1,1,735,"('x', 'x', 'x')",korixan,korixan
90L_10NL,3,90L_10NL_3_1,1,735,"('x', 'x', 'x')",korixan,korixan
90L_10NL,3,90L_10NL_3_1,1,735,"('x', 'x', 'x')",korixan,korixan
90L_10NL,3,90L_10NL_3_1,1,735,"('x', 'x', 'x')",korixan,korixan
90L_10NL,3,90L_10NL_3_1,1,735,"('x', 'x', 'x')",korixan,korixan
90L_10NL,3,90L_10NL_3_1,0,490,"('ç', 'ç', 'x')",korexas,korixas
90L_10NL,3,90L_10NL_3_1,0,490,"('ç', 'ç', 'x')",korexas,korixas
90L_10NL,3,90L_10NL_3_1,0,490,"('ç', 'ç', 'x')",korexas,korixas
90L_10NL,3,90L_10NL_3_1,0,490,"('ç', 'ç', 'x')",korexas,korixas
90L_10NL,3,90L_10NL_3_1,0,1470,"('ç', 'x', 'x')",korexas,korixas
90L_10NL,3,90L_10NL_3_1,0,1470,"('ç', 'x', 'x')",korexas,korixas
90L_10NL,3,90L_10NL_3_1,0,1470,"('ç', 'x', 'x')",korexas,korixas
90L_10NL,3,90L_10NL_3_1,0,1470,"('ç', 'x', 'x')",korexas,korixas
90L_10NL,3,90L_10NL_3_1,0,1470,"('ç', 'x', 'x')",korexas,korixas
90L_10NL,3,90L_10NL_3_1,0,1470,"('ç', 'x', 'x')",korexas,korixas
90L_10NL,3,90L_10NL_3_1,0,490,"('ç', 'ç', 'x')",korexas,korixas
90L_10NL,3,90L_10NL_3_1,0,490,"('ç', 'ç', 'x')",korexas,korixas
90L_10NL,3,90L_10NL_3_1,0,490,"('ç', 'ç', 'x')",korexas,korixas
90L_10NL,3,90L_10NL_3_1,0,1470,"('ç', 'x', 'x')",korexas,korixas
90L_10NL,3,90L_10NL_3_1,0,1470,"('ç', 'x', 'x')",korexas,korixas
90L_10NL,3,90L_10NL_3_1,0,1470,"('ç', 'x', 'x')",korexas,korixas
90L_10NL,3,90L_10NL_3_1,0,1470,"('ç', 'x', 'x')",korexas,korixas
90L_10NL,3,90L_10NL_3_1,0,1470,"('ç', 'x', 'x')",korexas,korixas
90L_10NL,3,90L_10NL_3_1,0,1470,"('ç', 'x', 'x')",korexas,korixas
90L_10NL,3,90L_10NL_3_1,1,490,"('ç', 'ç', 'x')",korixas,korixas
90L_10NL,3,90L_10NL_3_1,1,490,"('ç', 'ç', 'x')",korixas,korixas
90L_10NL,3,90L_10NL_3_1,1,1470,"('ç', 'x', 'x')",korixas,korixas
90L_10NL,3,90L_10NL_3_1,1,1470,"('ç', 'x', 'x')",korixas,korixas
90L_10NL,3,90L_10NL_3_1,1,1470,"('ç', 'x', 'x')",korixas,korixas
90L_10NL,3,90L_10NL_3_1,1,1470,"('ç', 'x', 'x')",korixas,korixas
90L_10NL,3,90L_10NL_3_1,1,1470,"('ç', 'x', 'x')",korixas,korixas
90L_10NL,3,90L_10NL_3_1,1,1470,"('ç', 'x', 'x')",korixas,korixas
90L_10NL,3,90L_10NL_3_1,1,490,"('ç', 'ç', 'x')",korixas,korixas
90L_10NL,3,90L_10NL_3_1,1,1470,"('ç', 'x', 'x')",korixas,korixas
90L_10NL,3,90L_10NL_3_1,1,1470,"('ç', 'x', 'x')",korixas,korixas
90L_10NL,3,90L_10NL_3_1,1,1470,"('ç', 'x', 'x')",korixas,korixas
90L_10NL,3,90L_10NL_3_1,1,1470,"('ç', 'x', 'x')",korixas,korixas
90L_10NL,3,90L_10NL_3_1,1,1470,"('ç', 'x', 'x')",korixas,korixas
90L_10NL,3,90L_10NL_3_1,1,1470,"('ç', 'x', 'x')",korixas,korixas
90L_10NL,3,90L_10NL_3_1,1,1470,"('ç', 'x', 'x')",korixas,korixas
90L_10NL,3,90L_10NL_3_1,1,1470,"('ç', 'x', 'x')",korixas,korixas
90L_10NL,3,90L_10NL_3_1,1,1470,"('ç', 'x', 'x')",korixas,korixas
90L_10NL,3,90L_10NL_3_1,1,1470,"('ç', 'x', 'x')",korixas,korixas
90L_10NL,3,90L_10NL_3_1,1,1470,"('ç', 'x', 'x')",korixas,korixas
90L_10NL,3,90L_10NL_3_1,1,1470,"('ç', 'x', 'x')",korixas,korixas
90L_10NL,3,90L_10NL_3_1,1,735,"('x', 'x', 'x')",korixas,korixas
90L_10NL,3,90L_10NL_3_1,1,735,"('x', 'x', 'x')",korixas,korixas
90L_10NL,3,90L_10NL_3_1,1,735,"('x', 'x', 'x')",korixas,korixas
90L_10NL,3,90L_10NL_3_1,1,735,"('x', 'x', 'x')",korixas,korixas
90L_10NL,3,90L_10NL_3_1,1,735,"('x', 'x', 'x')",korixas,korixas
90L_10NL,3,90L_10NL_3_1,1,735,"('x', 'x', 'x')",korixas,korixas
90L_10NL,3,90L_10NL_3_1,1,735,"('x', 'x', 'x')",korixas,korixas
90L_10NL,3,90L_10NL_3_1,1,735,"('x', 'x', 'x')",korixas,korixas
90L_10NL,3,90L_10NL_3_1,1,735,"('x', 'x', 'x')",korixas,korixas
90L_10NL,3,90L_10NL_3_1,1,735,"('x', 'x', 'x')",korixas,korixas
90L_10NL,3,90L_10NL_3_1,1,735,"('x', 'x', 'x')",korixas,korixas
90L_10NL,3,90L_10NL_3_1,1,735,"('x', 'x', 'x')",korixas,korixas
90L_10NL,3,90L_10NL_3_1,1,735,"('x', 'x', 'x')",korixas,korixas
90L_10NL,3,90L_10NL_3_1,1,735,"('x', 'x', 'x')",korixas,korixas
90L_10NL,3,90L_10NL_3_1,1,735,"('x', 'x', 'x')",korixas,korixas
90L_10NL,3,90L_10NL_3_1,0,490,"('ç', 'ç', 'x')",korexa,korixa
90L_10NL,3,90L_10NL_3_1,0,490,"('ç', 'ç', 'x')",korexa,korixa
90L_10NL,3,90L_10NL_3_1,0,490,"('ç', 'ç', 'x')",korexa,korixa
90L_10NL,3,90L_10NL_3_1,0,490,"('ç', 'ç', 'x')",korexa,korixa
90L_10NL,3,90L_10NL_3_1,0,1470,"('ç', 'x', 'x')",korexa,korixa
90L_10NL,3,90L_10NL_3_1,0,1470,"('ç', 'x', 'x')",korexa,korixa
90L_10NL,3,90L_10NL_3_1,0,1470,"('ç', 'x', 'x')",korexa,korixa
90L_10NL,3,90L_10NL_3_1,0,1470,"('ç', 'x', 'x')",korexa,korixa
90L_10NL,3,90L_10NL_3_1,0,1470,"('ç', 'x', 'x')",korexa,korixa
90L_10NL,3,90L_10NL_3_1,0,1470,"('ç', 'x', 'x')",korexa,korixa
90L_10NL,3,90L_10NL_3_1,0,490,"('ç', 'ç', 'x')",korexa,korixa
90L_10NL,3,90L_10NL_3_1,0,490,"('ç', 'ç', 'x')",korexa,korixa
90L_10NL,3,90L_10NL_3_1,0,490,"('ç', 'ç', 'x')",korexa,korixa
90L_10NL,3,90L_10NL_3_1,0,1470,"('ç', 'x', 'x')",korexa,korixa
90L_10NL,3,90L_10NL_3_1,0,1470,"('ç', 'x', 'x')",korexa,korixa
90L_10NL,3,90L_10NL_3_1,0,1470,"('ç', 'x', 'x')",korexa,korixa
90L_10NL,3,90L_10NL_3_1,0,1470,"('ç', 'x', 'x')",korexa,korixa
90L_10NL,3,90L_10NL_3_1,0,1470,"('ç', 'x', 'x')",korexa,korixa
90L_10NL,3,90L_10NL_3_1,0,1470,"('ç', 'x', 'x')",korexa,korixa
90L_10NL,3,90L_10NL_3_1,1,490,"('ç', 'ç', 'x')",korixa,korixa
90L_10NL,3,90L_10NL_3_1,1,490,"('ç', 'ç', 'x')",korixa,korixa
90L_10NL,3,90L_10NL_3_1,1,1470,"('ç', 'x', 'x')",korixa,korixa
90L_10NL,3,90L_10NL_3_1,1,1470,"('ç', 'x', 'x')",korixa,korixa
90L_10NL,3,90L_10NL_3_1,1,1470,"('ç', 'x', 'x')",korixa,korixa
90L_10NL,3,90L_10NL_3_1,1,1470,"('ç', 'x', 'x')",korixa,korixa
90L_10NL,3,90L_10NL_3_1,1,1470,"('ç', 'x', 'x')",korixa,korixa
90L_10NL,3,90L_10NL_3_1,1,1470,"('ç', 'x', 'x')",korixa,korixa
90L_10NL,3,90L_10NL_3_1,1,490,"('ç', 'ç', 'x')",korixa,korixa
90L_10NL,3,90L_10NL_3_1,1,1470,"('ç', 'x', 'x')",korixa,korixa
90L_10NL,3,90L_10NL_3_1,1,1470,"('ç', 'x', 'x')",korixa,korixa
90L_10NL,3,90L_10NL_3_1,1,1470,"('ç', 'x', 'x')",korixa,korixa
90L_10NL,3,90L_10NL_3_1,1,1470,"('ç', 'x', 'x')",korixa,korixa
90L_10NL,3,90L_10NL_3_1,1,1470,"('ç', 'x', 'x')",korixa,korixa
90L_10NL,3,90L_10NL_3_1,1,1470,"('ç', 'x', 'x')",korixa,korixa
90L_10NL,3,90L_10NL_3_1,1,1470,"('ç', 'x', 'x')",korixa,korixa
90L_10NL,3,90L_10NL_3_1,1,1470,"('ç', 'x', 'x')",korixa,korixa
90L_10NL,3,90L_10NL_3_1,1,1470,"('ç', 'x', 'x')",korixa,korixa
90L_10NL,3,90L_10NL_3_1,1,1470,"('ç', 'x', 'x')",korixa,korixa
90L_10NL,3,90L_10NL_3_1,1,1470,"('ç', 'x', 'x')",korixa,korixa
90L_10NL,3,90L_10NL_3_1,1,1470,"('ç', 'x', 'x')",korixa,korixa
90L_10NL,3,90L_10NL_3_1,1,735,"('x', 'x', 'x')",korixa,korixa
90L_10NL,3,90L_10NL_3_1,1,735,"('x', 'x', 'x')",korixa,korixa
90L_10NL,3,90L_10NL_3_1,1,735,"('x', 'x', 'x')",korixa,korixa
90L_10NL,3,90L_10NL_3_1,1,735,"('x', 'x', 'x')",korixa,korixa
90L_10NL,3,90L_10NL_3_1,1,735,"('x', 'x', 'x')",korixa,korixa
90L_10NL,3,90L_10NL_3_1,1,735,"('x', 'x', 'x')",korixa,korixa
90L_10NL,3,90L_10NL_3_1,1,735,"('x', 'x', 'x')",korixa,korixa
90L_10NL,3,90L_10NL_3_1,1,735,"('x', 'x', 'x')",korixa,korixa
90L_10NL,3,90L_10NL_3_1,1,735,"('x', 'x', 'x')",korixa,korixa
90L_10NL,3,90L_10NL_3_1,1,735,"('x', 'x', 'x')",korixa,korixa
90L_10NL,3,90L_10NL_3_1,1,735,"('x', 'x', 'x')",korixa,korixa
90L_10NL,3,90L_10NL_3_1,1,735,"('x', 'x', 'x')",korixa,korixa
90L_10NL,3,90L_10NL_3_1,1,735,"('x', 'x', 'x')",korixa,korixa
90L_10NL,3,90L_10NL_3_1,1,735,"('x', 'x', 'x')",korixa,korixa
90L_10NL,3,90L_10NL_3_1,1,735,"('x', 'x', 'x')",korixa,korixa
90L_10NL,3,90L_10NL_3_1,0,490,"('ç', 'ç', 'x')",korexa,korixa
90L_10NL,3,90L_10NL_3_1,0,490,"('ç', 'ç', 'x')",korexa,korixa
90L_10NL,3,90L_10NL_3_1,0,490,"('ç', 'ç', 'x')",korexa,korixa
90L_10NL,3,90L_10NL_3_1,0,490,"('ç', 'ç', 'x')",korexa,korixa
90L_10NL,3,90L_10NL_3_1,0,1470,"('ç', 'x', 'x')",korexa,korixa
90L_10NL,3,90L_10NL_3_1,0,1470,"('ç', 'x', 'x')",korexa,korixa
90L_10NL,3,90L_10NL_3_1,0,1470,"('ç', 'x', 'x')",korexa,korixa
90L_10NL,3,90L_10NL_3_1,0,1470,"('ç', 'x', 'x')",korexa,korixa
90L_10NL,3,90L_10NL_3_1,0,1470,"('ç', 'x', 'x')",korexa,korixa
90L_10NL,3,90L_10NL_3_1,0,1470,"('ç', 'x', 'x')",korexa,korixa
90L_10NL,3,90L_10NL_3_1,0,490,"('ç', 'ç', 'x')",korexa,korixa
90L_10NL,3,90L_10NL_3_1,0,490,"('ç', 'ç', 'x')",korexa,korixa
90L_10NL,3,90L_10NL_3_1,0,490,"('ç', 'ç', 'x')",korexa,korixa
90L_10NL,3,90L_10NL_3_1,0,1470,"('ç', 'x', 'x')",korexa,korixa
90L_10NL,3,90L_10NL_3_1,0,1470,"('ç', 'x', 'x')",korexa,korixa
90L_10NL,3,90L_10NL_3_1,0,1470,"('ç', 'x', 'x')",korexa,korixa
90L_10NL,3,90L_10NL_3_1,0,1470,"('ç', 'x', 'x')",korexa,korixa
90L_10NL,3,90L_10NL_3_1,0,1470,"('ç', 'x', 'x')",korexa,korixa
90L_10NL,3,90L_10NL_3_1,0,1470,"('ç', 'x', 'x')",korexa,korixa
90L_10NL,3,90L_10NL_3_1,1,490,"('ç', 'ç', 'x')",korixa,korixa
90L_10NL,3,90L_10NL_3_1,1,490,"('ç', 'ç', 'x')",korixa,korixa
90L_10NL,3,90L_10NL_3_1,1,1470,"('ç', 'x', 'x')",korixa,korixa
90L_10NL,3,90L_10NL_3_1,1,1470,"('ç', 'x', 'x')",korixa,korixa
90L_10NL,3,90L_10NL_3_1,1,1470,"('ç', 'x', 'x')",korixa,korixa
90L_10NL,3,90L_10NL_3_1,1,1470,"('ç', 'x', 'x')",korixa,korixa
90L_10NL,3,90L_10NL_3_1,1,1470,"('ç', 'x', 'x')",korixa,korixa
90L_10NL,3,90L_10NL_3_1,1,1470,"('ç', 'x', 'x')",korixa,korixa
90L_10NL,3,90L_10NL_3_1,1,490,"('ç', 'ç', 'x')",korixa,korixa
90L_10NL,3,90L_10NL_3_1,1,1470,"('ç', 'x', 'x')",korixa,korixa
90L_10NL,3,90L_10NL_3_1,1,1470,"('ç', 'x', 'x')",korixa,korixa
90L_10NL,3,90L_10NL_3_1,1,1470,"('ç', 'x', 'x')",korixa,korixa
90L_10NL,3,90L_10NL_3_1,1,1470,"('ç', 'x', 'x')",korixa,korixa
90L_10NL,3,90L_10NL_3_1,1,1470,"('ç', 'x', 'x')",korixa,korixa
90L_10NL,3,90L_10NL_3_1,1,1470,"('ç', 'x', 'x')",korixa,korixa
90L_10NL,3,90L_10NL_3_1,1,1470,"('ç', 'x', 'x')",korixa,korixa
90L_10NL,3,90L_10NL_3_1,1,1470,"('ç', 'x', 'x')",korixa,korixa
90L_10NL,3,90L_10NL_3_1,1,1470,"('ç', 'x', 'x')",korixa,korixa
90L_10NL,3,90L_10NL_3_1,1,1470,"('ç', 'x', 'x')",korixa,korixa
90L_10NL,3,90L_10NL_3_1,1,1470,"('ç', 'x', 'x')",korixa,korixa
90L_10NL,3,90L_10NL_3_1,1,1470,"('ç', 'x', 'x')",korixa,korixa
90L_10NL,3,90L_10NL_3_1,1,735,"('x', 'x', 'x')",korixa,korixa
90L_10NL,3,90L_10NL_3_1,1,735,"('x', 'x', 'x')",korixa,korixa
90L_10NL,3,90L_10NL_3_1,1,735,"('x', 'x', 'x')",korixa,korixa
90L_10NL,3,90L_10NL_3_1,1,735,"('x', 'x', 'x')",korixa,korixa
90L_10NL,3,90L_10NL_3_1,1,735,"('x', 'x', 'x')",korixa,korixa
90L_10NL,3,90L_10NL_3_1,1,735,"('x', 'x', 'x')",korixa,korixa
90L_10NL,3,90L_10NL_3_1,1,735,"('x', 'x', 'x')",korixa,korixa
90L_10NL,3,90L_10NL_3_1,1,735,"('x', 'x', 'x')",korixa,korixa
90L_10NL,3,90L_10NL_3_1,1,735,"('x', 'x', 'x')",korixa,korixa
90L_10NL,3,90L_10NL_3_1,1,735,"('x', 'x', 'x')",korixa,korixa
90L_10NL,3,90L_10NL_3_1,1,735,"('x', 'x', 'x')",korixa,korixa
90L_10NL,3,90L_10NL_3_1,1,735,"('x', 'x', 'x')",korixa,korixa
90L_10NL,3,90L_10NL_3_1,1,735,"('x', 'x', 'x')",korixa,korixa
90L_10NL,3,90L_10NL_3_1,1,735,"('x', 'x', 'x')",korixa,korixa
90L_10NL,3,90L_10NL_3_1,1,735,"('x', 'x', 'x')",korixa,korixa
90L_10NL,3,90L_10NL_3_1,0,490,"('ç', 'ç', 'x')",korexo,korixo
90L_10NL,3,90L_10NL_3_1,0,490,"('ç', 'ç', 'x')",korexo,korixo
90L_10NL,3,90L_10NL_3_1,0,490,"('ç', 'ç', 'x')",korexo,korixo
90L_10NL,3,90L_10NL_3_1,0,490,"('ç', 'ç', 'x')",korexo,korixo
90L_10NL,3,90L_10NL_3_1,0,1470,"('ç', 'x', 'x')",korexo,korixo
90L_10NL,3,90L_10NL_3_1,0,1470,"('ç', 'x', 'x')",korexo,korixo
90L_10NL,3,90L_10NL_3_1,0,1470,"('ç', 'x', 'x')",korexo,korixo
90L_10NL,3,90L_10NL_3_1,0,1470,"('ç', 'x', 'x')",korexo,korixo
90L_10NL,3,90L_10NL_3_1,0,1470,"('ç', 'x', 'x')",korexo,korixo
90L_10NL,3,90L_10NL_3_1,0,1470,"('ç', 'x', 'x')",korexo,korixo
90L_10NL,3,90L_10NL_3_1,0,490,"('ç', 'ç', 'x')",korexo,korixo
90L_10NL,3,90L_10NL_3_1,0,490,"('ç', 'ç', 'x')",korexo,korixo
90L_10NL,3,90L_10NL_3_1,0,490,"('ç', 'ç', 'x')",korexo,korixo
90L_10NL,3,90L_10NL_3_1,0,1470,"('ç', 'x', 'x')",korexo,korixo
90L_10NL,3,90L_10NL_3_1,0,1470,"('ç', 'x', 'x')",korexo,korixo
90L_10NL,3,90L_10NL_3_1,0,1470,"('ç', 'x', 'x')",korexo,korixo
90L_10NL,3,90L_10NL_3_1,0,1470,"('ç', 'x', 'x')",korexo,korixo
90L_10NL,3,90L_10NL_3_1,0,1470,"('ç', 'x', 'x')",korexo,korixo
90L_10NL,3,90L_10NL_3_1,0,1470,"('ç', 'x', 'x')",korexo,korixo
90L_10NL,3,90L_10NL_3_1,1,490,"('ç', 'ç', 'x')",korixo,korixo
90L_10NL,3,90L_10NL_3_1,1,490,"('ç', 'ç', 'x')",korixo,korixo
90L_10NL,3,90L_10NL_3_1,1,1470,"('ç', 'x', 'x')",korixo,korixo
90L_10NL,3,90L_10NL_3_1,1,1470,"('ç', 'x', 'x')",korixo,korixo
90L_10NL,3,90L_10NL_3_1,1,1470,"('ç', 'x', 'x')",korixo,korixo
90L_10NL,3,90L_10NL_3_1,1,1470,"('ç', 'x', 'x')",korixo,korixo
90L_10NL,3,90L_10NL_3_1,1,1470,"('ç', 'x', 'x')",korixo,korixo
90L_10NL,3,90L_10NL_3_1,1,1470,"('ç', 'x', 'x')",korixo,korixo
90L_10NL,3,90L_10NL_3_1,1,490,"('ç', 'ç', 'x')",korixo,korixo
90L_10NL,3,90L_10NL_3_1,1,1470,"('ç', 'x', 'x')",korixo,korixo
90L_10NL,3,90L_10NL_3_1,1,1470,"('ç', 'x', 'x')",korixo,korixo
90L_10NL,3,90L_10NL_3_1,1,1470,"('ç', 'x', 'x')",korixo,korixo
90L_10NL,3,90L_10NL_3_1,1,1470,"('ç', 'x', 'x')",korixo,korixo
90L_10NL,3,90L_10NL_3_1,1,1470,"('ç', 'x', 'x')",korixo,korixo
90L_10NL,3,90L_10NL_3_1,1,1470,"('ç', 'x', 'x')",korixo,korixo
90L_10NL,3,90L_10NL_3_1,1,1470,"('ç', 'x', 'x')",korixo,korixo
90L_10NL,3,90L_10NL_3_1,1,1470,"('ç', 'x', 'x')",korixo,korixo
90L_10NL,3,90L_10NL_3_1,1,1470,"('ç', 'x', 'x')",korixo,korixo
90L_10NL,3,90L_10NL_3_1,1,1470,"('ç', 'x', 'x')",korixo,korixo
90L_10NL,3,90L_10NL_3_1,1,1470,"('ç', 'x', 'x')",korixo,korixo
90L_10NL,3,90L_10NL_3_1,1,1470,"('ç', 'x', 'x')",korixo,korixo
90L_10NL,3,90L_10NL_3_1,1,735,"('x', 'x', 'x')",korixo,korixo
90L_10NL,3,90L_10NL_3_1,1,735,"('x', 'x', 'x')",korixo,korixo
90L_10NL,3,90L_10NL_3_1,1,735,"('x', 'x', 'x')",korixo,korixo
90L_10NL,3,90L_10NL_3_1,1,735,"('x', 'x', 'x')",korixo,korixo
90L_10NL,3,90L_10NL_3_1,1,735,"('x', 'x', 'x')",korixo,korixo
90L_10NL,3,90L_10NL_3_1,1,735,"('x', 'x', 'x')",korixo,korixo
90L_10NL,3,90L_10NL_3_1,1,735,"('x', 'x', 'x')",korixo,korixo
90L_10NL,3,90L_10NL_3_1,1,735,"('x', 'x', 'x')",korixo,korixo
90L_10NL,3,90L_10NL_3_1,1,735,"('x', 'x', 'x')",korixo,korixo
90L_10NL,3,90L_10NL_3_1,1,735,"('x', 'x', 'x')",korixo,korixo
90L_10NL,3,90L_10NL_3_1,1,735,"('x', 'x', 'x')",korixo,korixo
90L_10NL,3,90L_10NL_3_1,1,735,"('x', 'x', 'x')",korixo,korixo
90L_10NL,3,90L_10NL_3_1,1,735,"('x', 'x', 'x')",korixo,korixo
90L_10NL,3,90L_10NL_3_1,1,735,"('x', 'x', 'x')",korixo,korixo
90L_10NL,3,90L_10NL_3_1,1,735,"('x', 'x', 'x')",korixo,korixo
90L_10NL,3,90L_10NL_3_1,1,1085,"('s', 's', 's')",enlusen,enlusen
90L_10NL,3,90L_10NL_3_1,1,1085,"('s', 's', 's')",enlusen,enlusen
90L_10NL,3,90L_10NL_3_1,1,1085,"('s', 's', 's')",enlusen,enlusen
90L_10NL,3,90L_10NL_3_1,1,3500,"('s', 'sk', 's')",enlusen,enlusen
90L_10NL,3,90L_10NL_3_1,1,3500,"('s', 'sk', 's')",enlusen,enlusen
90L_10NL,3,90L_10NL_3_1,1,3500,"('s', 'sk', 's')",enlusen,enlusen
90L_10NL,3,90L_10NL_3_1,1,3500,"('s', 'sk', 's')",enlusen,enlusen
90L_10NL,3,90L_10NL_3_1,1,3500,"('s', 'sk', 's')",enlusen,enlusen
90L_10NL,3,90L_10NL_3_1,1,3500,"('s', 'sk', 's')",enlusen,enlusen
90L_10NL,3,90L_10NL_3_1,1,3500,"('s', 'sk', 's')",enlusen,enlusen
90L_10NL,3,90L_10NL_3_1,1,1085,"('s', 's', 's')",enlusen,enlusen
90L_10NL,3,90L_10NL_3_1,1,1085,"('s', 's', 's')",enlusen,enlusen
90L_10NL,3,90L_10NL_3_1,1,3500,"('s', 'sk', 's')",enlusen,enlusen
90L_10NL,3,90L_10NL_3_1,1,3500,"('s', 'sk', 's')",enlusen,enlusen
90L_10NL,3,90L_10NL_3_1,1,3500,"('s', 'sk', 's')",enlusen,enlusen
90L_10NL,3,90L_10NL_3_1,1,3500,"('s', 'sk', 's')",enlusen,enlusen
90L_10NL,3,90L_10NL_3_1,1,3500,"('s', 'sk', 's')",enlusen,enlusen
90L_10NL,3,90L_10NL_3_1,1,3500,"('s', 'sk', 's')",enlusen,enlusen
90L_10NL,3,90L_10NL_3_1,1,3500,"('s', 'sk', 's')",enlusen,enlusen
90L_10NL,3,90L_10NL_3_1,1,1085,"('s', 's', 's')",enlusen,enlusen
90L_10NL,3,90L_10NL_3_1,1,3500,"('s', 'sk', 's')",enlusen,enlusen
90L_10NL,3,90L_10NL_3_1,1,3500,"('s', 'sk', 's')",enlusen,enlusen
90L_10NL,3,90L_10NL_3_1,1,3500,"('s', 'sk', 's')",enlusen,enlusen
90L_10NL,3,90L_10NL_3_1,1,3500,"('s', 'sk', 's')",enlusen,enlusen
90L_10NL,3,90L_10NL_3_1,1,3500,"('s', 'sk', 's')",enlusen,enlusen
90L_10NL,3,90L_10NL_3_1,1,3500,"('s', 'sk', 's')",enlusen,enlusen
90L_10NL,3,90L_10NL_3_1,1,3500,"('s', 'sk', 's')",enlusen,enlusen
90L_10NL,3,90L_10NL_3_1,1,3500,"('s', 'sk', 's')",enlusen,enlusen
90L_10NL,3,90L_10NL_3_1,1,3500,"('s', 'sk', 's')",enlusen,enlusen
90L_10NL,3,90L_10NL_3_1,1,3500,"('s', 'sk', 's')",enlusen,enlusen
90L_10NL,3,90L_10NL_3_1,1,3500,"('s', 'sk', 's')",enlusen,enlusen
90L_10NL,3,90L_10NL_3_1,1,3500,"('s', 'sk', 's')",enlusen,enlusen
90L_10NL,3,90L_10NL_3_1,1,3500,"('s', 'sk', 's')",enlusen,enlusen
90L_10NL,3,90L_10NL_3_1,1,3500,"('s', 'sk', 's')",enlusen,enlusen
90L_10NL,3,90L_10NL_3_1,1,2625,"('sk', 'sk', 's')",enlusen,enlusen
90L_10NL,3,90L_10NL_3_1,1,2625,"('sk', 'sk', 's')",enlusen,enlusen
90L_10NL,3,90L_10NL_3_1,1,2625,"('sk', 'sk', 's')",enlusen,enlusen
90L_10NL,3,90L_10NL_3_1,1,2625,"('sk', 'sk', 's')",enlusen,enlusen
90L_10NL,3,90L_10NL_3_1,1,2625,"('sk', 'sk', 's')",enlusen,enlusen
90L_10NL,3,90L_10NL_3_1,1,2625,"('sk', 'sk', 's')",enlusen,enlusen
90L_10NL,3,90L_10NL_3_1,1,2625,"('sk', 'sk', 's')",enlusen,enlusen
90L_10NL,3,90L_10NL_3_1,1,2625,"('sk', 'sk', 's')",enlusen,enlusen
90L_10NL,3,90L_10NL_3_1,1,2625,"('sk', 'sk', 's')",enlusen,enlusen
90L_10NL,3,90L_10NL_3_1,1,2625,"('sk', 'sk', 's')",enlusen,enlusen
90L_10NL,3,90L_10NL_3_1,1,2625,"('sk', 'sk', 's')",enlusen,enlusen
90L_10NL,3,90L_10NL_3_1,1,2625,"('sk', 'sk', 's')",enlusen,enlusen
90L_10NL,3,90L_10NL_3_1,1,2625,"('sk', 'sk', 's')",enlusen,enlusen
90L_10NL,3,90L_10NL_3_1,1,2625,"('sk', 'sk', 's')",enlusen,enlusen
90L_10NL,3,90L_10NL_3_1,1,2625,"('sk', 'sk', 's')",enlusen,enlusen
90L_10NL,3,90L_10NL_3_1,1,2625,"('sk', 'sk', 's')",enlusen,enlusen
90L_10NL,3,90L_10NL_3_1,1,2625,"('sk', 'sk', 's')",enlusen,enlusen
90L_10NL,3,90L_10NL_3_1,1,2625,"('sk', 'sk', 's')",enlusen,enlusen
90L_10NL,3,90L_10NL_3_1,1,2625,"('sk', 'sk', 's')",enlusen,enlusen
90L_10NL,3,90L_10NL_3_1,1,2625,"('sk', 'sk', 's')",enlusen,enlusen
90L_10NL,3,90L_10NL_3_1,1,2625,"('sk', 'sk', 's')",enlusen,enlusen
90L_10NL,3,90L_10NL_3_1,1,1085,"('s', 's', 's')",enluses,enluses
90L_10NL,3,90L_10NL_3_1,1,1085,"('s', 's', 's')",enluses,enluses
90L_10NL,3,90L_10NL_3_1,1,1085,"('s', 's', 's')",enluses,enluses
90L_10NL,3,90L_10NL_3_1,1,3500,"('s', 'sk', 's')",enluses,enluses
90L_10NL,3,90L_10NL_3_1,1,3500,"('s', 'sk', 's')",enluses,enluses
90L_10NL,3,90L_10NL_3_1,1,3500,"('s', 'sk', 's')",enluses,enluses
90L_10NL,3,90L_10NL_3_1,1,3500,"('s', 'sk', 's')",enluses,enluses
90L_10NL,3,90L_10NL_3_1,1,3500,"('s', 'sk', 's')",enluses,enluses
90L_10NL,3,90L_10NL_3_1,1,3500,"('s', 'sk', 's')",enluses,enluses
90L_10NL,3,90L_10NL_3_1,1,3500,"('s', 'sk', 's')",enluses,enluses
90L_10NL,3,90L_10NL_3_1,1,1085,"('s', 's', 's')",enluses,enluses
90L_10NL,3,90L_10NL_3_1,1,1085,"('s', 's', 's')",enluses,enluses
90L_10NL,3,90L_10NL_3_1,1,3500,"('s', 'sk', 's')",enluses,enluses
90L_10NL,3,90L_10NL_3_1,1,3500,"('s', 'sk', 's')",enluses,enluses
90L_10NL,3,90L_10NL_3_1,1,3500,"('s', 'sk', 's')",enluses,enluses
90L_10NL,3,90L_10NL_3_1,1,3500,"('s', 'sk', 's')",enluses,enluses
90L_10NL,3,90L_10NL_3_1,1,3500,"('s', 'sk', 's')",enluses,enluses
90L_10NL,3,90L_10NL_3_1,1,3500,"('s', 'sk', 's')",enluses,enluses
90L_10NL,3,90L_10NL_3_1,1,3500,"('s', 'sk', 's')",enluses,enluses
90L_10NL,3,90L_10NL_3_1,1,1085,"('s', 's', 's')",enluses,enluses
90L_10NL,3,90L_10NL_3_1,1,3500,"('s', 'sk', 's')",enluses,enluses
90L_10NL,3,90L_10NL_3_1,1,3500,"('s', 'sk', 's')",enluses,enluses
90L_10NL,3,90L_10NL_3_1,1,3500,"('s', 'sk', 's')",enluses,enluses
90L_10NL,3,90L_10NL_3_1,1,3500,"('s', 'sk', 's')",enluses,enluses
90L_10NL,3,90L_10NL_3_1,1,3500,"('s', 'sk', 's')",enluses,enluses
90L_10NL,3,90L_10NL_3_1,1,3500,"('s', 'sk', 's')",enluses,enluses
90L_10NL,3,90L_10NL_3_1,1,3500,"('s', 'sk', 's')",enluses,enluses
90L_10NL,3,90L_10NL_3_1,1,3500,"('s', 'sk', 's')",enluses,enluses
90L_10NL,3,90L_10NL_3_1,1,3500,"('s', 'sk', 's')",enluses,enluses
90L_10NL,3,90L_10NL_3_1,1,3500,"('s', 'sk', 's')",enluses,enluses
90L_10NL,3,90L_10NL_3_1,1,3500,"('s', 'sk', 's')",enluses,enluses
90L_10NL,3,90L_10NL_3_1,1,3500,"('s', 'sk', 's')",enluses,enluses
90L_10NL,3,90L_10NL_3_1,1,3500,"('s', 'sk', 's')",enluses,enluses
90L_10NL,3,90L_10NL_3_1,1,3500,"('s', 'sk', 's')",enluses,enluses
90L_10NL,3,90L_10NL_3_1,1,2625,"('sk', 'sk', 's')",enluses,enluses
90L_10NL,3,90L_10NL_3_1,1,2625,"('sk', 'sk', 's')",enluses,enluses
90L_10NL,3,90L_10NL_3_1,1,2625,"('sk', 'sk', 's')",enluses,enluses
90L_10NL,3,90L_10NL_3_1,1,2625,"('sk', 'sk', 's')",enluses,enluses
90L_10NL,3,90L_10NL_3_1,1,2625,"('sk', 'sk', 's')",enluses,enluses
90L_10NL,3,90L_10NL_3_1,1,2625,"('sk', 'sk', 's')",enluses,enluses
90L_10NL,3,90L_10NL_3_1,1,2625,"('sk', 'sk', 's')",enluses,enluses
90L_10NL,3,90L_10NL_3_1,1,2625,"('sk', 'sk', 's')",enluses,enluses
90L_10NL,3,90L_10NL_3_1,1,2625,"('sk', 'sk', 's')",enluses,enluses
90L_10NL,3,90L_10NL_3_1,1,2625,"('sk', 'sk', 's')",enluses,enluses
90L_10NL,3,90L_10NL_3_1,1,2625,"('sk', 'sk', 's')",enluses,enluses
90L_10NL,3,90L_10NL_3_1,1,2625,"('sk', 'sk', 's')",enluses,enluses
90L_10NL,3,90L_10NL_3_1,1,2625,"('sk', 'sk', 's')",enluses,enluses
90L_10NL,3,90L_10NL_3_1,1,2625,"('sk', 'sk', 's')",enluses,enluses
90L_10NL,3,90L_10NL_3_1,1,2625,"('sk', 'sk', 's')",enluses,enluses
90L_10NL,3,90L_10NL_3_1,1,2625,"('sk', 'sk', 's')",enluses,enluses
90L_10NL,3,90L_10NL_3_1,1,2625,"('sk', 'sk', 's')",enluses,enluses
90L_10NL,3,90L_10NL_3_1,1,2625,"('sk', 'sk', 's')",enluses,enluses
90L_10NL,3,90L_10NL_3_1,1,2625,"('sk', 'sk', 's')",enluses,enluses
90L_10NL,3,90L_10NL_3_1,1,2625,"('sk', 'sk', 's')",enluses,enluses
90L_10NL,3,90L_10NL_3_1,1,2625,"('sk', 'sk', 's')",enluses,enluses
90L_10NL,3,90L_10NL_3_1,1,1085,"('s', 's', 's')",enluse,enluse
90L_10NL,3,90L_10NL_3_1,1,1085,"('s', 's', 's')",enluse,enluse
90L_10NL,3,90L_10NL_3_1,1,1085,"('s', 's', 's')",enluse,enluse
90L_10NL,3,90L_10NL_3_1,1,3500,"('s', 'sk', 's')",enluse,enluse
90L_10NL,3,90L_10NL_3_1,1,3500,"('s', 'sk', 's')",enluse,enluse
90L_10NL,3,90L_10NL_3_1,1,3500,"('s', 'sk', 's')",enluse,enluse
90L_10NL,3,90L_10NL_3_1,1,3500,"('s', 'sk', 's')",enluse,enluse
90L_10NL,3,90L_10NL_3_1,1,3500,"('s', 'sk', 's')",enluse,enluse
90L_10NL,3,90L_10NL_3_1,1,3500,"('s', 'sk', 's')",enluse,enluse
90L_10NL,3,90L_10NL_3_1,1,3500,"('s', 'sk', 's')",enluse,enluse
90L_10NL,3,90L_10NL_3_1,1,1085,"('s', 's', 's')",enluse,enluse
90L_10NL,3,90L_10NL_3_1,1,1085,"('s', 's', 's')",enluse,enluse
90L_10NL,3,90L_10NL_3_1,1,3500,"('s', 'sk', 's')",enluse,enluse
90L_10NL,3,90L_10NL_3_1,1,3500,"('s', 'sk', 's')",enluse,enluse
90L_10NL,3,90L_10NL_3_1,1,3500,"('s', 'sk', 's')",enluse,enluse
90L_10NL,3,90L_10NL_3_1,1,3500,"('s', 'sk', 's')",enluse,enluse
90L_10NL,3,90L_10NL_3_1,1,3500,"('s', 'sk', 's')",enluse,enluse
90L_10NL,3,90L_10NL_3_1,1,3500,"('s', 'sk', 's')",enluse,enluse
90L_10NL,3,90L_10NL_3_1,1,3500,"('s', 'sk', 's')",enluse,enluse
90L_10NL,3,90L_10NL_3_1,1,1085,"('s', 's', 's')",enluse,enluse
90L_10NL,3,90L_10NL_3_1,1,3500,"('s', 'sk', 's')",enluse,enluse
90L_10NL,3,90L_10NL_3_1,1,3500,"('s', 'sk', 's')",enluse,enluse
90L_10NL,3,90L_10NL_3_1,1,3500,"('s', 'sk', 's')",enluse,enluse
90L_10NL,3,90L_10NL_3_1,1,3500,"('s', 'sk', 's')",enluse,enluse
90L_10NL,3,90L_10NL_3_1,1,3500,"('s', 'sk', 's')",enluse,enluse
90L_10NL,3,90L_10NL_3_1,1,3500,"('s', 'sk', 's')",enluse,enluse
90L_10NL,3,90L_10NL_3_1,1,3500,"('s', 'sk', 's')",enluse,enluse
90L_10NL,3,90L_10NL_3_1,1,3500,"('s', 'sk', 's')",enluse,enluse
90L_10NL,3,90L_10NL_3_1,1,3500,"('s', 'sk', 's')",enluse,enluse
90L_10NL,3,90L_10NL_3_1,1,3500,"('s', 'sk', 's')",enluse,enluse
90L_10NL,3,90L_10NL_3_1,1,3500,"('s', 'sk', 's')",enluse,enluse
90L_10NL,3,90L_10NL_3_1,1,3500,"('s', 'sk', 's')",enluse,enluse
90L_10NL,3,90L_10NL_3_1,1,3500,"('s', 'sk', 's')",enluse,enluse
90L_10NL,3,90L_10NL_3_1,1,3500,"('s', 'sk', 's')",enluse,enluse
90L_10NL,3,90L_10NL_3_1,1,2625,"('sk', 'sk', 's')",enluse,enluse
90L_10NL,3,90L_10NL_3_1,1,2625,"('sk', 'sk', 's')",enluse,enluse
90L_10NL,3,90L_10NL_3_1,1,2625,"('sk', 'sk', 's')",enluse,enluse
90L_10NL,3,90L_10NL_3_1,1,2625,"('sk', 'sk', 's')",enluse,enluse
90L_10NL,3,90L_10NL_3_1,1,2625,"('sk', 'sk', 's')",enluse,enluse
90L_10NL,3,90L_10NL_3_1,1,2625,"('sk', 'sk', 's')",enluse,enluse
90L_10NL,3,90L_10NL_3_1,1,2625,"('sk', 'sk', 's')",enluse,enluse
90L_10NL,3,90L_10NL_3_1,1,2625,"('sk', 'sk', 's')",enluse,enluse
90L_10NL,3,90L_10NL_3_1,1,2625,"('sk', 'sk', 's')",enluse,enluse
90L_10NL,3,90L_10NL_3_1,1,2625,"('sk', 'sk', 's')",enluse,enluse
90L_10NL,3,90L_10NL_3_1,1,2625,"('sk', 'sk', 's')",enluse,enluse
90L_10NL,3,90L_10NL_3_1,1,2625,"('sk', 'sk', 's')",enluse,enluse
90L_10NL,3,90L_10NL_3_1,1,2625,"('sk', 'sk', 's')",enluse,enluse
90L_10NL,3,90L_10NL_3_1,1,2625,"('sk', 'sk', 's')",enluse,enluse
90L_10NL,3,90L_10NL_3_1,1,2625,"('sk', 'sk', 's')",enluse,enluse
90L_10NL,3,90L_10NL_3_1,1,2625,"('sk', 'sk', 's')",enluse,enluse
90L_10NL,3,90L_10NL_3_1,1,2625,"('sk', 'sk', 's')",enluse,enluse
90L_10NL,3,90L_10NL_3_1,1,2625,"('sk', 'sk', 's')",enluse,enluse
90L_10NL,3,90L_10NL_3_1,1,2625,"('sk', 'sk', 's')",enluse,enluse
90L_10NL,3,90L_10NL_3_1,1,2625,"('sk', 'sk', 's')",enluse,enluse
90L_10NL,3,90L_10NL_3_1,1,2625,"('sk', 'sk', 's')",enluse,enluse
90L_10NL,3,90L_10NL_3_1,1,1085,"('s', 's', 's')",enlusimos,enlusimos
90L_10NL,3,90L_10NL_3_1,1,1085,"('s', 's', 's')",enlusimos,enlusimos
90L_10NL,3,90L_10NL_3_1,1,1085,"('s', 's', 's')",enlusimos,enlusimos
90L_10NL,3,90L_10NL_3_1,1,3500,"('s', 'sk', 's')",enlusimos,enlusimos
90L_10NL,3,90L_10NL_3_1,1,3500,"('s', 'sk', 's')",enlusimos,enlusimos
90L_10NL,3,90L_10NL_3_1,1,3500,"('s', 'sk', 's')",enlusimos,enlusimos
90L_10NL,3,90L_10NL_3_1,1,3500,"('s', 'sk', 's')",enlusimos,enlusimos
90L_10NL,3,90L_10NL_3_1,1,3500,"('s', 'sk', 's')",enlusimos,enlusimos
90L_10NL,3,90L_10NL_3_1,1,3500,"('s', 'sk', 's')",enlusimos,enlusimos
90L_10NL,3,90L_10NL_3_1,1,3500,"('s', 'sk', 's')",enlusimos,enlusimos
90L_10NL,3,90L_10NL_3_1,1,1085,"('s', 's', 's')",enlusimos,enlusimos
90L_10NL,3,90L_10NL_3_1,1,1085,"('s', 's', 's')",enlusimos,enlusimos
90L_10NL,3,90L_10NL_3_1,1,3500,"('s', 'sk', 's')",enlusimos,enlusimos
90L_10NL,3,90L_10NL_3_1,1,3500,"('s', 'sk', 's')",enlusimos,enlusimos
90L_10NL,3,90L_10NL_3_1,1,3500,"('s', 'sk', 's')",enlusimos,enlusimos
90L_10NL,3,90L_10NL_3_1,1,3500,"('s', 'sk', 's')",enlusimos,enlusimos
90L_10NL,3,90L_10NL_3_1,1,3500,"('s', 'sk', 's')",enlusimos,enlusimos
90L_10NL,3,90L_10NL_3_1,1,3500,"('s', 'sk', 's')",enlusimos,enlusimos
90L_10NL,3,90L_10NL_3_1,1,3500,"('s', 'sk', 's')",enlusimos,enlusimos
90L_10NL,3,90L_10NL_3_1,1,1085,"('s', 's', 's')",enlusimos,enlusimos
90L_10NL,3,90L_10NL_3_1,1,3500,"('s', 'sk', 's')",enlusimos,enlusimos
90L_10NL,3,90L_10NL_3_1,1,3500,"('s', 'sk', 's')",enlusimos,enlusimos
90L_10NL,3,90L_10NL_3_1,1,3500,"('s', 'sk', 's')",enlusimos,enlusimos
90L_10NL,3,90L_10NL_3_1,1,3500,"('s', 'sk', 's')",enlusimos,enlusimos
90L_10NL,3,90L_10NL_3_1,1,3500,"('s', 'sk', 's')",enlusimos,enlusimos
90L_10NL,3,90L_10NL_3_1,1,3500,"('s', 'sk', 's')",enlusimos,enlusimos
90L_10NL,3,90L_10NL_3_1,1,3500,"('s', 'sk', 's')",enlusimos,enlusimos
90L_10NL,3,90L_10NL_3_1,1,3500,"('s', 'sk', 's')",enlusimos,enlusimos
90L_10NL,3,90L_10NL_3_1,1,3500,"('s', 'sk', 's')",enlusimos,enlusimos
90L_10NL,3,90L_10NL_3_1,1,3500,"('s', 'sk', 's')",enlusimos,enlusimos
90L_10NL,3,90L_10NL_3_1,1,3500,"('s', 'sk', 's')",enlusimos,enlusimos
90L_10NL,3,90L_10NL_3_1,1,3500,"('s', 'sk', 's')",enlusimos,enlusimos
90L_10NL,3,90L_10NL_3_1,1,3500,"('s', 'sk', 's')",enlusimos,enlusimos
90L_10NL,3,90L_10NL_3_1,1,3500,"('s', 'sk', 's')",enlusimos,enlusimos
90L_10NL,3,90L_10NL_3_1,1,2625,"('sk', 'sk', 's')",enlusimos,enlusimos
90L_10NL,3,90L_10NL_3_1,1,2625,"('sk', 'sk', 's')",enlusimos,enlusimos
90L_10NL,3,90L_10NL_3_1,1,2625,"('sk', 'sk', 's')",enlusimos,enlusimos
90L_10NL,3,90L_10NL_3_1,1,2625,"('sk', 'sk', 's')",enlusimos,enlusimos
90L_10NL,3,90L_10NL_3_1,1,2625,"('sk', 'sk', 's')",enlusimos,enlusimos
90L_10NL,3,90L_10NL_3_1,1,2625,"('sk', 'sk', 's')",enlusimos,enlusimos
90L_10NL,3,90L_10NL_3_1,1,2625,"('sk', 'sk', 's')",enlusimos,enlusimos
90L_10NL,3,90L_10NL_3_1,1,2625,"('sk', 'sk', 's')",enlusimos,enlusimos
90L_10NL,3,90L_10NL_3_1,1,2625,"('sk', 'sk', 's')",enlusimos,enlusimos
90L_10NL,3,90L_10NL_3_1,1,2625,"('sk', 'sk', 's')",enlusimos,enlusimos
90L_10NL,3,90L_10NL_3_1,1,2625,"('sk', 'sk', 's')",enlusimos,enlusimos
90L_10NL,3,90L_10NL_3_1,1,2625,"('sk', 'sk', 's')",enlusimos,enlusimos
90L_10NL,3,90L_10NL_3_1,1,2625,"('sk', 'sk', 's')",enlusimos,enlusimos
90L_10NL,3,90L_10NL_3_1,1,2625,"('sk', 'sk', 's')",enlusimos,enlusimos
90L_10NL,3,90L_10NL_3_1,1,2625,"('sk', 'sk', 's')",enlusimos,enlusimos
90L_10NL,3,90L_10NL_3_1,1,2625,"('sk', 'sk', 's')",enlusimos,enlusimos
90L_10NL,3,90L_10NL_3_1,1,2625,"('sk', 'sk', 's')",enlusimos,enlusimos
90L_10NL,3,90L_10NL_3_1,1,2625,"('sk', 'sk', 's')",enlusimos,enlusimos
90L_10NL,3,90L_10NL_3_1,1,2625,"('sk', 'sk', 's')",enlusimos,enlusimos
90L_10NL,3,90L_10NL_3_1,1,2625,"('sk', 'sk', 's')",enlusimos,enlusimos
90L_10NL,3,90L_10NL_3_1,1,2625,"('sk', 'sk', 's')",enlusimos,enlusimos
90L_10NL,3,90L_10NL_3_1,1,1085,"('s', 's', 's')",enlusis,enlusis
90L_10NL,3,90L_10NL_3_1,1,1085,"('s', 's', 's')",enlusis,enlusis
90L_10NL,3,90L_10NL_3_1,1,1085,"('s', 's', 's')",enlusis,enlusis
90L_10NL,3,90L_10NL_3_1,1,3500,"('s', 'sk', 's')",enlusis,enlusis
90L_10NL,3,90L_10NL_3_1,1,3500,"('s', 'sk', 's')",enlusis,enlusis
90L_10NL,3,90L_10NL_3_1,1,3500,"('s', 'sk', 's')",enlusis,enlusis
90L_10NL,3,90L_10NL_3_1,1,3500,"('s', 'sk', 's')",enlusis,enlusis
90L_10NL,3,90L_10NL_3_1,1,3500,"('s', 'sk', 's')",enlusis,enlusis
90L_10NL,3,90L_10NL_3_1,1,3500,"('s', 'sk', 's')",enlusis,enlusis
90L_10NL,3,90L_10NL_3_1,1,3500,"('s', 'sk', 's')",enlusis,enlusis
90L_10NL,3,90L_10NL_3_1,1,1085,"('s', 's', 's')",enlusis,enlusis
90L_10NL,3,90L_10NL_3_1,1,1085,"('s', 's', 's')",enlusis,enlusis
90L_10NL,3,90L_10NL_3_1,1,3500,"('s', 'sk', 's')",enlusis,enlusis
90L_10NL,3,90L_10NL_3_1,1,3500,"('s', 'sk', 's')",enlusis,enlusis
90L_10NL,3,90L_10NL_3_1,1,3500,"('s', 'sk', 's')",enlusis,enlusis
90L_10NL,3,90L_10NL_3_1,1,3500,"('s', 'sk', 's')",enlusis,enlusis
90L_10NL,3,90L_10NL_3_1,1,3500,"('s', 'sk', 's')",enlusis,enlusis
90L_10NL,3,90L_10NL_3_1,1,3500,"('s', 'sk', 's')",enlusis,enlusis
90L_10NL,3,90L_10NL_3_1,1,3500,"('s', 'sk', 's')",enlusis,enlusis
90L_10NL,3,90L_10NL_3_1,1,1085,"('s', 's', 's')",enlusis,enlusis
90L_10NL,3,90L_10NL_3_1,1,3500,"('s', 'sk', 's')",enlusis,enlusis
90L_10NL,3,90L_10NL_3_1,1,3500,"('s', 'sk', 's')",enlusis,enlusis
90L_10NL,3,90L_10NL_3_1,1,3500,"('s', 'sk', 's')",enlusis,enlusis
90L_10NL,3,90L_10NL_3_1,1,3500,"('s', 'sk', 's')",enlusis,enlusis
90L_10NL,3,90L_10NL_3_1,1,3500,"('s', 'sk', 's')",enlusis,enlusis
90L_10NL,3,90L_10NL_3_1,1,3500,"('s', 'sk', 's')",enlusis,enlusis
90L_10NL,3,90L_10NL_3_1,1,3500,"('s', 'sk', 's')",enlusis,enlusis
90L_10NL,3,90L_10NL_3_1,1,3500,"('s', 'sk', 's')",enlusis,enlusis
90L_10NL,3,90L_10NL_3_1,1,3500,"('s', 'sk', 's')",enlusis,enlusis
90L_10NL,3,90L_10NL_3_1,1,3500,"('s', 'sk', 's')",enlusis,enlusis
90L_10NL,3,90L_10NL_3_1,1,3500,"('s', 'sk', 's')",enlusis,enlusis
90L_10NL,3,90L_10NL_3_1,1,3500,"('s', 'sk', 's')",enlusis,enlusis
90L_10NL,3,90L_10NL_3_1,1,3500,"('s', 'sk', 's')",enlusis,enlusis
90L_10NL,3,90L_10NL_3_1,1,3500,"('s', 'sk', 's')",enlusis,enlusis
90L_10NL,3,90L_10NL_3_1,1,2625,"('sk', 'sk', 's')",enlusis,enlusis
90L_10NL,3,90L_10NL_3_1,1,2625,"('sk', 'sk', 's')",enlusis,enlusis
90L_10NL,3,90L_10NL_3_1,1,2625,"('sk', 'sk', 's')",enlusis,enlusis
90L_10NL,3,90L_10NL_3_1,1,2625,"('sk', 'sk', 's')",enlusis,enlusis
90L_10NL,3,90L_10NL_3_1,1,2625,"('sk', 'sk', 's')",enlusis,enlusis
90L_10NL,3,90L_10NL_3_1,1,2625,"('sk', 'sk', 's')",enlusis,enlusis
90L_10NL,3,90L_10NL_3_1,1,2625,"('sk', 'sk', 's')",enlusis,enlusis
90L_10NL,3,90L_10NL_3_1,1,2625,"('sk', 'sk', 's')",enlusis,enlusis
90L_10NL,3,90L_10NL_3_1,1,2625,"('sk', 'sk', 's')",enlusis,enlusis
90L_10NL,3,90L_10NL_3_1,1,2625,"('sk', 'sk', 's')",enlusis,enlusis
90L_10NL,3,90L_10NL_3_1,1,2625,"('sk', 'sk', 's')",enlusis,enlusis
90L_10NL,3,90L_10NL_3_1,1,2625,"('sk', 'sk', 's')",enlusis,enlusis
90L_10NL,3,90L_10NL_3_1,1,2625,"('sk', 'sk', 's')",enlusis,enlusis
90L_10NL,3,90L_10NL_3_1,1,2625,"('sk', 'sk', 's')",enlusis,enlusis
90L_10NL,3,90L_10NL_3_1,1,2625,"('sk', 'sk', 's')",enlusis,enlusis
90L_10NL,3,90L_10NL_3_1,1,2625,"('sk', 'sk', 's')",enlusis,enlusis
90L_10NL,3,90L_10NL_3_1,1,2625,"('sk', 'sk', 's')",enlusis,enlusis
90L_10NL,3,90L_10NL_3_1,1,2625,"('sk', 'sk', 's')",enlusis,enlusis
90L_10NL,3,90L_10NL_3_1,1,2625,"('sk', 'sk', 's')",enlusis,enlusis
90L_10NL,3,90L_10NL_3_1,1,2625,"('sk', 'sk', 's')",enlusis,enlusis
90L_10NL,3,90L_10NL_3_1,1,2625,"('sk', 'sk', 's')",enlusis,enlusis
90L_10NL,3,90L_10NL_3_1,1,1750,"('s', 's', 'sk')",enluskajs,enluskajs
90L_10NL,3,90L_10NL_3_1,1,1750,"('s', 's', 'sk')",enluskajs,enluskajs
90L_10NL,3,90L_10NL_3_1,1,1750,"('s', 's', 'sk')",enluskajs,enluskajs
90L_10NL,3,90L_10NL_3_1,1,1750,"('s', 's', 'sk')",enluskajs,enluskajs
90L_10NL,3,90L_10NL_3_1,1,5250,"('s', 'sk', 'sk')",enluskajs,enluskajs
90L_10NL,3,90L_10NL_3_1,1,5250,"('s', 'sk', 'sk')",enluskajs,enluskajs
90L_10NL,3,90L_10NL_3_1,1,5250,"('s', 'sk', 'sk')",enluskajs,enluskajs
90L_10NL,3,90L_10NL_3_1,1,5250,"('s', 'sk', 'sk')",enluskajs,enluskajs
90L_10NL,3,90L_10NL_3_1,1,5250,"('s', 'sk', 'sk')",enluskajs,enluskajs
90L_10NL,3,90L_10NL_3_1,1,5250,"('s', 'sk', 'sk')",enluskajs,enluskajs
90L_10NL,3,90L_10NL_3_1,1,1750,"('s', 's', 'sk')",enluskajs,enluskajs
90L_10NL,3,90L_10NL_3_1,1,1750,"('s', 's', 'sk')",enluskajs,enluskajs
90L_10NL,3,90L_10NL_3_1,1,1750,"('s', 's', 'sk')",enluskajs,enluskajs
90L_10NL,3,90L_10NL_3_1,1,5250,"('s', 'sk', 'sk')",enluskajs,enluskajs
90L_10NL,3,90L_10NL_3_1,1,5250,"('s', 'sk', 'sk')",enluskajs,enluskajs
90L_10NL,3,90L_10NL_3_1,1,5250,"('s', 'sk', 'sk')",enluskajs,enluskajs
90L_10NL,3,90L_10NL_3_1,1,5250,"('s', 'sk', 'sk')",enluskajs,enluskajs
90L_10NL,3,90L_10NL_3_1,1,5250,"('s', 'sk', 'sk')",enluskajs,enluskajs
90L_10NL,3,90L_10NL_3_1,1,5250,"('s', 'sk', 'sk')",enluskajs,enluskajs
90L_10NL,3,90L_10NL_3_1,1,1750,"('s', 's', 'sk')",enluskajs,enluskajs
90L_10NL,3,90L_10NL_3_1,1,1750,"('s', 's', 'sk')",enluskajs,enluskajs
90L_10NL,3,90L_10NL_3_1,1,5250,"('s', 'sk', 'sk')",enluskajs,enluskajs
90L_10NL,3,90L_10NL_3_1,1,5250,"('s', 'sk', 'sk')",enluskajs,enluskajs
90L_10NL,3,90L_10NL_3_1,1,5250,"('s', 'sk', 'sk')",enluskajs,enluskajs
90L_10NL,3,90L_10NL_3_1,1,5250,"('s', 'sk', 'sk')",enluskajs,enluskajs
90L_10NL,3,90L_10NL_3_1,1,5250,"('s', 'sk', 'sk')",enluskajs,enluskajs
90L_10NL,3,90L_10NL_3_1,1,5250,"('s', 'sk', 'sk')",enluskajs,enluskajs
90L_10NL,3,90L_10NL_3_1,1,1750,"('s', 's', 'sk')",enluskajs,enluskajs
90L_10NL,3,90L_10NL_3_1,1,5250,"('s', 'sk', 'sk')",enluskajs,enluskajs
90L_10NL,3,90L_10NL_3_1,1,5250,"('s', 'sk', 'sk')",enluskajs,enluskajs
90L_10NL,3,90L_10NL_3_1,1,5250,"('s', 'sk', 'sk')",enluskajs,enluskajs
90L_10NL,3,90L_10NL_3_1,1,5250,"('s', 'sk', 'sk')",enluskajs,enluskajs
90L_10NL,3,90L_10NL_3_1,1,5250,"('s', 'sk', 'sk')",enluskajs,enluskajs
90L_10NL,3,90L_10NL_3_1,1,5250,"('s', 'sk', 'sk')",enluskajs,enluskajs
90L_10NL,3,90L_10NL_3_1,1,5250,"('s', 'sk', 'sk')",enluskajs,enluskajs
90L_10NL,3,90L_10NL_3_1,1,5250,"('s', 'sk', 'sk')",enluskajs,enluskajs
90L_10NL,3,90L_10NL_3_1,1,5250,"('s', 'sk', 'sk')",enluskajs,enluskajs
90L_10NL,3,90L_10NL_3_1,1,5250,"('s', 'sk', 'sk')",enluskajs,enluskajs
90L_10NL,3,90L_10NL_3_1,1,5250,"('s', 'sk', 'sk')",enluskajs,enluskajs
90L_10NL,3,90L_10NL_3_1,1,5250,"('s', 'sk', 'sk')",enluskajs,enluskajs
90L_10NL,3,90L_10NL_3_1,1,2625,"('sk', 'sk', 'sk')",enluskajs,enluskajs
90L_10NL,3,90L_10NL_3_1,1,2625,"('sk', 'sk', 'sk')",enluskajs,enluskajs
90L_10NL,3,90L_10NL_3_1,1,2625,"('sk', 'sk', 'sk')",enluskajs,enluskajs
90L_10NL,3,90L_10NL_3_1,1,2625,"('sk', 'sk', 'sk')",enluskajs,enluskajs
90L_10NL,3,90L_10NL_3_1,1,2625,"('sk', 'sk', 'sk')",enluskajs,enluskajs
90L_10NL,3,90L_10NL_3_1,1,2625,"('sk', 'sk', 'sk')",enluskajs,enluskajs
90L_10NL,3,90L_10NL_3_1,1,2625,"('sk', 'sk', 'sk')",enluskajs,enluskajs
90L_10NL,3,90L_10NL_3_1,1,2625,"('sk', 'sk', 'sk')",enluskajs,enluskajs
90L_10NL,3,90L_10NL_3_1,1,2625,"('sk', 'sk', 'sk')",enluskajs,enluskajs
90L_10NL,3,90L_10NL_3_1,1,2625,"('sk', 'sk', 'sk')",enluskajs,enluskajs
90L_10NL,3,90L_10NL_3_1,1,2625,"('sk', 'sk', 'sk')",enluskajs,enluskajs
90L_10NL,3,90L_10NL_3_1,1,2625,"('sk', 'sk', 'sk')",enluskajs,enluskajs
90L_10NL,3,90L_10NL_3_1,1,2625,"('sk', 'sk', 'sk')",enluskajs,enluskajs
90L_10NL,3,90L_10NL_3_1,1,2625,"('sk', 'sk', 'sk')",enluskajs,enluskajs
90L_10NL,3,90L_10NL_3_1,1,2625,"('sk', 'sk', 'sk')",enluskajs,enluskajs
90L_10NL,3,90L_10NL_3_1,1,1750,"('s', 's', 'sk')",enluskamos,enluskamos
90L_10NL,3,90L_10NL_3_1,1,1750,"('s', 's', 'sk')",enluskamos,enluskamos
90L_10NL,3,90L_10NL_3_1,1,1750,"('s', 's', 'sk')",enluskamos,enluskamos
90L_10NL,3,90L_10NL_3_1,1,1750,"('s', 's', 'sk')",enluskamos,enluskamos
90L_10NL,3,90L_10NL_3_1,1,5250,"('s', 'sk', 'sk')",enluskamos,enluskamos
90L_10NL,3,90L_10NL_3_1,1,5250,"('s', 'sk', 'sk')",enluskamos,enluskamos
90L_10NL,3,90L_10NL_3_1,1,5250,"('s', 'sk', 'sk')",enluskamos,enluskamos
90L_10NL,3,90L_10NL_3_1,1,5250,"('s', 'sk', 'sk')",enluskamos,enluskamos
90L_10NL,3,90L_10NL_3_1,1,5250,"('s', 'sk', 'sk')",enluskamos,enluskamos
90L_10NL,3,90L_10NL_3_1,1,5250,"('s', 'sk', 'sk')",enluskamos,enluskamos
90L_10NL,3,90L_10NL_3_1,1,1750,"('s', 's', 'sk')",enluskamos,enluskamos
90L_10NL,3,90L_10NL_3_1,1,1750,"('s', 's', 'sk')",enluskamos,enluskamos
90L_10NL,3,90L_10NL_3_1,1,1750,"('s', 's', 'sk')",enluskamos,enluskamos
90L_10NL,3,90L_10NL_3_1,1,5250,"('s', 'sk', 'sk')",enluskamos,enluskamos
90L_10NL,3,90L_10NL_3_1,1,5250,"('s', 'sk', 'sk')",enluskamos,enluskamos
90L_10NL,3,90L_10NL_3_1,1,5250,"('s', 'sk', 'sk')",enluskamos,enluskamos
90L_10NL,3,90L_10NL_3_1,1,5250,"('s', 'sk', 'sk')",enluskamos,enluskamos
90L_10NL,3,90L_10NL_3_1,1,5250,"('s', 'sk', 'sk')",enluskamos,enluskamos
90L_10NL,3,90L_10NL_3_1,1,5250,"('s', 'sk', 'sk')",enluskamos,enluskamos
90L_10NL,3,90L_10NL_3_1,1,1750,"('s', 's', 'sk')",enluskamos,enluskamos
90L_10NL,3,90L_10NL_3_1,1,1750,"('s', 's', 'sk')",enluskamos,enluskamos
90L_10NL,3,90L_10NL_3_1,1,5250,"('s', 'sk', 'sk')",enluskamos,enluskamos
90L_10NL,3,90L_10NL_3_1,1,5250,"('s', 'sk', 'sk')",enluskamos,enluskamos
90L_10NL,3,90L_10NL_3_1,1,5250,"('s', 'sk', 'sk')",enluskamos,enluskamos
90L_10NL,3,90L_10NL_3_1,1,5250,"('s', 'sk', 'sk')",enluskamos,enluskamos
90L_10NL,3,90L_10NL_3_1,1,5250,"('s', 'sk', 'sk')",enluskamos,enluskamos
90L_10NL,3,90L_10NL_3_1,1,5250,"('s', 'sk', 'sk')",enluskamos,enluskamos
90L_10NL,3,90L_10NL_3_1,1,1750,"('s', 's', 'sk')",enluskamos,enluskamos
90L_10NL,3,90L_10NL_3_1,1,5250,"('s', 'sk', 'sk')",enluskamos,enluskamos
90L_10NL,3,90L_10NL_3_1,1,5250,"('s', 'sk', 'sk')",enluskamos,enluskamos
90L_10NL,3,90L_10NL_3_1,1,5250,"('s', 'sk', 'sk')",enluskamos,enluskamos
90L_10NL,3,90L_10NL_3_1,1,5250,"('s', 'sk', 'sk')",enluskamos,enluskamos
90L_10NL,3,90L_10NL_3_1,1,5250,"('s', 'sk', 'sk')",enluskamos,enluskamos
90L_10NL,3,90L_10NL_3_1,1,5250,"('s', 'sk', 'sk')",enluskamos,enluskamos
90L_10NL,3,90L_10NL_3_1,1,5250,"('s', 'sk', 'sk')",enluskamos,enluskamos
90L_10NL,3,90L_10NL_3_1,1,5250,"('s', 'sk', 'sk')",enluskamos,enluskamos
90L_10NL,3,90L_10NL_3_1,1,5250,"('s', 'sk', 'sk')",enluskamos,enluskamos
90L_10NL,3,90L_10NL_3_1,1,5250,"('s', 'sk', 'sk')",enluskamos,enluskamos
90L_10NL,3,90L_10NL_3_1,1,5250,"('s', 'sk', 'sk')",enluskamos,enluskamos
90L_10NL,3,90L_10NL_3_1,1,5250,"('s', 'sk', 'sk')",enluskamos,enluskamos
90L_10NL,3,90L_10NL_3_1,1,2625,"('sk', 'sk', 'sk')",enluskamos,enluskamos
90L_10NL,3,90L_10NL_3_1,1,2625,"('sk', 'sk', 'sk')",enluskamos,enluskamos
90L_10NL,3,90L_10NL_3_1,1,2625,"('sk', 'sk', 'sk')",enluskamos,enluskamos
90L_10NL,3,90L_10NL_3_1,1,2625,"('sk', 'sk', 'sk')",enluskamos,enluskamos
90L_10NL,3,90L_10NL_3_1,1,2625,"('sk', 'sk', 'sk')",enluskamos,enluskamos
90L_10NL,3,90L_10NL_3_1,1,2625,"('sk', 'sk', 'sk')",enluskamos,enluskamos
90L_10NL,3,90L_10NL_3_1,1,2625,"('sk', 'sk', 'sk')",enluskamos,enluskamos
90L_10NL,3,90L_10NL_3_1,1,2625,"('sk', 'sk', 'sk')",enluskamos,enluskamos
90L_10NL,3,90L_10NL_3_1,1,2625,"('sk', 'sk', 'sk')",enluskamos,enluskamos
90L_10NL,3,90L_10NL_3_1,1,2625,"('sk', 'sk', 'sk')",enluskamos,enluskamos
90L_10NL,3,90L_10NL_3_1,1,2625,"('sk', 'sk', 'sk')",enluskamos,enluskamos
90L_10NL,3,90L_10NL_3_1,1,2625,"('sk', 'sk', 'sk')",enluskamos,enluskamos
90L_10NL,3,90L_10NL_3_1,1,2625,"('sk', 'sk', 'sk')",enluskamos,enluskamos
90L_10NL,3,90L_10NL_3_1,1,2625,"('sk', 'sk', 'sk')",enluskamos,enluskamos
90L_10NL,3,90L_10NL_3_1,1,2625,"('sk', 'sk', 'sk')",enluskamos,enluskamos
90L_10NL,3,90L_10NL_3_1,1,1750,"('s', 's', 'sk')",enluskan,enluskan
90L_10NL,3,90L_10NL_3_1,1,1750,"('s', 's', 'sk')",enluskan,enluskan
90L_10NL,3,90L_10NL_3_1,1,1750,"('s', 's', 'sk')",enluskan,enluskan
90L_10NL,3,90L_10NL_3_1,1,1750,"('s', 's', 'sk')",enluskan,enluskan
90L_10NL,3,90L_10NL_3_1,1,5250,"('s', 'sk', 'sk')",enluskan,enluskan
90L_10NL,3,90L_10NL_3_1,1,5250,"('s', 'sk', 'sk')",enluskan,enluskan
90L_10NL,3,90L_10NL_3_1,1,5250,"('s', 'sk', 'sk')",enluskan,enluskan
90L_10NL,3,90L_10NL_3_1,1,5250,"('s', 'sk', 'sk')",enluskan,enluskan
90L_10NL,3,90L_10NL_3_1,1,5250,"('s', 'sk', 'sk')",enluskan,enluskan
90L_10NL,3,90L_10NL_3_1,1,5250,"('s', 'sk', 'sk')",enluskan,enluskan
90L_10NL,3,90L_10NL_3_1,1,1750,"('s', 's', 'sk')",enluskan,enluskan
90L_10NL,3,90L_10NL_3_1,1,1750,"('s', 's', 'sk')",enluskan,enluskan
90L_10NL,3,90L_10NL_3_1,1,1750,"('s', 's', 'sk')",enluskan,enluskan
90L_10NL,3,90L_10NL_3_1,1,5250,"('s', 'sk', 'sk')",enluskan,enluskan
90L_10NL,3,90L_10NL_3_1,1,5250,"('s', 'sk', 'sk')",enluskan,enluskan
90L_10NL,3,90L_10NL_3_1,1,5250,"('s', 'sk', 'sk')",enluskan,enluskan
90L_10NL,3,90L_10NL_3_1,1,5250,"('s', 'sk', 'sk')",enluskan,enluskan
90L_10NL,3,90L_10NL_3_1,1,5250,"('s', 'sk', 'sk')",enluskan,enluskan
90L_10NL,3,90L_10NL_3_1,1,5250,"('s', 'sk', 'sk')",enluskan,enluskan
90L_10NL,3,90L_10NL_3_1,1,1750,"('s', 's', 'sk')",enluskan,enluskan
90L_10NL,3,90L_10NL_3_1,1,1750,"('s', 's', 'sk')",enluskan,enluskan
90L_10NL,3,90L_10NL_3_1,1,5250,"('s', 'sk', 'sk')",enluskan,enluskan
90L_10NL,3,90L_10NL_3_1,1,5250,"('s', 'sk', 'sk')",enluskan,enluskan
90L_10NL,3,90L_10NL_3_1,1,5250,"('s', 'sk', 'sk')",enluskan,enluskan
90L_10NL,3,90L_10NL_3_1,1,5250,"('s', 'sk', 'sk')",enluskan,enluskan
90L_10NL,3,90L_10NL_3_1,1,5250,"('s', 'sk', 'sk')",enluskan,enluskan
90L_10NL,3,90L_10NL_3_1,1,5250,"('s', 'sk', 'sk')",enluskan,enluskan
90L_10NL,3,90L_10NL_3_1,1,1750,"('s', 's', 'sk')",enluskan,enluskan
90L_10NL,3,90L_10NL_3_1,1,5250,"('s', 'sk', 'sk')",enluskan,enluskan
90L_10NL,3,90L_10NL_3_1,1,5250,"('s', 'sk', 'sk')",enluskan,enluskan
90L_10NL,3,90L_10NL_3_1,1,5250,"('s', 'sk', 'sk')",enluskan,enluskan
90L_10NL,3,90L_10NL_3_1,1,5250,"('s', 'sk', 'sk')",enluskan,enluskan
90L_10NL,3,90L_10NL_3_1,1,5250,"('s', 'sk', 'sk')",enluskan,enluskan
90L_10NL,3,90L_10NL_3_1,1,5250,"('s', 'sk', 'sk')",enluskan,enluskan
90L_10NL,3,90L_10NL_3_1,1,5250,"('s', 'sk', 'sk')",enluskan,enluskan
90L_10NL,3,90L_10NL_3_1,1,5250,"('s', 'sk', 'sk')",enluskan,enluskan
90L_10NL,3,90L_10NL_3_1,1,5250,"('s', 'sk', 'sk')",enluskan,enluskan
90L_10NL,3,90L_10NL_3_1,1,5250,"('s', 'sk', 'sk')",enluskan,enluskan
90L_10NL,3,90L_10NL_3_1,1,5250,"('s', 'sk', 'sk')",enluskan,enluskan
90L_10NL,3,90L_10NL_3_1,1,5250,"('s', 'sk', 'sk')",enluskan,enluskan
90L_10NL,3,90L_10NL_3_1,1,2625,"('sk', 'sk', 'sk')",enluskan,enluskan
90L_10NL,3,90L_10NL_3_1,1,2625,"('sk', 'sk', 'sk')",enluskan,enluskan
90L_10NL,3,90L_10NL_3_1,1,2625,"('sk', 'sk', 'sk')",enluskan,enluskan
90L_10NL,3,90L_10NL_3_1,1,2625,"('sk', 'sk', 'sk')",enluskan,enluskan
90L_10NL,3,90L_10NL_3_1,1,2625,"('sk', 'sk', 'sk')",enluskan,enluskan
90L_10NL,3,90L_10NL_3_1,1,2625,"('sk', 'sk', 'sk')",enluskan,enluskan
90L_10NL,3,90L_10NL_3_1,1,2625,"('sk', 'sk', 'sk')",enluskan,enluskan
90L_10NL,3,90L_10NL_3_1,1,2625,"('sk', 'sk', 'sk')",enluskan,enluskan
90L_10NL,3,90L_10NL_3_1,1,2625,"('sk', 'sk', 'sk')",enluskan,enluskan
90L_10NL,3,90L_10NL_3_1,1,2625,"('sk', 'sk', 'sk')",enluskan,enluskan
90L_10NL,3,90L_10NL_3_1,1,2625,"('sk', 'sk', 'sk')",enluskan,enluskan
90L_10NL,3,90L_10NL_3_1,1,2625,"('sk', 'sk', 'sk')",enluskan,enluskan
90L_10NL,3,90L_10NL_3_1,1,2625,"('sk', 'sk', 'sk')",enluskan,enluskan
90L_10NL,3,90L_10NL_3_1,1,2625,"('sk', 'sk', 'sk')",enluskan,enluskan
90L_10NL,3,90L_10NL_3_1,1,2625,"('sk', 'sk', 'sk')",enluskan,enluskan
90L_10NL,3,90L_10NL_3_1,1,1750,"('s', 's', 'sk')",enluskas,enluskas
90L_10NL,3,90L_10NL_3_1,1,1750,"('s', 's', 'sk')",enluskas,enluskas
90L_10NL,3,90L_10NL_3_1,1,1750,"('s', 's', 'sk')",enluskas,enluskas
90L_10NL,3,90L_10NL_3_1,1,1750,"('s', 's', 'sk')",enluskas,enluskas
90L_10NL,3,90L_10NL_3_1,1,5250,"('s', 'sk', 'sk')",enluskas,enluskas
90L_10NL,3,90L_10NL_3_1,1,5250,"('s', 'sk', 'sk')",enluskas,enluskas
90L_10NL,3,90L_10NL_3_1,1,5250,"('s', 'sk', 'sk')",enluskas,enluskas
90L_10NL,3,90L_10NL_3_1,1,5250,"('s', 'sk', 'sk')",enluskas,enluskas
90L_10NL,3,90L_10NL_3_1,1,5250,"('s', 'sk', 'sk')",enluskas,enluskas
90L_10NL,3,90L_10NL_3_1,1,5250,"('s', 'sk', 'sk')",enluskas,enluskas
90L_10NL,3,90L_10NL_3_1,1,1750,"('s', 's', 'sk')",enluskas,enluskas
90L_10NL,3,90L_10NL_3_1,1,1750,"('s', 's', 'sk')",enluskas,enluskas
90L_10NL,3,90L_10NL_3_1,1,1750,"('s', 's', 'sk')",enluskas,enluskas
90L_10NL,3,90L_10NL_3_1,1,5250,"('s', 'sk', 'sk')",enluskas,enluskas
90L_10NL,3,90L_10NL_3_1,1,5250,"('s', 'sk', 'sk')",enluskas,enluskas
90L_10NL,3,90L_10NL_3_1,1,5250,"('s', 'sk', 'sk')",enluskas,enluskas
90L_10NL,3,90L_10NL_3_1,1,5250,"('s', 'sk', 'sk')",enluskas,enluskas
90L_10NL,3,90L_10NL_3_1,1,5250,"('s', 'sk', 'sk')",enluskas,enluskas
90L_10NL,3,90L_10NL_3_1,1,5250,"('s', 'sk', 'sk')",enluskas,enluskas
90L_10NL,3,90L_10NL_3_1,1,1750,"('s', 's', 'sk')",enluskas,enluskas
90L_10NL,3,90L_10NL_3_1,1,1750,"('s', 's', 'sk')",enluskas,enluskas
90L_10NL,3,90L_10NL_3_1,1,5250,"('s', 'sk', 'sk')",enluskas,enluskas
90L_10NL,3,90L_10NL_3_1,1,5250,"('s', 'sk', 'sk')",enluskas,enluskas
90L_10NL,3,90L_10NL_3_1,1,5250,"('s', 'sk', 'sk')",enluskas,enluskas
90L_10NL,3,90L_10NL_3_1,1,5250,"('s', 'sk', 'sk')",enluskas,enluskas
90L_10NL,3,90L_10NL_3_1,1,5250,"('s', 'sk', 'sk')",enluskas,enluskas
90L_10NL,3,90L_10NL_3_1,1,5250,"('s', 'sk', 'sk')",enluskas,enluskas
90L_10NL,3,90L_10NL_3_1,1,1750,"('s', 's', 'sk')",enluskas,enluskas
90L_10NL,3,90L_10NL_3_1,1,5250,"('s', 'sk', 'sk')",enluskas,enluskas
90L_10NL,3,90L_10NL_3_1,1,5250,"('s', 'sk', 'sk')",enluskas,enluskas
90L_10NL,3,90L_10NL_3_1,1,5250,"('s', 'sk', 'sk')",enluskas,enluskas
90L_10NL,3,90L_10NL_3_1,1,5250,"('s', 'sk', 'sk')",enluskas,enluskas
90L_10NL,3,90L_10NL_3_1,1,5250,"('s', 'sk', 'sk')",enluskas,enluskas
90L_10NL,3,90L_10NL_3_1,1,5250,"('s', 'sk', 'sk')",enluskas,enluskas
90L_10NL,3,90L_10NL_3_1,1,5250,"('s', 'sk', 'sk')",enluskas,enluskas
90L_10NL,3,90L_10NL_3_1,1,5250,"('s', 'sk', 'sk')",enluskas,enluskas
90L_10NL,3,90L_10NL_3_1,1,5250,"('s', 'sk', 'sk')",enluskas,enluskas
90L_10NL,3,90L_10NL_3_1,1,5250,"('s', 'sk', 'sk')",enluskas,enluskas
90L_10NL,3,90L_10NL_3_1,1,5250,"('s', 'sk', 'sk')",enluskas,enluskas
90L_10NL,3,90L_10NL_3_1,1,5250,"('s', 'sk', 'sk')",enluskas,enluskas
90L_10NL,3,90L_10NL_3_1,1,2625,"('sk', 'sk', 'sk')",enluskas,enluskas
90L_10NL,3,90L_10NL_3_1,1,2625,"('sk', 'sk', 'sk')",enluskas,enluskas
90L_10NL,3,90L_10NL_3_1,1,2625,"('sk', 'sk', 'sk')",enluskas,enluskas
90L_10NL,3,90L_10NL_3_1,1,2625,"('sk', 'sk', 'sk')",enluskas,enluskas
90L_10NL,3,90L_10NL_3_1,1,2625,"('sk', 'sk', 'sk')",enluskas,enluskas
90L_10NL,3,90L_10NL_3_1,1,2625,"('sk', 'sk', 'sk')",enluskas,enluskas
90L_10NL,3,90L_10NL_3_1,1,2625,"('sk', 'sk', 'sk')",enluskas,enluskas
90L_10NL,3,90L_10NL_3_1,1,2625,"('sk', 'sk', 'sk')",enluskas,enluskas
90L_10NL,3,90L_10NL_3_1,1,2625,"('sk', 'sk', 'sk')",enluskas,enluskas
90L_10NL,3,90L_10NL_3_1,1,2625,"('sk', 'sk', 'sk')",enluskas,enluskas
90L_10NL,3,90L_10NL_3_1,1,2625,"('sk', 'sk', 'sk')",enluskas,enluskas
90L_10NL,3,90L_10NL_3_1,1,2625,"('sk', 'sk', 'sk')",enluskas,enluskas
90L_10NL,3,90L_10NL_3_1,1,2625,"('sk', 'sk', 'sk')",enluskas,enluskas
90L_10NL,3,90L_10NL_3_1,1,2625,"('sk', 'sk', 'sk')",enluskas,enluskas
90L_10NL,3,90L_10NL_3_1,1,2625,"('sk', 'sk', 'sk')",enluskas,enluskas
90L_10NL,3,90L_10NL_3_1,1,1750,"('s', 's', 'sk')",enluska,enluska
90L_10NL,3,90L_10NL_3_1,1,1750,"('s', 's', 'sk')",enluska,enluska
90L_10NL,3,90L_10NL_3_1,1,1750,"('s', 's', 'sk')",enluska,enluska
90L_10NL,3,90L_10NL_3_1,1,1750,"('s', 's', 'sk')",enluska,enluska
90L_10NL,3,90L_10NL_3_1,1,5250,"('s', 'sk', 'sk')",enluska,enluska
90L_10NL,3,90L_10NL_3_1,1,5250,"('s', 'sk', 'sk')",enluska,enluska
90L_10NL,3,90L_10NL_3_1,1,5250,"('s', 'sk', 'sk')",enluska,enluska
90L_10NL,3,90L_10NL_3_1,1,5250,"('s', 'sk', 'sk')",enluska,enluska
90L_10NL,3,90L_10NL_3_1,1,5250,"('s', 'sk', 'sk')",enluska,enluska
90L_10NL,3,90L_10NL_3_1,1,5250,"('s', 'sk', 'sk')",enluska,enluska
90L_10NL,3,90L_10NL_3_1,1,1750,"('s', 's', 'sk')",enluska,enluska
90L_10NL,3,90L_10NL_3_1,1,1750,"('s', 's', 'sk')",enluska,enluska
90L_10NL,3,90L_10NL_3_1,1,1750,"('s', 's', 'sk')",enluska,enluska
90L_10NL,3,90L_10NL_3_1,1,5250,"('s', 'sk', 'sk')",enluska,enluska
90L_10NL,3,90L_10NL_3_1,1,5250,"('s', 'sk', 'sk')",enluska,enluska
90L_10NL,3,90L_10NL_3_1,1,5250,"('s', 'sk', 'sk')",enluska,enluska
90L_10NL,3,90L_10NL_3_1,1,5250,"('s', 'sk', 'sk')",enluska,enluska
90L_10NL,3,90L_10NL_3_1,1,5250,"('s', 'sk', 'sk')",enluska,enluska
90L_10NL,3,90L_10NL_3_1,1,5250,"('s', 'sk', 'sk')",enluska,enluska
90L_10NL,3,90L_10NL_3_1,1,1750,"('s', 's', 'sk')",enluska,enluska
90L_10NL,3,90L_10NL_3_1,1,1750,"('s', 's', 'sk')",enluska,enluska
90L_10NL,3,90L_10NL_3_1,1,5250,"('s', 'sk', 'sk')",enluska,enluska
90L_10NL,3,90L_10NL_3_1,1,5250,"('s', 'sk', 'sk')",enluska,enluska
90L_10NL,3,90L_10NL_3_1,1,5250,"('s', 'sk', 'sk')",enluska,enluska
90L_10NL,3,90L_10NL_3_1,1,5250,"('s', 'sk', 'sk')",enluska,enluska
90L_10NL,3,90L_10NL_3_1,1,5250,"('s', 'sk', 'sk')",enluska,enluska
90L_10NL,3,90L_10NL_3_1,1,5250,"('s', 'sk', 'sk')",enluska,enluska
90L_10NL,3,90L_10NL_3_1,1,1750,"('s', 's', 'sk')",enluska,enluska
90L_10NL,3,90L_10NL_3_1,1,5250,"('s', 'sk', 'sk')",enluska,enluska
90L_10NL,3,90L_10NL_3_1,1,5250,"('s', 'sk', 'sk')",enluska,enluska
90L_10NL,3,90L_10NL_3_1,1,5250,"('s', 'sk', 'sk')",enluska,enluska
90L_10NL,3,90L_10NL_3_1,1,5250,"('s', 'sk', 'sk')",enluska,enluska
90L_10NL,3,90L_10NL_3_1,1,5250,"('s', 'sk', 'sk')",enluska,enluska
90L_10NL,3,90L_10NL_3_1,1,5250,"('s', 'sk', 'sk')",enluska,enluska
90L_10NL,3,90L_10NL_3_1,1,5250,"('s', 'sk', 'sk')",enluska,enluska
90L_10NL,3,90L_10NL_3_1,1,5250,"('s', 'sk', 'sk')",enluska,enluska
90L_10NL,3,90L_10NL_3_1,1,5250,"('s', 'sk', 'sk')",enluska,enluska
90L_10NL,3,90L_10NL_3_1,1,5250,"('s', 'sk', 'sk')",enluska,enluska
90L_10NL,3,90L_10NL_3_1,1,5250,"('s', 'sk', 'sk')",enluska,enluska
90L_10NL,3,90L_10NL_3_1,1,5250,"('s', 'sk', 'sk')",enluska,enluska
90L_10NL,3,90L_10NL_3_1,1,2625,"('sk', 'sk', 'sk')",enluska,enluska
90L_10NL,3,90L_10NL_3_1,1,2625,"('sk', 'sk', 'sk')",enluska,enluska
90L_10NL,3,90L_10NL_3_1,1,2625,"('sk', 'sk', 'sk')",enluska,enluska
90L_10NL,3,90L_10NL_3_1,1,2625,"('sk', 'sk', 'sk')",enluska,enluska
90L_10NL,3,90L_10NL_3_1,1,2625,"('sk', 'sk', 'sk')",enluska,enluska
90L_10NL,3,90L_10NL_3_1,1,2625,"('sk', 'sk', 'sk')",enluska,enluska
90L_10NL,3,90L_10NL_3_1,1,2625,"('sk', 'sk', 'sk')",enluska,enluska
90L_10NL,3,90L_10NL_3_1,1,2625,"('sk', 'sk', 'sk')",enluska,enluska
90L_10NL,3,90L_10NL_3_1,1,2625,"('sk', 'sk', 'sk')",enluska,enluska
90L_10NL,3,90L_10NL_3_1,1,2625,"('sk', 'sk', 'sk')",enluska,enluska
90L_10NL,3,90L_10NL_3_1,1,2625,"('sk', 'sk', 'sk')",enluska,enluska
90L_10NL,3,90L_10NL_3_1,1,2625,"('sk', 'sk', 'sk')",enluska,enluska
90L_10NL,3,90L_10NL_3_1,1,2625,"('sk', 'sk', 'sk')",enluska,enluska
90L_10NL,3,90L_10NL_3_1,1,2625,"('sk', 'sk', 'sk')",enluska,enluska
90L_10NL,3,90L_10NL_3_1,1,2625,"('sk', 'sk', 'sk')",enluska,enluska
90L_10NL,3,90L_10NL_3_1,1,1750,"('s', 's', 'sk')",enluska,enluska
90L_10NL,3,90L_10NL_3_1,1,1750,"('s', 's', 'sk')",enluska,enluska
90L_10NL,3,90L_10NL_3_1,1,1750,"('s', 's', 'sk')",enluska,enluska
90L_10NL,3,90L_10NL_3_1,1,1750,"('s', 's', 'sk')",enluska,enluska
90L_10NL,3,90L_10NL_3_1,1,5250,"('s', 'sk', 'sk')",enluska,enluska
90L_10NL,3,90L_10NL_3_1,1,5250,"('s', 'sk', 'sk')",enluska,enluska
90L_10NL,3,90L_10NL_3_1,1,5250,"('s', 'sk', 'sk')",enluska,enluska
90L_10NL,3,90L_10NL_3_1,1,5250,"('s', 'sk', 'sk')",enluska,enluska
90L_10NL,3,90L_10NL_3_1,1,5250,"('s', 'sk', 'sk')",enluska,enluska
90L_10NL,3,90L_10NL_3_1,1,5250,"('s', 'sk', 'sk')",enluska,enluska
90L_10NL,3,90L_10NL_3_1,1,1750,"('s', 's', 'sk')",enluska,enluska
90L_10NL,3,90L_10NL_3_1,1,1750,"('s', 's', 'sk')",enluska,enluska
90L_10NL,3,90L_10NL_3_1,1,1750,"('s', 's', 'sk')",enluska,enluska
90L_10NL,3,90L_10NL_3_1,1,5250,"('s', 'sk', 'sk')",enluska,enluska
90L_10NL,3,90L_10NL_3_1,1,5250,"('s', 'sk', 'sk')",enluska,enluska
90L_10NL,3,90L_10NL_3_1,1,5250,"('s', 'sk', 'sk')",enluska,enluska
90L_10NL,3,90L_10NL_3_1,1,5250,"('s', 'sk', 'sk')",enluska,enluska
90L_10NL,3,90L_10NL_3_1,1,5250,"('s', 'sk', 'sk')",enluska,enluska
90L_10NL,3,90L_10NL_3_1,1,5250,"('s', 'sk', 'sk')",enluska,enluska
90L_10NL,3,90L_10NL_3_1,1,1750,"('s', 's', 'sk')",enluska,enluska
90L_10NL,3,90L_10NL_3_1,1,1750,"('s', 's', 'sk')",enluska,enluska
90L_10NL,3,90L_10NL_3_1,1,5250,"('s', 'sk', 'sk')",enluska,enluska
90L_10NL,3,90L_10NL_3_1,1,5250,"('s', 'sk', 'sk')",enluska,enluska
90L_10NL,3,90L_10NL_3_1,1,5250,"('s', 'sk', 'sk')",enluska,enluska
90L_10NL,3,90L_10NL_3_1,1,5250,"('s', 'sk', 'sk')",enluska,enluska
90L_10NL,3,90L_10NL_3_1,1,5250,"('s', 'sk', 'sk')",enluska,enluska
90L_10NL,3,90L_10NL_3_1,1,5250,"('s', 'sk', 'sk')",enluska,enluska
90L_10NL,3,90L_10NL_3_1,1,1750,"('s', 's', 'sk')",enluska,enluska
90L_10NL,3,90L_10NL_3_1,1,5250,"('s', 'sk', 'sk')",enluska,enluska
90L_10NL,3,90L_10NL_3_1,1,5250,"('s', 'sk', 'sk')",enluska,enluska
90L_10NL,3,90L_10NL_3_1,1,5250,"('s', 'sk', 'sk')",enluska,enluska
90L_10NL,3,90L_10NL_3_1,1,5250,"('s', 'sk', 'sk')",enluska,enluska
90L_10NL,3,90L_10NL_3_1,1,5250,"('s', 'sk', 'sk')",enluska,enluska
90L_10NL,3,90L_10NL_3_1,1,5250,"('s', 'sk', 'sk')",enluska,enluska
90L_10NL,3,90L_10NL_3_1,1,5250,"('s', 'sk', 'sk')",enluska,enluska
90L_10NL,3,90L_10NL_3_1,1,5250,"('s', 'sk', 'sk')",enluska,enluska
90L_10NL,3,90L_10NL_3_1,1,5250,"('s', 'sk', 'sk')",enluska,enluska
90L_10NL,3,90L_10NL_3_1,1,5250,"('s', 'sk', 'sk')",enluska,enluska
90L_10NL,3,90L_10NL_3_1,1,5250,"('s', 'sk', 'sk')",enluska,enluska
90L_10NL,3,90L_10NL_3_1,1,5250,"('s', 'sk', 'sk')",enluska,enluska
90L_10NL,3,90L_10NL_3_1,1,2625,"('sk', 'sk', 'sk')",enluska,enluska
90L_10NL,3,90L_10NL_3_1,1,2625,"('sk', 'sk', 'sk')",enluska,enluska
90L_10NL,3,90L_10NL_3_1,1,2625,"('sk', 'sk', 'sk')",enluska,enluska
90L_10NL,3,90L_10NL_3_1,1,2625,"('sk', 'sk', 'sk')",enluska,enluska
90L_10NL,3,90L_10NL_3_1,1,2625,"('sk', 'sk', 'sk')",enluska,enluska
90L_10NL,3,90L_10NL_3_1,1,2625,"('sk', 'sk', 'sk')",enluska,enluska
90L_10NL,3,90L_10NL_3_1,1,2625,"('sk', 'sk', 'sk')",enluska,enluska
90L_10NL,3,90L_10NL_3_1,1,2625,"('sk', 'sk', 'sk')",enluska,enluska
90L_10NL,3,90L_10NL_3_1,1,2625,"('sk', 'sk', 'sk')",enluska,enluska
90L_10NL,3,90L_10NL_3_1,1,2625,"('sk', 'sk', 'sk')",enluska,enluska
90L_10NL,3,90L_10NL_3_1,1,2625,"('sk', 'sk', 'sk')",enluska,enluska
90L_10NL,3,90L_10NL_3_1,1,2625,"('sk', 'sk', 'sk')",enluska,enluska
90L_10NL,3,90L_10NL_3_1,1,2625,"('sk', 'sk', 'sk')",enluska,enluska
90L_10NL,3,90L_10NL_3_1,1,2625,"('sk', 'sk', 'sk')",enluska,enluska
90L_10NL,3,90L_10NL_3_1,1,2625,"('sk', 'sk', 'sk')",enluska,enluska
90L_10NL,3,90L_10NL_3_1,1,1750,"('s', 's', 'sk')",enlusko,enlusko
90L_10NL,3,90L_10NL_3_1,1,1750,"('s', 's', 'sk')",enlusko,enlusko
90L_10NL,3,90L_10NL_3_1,1,1750,"('s', 's', 'sk')",enlusko,enlusko
90L_10NL,3,90L_10NL_3_1,1,1750,"('s', 's', 'sk')",enlusko,enlusko
90L_10NL,3,90L_10NL_3_1,1,5250,"('s', 'sk', 'sk')",enlusko,enlusko
90L_10NL,3,90L_10NL_3_1,1,5250,"('s', 'sk', 'sk')",enlusko,enlusko
90L_10NL,3,90L_10NL_3_1,1,5250,"('s', 'sk', 'sk')",enlusko,enlusko
90L_10NL,3,90L_10NL_3_1,1,5250,"('s', 'sk', 'sk')",enlusko,enlusko
90L_10NL,3,90L_10NL_3_1,1,5250,"('s', 'sk', 'sk')",enlusko,enlusko
90L_10NL,3,90L_10NL_3_1,1,5250,"('s', 'sk', 'sk')",enlusko,enlusko
90L_10NL,3,90L_10NL_3_1,1,1750,"('s', 's', 'sk')",enlusko,enlusko
90L_10NL,3,90L_10NL_3_1,1,1750,"('s', 's', 'sk')",enlusko,enlusko
90L_10NL,3,90L_10NL_3_1,1,1750,"('s', 's', 'sk')",enlusko,enlusko
90L_10NL,3,90L_10NL_3_1,1,5250,"('s', 'sk', 'sk')",enlusko,enlusko
90L_10NL,3,90L_10NL_3_1,1,5250,"('s', 'sk', 'sk')",enlusko,enlusko
90L_10NL,3,90L_10NL_3_1,1,5250,"('s', 'sk', 'sk')",enlusko,enlusko
90L_10NL,3,90L_10NL_3_1,1,5250,"('s', 'sk', 'sk')",enlusko,enlusko
90L_10NL,3,90L_10NL_3_1,1,5250,"('s', 'sk', 'sk')",enlusko,enlusko
90L_10NL,3,90L_10NL_3_1,1,5250,"('s', 'sk', 'sk')",enlusko,enlusko
90L_10NL,3,90L_10NL_3_1,1,1750,"('s', 's', 'sk')",enlusko,enlusko
90L_10NL,3,90L_10NL_3_1,1,1750,"('s', 's', 'sk')",enlusko,enlusko
90L_10NL,3,90L_10NL_3_1,1,5250,"('s', 'sk', 'sk')",enlusko,enlusko
90L_10NL,3,90L_10NL_3_1,1,5250,"('s', 'sk', 'sk')",enlusko,enlusko
90L_10NL,3,90L_10NL_3_1,1,5250,"('s', 'sk', 'sk')",enlusko,enlusko
90L_10NL,3,90L_10NL_3_1,1,5250,"('s', 'sk', 'sk')",enlusko,enlusko
90L_10NL,3,90L_10NL_3_1,1,5250,"('s', 'sk', 'sk')",enlusko,enlusko
90L_10NL,3,90L_10NL_3_1,1,5250,"('s', 'sk', 'sk')",enlusko,enlusko
90L_10NL,3,90L_10NL_3_1,1,1750,"('s', 's', 'sk')",enlusko,enlusko
90L_10NL,3,90L_10NL_3_1,1,5250,"('s', 'sk', 'sk')",enlusko,enlusko
90L_10NL,3,90L_10NL_3_1,1,5250,"('s', 'sk', 'sk')",enlusko,enlusko
90L_10NL,3,90L_10NL_3_1,1,5250,"('s', 'sk', 'sk')",enlusko,enlusko
90L_10NL,3,90L_10NL_3_1,1,5250,"('s', 'sk', 'sk')",enlusko,enlusko
90L_10NL,3,90L_10NL_3_1,1,5250,"('s', 'sk', 'sk')",enlusko,enlusko
90L_10NL,3,90L_10NL_3_1,1,5250,"('s', 'sk', 'sk')",enlusko,enlusko
90L_10NL,3,90L_10NL_3_1,1,5250,"('s', 'sk', 'sk')",enlusko,enlusko
90L_10NL,3,90L_10NL_3_1,1,5250,"('s', 'sk', 'sk')",enlusko,enlusko
90L_10NL,3,90L_10NL_3_1,1,5250,"('s', 'sk', 'sk')",enlusko,enlusko
90L_10NL,3,90L_10NL_3_1,1,5250,"('s', 'sk', 'sk')",enlusko,enlusko
90L_10NL,3,90L_10NL_3_1,1,5250,"('s', 'sk', 'sk')",enlusko,enlusko
90L_10NL,3,90L_10NL_3_1,1,5250,"('s', 'sk', 'sk')",enlusko,enlusko
90L_10NL,3,90L_10NL_3_1,1,2625,"('sk', 'sk', 'sk')",enlusko,enlusko
90L_10NL,3,90L_10NL_3_1,1,2625,"('sk', 'sk', 'sk')",enlusko,enlusko
90L_10NL,3,90L_10NL_3_1,1,2625,"('sk', 'sk', 'sk')",enlusko,enlusko
90L_10NL,3,90L_10NL_3_1,1,2625,"('sk', 'sk', 'sk')",enlusko,enlusko
90L_10NL,3,90L_10NL_3_1,1,2625,"('sk', 'sk', 'sk')",enlusko,enlusko
90L_10NL,3,90L_10NL_3_1,1,2625,"('sk', 'sk', 'sk')",enlusko,enlusko
90L_10NL,3,90L_10NL_3_1,1,2625,"('sk', 'sk', 'sk')",enlusko,enlusko
90L_10NL,3,90L_10NL_3_1,1,2625,"('sk', 'sk', 'sk')",enlusko,enlusko
90L_10NL,3,90L_10NL_3_1,1,2625,"('sk', 'sk', 'sk')",enlusko,enlusko
90L_10NL,3,90L_10NL_3_1,1,2625,"('sk', 'sk', 'sk')",enlusko,enlusko
90L_10NL,3,90L_10NL_3_1,1,2625,"('sk', 'sk', 'sk')",enlusko,enlusko
90L_10NL,3,90L_10NL_3_1,1,2625,"('sk', 'sk', 'sk')",enlusko,enlusko
90L_10NL,3,90L_10NL_3_1,1,2625,"('sk', 'sk', 'sk')",enlusko,enlusko
90L_10NL,3,90L_10NL_3_1,1,2625,"('sk', 'sk', 'sk')",enlusko,enlusko
90L_10NL,3,90L_10NL_3_1,1,2625,"('sk', 'sk', 'sk')",enlusko,enlusko
90L_10NL,3,90L_10NL_3_1,1,672,"('n', 'nɡ', 'n')",kontenejs,kontenejs
90L_10NL,3,90L_10NL_3_1,1,672,"('n', 'nɡ', 'n')",kontenejs,kontenejs
90L_10NL,3,90L_10NL_3_1,1,672,"('n', 'nɡ', 'n')",kontenejs,kontenejs
90L_10NL,3,90L_10NL_3_1,1,672,"('n', 'nɡ', 'n')",kontenejs,kontenejs
90L_10NL,3,90L_10NL_3_1,1,672,"('n', 'nɡ', 'n')",kontenejs,kontenejs
90L_10NL,3,90L_10NL_3_1,1,672,"('n', 'nɡ', 'n')",kontenejs,kontenejs
90L_10NL,3,90L_10NL_3_1,1,672,"('n', 'nɡ', 'n')",kontenejs,kontenejs
90L_10NL,3,90L_10NL_3_1,1,300,"('n', 'n', 'n')",kontenejs,kontenejs
90L_10NL,3,90L_10NL_3_1,1,300,"('n', 'n', 'n')",kontenejs,kontenejs
90L_10NL,3,90L_10NL_3_1,1,300,"('n', 'n', 'n')",kontenejs,kontenejs
90L_10NL,3,90L_10NL_3_1,1,1050,"('nɡ', 'nɡ', 'n')",kontenejs,kontenejs
90L_10NL,3,90L_10NL_3_1,1,1050,"('nɡ', 'nɡ', 'n')",kontenejs,kontenejs
90L_10NL,3,90L_10NL_3_1,1,1050,"('nɡ', 'nɡ', 'n')",kontenejs,kontenejs
90L_10NL,3,90L_10NL_3_1,1,1050,"('nɡ', 'nɡ', 'n')",kontenejs,kontenejs
90L_10NL,3,90L_10NL_3_1,1,1050,"('nɡ', 'nɡ', 'n')",kontenejs,kontenejs
90L_10NL,3,90L_10NL_3_1,1,1050,"('nɡ', 'nɡ', 'n')",kontenejs,kontenejs
90L_10NL,3,90L_10NL_3_1,1,728,"('nɡ', 'n', 'n')",kontenejs,kontenejs
90L_10NL,3,90L_10NL_3_1,1,728,"('nɡ', 'n', 'n')",kontenejs,kontenejs
90L_10NL,3,90L_10NL_3_1,1,728,"('nɡ', 'n', 'n')",kontenejs,kontenejs
90L_10NL,3,90L_10NL_3_1,1,1050,"('nɡ', 'nɡ', 'n')",kontenejs,kontenejs
90L_10NL,3,90L_10NL_3_1,1,1050,"('nɡ', 'nɡ', 'n')",kontenejs,kontenejs
90L_10NL,3,90L_10NL_3_1,1,1050,"('nɡ', 'nɡ', 'n')",kontenejs,kontenejs
90L_10NL,3,90L_10NL_3_1,1,1050,"('nɡ', 'nɡ', 'n')",kontenejs,kontenejs
90L_10NL,3,90L_10NL_3_1,1,1050,"('nɡ', 'nɡ', 'n')",kontenejs,kontenejs
90L_10NL,3,90L_10NL_3_1,1,728,"('nɡ', 'n', 'n')",kontenejs,kontenejs
90L_10NL,3,90L_10NL_3_1,1,728,"('nɡ', 'n', 'n')",kontenejs,kontenejs
90L_10NL,3,90L_10NL_3_1,1,728,"('nɡ', 'n', 'n')",kontenejs,kontenejs
90L_10NL,3,90L_10NL_3_1,1,1050,"('nɡ', 'nɡ', 'n')",kontenejs,kontenejs
90L_10NL,3,90L_10NL_3_1,1,1050,"('nɡ', 'nɡ', 'n')",kontenejs,kontenejs
90L_10NL,3,90L_10NL_3_1,1,1050,"('nɡ', 'nɡ', 'n')",kontenejs,kontenejs
90L_10NL,3,90L_10NL_3_1,1,1050,"('nɡ', 'nɡ', 'n')",kontenejs,kontenejs
90L_10NL,3,90L_10NL_3_1,1,728,"('nɡ', 'n', 'n')",kontenejs,kontenejs
90L_10NL,3,90L_10NL_3_1,1,728,"('nɡ', 'n', 'n')",kontenejs,kontenejs
90L_10NL,3,90L_10NL_3_1,1,728,"('nɡ', 'n', 'n')",kontenejs,kontenejs
90L_10NL,3,90L_10NL_3_1,1,1050,"('nɡ', 'nɡ', 'n')",kontenejs,kontenejs
90L_10NL,3,90L_10NL_3_1,1,1050,"('nɡ', 'nɡ', 'n')",kontenejs,kontenejs
90L_10NL,3,90L_10NL_3_1,1,1050,"('nɡ', 'nɡ', 'n')",kontenejs,kontenejs
90L_10NL,3,90L_10NL_3_1,1,728,"('nɡ', 'n', 'n')",kontenejs,kontenejs
90L_10NL,3,90L_10NL_3_1,1,728,"('nɡ', 'n', 'n')",kontenejs,kontenejs
90L_10NL,3,90L_10NL_3_1,1,728,"('nɡ', 'n', 'n')",kontenejs,kontenejs
90L_10NL,3,90L_10NL_3_1,1,1050,"('nɡ', 'nɡ', 'n')",kontenejs,kontenejs
90L_10NL,3,90L_10NL_3_1,1,1050,"('nɡ', 'nɡ', 'n')",kontenejs,kontenejs
90L_10NL,3,90L_10NL_3_1,1,728,"('nɡ', 'n', 'n')",kontenejs,kontenejs
90L_10NL,3,90L_10NL_3_1,1,728,"('nɡ', 'n', 'n')",kontenejs,kontenejs
90L_10NL,3,90L_10NL_3_1,1,728,"('nɡ', 'n', 'n')",kontenejs,kontenejs
90L_10NL,3,90L_10NL_3_1,1,1050,"('nɡ', 'nɡ', 'n')",kontenejs,kontenejs
90L_10NL,3,90L_10NL_3_1,1,728,"('nɡ', 'n', 'n')",kontenejs,kontenejs
90L_10NL,3,90L_10NL_3_1,1,728,"('nɡ', 'n', 'n')",kontenejs,kontenejs
90L_10NL,3,90L_10NL_3_1,1,728,"('nɡ', 'n', 'n')",kontenejs,kontenejs
90L_10NL,3,90L_10NL_3_1,1,728,"('nɡ', 'n', 'n')",kontenejs,kontenejs
90L_10NL,3,90L_10NL_3_1,1,728,"('nɡ', 'n', 'n')",kontenejs,kontenejs
90L_10NL,3,90L_10NL_3_1,1,728,"('nɡ', 'n', 'n')",kontenejs,kontenejs
90L_10NL,3,90L_10NL_3_1,1,300,"('n', 'n', 'n')",kontenejs,kontenejs
90L_10NL,3,90L_10NL_3_1,1,300,"('n', 'n', 'n')",kontenejs,kontenejs
90L_10NL,3,90L_10NL_3_1,1,300,"('n', 'n', 'n')",kontenejs,kontenejs
90L_10NL,3,90L_10NL_3_1,1,672,"('n', 'nɡ', 'n')",kontenemos,kontenemos
90L_10NL,3,90L_10NL_3_1,1,672,"('n', 'nɡ', 'n')",kontenemos,kontenemos
90L_10NL,3,90L_10NL_3_1,1,672,"('n', 'nɡ', 'n')",kontenemos,kontenemos
90L_10NL,3,90L_10NL_3_1,1,672,"('n', 'nɡ', 'n')",kontenemos,kontenemos
90L_10NL,3,90L_10NL_3_1,1,672,"('n', 'nɡ', 'n')",kontenemos,kontenemos
90L_10NL,3,90L_10NL_3_1,1,672,"('n', 'nɡ', 'n')",kontenemos,kontenemos
90L_10NL,3,90L_10NL_3_1,1,672,"('n', 'nɡ', 'n')",kontenemos,kontenemos
90L_10NL,3,90L_10NL_3_1,1,300,"('n', 'n', 'n')",kontenemos,kontenemos
90L_10NL,3,90L_10NL_3_1,1,300,"('n', 'n', 'n')",kontenemos,kontenemos
90L_10NL,3,90L_10NL_3_1,1,300,"('n', 'n', 'n')",kontenemos,kontenemos
90L_10NL,3,90L_10NL_3_1,1,1050,"('nɡ', 'nɡ', 'n')",kontenemos,kontenemos
90L_10NL,3,90L_10NL_3_1,1,1050,"('nɡ', 'nɡ', 'n')",kontenemos,kontenemos
90L_10NL,3,90L_10NL_3_1,1,1050,"('nɡ', 'nɡ', 'n')",kontenemos,kontenemos
90L_10NL,3,90L_10NL_3_1,1,1050,"('nɡ', 'nɡ', 'n')",kontenemos,kontenemos
90L_10NL,3,90L_10NL_3_1,1,1050,"('nɡ', 'nɡ', 'n')",kontenemos,kontenemos
90L_10NL,3,90L_10NL_3_1,1,1050,"('nɡ', 'nɡ', 'n')",kontenemos,kontenemos
90L_10NL,3,90L_10NL_3_1,1,728,"('nɡ', 'n', 'n')",kontenemos,kontenemos
90L_10NL,3,90L_10NL_3_1,1,728,"('nɡ', 'n', 'n')",kontenemos,kontenemos
90L_10NL,3,90L_10NL_3_1,1,728,"('nɡ', 'n', 'n')",kontenemos,kontenemos
90L_10NL,3,90L_10NL_3_1,1,1050,"('nɡ', 'nɡ', 'n')",kontenemos,kontenemos
90L_10NL,3,90L_10NL_3_1,1,1050,"('nɡ', 'nɡ', 'n')",kontenemos,kontenemos
90L_10NL,3,90L_10NL_3_1,1,1050,"('nɡ', 'nɡ', 'n')",kontenemos,kontenemos
90L_10NL,3,90L_10NL_3_1,1,1050,"('nɡ', 'nɡ', 'n')",kontenemos,kontenemos
90L_10NL,3,90L_10NL_3_1,1,1050,"('nɡ', 'nɡ', 'n')",kontenemos,kontenemos
90L_10NL,3,90L_10NL_3_1,1,728,"('nɡ', 'n', 'n')",kontenemos,kontenemos
90L_10NL,3,90L_10NL_3_1,1,728,"('nɡ', 'n', 'n')",kontenemos,kontenemos
90L_10NL,3,90L_10NL_3_1,1,728,"('nɡ', 'n', 'n')",kontenemos,kontenemos
90L_10NL,3,90L_10NL_3_1,1,1050,"('nɡ', 'nɡ', 'n')",kontenemos,kontenemos
90L_10NL,3,90L_10NL_3_1,1,1050,"('nɡ', 'nɡ', 'n')",kontenemos,kontenemos
90L_10NL,3,90L_10NL_3_1,1,1050,"('nɡ', 'nɡ', 'n')",kontenemos,kontenemos
90L_10NL,3,90L_10NL_3_1,1,1050,"('nɡ', 'nɡ', 'n')",kontenemos,kontenemos
90L_10NL,3,90L_10NL_3_1,1,728,"('nɡ', 'n', 'n')",kontenemos,kontenemos
90L_10NL,3,90L_10NL_3_1,1,728,"('nɡ', 'n', 'n')",kontenemos,kontenemos
90L_10NL,3,90L_10NL_3_1,1,728,"('nɡ', 'n', 'n')",kontenemos,kontenemos
90L_10NL,3,90L_10NL_3_1,1,1050,"('nɡ', 'nɡ', 'n')",kontenemos,kontenemos
90L_10NL,3,90L_10NL_3_1,1,1050,"('nɡ', 'nɡ', 'n')",kontenemos,kontenemos
90L_10NL,3,90L_10NL_3_1,1,1050,"('nɡ', 'nɡ', 'n')",kontenemos,kontenemos
90L_10NL,3,90L_10NL_3_1,1,728,"('nɡ', 'n', 'n')",kontenemos,kontenemos
90L_10NL,3,90L_10NL_3_1,1,728,"('nɡ', 'n', 'n')",kontenemos,kontenemos
90L_10NL,3,90L_10NL_3_1,1,728,"('nɡ', 'n', 'n')",kontenemos,kontenemos
90L_10NL,3,90L_10NL_3_1,1,1050,"('nɡ', 'nɡ', 'n')",kontenemos,kontenemos
90L_10NL,3,90L_10NL_3_1,1,1050,"('nɡ', 'nɡ', 'n')",kontenemos,kontenemos
90L_10NL,3,90L_10NL_3_1,1,728,"('nɡ', 'n', 'n')",kontenemos,kontenemos
90L_10NL,3,90L_10NL_3_1,1,728,"('nɡ', 'n', 'n')",kontenemos,kontenemos
90L_10NL,3,90L_10NL_3_1,1,728,"('nɡ', 'n', 'n')",kontenemos,kontenemos
90L_10NL,3,90L_10NL_3_1,1,1050,"('nɡ', 'nɡ', 'n')",kontenemos,kontenemos
90L_10NL,3,90L_10NL_3_1,1,728,"('nɡ', 'n', 'n')",kontenemos,kontenemos
90L_10NL,3,90L_10NL_3_1,1,728,"('nɡ', 'n', 'n')",kontenemos,kontenemos
90L_10NL,3,90L_10NL_3_1,1,728,"('nɡ', 'n', 'n')",kontenemos,kontenemos
90L_10NL,3,90L_10NL_3_1,1,728,"('nɡ', 'n', 'n')",kontenemos,kontenemos
90L_10NL,3,90L_10NL_3_1,1,728,"('nɡ', 'n', 'n')",kontenemos,kontenemos
90L_10NL,3,90L_10NL_3_1,1,728,"('nɡ', 'n', 'n')",kontenemos,kontenemos
90L_10NL,3,90L_10NL_3_1,1,300,"('n', 'n', 'n')",kontenemos,kontenemos
90L_10NL,3,90L_10NL_3_1,1,300,"('n', 'n', 'n')",kontenemos,kontenemos
90L_10NL,3,90L_10NL_3_1,1,300,"('n', 'n', 'n')",kontenemos,kontenemos
90L_10NL,3,90L_10NL_3_1,1,700,"('n', 'n', 'nɡ')",kontenɡajs,kontenɡajs
90L_10NL,3,90L_10NL_3_1,1,1008,"('n', 'nɡ', 'nɡ')",kontenɡajs,kontenɡajs
90L_10NL,3,90L_10NL_3_1,1,1008,"('n', 'nɡ', 'nɡ')",kontenɡajs,kontenɡajs
90L_10NL,3,90L_10NL_3_1,1,1008,"('n', 'nɡ', 'nɡ')",kontenɡajs,kontenɡajs
90L_10NL,3,90L_10NL_3_1,1,1008,"('n', 'nɡ', 'nɡ')",kontenɡajs,kontenɡajs
90L_10NL,3,90L_10NL_3_1,1,1008,"('n', 'nɡ', 'nɡ')",kontenɡajs,kontenɡajs
90L_10NL,3,90L_10NL_3_1,1,1008,"('n', 'nɡ', 'nɡ')",kontenɡajs,kontenɡajs
90L_10NL,3,90L_10NL_3_1,1,700,"('n', 'n', 'nɡ')",kontenɡajs,kontenɡajs
90L_10NL,3,90L_10NL_3_1,1,700,"('n', 'n', 'nɡ')",kontenɡajs,kontenɡajs
90L_10NL,3,90L_10NL_3_1,1,700,"('n', 'n', 'nɡ')",kontenɡajs,kontenɡajs
90L_10NL,3,90L_10NL_3_1,1,1008,"('n', 'nɡ', 'nɡ')",kontenɡajs,kontenɡajs
90L_10NL,3,90L_10NL_3_1,1,1008,"('n', 'nɡ', 'nɡ')",kontenɡajs,kontenɡajs
90L_10NL,3,90L_10NL_3_1,1,1008,"('n', 'nɡ', 'nɡ')",kontenɡajs,kontenɡajs
90L_10NL,3,90L_10NL_3_1,1,1008,"('n', 'nɡ', 'nɡ')",kontenɡajs,kontenɡajs
90L_10NL,3,90L_10NL_3_1,1,1008,"('n', 'nɡ', 'nɡ')",kontenɡajs,kontenɡajs
90L_10NL,3,90L_10NL_3_1,1,1008,"('n', 'nɡ', 'nɡ')",kontenɡajs,kontenɡajs
90L_10NL,3,90L_10NL_3_1,1,700,"('n', 'n', 'nɡ')",kontenɡajs,kontenɡajs
90L_10NL,3,90L_10NL_3_1,1,700,"('n', 'n', 'nɡ')",kontenɡajs,kontenɡajs
90L_10NL,3,90L_10NL_3_1,1,700,"('n', 'n', 'nɡ')",kontenɡajs,kontenɡajs
90L_10NL,3,90L_10NL_3_1,1,1050,"('nɡ', 'nɡ', 'nɡ')",kontenɡajs,kontenɡajs
90L_10NL,3,90L_10NL_3_1,1,1050,"('nɡ', 'nɡ', 'nɡ')",kontenɡajs,kontenɡajs
90L_10NL,3,90L_10NL_3_1,1,1050,"('nɡ', 'nɡ', 'nɡ')",kontenɡajs,kontenɡajs
90L_10NL,3,90L_10NL_3_1,1,1050,"('nɡ', 'nɡ', 'nɡ')",kontenɡajs,kontenɡajs
90L_10NL,3,90L_10NL_3_1,1,1050,"('nɡ', 'nɡ', 'nɡ')",kontenɡajs,kontenɡajs
90L_10NL,3,90L_10NL_3_1,1,1092,"('nɡ', 'n', 'nɡ')",kontenɡajs,kontenɡajs
90L_10NL,3,90L_10NL_3_1,1,1092,"('nɡ', 'n', 'nɡ')",kontenɡajs,kontenɡajs
90L_10NL,3,90L_10NL_3_1,1,1092,"('nɡ', 'n', 'nɡ')",kontenɡajs,kontenɡajs
90L_10NL,3,90L_10NL_3_1,1,1050,"('nɡ', 'nɡ', 'nɡ')",kontenɡajs,kontenɡajs
90L_10NL,3,90L_10NL_3_1,1,1050,"('nɡ', 'nɡ', 'nɡ')",kontenɡajs,kontenɡajs
90L_10NL,3,90L_10NL_3_1,1,1050,"('nɡ', 'nɡ', 'nɡ')",kontenɡajs,kontenɡajs
90L_10NL,3,90L_10NL_3_1,1,1050,"('nɡ', 'nɡ', 'nɡ')",kontenɡajs,kontenɡajs
90L_10NL,3,90L_10NL_3_1,1,1092,"('nɡ', 'n', 'nɡ')",kontenɡajs,kontenɡajs
90L_10NL,3,90L_10NL_3_1,1,1092,"('nɡ', 'n', 'nɡ')",kontenɡajs,kontenɡajs
90L_10NL,3,90L_10NL_3_1,1,1092,"('nɡ', 'n', 'nɡ')",kontenɡajs,kontenɡajs
90L_10NL,3,90L_10NL_3_1,1,1050,"('nɡ', 'nɡ', 'nɡ')",kontenɡajs,kontenɡajs
90L_10NL,3,90L_10NL_3_1,1,1050,"('nɡ', 'nɡ', 'nɡ')",kontenɡajs,kontenɡajs
90L_10NL,3,90L_10NL_3_1,1,1050,"('nɡ', 'nɡ', 'nɡ')",kontenɡajs,kontenɡajs
90L_10NL,3,90L_10NL_3_1,1,1092,"('nɡ', 'n', 'nɡ')",kontenɡajs,kontenɡajs
90L_10NL,3,90L_10NL_3_1,1,1092,"('nɡ', 'n', 'nɡ')",kontenɡajs,kontenɡajs
90L_10NL,3,90L_10NL_3_1,1,1092,"('nɡ', 'n', 'nɡ')",kontenɡajs,kontenɡajs
90L_10NL,3,90L_10NL_3_1,1,1050,"('nɡ', 'nɡ', 'nɡ')",kontenɡajs,kontenɡajs
90L_10NL,3,90L_10NL_3_1,1,1050,"('nɡ', 'nɡ', 'nɡ')",kontenɡajs,kontenɡajs
90L_10NL,3,90L_10NL_3_1,1,1092,"('nɡ', 'n', 'nɡ')",kontenɡajs,kontenɡajs
90L_10NL,3,90L_10NL_3_1,1,1092,"('nɡ', 'n', 'nɡ')",kontenɡajs,kontenɡajs
90L_10NL,3,90L_10NL_3_1,1,1092,"('nɡ', 'n', 'nɡ')",kontenɡajs,kontenɡajs
90L_10NL,3,90L_10NL_3_1,1,1050,"('nɡ', 'nɡ', 'nɡ')",kontenɡajs,kontenɡajs
90L_10NL,3,90L_10NL_3_1,1,1092,"('nɡ', 'n', 'nɡ')",kontenɡajs,kontenɡajs
90L_10NL,3,90L_10NL_3_1,1,1092,"('nɡ', 'n', 'nɡ')",kontenɡajs,kontenɡajs
90L_10NL,3,90L_10NL_3_1,1,1092,"('nɡ', 'n', 'nɡ')",kontenɡajs,kontenɡajs
90L_10NL,3,90L_10NL_3_1,1,1092,"('nɡ', 'n', 'nɡ')",kontenɡajs,kontenɡajs
90L_10NL,3,90L_10NL_3_1,1,1092,"('nɡ', 'n', 'nɡ')",kontenɡajs,kontenɡajs
90L_10NL,3,90L_10NL_3_1,1,1092,"('nɡ', 'n', 'nɡ')",kontenɡajs,kontenɡajs
90L_10NL,3,90L_10NL_3_1,1,700,"('n', 'n', 'nɡ')",kontenɡajs,kontenɡajs
90L_10NL,3,90L_10NL_3_1,1,700,"('n', 'n', 'nɡ')",kontenɡajs,kontenɡajs
90L_10NL,3,90L_10NL_3_1,1,700,"('n', 'n', 'nɡ')",kontenɡajs,kontenɡajs
90L_10NL,3,90L_10NL_3_1,1,700,"('n', 'n', 'nɡ')",kontenɡamos,kontenɡamos
90L_10NL,3,90L_10NL_3_1,1,1008,"('n', 'nɡ', 'nɡ')",kontenɡamos,kontenɡamos
90L_10NL,3,90L_10NL_3_1,1,1008,"('n', 'nɡ', 'nɡ')",kontenɡamos,kontenɡamos
90L_10NL,3,90L_10NL_3_1,1,1008,"('n', 'nɡ', 'nɡ')",kontenɡamos,kontenɡamos
90L_10NL,3,90L_10NL_3_1,1,1008,"('n', 'nɡ', 'nɡ')",kontenɡamos,kontenɡamos
90L_10NL,3,90L_10NL_3_1,1,1008,"('n', 'nɡ', 'nɡ')",kontenɡamos,kontenɡamos
90L_10NL,3,90L_10NL_3_1,1,1008,"('n', 'nɡ', 'nɡ')",kontenɡamos,kontenɡamos
90L_10NL,3,90L_10NL_3_1,1,700,"('n', 'n', 'nɡ')",kontenɡamos,kontenɡamos
90L_10NL,3,90L_10NL_3_1,1,700,"('n', 'n', 'nɡ')",kontenɡamos,kontenɡamos
90L_10NL,3,90L_10NL_3_1,1,700,"('n', 'n', 'nɡ')",kontenɡamos,kontenɡamos
90L_10NL,3,90L_10NL_3_1,1,1008,"('n', 'nɡ', 'nɡ')",kontenɡamos,kontenɡamos
90L_10NL,3,90L_10NL_3_1,1,1008,"('n', 'nɡ', 'nɡ')",kontenɡamos,kontenɡamos
90L_10NL,3,90L_10NL_3_1,1,1008,"('n', 'nɡ', 'nɡ')",kontenɡamos,kontenɡamos
90L_10NL,3,90L_10NL_3_1,1,1008,"('n', 'nɡ', 'nɡ')",kontenɡamos,kontenɡamos
90L_10NL,3,90L_10NL_3_1,1,1008,"('n', 'nɡ', 'nɡ')",kontenɡamos,kontenɡamos
90L_10NL,3,90L_10NL_3_1,1,1008,"('n', 'nɡ', 'nɡ')",kontenɡamos,kontenɡamos
90L_10NL,3,90L_10NL_3_1,1,700,"('n', 'n', 'nɡ')",kontenɡamos,kontenɡamos
90L_10NL,3,90L_10NL_3_1,1,700,"('n', 'n', 'nɡ')",kontenɡamos,kontenɡamos
90L_10NL,3,90L_10NL_3_1,1,700,"('n', 'n', 'nɡ')",kontenɡamos,kontenɡamos
90L_10NL,3,90L_10NL_3_1,1,1050,"('nɡ', 'nɡ', 'nɡ')",kontenɡamos,kontenɡamos
90L_10NL,3,90L_10NL_3_1,1,1050,"('nɡ', 'nɡ', 'nɡ')",kontenɡamos,kontenɡamos
90L_10NL,3,90L_10NL_3_1,1,1050,"('nɡ', 'nɡ', 'nɡ')",kontenɡamos,kontenɡamos
90L_10NL,3,90L_10NL_3_1,1,1050,"('nɡ', 'nɡ', 'nɡ')",kontenɡamos,kontenɡamos
90L_10NL,3,90L_10NL_3_1,1,1050,"('nɡ', 'nɡ', 'nɡ')",kontenɡamos,kontenɡamos
90L_10NL,3,90L_10NL_3_1,1,1092,"('nɡ', 'n', 'nɡ')",kontenɡamos,kontenɡamos
90L_10NL,3,90L_10NL_3_1,1,1092,"('nɡ', 'n', 'nɡ')",kontenɡamos,kontenɡamos
90L_10NL,3,90L_10NL_3_1,1,1092,"('nɡ', 'n', 'nɡ')",kontenɡamos,kontenɡamos
90L_10NL,3,90L_10NL_3_1,1,1050,"('nɡ', 'nɡ', 'nɡ')",kontenɡamos,kontenɡamos
90L_10NL,3,90L_10NL_3_1,1,1050,"('nɡ', 'nɡ', 'nɡ')",kontenɡamos,kontenɡamos
90L_10NL,3,90L_10NL_3_1,1,1050,"('nɡ', 'nɡ', 'nɡ')",kontenɡamos,kontenɡamos
90L_10NL,3,90L_10NL_3_1,1,1050,"('nɡ', 'nɡ', 'nɡ')",kontenɡamos,kontenɡamos
90L_10NL,3,90L_10NL_3_1,1,1092,"('nɡ', 'n', 'nɡ')",kontenɡamos,kontenɡamos
90L_10NL,3,90L_10NL_3_1,1,1092,"('nɡ', 'n', 'nɡ')",kontenɡamos,kontenɡamos
90L_10NL,3,90L_10NL_3_1,1,1092,"('nɡ', 'n', 'nɡ')",kontenɡamos,kontenɡamos
90L_10NL,3,90L_10NL_3_1,1,1050,"('nɡ', 'nɡ', 'nɡ')",kontenɡamos,kontenɡamos
90L_10NL,3,90L_10NL_3_1,1,1050,"('nɡ', 'nɡ', 'nɡ')",kontenɡamos,kontenɡamos
90L_10NL,3,90L_10NL_3_1,1,1050,"('nɡ', 'nɡ', 'nɡ')",kontenɡamos,kontenɡamos
90L_10NL,3,90L_10NL_3_1,1,1092,"('nɡ', 'n', 'nɡ')",kontenɡamos,kontenɡamos
90L_10NL,3,90L_10NL_3_1,1,1092,"('nɡ', 'n', 'nɡ')",kontenɡamos,kontenɡamos
90L_10NL,3,90L_10NL_3_1,1,1092,"('nɡ', 'n', 'nɡ')",kontenɡamos,kontenɡamos
90L_10NL,3,90L_10NL_3_1,1,1050,"('nɡ', 'nɡ', 'nɡ')",kontenɡamos,kontenɡamos
90L_10NL,3,90L_10NL_3_1,1,1050,"('nɡ', 'nɡ', 'nɡ')",kontenɡamos,kontenɡamos
90L_10NL,3,90L_10NL_3_1,1,1092,"('nɡ', 'n', 'nɡ')",kontenɡamos,kontenɡamos
90L_10NL,3,90L_10NL_3_1,1,1092,"('nɡ', 'n', 'nɡ')",kontenɡamos,kontenɡamos
90L_10NL,3,90L_10NL_3_1,1,1092,"('nɡ', 'n', 'nɡ')",kontenɡamos,kontenɡamos
90L_10NL,3,90L_10NL_3_1,1,1050,"('nɡ', 'nɡ', 'nɡ')",kontenɡamos,kontenɡamos
90L_10NL,3,90L_10NL_3_1,1,1092,"('nɡ', 'n', 'nɡ')",kontenɡamos,kontenɡamos
90L_10NL,3,90L_10NL_3_1,1,1092,"('nɡ', 'n', 'nɡ')",kontenɡamos,kontenɡamos
90L_10NL,3,90L_10NL_3_1,1,1092,"('nɡ', 'n', 'nɡ')",kontenɡamos,kontenɡamos
90L_10NL,3,90L_10NL_3_1,1,1092,"('nɡ', 'n', 'nɡ')",kontenɡamos,kontenɡamos
90L_10NL,3,90L_10NL_3_1,1,1092,"('nɡ', 'n', 'nɡ')",kontenɡamos,kontenɡamos
90L_10NL,3,90L_10NL_3_1,1,1092,"('nɡ', 'n', 'nɡ')",kontenɡamos,kontenɡamos
90L_10NL,3,90L_10NL_3_1,1,700,"('n', 'n', 'nɡ')",kontenɡamos,kontenɡamos
90L_10NL,3,90L_10NL_3_1,1,700,"('n', 'n', 'nɡ')",kontenɡamos,kontenɡamos
90L_10NL,3,90L_10NL_3_1,1,700,"('n', 'n', 'nɡ')",kontenɡamos,kontenɡamos
90L_10NL,3,90L_10NL_3_1,1,700,"('n', 'n', 'nɡ')",kontenɡan,kontenɡan
90L_10NL,3,90L_10NL_3_1,1,1008,"('n', 'nɡ', 'nɡ')",kontenɡan,kontenɡan
90L_10NL,3,90L_10NL_3_1,1,1008,"('n', 'nɡ', 'nɡ')",kontenɡan,kontenɡan
90L_10NL,3,90L_10NL_3_1,1,1008,"('n', 'nɡ', 'nɡ')",kontenɡan,kontenɡan
90L_10NL,3,90L_10NL_3_1,1,1008,"('n', 'nɡ', 'nɡ')",kontenɡan,kontenɡan
90L_10NL,3,90L_10NL_3_1,1,1008,"('n', 'nɡ', 'nɡ')",kontenɡan,kontenɡan
90L_10NL,3,90L_10NL_3_1,1,1008,"('n', 'nɡ', 'nɡ')",kontenɡan,kontenɡan
90L_10NL,3,90L_10NL_3_1,1,700,"('n', 'n', 'nɡ')",kontenɡan,kontenɡan
90L_10NL,3,90L_10NL_3_1,1,700,"('n', 'n', 'nɡ')",kontenɡan,kontenɡan
90L_10NL,3,90L_10NL_3_1,1,700,"('n', 'n', 'nɡ')",kontenɡan,kontenɡan
90L_10NL,3,90L_10NL_3_1,1,1008,"('n', 'nɡ', 'nɡ')",kontenɡan,kontenɡan
90L_10NL,3,90L_10NL_3_1,1,1008,"('n', 'nɡ', 'nɡ')",kontenɡan,kontenɡan
90L_10NL,3,90L_10NL_3_1,1,1008,"('n', 'nɡ', 'nɡ')",kontenɡan,kontenɡan
90L_10NL,3,90L_10NL_3_1,1,1008,"('n', 'nɡ', 'nɡ')",kontenɡan,kontenɡan
90L_10NL,3,90L_10NL_3_1,1,1008,"('n', 'nɡ', 'nɡ')",kontenɡan,kontenɡan
90L_10NL,3,90L_10NL_3_1,1,1008,"('n', 'nɡ', 'nɡ')",kontenɡan,kontenɡan
90L_10NL,3,90L_10NL_3_1,1,700,"('n', 'n', 'nɡ')",kontenɡan,kontenɡan
90L_10NL,3,90L_10NL_3_1,1,700,"('n', 'n', 'nɡ')",kontenɡan,kontenɡan
90L_10NL,3,90L_10NL_3_1,1,700,"('n', 'n', 'nɡ')",kontenɡan,kontenɡan
90L_10NL,3,90L_10NL_3_1,1,1050,"('nɡ', 'nɡ', 'nɡ')",kontenɡan,kontenɡan
90L_10NL,3,90L_10NL_3_1,1,1050,"('nɡ', 'nɡ', 'nɡ')",kontenɡan,kontenɡan
90L_10NL,3,90L_10NL_3_1,1,1050,"('nɡ', 'nɡ', 'nɡ')",kontenɡan,kontenɡan
90L_10NL,3,90L_10NL_3_1,1,1050,"('nɡ', 'nɡ', 'nɡ')",kontenɡan,kontenɡan
90L_10NL,3,90L_10NL_3_1,1,1050,"('nɡ', 'nɡ', 'nɡ')",kontenɡan,kontenɡan
90L_10NL,3,90L_10NL_3_1,1,1092,"('nɡ', 'n', 'nɡ')",kontenɡan,kontenɡan
90L_10NL,3,90L_10NL_3_1,1,1092,"('nɡ', 'n', 'nɡ')",kontenɡan,kontenɡan
90L_10NL,3,90L_10NL_3_1,1,1092,"('nɡ', 'n', 'nɡ')",kontenɡan,kontenɡan
90L_10NL,3,90L_10NL_3_1,1,1050,"('nɡ', 'nɡ', 'nɡ')",kontenɡan,kontenɡan
90L_10NL,3,90L_10NL_3_1,1,1050,"('nɡ', 'nɡ', 'nɡ')",kontenɡan,kontenɡan
90L_10NL,3,90L_10NL_3_1,1,1050,"('nɡ', 'nɡ', 'nɡ')",kontenɡan,kontenɡan
90L_10NL,3,90L_10NL_3_1,1,1050,"('nɡ', 'nɡ', 'nɡ')",kontenɡan,kontenɡan
90L_10NL,3,90L_10NL_3_1,1,1092,"('nɡ', 'n', 'nɡ')",kontenɡan,kontenɡan
90L_10NL,3,90L_10NL_3_1,1,1092,"('nɡ', 'n', 'nɡ')",kontenɡan,kontenɡan
90L_10NL,3,90L_10NL_3_1,1,1092,"('nɡ', 'n', 'nɡ')",kontenɡan,kontenɡan
90L_10NL,3,90L_10NL_3_1,1,1050,"('nɡ', 'nɡ', 'nɡ')",kontenɡan,kontenɡan
90L_10NL,3,90L_10NL_3_1,1,1050,"('nɡ', 'nɡ', 'nɡ')",kontenɡan,kontenɡan
90L_10NL,3,90L_10NL_3_1,1,1050,"('nɡ', 'nɡ', 'nɡ')",kontenɡan,kontenɡan
90L_10NL,3,90L_10NL_3_1,1,1092,"('nɡ', 'n', 'nɡ')",kontenɡan,kontenɡan
90L_10NL,3,90L_10NL_3_1,1,1092,"('nɡ', 'n', 'nɡ')",kontenɡan,kontenɡan
90L_10NL,3,90L_10NL_3_1,1,1092,"('nɡ', 'n', 'nɡ')",kontenɡan,kontenɡan
90L_10NL,3,90L_10NL_3_1,1,1050,"('nɡ', 'nɡ', 'nɡ')",kontenɡan,kontenɡan
90L_10NL,3,90L_10NL_3_1,1,1050,"('nɡ', 'nɡ', 'nɡ')",kontenɡan,kontenɡan
90L_10NL,3,90L_10NL_3_1,1,1092,"('nɡ', 'n', 'nɡ')",kontenɡan,kontenɡan
90L_10NL,3,90L_10NL_3_1,1,1092,"('nɡ', 'n', 'nɡ')",kontenɡan,kontenɡan
90L_10NL,3,90L_10NL_3_1,1,1092,"('nɡ', 'n', 'nɡ')",kontenɡan,kontenɡan
90L_10NL,3,90L_10NL_3_1,1,1050,"('nɡ', 'nɡ', 'nɡ')",kontenɡan,kontenɡan
90L_10NL,3,90L_10NL_3_1,1,1092,"('nɡ', 'n', 'nɡ')",kontenɡan,kontenɡan
90L_10NL,3,90L_10NL_3_1,1,1092,"('nɡ', 'n', 'nɡ')",kontenɡan,kontenɡan
90L_10NL,3,90L_10NL_3_1,1,1092,"('nɡ', 'n', 'nɡ')",kontenɡan,kontenɡan
90L_10NL,3,90L_10NL_3_1,1,1092,"('nɡ', 'n', 'nɡ')",kontenɡan,kontenɡan
90L_10NL,3,90L_10NL_3_1,1,1092,"('nɡ', 'n', 'nɡ')",kontenɡan,kontenɡan
90L_10NL,3,90L_10NL_3_1,1,1092,"('nɡ', 'n', 'nɡ')",kontenɡan,kontenɡan
90L_10NL,3,90L_10NL_3_1,1,700,"('n', 'n', 'nɡ')",kontenɡan,kontenɡan
90L_10NL,3,90L_10NL_3_1,1,700,"('n', 'n', 'nɡ')",kontenɡan,kontenɡan
90L_10NL,3,90L_10NL_3_1,1,700,"('n', 'n', 'nɡ')",kontenɡan,kontenɡan
90L_10NL,3,90L_10NL_3_1,1,700,"('n', 'n', 'nɡ')",kontenɡas,kontenɡas
90L_10NL,3,90L_10NL_3_1,1,1008,"('n', 'nɡ', 'nɡ')",kontenɡas,kontenɡas
90L_10NL,3,90L_10NL_3_1,1,1008,"('n', 'nɡ', 'nɡ')",kontenɡas,kontenɡas
90L_10NL,3,90L_10NL_3_1,1,1008,"('n', 'nɡ', 'nɡ')",kontenɡas,kontenɡas
90L_10NL,3,90L_10NL_3_1,1,1008,"('n', 'nɡ', 'nɡ')",kontenɡas,kontenɡas
90L_10NL,3,90L_10NL_3_1,1,1008,"('n', 'nɡ', 'nɡ')",kontenɡas,kontenɡas
90L_10NL,3,90L_10NL_3_1,1,1008,"('n', 'nɡ', 'nɡ')",kontenɡas,kontenɡas
90L_10NL,3,90L_10NL_3_1,1,700,"('n', 'n', 'nɡ')",kontenɡas,kontenɡas
90L_10NL,3,90L_10NL_3_1,1,700,"('n', 'n', 'nɡ')",kontenɡas,kontenɡas
90L_10NL,3,90L_10NL_3_1,1,700,"('n', 'n', 'nɡ')",kontenɡas,kontenɡas
90L_10NL,3,90L_10NL_3_1,1,1008,"('n', 'nɡ', 'nɡ')",kontenɡas,kontenɡas
90L_10NL,3,90L_10NL_3_1,1,1008,"('n', 'nɡ', 'nɡ')",kontenɡas,kontenɡas
90L_10NL,3,90L_10NL_3_1,1,1008,"('n', 'nɡ', 'nɡ')",kontenɡas,kontenɡas
90L_10NL,3,90L_10NL_3_1,1,1008,"('n', 'nɡ', 'nɡ')",kontenɡas,kontenɡas
90L_10NL,3,90L_10NL_3_1,1,1008,"('n', 'nɡ', 'nɡ')",kontenɡas,kontenɡas
90L_10NL,3,90L_10NL_3_1,1,1008,"('n', 'nɡ', 'nɡ')",kontenɡas,kontenɡas
90L_10NL,3,90L_10NL_3_1,1,700,"('n', 'n', 'nɡ')",kontenɡas,kontenɡas
90L_10NL,3,90L_10NL_3_1,1,700,"('n', 'n', 'nɡ')",kontenɡas,kontenɡas
90L_10NL,3,90L_10NL_3_1,1,700,"('n', 'n', 'nɡ')",kontenɡas,kontenɡas
90L_10NL,3,90L_10NL_3_1,1,1050,"('nɡ', 'nɡ', 'nɡ')",kontenɡas,kontenɡas
90L_10NL,3,90L_10NL_3_1,1,1050,"('nɡ', 'nɡ', 'nɡ')",kontenɡas,kontenɡas
90L_10NL,3,90L_10NL_3_1,1,1050,"('nɡ', 'nɡ', 'nɡ')",kontenɡas,kontenɡas
90L_10NL,3,90L_10NL_3_1,1,1050,"('nɡ', 'nɡ', 'nɡ')",kontenɡas,kontenɡas
90L_10NL,3,90L_10NL_3_1,1,1050,"('nɡ', 'nɡ', 'nɡ')",kontenɡas,kontenɡas
90L_10NL,3,90L_10NL_3_1,1,1092,"('nɡ', 'n', 'nɡ')",kontenɡas,kontenɡas
90L_10NL,3,90L_10NL_3_1,1,1092,"('nɡ', 'n', 'nɡ')",kontenɡas,kontenɡas
90L_10NL,3,90L_10NL_3_1,1,1092,"('nɡ', 'n', 'nɡ')",kontenɡas,kontenɡas
90L_10NL,3,90L_10NL_3_1,1,1050,"('nɡ', 'nɡ', 'nɡ')",kontenɡas,kontenɡas
90L_10NL,3,90L_10NL_3_1,1,1050,"('nɡ', 'nɡ', 'nɡ')",kontenɡas,kontenɡas
90L_10NL,3,90L_10NL_3_1,1,1050,"('nɡ', 'nɡ', 'nɡ')",kontenɡas,kontenɡas
90L_10NL,3,90L_10NL_3_1,1,1050,"('nɡ', 'nɡ', 'nɡ')",kontenɡas,kontenɡas
90L_10NL,3,90L_10NL_3_1,1,1092,"('nɡ', 'n', 'nɡ')",kontenɡas,kontenɡas
90L_10NL,3,90L_10NL_3_1,1,1092,"('nɡ', 'n', 'nɡ')",kontenɡas,kontenɡas
90L_10NL,3,90L_10NL_3_1,1,1092,"('nɡ', 'n', 'nɡ')",kontenɡas,kontenɡas
90L_10NL,3,90L_10NL_3_1,1,1050,"('nɡ', 'nɡ', 'nɡ')",kontenɡas,kontenɡas
90L_10NL,3,90L_10NL_3_1,1,1050,"('nɡ', 'nɡ', 'nɡ')",kontenɡas,kontenɡas
90L_10NL,3,90L_10NL_3_1,1,1050,"('nɡ', 'nɡ', 'nɡ')",kontenɡas,kontenɡas
90L_10NL,3,90L_10NL_3_1,1,1092,"('nɡ', 'n', 'nɡ')",kontenɡas,kontenɡas
90L_10NL,3,90L_10NL_3_1,1,1092,"('nɡ', 'n', 'nɡ')",kontenɡas,kontenɡas
90L_10NL,3,90L_10NL_3_1,1,1092,"('nɡ', 'n', 'nɡ')",kontenɡas,kontenɡas
90L_10NL,3,90L_10NL_3_1,1,1050,"('nɡ', 'nɡ', 'nɡ')",kontenɡas,kontenɡas
90L_10NL,3,90L_10NL_3_1,1,1050,"('nɡ', 'nɡ', 'nɡ')",kontenɡas,kontenɡas
90L_10NL,3,90L_10NL_3_1,1,1092,"('nɡ', 'n', 'nɡ')",kontenɡas,kontenɡas
90L_10NL,3,90L_10NL_3_1,1,1092,"('nɡ', 'n', 'nɡ')",kontenɡas,kontenɡas
90L_10NL,3,90L_10NL_3_1,1,1092,"('nɡ', 'n', 'nɡ')",kontenɡas,kontenɡas
90L_10NL,3,90L_10NL_3_1,1,1050,"('nɡ', 'nɡ', 'nɡ')",kontenɡas,kontenɡas
90L_10NL,3,90L_10NL_3_1,1,1092,"('nɡ', 'n', 'nɡ')",kontenɡas,kontenɡas
90L_10NL,3,90L_10NL_3_1,1,1092,"('nɡ', 'n', 'nɡ')",kontenɡas,kontenɡas
90L_10NL,3,90L_10NL_3_1,1,1092,"('nɡ', 'n', 'nɡ')",kontenɡas,kontenɡas
90L_10NL,3,90L_10NL_3_1,1,1092,"('nɡ', 'n', 'nɡ')",kontenɡas,kontenɡas
90L_10NL,3,90L_10NL_3_1,1,1092,"('nɡ', 'n', 'nɡ')",kontenɡas,kontenɡas
90L_10NL,3,90L_10NL_3_1,1,1092,"('nɡ', 'n', 'nɡ')",kontenɡas,kontenɡas
90L_10NL,3,90L_10NL_3_1,1,700,"('n', 'n', 'nɡ')",kontenɡas,kontenɡas
90L_10NL,3,90L_10NL_3_1,1,700,"('n', 'n', 'nɡ')",kontenɡas,kontenɡas
90L_10NL,3,90L_10NL_3_1,1,700,"('n', 'n', 'nɡ')",kontenɡas,kontenɡas
90L_10NL,3,90L_10NL_3_1,1,700,"('n', 'n', 'nɡ')",kontenɡa,kontenɡa
90L_10NL,3,90L_10NL_3_1,1,1008,"('n', 'nɡ', 'nɡ')",kontenɡa,kontenɡa
90L_10NL,3,90L_10NL_3_1,1,1008,"('n', 'nɡ', 'nɡ')",kontenɡa,kontenɡa
90L_10NL,3,90L_10NL_3_1,1,1008,"('n', 'nɡ', 'nɡ')",kontenɡa,kontenɡa
90L_10NL,3,90L_10NL_3_1,1,1008,"('n', 'nɡ', 'nɡ')",kontenɡa,kontenɡa
90L_10NL,3,90L_10NL_3_1,1,1008,"('n', 'nɡ', 'nɡ')",kontenɡa,kontenɡa
90L_10NL,3,90L_10NL_3_1,1,1008,"('n', 'nɡ', 'nɡ')",kontenɡa,kontenɡa
90L_10NL,3,90L_10NL_3_1,1,700,"('n', 'n', 'nɡ')",kontenɡa,kontenɡa
90L_10NL,3,90L_10NL_3_1,1,700,"('n', 'n', 'nɡ')",kontenɡa,kontenɡa
90L_10NL,3,90L_10NL_3_1,1,700,"('n', 'n', 'nɡ')",kontenɡa,kontenɡa
90L_10NL,3,90L_10NL_3_1,1,1008,"('n', 'nɡ', 'nɡ')",kontenɡa,kontenɡa
90L_10NL,3,90L_10NL_3_1,1,1008,"('n', 'nɡ', 'nɡ')",kontenɡa,kontenɡa
90L_10NL,3,90L_10NL_3_1,1,1008,"('n', 'nɡ', 'nɡ')",kontenɡa,kontenɡa
90L_10NL,3,90L_10NL_3_1,1,1008,"('n', 'nɡ', 'nɡ')",kontenɡa,kontenɡa
90L_10NL,3,90L_10NL_3_1,1,1008,"('n', 'nɡ', 'nɡ')",kontenɡa,kontenɡa
90L_10NL,3,90L_10NL_3_1,1,1008,"('n', 'nɡ', 'nɡ')",kontenɡa,kontenɡa
90L_10NL,3,90L_10NL_3_1,1,700,"('n', 'n', 'nɡ')",kontenɡa,kontenɡa
90L_10NL,3,90L_10NL_3_1,1,700,"('n', 'n', 'nɡ')",kontenɡa,kontenɡa
90L_10NL,3,90L_10NL_3_1,1,700,"('n', 'n', 'nɡ')",kontenɡa,kontenɡa
90L_10NL,3,90L_10NL_3_1,1,1050,"('nɡ', 'nɡ', 'nɡ')",kontenɡa,kontenɡa
90L_10NL,3,90L_10NL_3_1,1,1050,"('nɡ', 'nɡ', 'nɡ')",kontenɡa,kontenɡa
90L_10NL,3,90L_10NL_3_1,1,1050,"('nɡ', 'nɡ', 'nɡ')",kontenɡa,kontenɡa
90L_10NL,3,90L_10NL_3_1,1,1050,"('nɡ', 'nɡ', 'nɡ')",kontenɡa,kontenɡa
90L_10NL,3,90L_10NL_3_1,1,1050,"('nɡ', 'nɡ', 'nɡ')",kontenɡa,kontenɡa
90L_10NL,3,90L_10NL_3_1,1,1092,"('nɡ', 'n', 'nɡ')",kontenɡa,kontenɡa
90L_10NL,3,90L_10NL_3_1,1,1092,"('nɡ', 'n', 'nɡ')",kontenɡa,kontenɡa
90L_10NL,3,90L_10NL_3_1,1,1092,"('nɡ', 'n', 'nɡ')",kontenɡa,kontenɡa
90L_10NL,3,90L_10NL_3_1,1,1050,"('nɡ', 'nɡ', 'nɡ')",kontenɡa,kontenɡa
90L_10NL,3,90L_10NL_3_1,1,1050,"('nɡ', 'nɡ', 'nɡ')",kontenɡa,kontenɡa
90L_10NL,3,90L_10NL_3_1,1,1050,"('nɡ', 'nɡ', 'nɡ')",kontenɡa,kontenɡa
90L_10NL,3,90L_10NL_3_1,1,1050,"('nɡ', 'nɡ', 'nɡ')",kontenɡa,kontenɡa
90L_10NL,3,90L_10NL_3_1,1,1092,"('nɡ', 'n', 'nɡ')",kontenɡa,kontenɡa
90L_10NL,3,90L_10NL_3_1,1,1092,"('nɡ', 'n', 'nɡ')",kontenɡa,kontenɡa
90L_10NL,3,90L_10NL_3_1,1,1092,"('nɡ', 'n', 'nɡ')",kontenɡa,kontenɡa
90L_10NL,3,90L_10NL_3_1,1,1050,"('nɡ', 'nɡ', 'nɡ')",kontenɡa,kontenɡa
90L_10NL,3,90L_10NL_3_1,1,1050,"('nɡ', 'nɡ', 'nɡ')",kontenɡa,kontenɡa
90L_10NL,3,90L_10NL_3_1,1,1050,"('nɡ', 'nɡ', 'nɡ')",kontenɡa,kontenɡa
90L_10NL,3,90L_10NL_3_1,1,1092,"('nɡ', 'n', 'nɡ')",kontenɡa,kontenɡa
90L_10NL,3,90L_10NL_3_1,1,1092,"('nɡ', 'n', 'nɡ')",kontenɡa,kontenɡa
90L_10NL,3,90L_10NL_3_1,1,1092,"('nɡ', 'n', 'nɡ')",kontenɡa,kontenɡa
90L_10NL,3,90L_10NL_3_1,1,1050,"('nɡ', 'nɡ', 'nɡ')",kontenɡa,kontenɡa
90L_10NL,3,90L_10NL_3_1,1,1050,"('nɡ', 'nɡ', 'nɡ')",kontenɡa,kontenɡa
90L_10NL,3,90L_10NL_3_1,1,1092,"('nɡ', 'n', 'nɡ')",kontenɡa,kontenɡa
90L_10NL,3,90L_10NL_3_1,1,1092,"('nɡ', 'n', 'nɡ')",kontenɡa,kontenɡa
90L_10NL,3,90L_10NL_3_1,1,1092,"('nɡ', 'n', 'nɡ')",kontenɡa,kontenɡa
90L_10NL,3,90L_10NL_3_1,1,1050,"('nɡ', 'nɡ', 'nɡ')",kontenɡa,kontenɡa
90L_10NL,3,90L_10NL_3_1,1,1092,"('nɡ', 'n', 'nɡ')",kontenɡa,kontenɡa
90L_10NL,3,90L_10NL_3_1,1,1092,"('nɡ', 'n', 'nɡ')",kontenɡa,kontenɡa
90L_10NL,3,90L_10NL_3_1,1,1092,"('nɡ', 'n', 'nɡ')",kontenɡa,kontenɡa
90L_10NL,3,90L_10NL_3_1,1,1092,"('nɡ', 'n', 'nɡ')",kontenɡa,kontenɡa
90L_10NL,3,90L_10NL_3_1,1,1092,"('nɡ', 'n', 'nɡ')",kontenɡa,kontenɡa
90L_10NL,3,90L_10NL_3_1,1,1092,"('nɡ', 'n', 'nɡ')",kontenɡa,kontenɡa
90L_10NL,3,90L_10NL_3_1,1,700,"('n', 'n', 'nɡ')",kontenɡa,kontenɡa
90L_10NL,3,90L_10NL_3_1,1,700,"('n', 'n', 'nɡ')",kontenɡa,kontenɡa
90L_10NL,3,90L_10NL_3_1,1,700,"('n', 'n', 'nɡ')",kontenɡa,kontenɡa
90L_10NL,3,90L_10NL_3_1,1,700,"('n', 'n', 'nɡ')",kontenɡa,kontenɡa
90L_10NL,3,90L_10NL_3_1,1,1008,"('n', 'nɡ', 'nɡ')",kontenɡa,kontenɡa
90L_10NL,3,90L_10NL_3_1,1,1008,"('n', 'nɡ', 'nɡ')",kontenɡa,kontenɡa
90L_10NL,3,90L_10NL_3_1,1,1008,"('n', 'nɡ', 'nɡ')",kontenɡa,kontenɡa
90L_10NL,3,90L_10NL_3_1,1,1008,"('n', 'nɡ', 'nɡ')",kontenɡa,kontenɡa
90L_10NL,3,90L_10NL_3_1,1,1008,"('n', 'nɡ', 'nɡ')",kontenɡa,kontenɡa
90L_10NL,3,90L_10NL_3_1,1,1008,"('n', 'nɡ', 'nɡ')",kontenɡa,kontenɡa
90L_10NL,3,90L_10NL_3_1,1,700,"('n', 'n', 'nɡ')",kontenɡa,kontenɡa
90L_10NL,3,90L_10NL_3_1,1,700,"('n', 'n', 'nɡ')",kontenɡa,kontenɡa
90L_10NL,3,90L_10NL_3_1,1,700,"('n', 'n', 'nɡ')",kontenɡa,kontenɡa
90L_10NL,3,90L_10NL_3_1,1,1008,"('n', 'nɡ', 'nɡ')",kontenɡa,kontenɡa
90L_10NL,3,90L_10NL_3_1,1,1008,"('n', 'nɡ', 'nɡ')",kontenɡa,kontenɡa
90L_10NL,3,90L_10NL_3_1,1,1008,"('n', 'nɡ', 'nɡ')",kontenɡa,kontenɡa
90L_10NL,3,90L_10NL_3_1,1,1008,"('n', 'nɡ', 'nɡ')",kontenɡa,kontenɡa
90L_10NL,3,90L_10NL_3_1,1,1008,"('n', 'nɡ', 'nɡ')",kontenɡa,kontenɡa
90L_10NL,3,90L_10NL_3_1,1,1008,"('n', 'nɡ', 'nɡ')",kontenɡa,kontenɡa
90L_10NL,3,90L_10NL_3_1,1,700,"('n', 'n', 'nɡ')",kontenɡa,kontenɡa
90L_10NL,3,90L_10NL_3_1,1,700,"('n', 'n', 'nɡ')",kontenɡa,kontenɡa
90L_10NL,3,90L_10NL_3_1,1,700,"('n', 'n', 'nɡ')",kontenɡa,kontenɡa
90L_10NL,3,90L_10NL_3_1,1,1050,"('nɡ', 'nɡ', 'nɡ')",kontenɡa,kontenɡa
90L_10NL,3,90L_10NL_3_1,1,1050,"('nɡ', 'nɡ', 'nɡ')",kontenɡa,kontenɡa
90L_10NL,3,90L_10NL_3_1,1,1050,"('nɡ', 'nɡ', 'nɡ')",kontenɡa,kontenɡa
90L_10NL,3,90L_10NL_3_1,1,1050,"('nɡ', 'nɡ', 'nɡ')",kontenɡa,kontenɡa
90L_10NL,3,90L_10NL_3_1,1,1050,"('nɡ', 'nɡ', 'nɡ')",kontenɡa,kontenɡa
90L_10NL,3,90L_10NL_3_1,1,1092,"('nɡ', 'n', 'nɡ')",kontenɡa,kontenɡa
90L_10NL,3,90L_10NL_3_1,1,1092,"('nɡ', 'n', 'nɡ')",kontenɡa,kontenɡa
90L_10NL,3,90L_10NL_3_1,1,1092,"('nɡ', 'n', 'nɡ')",kontenɡa,kontenɡa
90L_10NL,3,90L_10NL_3_1,1,1050,"('nɡ', 'nɡ', 'nɡ')",kontenɡa,kontenɡa
90L_10NL,3,90L_10NL_3_1,1,1050,"('nɡ', 'nɡ', 'nɡ')",kontenɡa,kontenɡa
90L_10NL,3,90L_10NL_3_1,1,1050,"('nɡ', 'nɡ', 'nɡ')",kontenɡa,kontenɡa
90L_10NL,3,90L_10NL_3_1,1,1050,"('nɡ', 'nɡ', 'nɡ')",kontenɡa,kontenɡa
90L_10NL,3,90L_10NL_3_1,1,1092,"('nɡ', 'n', 'nɡ')",kontenɡa,kontenɡa
90L_10NL,3,90L_10NL_3_1,1,1092,"('nɡ', 'n', 'nɡ')",kontenɡa,kontenɡa
90L_10NL,3,90L_10NL_3_1,1,1092,"('nɡ', 'n', 'nɡ')",kontenɡa,kontenɡa
90L_10NL,3,90L_10NL_3_1,1,1050,"('nɡ', 'nɡ', 'nɡ')",kontenɡa,kontenɡa
90L_10NL,3,90L_10NL_3_1,1,1050,"('nɡ', 'nɡ', 'nɡ')",kontenɡa,kontenɡa
90L_10NL,3,90L_10NL_3_1,1,1050,"('nɡ', 'nɡ', 'nɡ')",kontenɡa,kontenɡa
90L_10NL,3,90L_10NL_3_1,1,1092,"('nɡ', 'n', 'nɡ')",kontenɡa,kontenɡa
90L_10NL,3,90L_10NL_3_1,1,1092,"('nɡ', 'n', 'nɡ')",kontenɡa,kontenɡa
90L_10NL,3,90L_10NL_3_1,1,1092,"('nɡ', 'n', 'nɡ')",kontenɡa,kontenɡa
90L_10NL,3,90L_10NL_3_1,1,1050,"('nɡ', 'nɡ', 'nɡ')",kontenɡa,kontenɡa
90L_10NL,3,90L_10NL_3_1,1,1050,"('nɡ', 'nɡ', 'nɡ')",kontenɡa,kontenɡa
90L_10NL,3,90L_10NL_3_1,1,1092,"('nɡ', 'n', 'nɡ')",kontenɡa,kontenɡa
90L_10NL,3,90L_10NL_3_1,1,1092,"('nɡ', 'n', 'nɡ')",kontenɡa,kontenɡa
90L_10NL,3,90L_10NL_3_1,1,1092,"('nɡ', 'n', 'nɡ')",kontenɡa,kontenɡa
90L_10NL,3,90L_10NL_3_1,1,1050,"('nɡ', 'nɡ', 'nɡ')",kontenɡa,kontenɡa
90L_10NL,3,90L_10NL_3_1,1,1092,"('nɡ', 'n', 'nɡ')",kontenɡa,kontenɡa
90L_10NL,3,90L_10NL_3_1,1,1092,"('nɡ', 'n', 'nɡ')",kontenɡa,kontenɡa
90L_10NL,3,90L_10NL_3_1,1,1092,"('nɡ', 'n', 'nɡ')",kontenɡa,kontenɡa
90L_10NL,3,90L_10NL_3_1,1,1092,"('nɡ', 'n', 'nɡ')",kontenɡa,kontenɡa
90L_10NL,3,90L_10NL_3_1,1,1092,"('nɡ', 'n', 'nɡ')",kontenɡa,kontenɡa
90L_10NL,3,90L_10NL_3_1,1,1092,"('nɡ', 'n', 'nɡ')",kontenɡa,kontenɡa
90L_10NL,3,90L_10NL_3_1,1,700,"('n', 'n', 'nɡ')",kontenɡa,kontenɡa
90L_10NL,3,90L_10NL_3_1,1,700,"('n', 'n', 'nɡ')",kontenɡa,kontenɡa
90L_10NL,3,90L_10NL_3_1,1,700,"('n', 'n', 'nɡ')",kontenɡa,kontenɡa
90L_10NL,3,90L_10NL_3_1,1,700,"('n', 'n', 'nɡ')",kontenɡo,kontenɡo
90L_10NL,3,90L_10NL_3_1,1,1008,"('n', 'nɡ', 'nɡ')",kontenɡo,kontenɡo
90L_10NL,3,90L_10NL_3_1,1,1008,"('n', 'nɡ', 'nɡ')",kontenɡo,kontenɡo
90L_10NL,3,90L_10NL_3_1,1,1008,"('n', 'nɡ', 'nɡ')",kontenɡo,kontenɡo
90L_10NL,3,90L_10NL_3_1,1,1008,"('n', 'nɡ', 'nɡ')",kontenɡo,kontenɡo
90L_10NL,3,90L_10NL_3_1,1,1008,"('n', 'nɡ', 'nɡ')",kontenɡo,kontenɡo
90L_10NL,3,90L_10NL_3_1,1,1008,"('n', 'nɡ', 'nɡ')",kontenɡo,kontenɡo
90L_10NL,3,90L_10NL_3_1,1,700,"('n', 'n', 'nɡ')",kontenɡo,kontenɡo
90L_10NL,3,90L_10NL_3_1,1,700,"('n', 'n', 'nɡ')",kontenɡo,kontenɡo
90L_10NL,3,90L_10NL_3_1,1,700,"('n', 'n', 'nɡ')",kontenɡo,kontenɡo
90L_10NL,3,90L_10NL_3_1,1,1008,"('n', 'nɡ', 'nɡ')",kontenɡo,kontenɡo
90L_10NL,3,90L_10NL_3_1,1,1008,"('n', 'nɡ', 'nɡ')",kontenɡo,kontenɡo
90L_10NL,3,90L_10NL_3_1,1,1008,"('n', 'nɡ', 'nɡ')",kontenɡo,kontenɡo
90L_10NL,3,90L_10NL_3_1,1,1008,"('n', 'nɡ', 'nɡ')",kontenɡo,kontenɡo
90L_10NL,3,90L_10NL_3_1,1,1008,"('n', 'nɡ', 'nɡ')",kontenɡo,kontenɡo
90L_10NL,3,90L_10NL_3_1,1,1008,"('n', 'nɡ', 'nɡ')",kontenɡo,kontenɡo
90L_10NL,3,90L_10NL_3_1,1,700,"('n', 'n', 'nɡ')",kontenɡo,kontenɡo
90L_10NL,3,90L_10NL_3_1,1,700,"('n', 'n', 'nɡ')",kontenɡo,kontenɡo
90L_10NL,3,90L_10NL_3_1,1,700,"('n', 'n', 'nɡ')",kontenɡo,kontenɡo
90L_10NL,3,90L_10NL_3_1,1,1050,"('nɡ', 'nɡ', 'nɡ')",kontenɡo,kontenɡo
90L_10NL,3,90L_10NL_3_1,1,1050,"('nɡ', 'nɡ', 'nɡ')",kontenɡo,kontenɡo
90L_10NL,3,90L_10NL_3_1,1,1050,"('nɡ', 'nɡ', 'nɡ')",kontenɡo,kontenɡo
90L_10NL,3,90L_10NL_3_1,1,1050,"('nɡ', 'nɡ', 'nɡ')",kontenɡo,kontenɡo
90L_10NL,3,90L_10NL_3_1,1,1050,"('nɡ', 'nɡ', 'nɡ')",kontenɡo,kontenɡo
90L_10NL,3,90L_10NL_3_1,1,1092,"('nɡ', 'n', 'nɡ')",kontenɡo,kontenɡo
90L_10NL,3,90L_10NL_3_1,1,1092,"('nɡ', 'n', 'nɡ')",kontenɡo,kontenɡo
90L_10NL,3,90L_10NL_3_1,1,1092,"('nɡ', 'n', 'nɡ')",kontenɡo,kontenɡo
90L_10NL,3,90L_10NL_3_1,1,1050,"('nɡ', 'nɡ', 'nɡ')",kontenɡo,kontenɡo
90L_10NL,3,90L_10NL_3_1,1,1050,"('nɡ', 'nɡ', 'nɡ')",kontenɡo,kontenɡo
90L_10NL,3,90L_10NL_3_1,1,1050,"('nɡ', 'nɡ', 'nɡ')",kontenɡo,kontenɡo
90L_10NL,3,90L_10NL_3_1,1,1050,"('nɡ', 'nɡ', 'nɡ')",kontenɡo,kontenɡo
90L_10NL,3,90L_10NL_3_1,1,1092,"('nɡ', 'n', 'nɡ')",kontenɡo,kontenɡo
90L_10NL,3,90L_10NL_3_1,1,1092,"('nɡ', 'n', 'nɡ')",kontenɡo,kontenɡo
90L_10NL,3,90L_10NL_3_1,1,1092,"('nɡ', 'n', 'nɡ')",kontenɡo,kontenɡo
90L_10NL,3,90L_10NL_3_1,1,1050,"('nɡ', 'nɡ', 'nɡ')",kontenɡo,kontenɡo
90L_10NL,3,90L_10NL_3_1,1,1050,"('nɡ', 'nɡ', 'nɡ')",kontenɡo,kontenɡo
90L_10NL,3,90L_10NL_3_1,1,1050,"('nɡ', 'nɡ', 'nɡ')",kontenɡo,kontenɡo
90L_10NL,3,90L_10NL_3_1,1,1092,"('nɡ', 'n', 'nɡ')",kontenɡo,kontenɡo
90L_10NL,3,90L_10NL_3_1,1,1092,"('nɡ', 'n', 'nɡ')",kontenɡo,kontenɡo
90L_10NL,3,90L_10NL_3_1,1,1092,"('nɡ', 'n', 'nɡ')",kontenɡo,kontenɡo
90L_10NL,3,90L_10NL_3_1,1,1050,"('nɡ', 'nɡ', 'nɡ')",kontenɡo,kontenɡo
90L_10NL,3,90L_10NL_3_1,1,1050,"('nɡ', 'nɡ', 'nɡ')",kontenɡo,kontenɡo
90L_10NL,3,90L_10NL_3_1,1,1092,"('nɡ', 'n', 'nɡ')",kontenɡo,kontenɡo
90L_10NL,3,90L_10NL_3_1,1,1092,"('nɡ', 'n', 'nɡ')",kontenɡo,kontenɡo
90L_10NL,3,90L_10NL_3_1,1,1092,"('nɡ', 'n', 'nɡ')",kontenɡo,kontenɡo
90L_10NL,3,90L_10NL_3_1,1,1050,"('nɡ', 'nɡ', 'nɡ')",kontenɡo,kontenɡo
90L_10NL,3,90L_10NL_3_1,1,1092,"('nɡ', 'n', 'nɡ')",kontenɡo,kontenɡo
90L_10NL,3,90L_10NL_3_1,1,1092,"('nɡ', 'n', 'nɡ')",kontenɡo,kontenɡo
90L_10NL,3,90L_10NL_3_1,1,1092,"('nɡ', 'n', 'nɡ')",kontenɡo,kontenɡo
90L_10NL,3,90L_10NL_3_1,1,1092,"('nɡ', 'n', 'nɡ')",kontenɡo,kontenɡo
90L_10NL,3,90L_10NL_3_1,1,1092,"('nɡ', 'n', 'nɡ')",kontenɡo,kontenɡo
90L_10NL,3,90L_10NL_3_1,1,1092,"('nɡ', 'n', 'nɡ')",kontenɡo,kontenɡo
90L_10NL,3,90L_10NL_3_1,1,700,"('n', 'n', 'nɡ')",kontenɡo,kontenɡo
90L_10NL,3,90L_10NL_3_1,1,700,"('n', 'n', 'nɡ')",kontenɡo,kontenɡo
90L_10NL,3,90L_10NL_3_1,1,700,"('n', 'n', 'nɡ')",kontenɡo,kontenɡo
90L_10NL,3,90L_10NL_3_1,1,300,"('n', 'n', 'n')",kontjenen,kontjenen
90L_10NL,3,90L_10NL_3_1,1,672,"('n', 'nɡ', 'n')",kontjenen,kontjenen
90L_10NL,3,90L_10NL_3_1,1,672,"('n', 'nɡ', 'n')",kontjenen,kontjenen
90L_10NL,3,90L_10NL_3_1,1,672,"('n', 'nɡ', 'n')",kontjenen,kontjenen
90L_10NL,3,90L_10NL_3_1,1,672,"('n', 'nɡ', 'n')",kontjenen,kontjenen
90L_10NL,3,90L_10NL_3_1,1,672,"('n', 'nɡ', 'n')",kontjenen,kontjenen
90L_10NL,3,90L_10NL_3_1,1,672,"('n', 'nɡ', 'n')",kontjenen,kontjenen
90L_10NL,3,90L_10NL_3_1,1,672,"('n', 'nɡ', 'n')",kontjenen,kontjenen
90L_10NL,3,90L_10NL_3_1,1,300,"('n', 'n', 'n')",kontjenen,kontjenen
90L_10NL,3,90L_10NL_3_1,1,300,"('n', 'n', 'n')",kontjenen,kontjenen
90L_10NL,3,90L_10NL_3_1,1,672,"('n', 'nɡ', 'n')",kontjenen,kontjenen
90L_10NL,3,90L_10NL_3_1,1,672,"('n', 'nɡ', 'n')",kontjenen,kontjenen
90L_10NL,3,90L_10NL_3_1,1,672,"('n', 'nɡ', 'n')",kontjenen,kontjenen
90L_10NL,3,90L_10NL_3_1,1,672,"('n', 'nɡ', 'n')",kontjenen,kontjenen
90L_10NL,3,90L_10NL_3_1,1,672,"('n', 'nɡ', 'n')",kontjenen,kontjenen
90L_10NL,3,90L_10NL_3_1,1,672,"('n', 'nɡ', 'n')",kontjenen,kontjenen
90L_10NL,3,90L_10NL_3_1,1,672,"('n', 'nɡ', 'n')",kontjenen,kontjenen
90L_10NL,3,90L_10NL_3_1,1,300,"('n', 'n', 'n')",kontjenen,kontjenen
90L_10NL,3,90L_10NL_3_1,1,300,"('n', 'n', 'n')",kontjenen,kontjenen
90L_10NL,3,90L_10NL_3_1,1,1050,"('nɡ', 'nɡ', 'n')",kontjenen,kontjenen
90L_10NL,3,90L_10NL_3_1,1,1050,"('nɡ', 'nɡ', 'n')",kontjenen,kontjenen
90L_10NL,3,90L_10NL_3_1,1,1050,"('nɡ', 'nɡ', 'n')",kontjenen,kontjenen
90L_10NL,3,90L_10NL_3_1,1,1050,"('nɡ', 'nɡ', 'n')",kontjenen,kontjenen
90L_10NL,3,90L_10NL_3_1,1,1050,"('nɡ', 'nɡ', 'n')",kontjenen,kontjenen
90L_10NL,3,90L_10NL_3_1,1,1050,"('nɡ', 'nɡ', 'n')",kontjenen,kontjenen
90L_10NL,3,90L_10NL_3_1,1,728,"('nɡ', 'n', 'n')",kontjenen,kontjenen
90L_10NL,3,90L_10NL_3_1,1,728,"('nɡ', 'n', 'n')",kontjenen,kontjenen
90L_10NL,3,90L_10NL_3_1,1,1050,"('nɡ', 'nɡ', 'n')",kontjenen,kontjenen
90L_10NL,3,90L_10NL_3_1,1,1050,"('nɡ', 'nɡ', 'n')",kontjenen,kontjenen
90L_10NL,3,90L_10NL_3_1,1,1050,"('nɡ', 'nɡ', 'n')",kontjenen,kontjenen
90L_10NL,3,90L_10NL_3_1,1,1050,"('nɡ', 'nɡ', 'n')",kontjenen,kontjenen
90L_10NL,3,90L_10NL_3_1,1,1050,"('nɡ', 'nɡ', 'n')",kontjenen,kontjenen
90L_10NL,3,90L_10NL_3_1,1,728,"('nɡ', 'n', 'n')",kontjenen,kontjenen
90L_10NL,3,90L_10NL_3_1,1,728,"('nɡ', 'n', 'n')",kontjenen,kontjenen
90L_10NL,3,90L_10NL_3_1,1,1050,"('nɡ', 'nɡ', 'n')",kontjenen,kontjenen
90L_10NL,3,90L_10NL_3_1,1,1050,"('nɡ', 'nɡ', 'n')",kontjenen,kontjenen
90L_10NL,3,90L_10NL_3_1,1,1050,"('nɡ', 'nɡ', 'n')",kontjenen,kontjenen
90L_10NL,3,90L_10NL_3_1,1,1050,"('nɡ', 'nɡ', 'n')",kontjenen,kontjenen
90L_10NL,3,90L_10NL_3_1,1,728,"('nɡ', 'n', 'n')",kontjenen,kontjenen
90L_10NL,3,90L_10NL_3_1,1,728,"('nɡ', 'n', 'n')",kontjenen,kontjenen
90L_10NL,3,90L_10NL_3_1,1,1050,"('nɡ', 'nɡ', 'n')",kontjenen,kontjenen
90L_10NL,3,90L_10NL_3_1,1,1050,"('nɡ', 'nɡ', 'n')",kontjenen,kontjenen
90L_10NL,3,90L_10NL_3_1,1,1050,"('nɡ', 'nɡ', 'n')",kontjenen,kontjenen
90L_10NL,3,90L_10NL_3_1,1,728,"('nɡ', 'n', 'n')",kontjenen,kontjenen
90L_10NL,3,90L_10NL_3_1,1,728,"('nɡ', 'n', 'n')",kontjenen,kontjenen
90L_10NL,3,90L_10NL_3_1,1,1050,"('nɡ', 'nɡ', 'n')",kontjenen,kontjenen
90L_10NL,3,90L_10NL_3_1,1,1050,"('nɡ', 'nɡ', 'n')",kontjenen,kontjenen
90L_10NL,3,90L_10NL_3_1,1,728,"('nɡ', 'n', 'n')",kontjenen,kontjenen
90L_10NL,3,90L_10NL_3_1,1,728,"('nɡ', 'n', 'n')",kontjenen,kontjenen
90L_10NL,3,90L_10NL_3_1,1,1050,"('nɡ', 'nɡ', 'n')",kontjenen,kontjenen
90L_10NL,3,90L_10NL_3_1,1,728,"('nɡ', 'n', 'n')",kontjenen,kontjenen
90L_10NL,3,90L_10NL_3_1,1,728,"('nɡ', 'n', 'n')",kontjenen,kontjenen
90L_10NL,3,90L_10NL_3_1,1,728,"('nɡ', 'n', 'n')",kontjenen,kontjenen
90L_10NL,3,90L_10NL_3_1,1,728,"('nɡ', 'n', 'n')",kontjenen,kontjenen
90L_10NL,3,90L_10NL_3_1,1,300,"('n', 'n', 'n')",kontjenen,kontjenen
90L_10NL,3,90L_10NL_3_1,1,300,"('n', 'n', 'n')",kontjenes,kontjenes
90L_10NL,3,90L_10NL_3_1,1,672,"('n', 'nɡ', 'n')",kontjenes,kontjenes
90L_10NL,3,90L_10NL_3_1,1,672,"('n', 'nɡ', 'n')",kontjenes,kontjenes
90L_10NL,3,90L_10NL_3_1,1,672,"('n', 'nɡ', 'n')",kontjenes,kontjenes
90L_10NL,3,90L_10NL_3_1,1,672,"('n', 'nɡ', 'n')",kontjenes,kontjenes
90L_10NL,3,90L_10NL_3_1,1,672,"('n', 'nɡ', 'n')",kontjenes,kontjenes
90L_10NL,3,90L_10NL_3_1,1,672,"('n', 'nɡ', 'n')",kontjenes,kontjenes
90L_10NL,3,90L_10NL_3_1,1,672,"('n', 'nɡ', 'n')",kontjenes,kontjenes
90L_10NL,3,90L_10NL_3_1,1,300,"('n', 'n', 'n')",kontjenes,kontjenes
90L_10NL,3,90L_10NL_3_1,1,300,"('n', 'n', 'n')",kontjenes,kontjenes
90L_10NL,3,90L_10NL_3_1,1,672,"('n', 'nɡ', 'n')",kontjenes,kontjenes
90L_10NL,3,90L_10NL_3_1,1,672,"('n', 'nɡ', 'n')",kontjenes,kontjenes
90L_10NL,3,90L_10NL_3_1,1,672,"('n', 'nɡ', 'n')",kontjenes,kontjenes
90L_10NL,3,90L_10NL_3_1,1,672,"('n', 'nɡ', 'n')",kontjenes,kontjenes
90L_10NL,3,90L_10NL_3_1,1,672,"('n', 'nɡ', 'n')",kontjenes,kontjenes
90L_10NL,3,90L_10NL_3_1,1,672,"('n', 'nɡ', 'n')",kontjenes,kontjenes
90L_10NL,3,90L_10NL_3_1,1,672,"('n', 'nɡ', 'n')",kontjenes,kontjenes
90L_10NL,3,90L_10NL_3_1,1,300,"('n', 'n', 'n')",kontjenes,kontjenes
90L_10NL,3,90L_10NL_3_1,1,300,"('n', 'n', 'n')",kontjenes,kontjenes
90L_10NL,3,90L_10NL_3_1,1,1050,"('nɡ', 'nɡ', 'n')",kontjenes,kontjenes
90L_10NL,3,90L_10NL_3_1,1,1050,"('nɡ', 'nɡ', 'n')",kontjenes,kontjenes
90L_10NL,3,90L_10NL_3_1,1,1050,"('nɡ', 'nɡ', 'n')",kontjenes,kontjenes
90L_10NL,3,90L_10NL_3_1,1,1050,"('nɡ', 'nɡ', 'n')",kontjenes,kontjenes
90L_10NL,3,90L_10NL_3_1,1,1050,"('nɡ', 'nɡ', 'n')",kontjenes,kontjenes
90L_10NL,3,90L_10NL_3_1,1,1050,"('nɡ', 'nɡ', 'n')",kontjenes,kontjenes
90L_10NL,3,90L_10NL_3_1,1,728,"('nɡ', 'n', 'n')",kontjenes,kontjenes
90L_10NL,3,90L_10NL_3_1,1,728,"('nɡ', 'n', 'n')",kontjenes,kontjenes
90L_10NL,3,90L_10NL_3_1,1,1050,"('nɡ', 'nɡ', 'n')",kontjenes,kontjenes
90L_10NL,3,90L_10NL_3_1,1,1050,"('nɡ', 'nɡ', 'n')",kontjenes,kontjenes
90L_10NL,3,90L_10NL_3_1,1,1050,"('nɡ', 'nɡ', 'n')",kontjenes,kontjenes
90L_10NL,3,90L_10NL_3_1,1,1050,"('nɡ', 'nɡ', 'n')",kontjenes,kontjenes
90L_10NL,3,90L_10NL_3_1,1,1050,"('nɡ', 'nɡ', 'n')",kontjenes,kontjenes
90L_10NL,3,90L_10NL_3_1,1,728,"('nɡ', 'n', 'n')",kontjenes,kontjenes
90L_10NL,3,90L_10NL_3_1,1,728,"('nɡ', 'n', 'n')",kontjenes,kontjenes
90L_10NL,3,90L_10NL_3_1,1,1050,"('nɡ', 'nɡ', 'n')",kontjenes,kontjenes
90L_10NL,3,90L_10NL_3_1,1,1050,"('nɡ', 'nɡ', 'n')",kontjenes,kontjenes
90L_10NL,3,90L_10NL_3_1,1,1050,"('nɡ', 'nɡ', 'n')",kontjenes,kontjenes
90L_10NL,3,90L_10NL_3_1,1,1050,"('nɡ', 'nɡ', 'n')",kontjenes,kontjenes
90L_10NL,3,90L_10NL_3_1,1,728,"('nɡ', 'n', 'n')",kontjenes,kontjenes
90L_10NL,3,90L_10NL_3_1,1,728,"('nɡ', 'n', 'n')",kontjenes,kontjenes
90L_10NL,3,90L_10NL_3_1,1,1050,"('nɡ', 'nɡ', 'n')",kontjenes,kontjenes
90L_10NL,3,90L_10NL_3_1,1,1050,"('nɡ', 'nɡ', 'n')",kontjenes,kontjenes
90L_10NL,3,90L_10NL_3_1,1,1050,"('nɡ', 'nɡ', 'n')",kontjenes,kontjenes
90L_10NL,3,90L_10NL_3_1,1,728,"('nɡ', 'n', 'n')",kontjenes,kontjenes
90L_10NL,3,90L_10NL_3_1,1,728,"('nɡ', 'n', 'n')",kontjenes,kontjenes
90L_10NL,3,90L_10NL_3_1,1,1050,"('nɡ', 'nɡ', 'n')",kontjenes,kontjenes
90L_10NL,3,90L_10NL_3_1,1,1050,"('nɡ', 'nɡ', 'n')",kontjenes,kontjenes
90L_10NL,3,90L_10NL_3_1,1,728,"('nɡ', 'n', 'n')",kontjenes,kontjenes
90L_10NL,3,90L_10NL_3_1,1,728,"('nɡ', 'n', 'n')",kontjenes,kontjenes
90L_10NL,3,90L_10NL_3_1,1,1050,"('nɡ', 'nɡ', 'n')",kontjenes,kontjenes
90L_10NL,3,90L_10NL_3_1,1,728,"('nɡ', 'n', 'n')",kontjenes,kontjenes
90L_10NL,3,90L_10NL_3_1,1,728,"('nɡ', 'n', 'n')",kontjenes,kontjenes
90L_10NL,3,90L_10NL_3_1,1,728,"('nɡ', 'n', 'n')",kontjenes,kontjenes
90L_10NL,3,90L_10NL_3_1,1,728,"('nɡ', 'n', 'n')",kontjenes,kontjenes
90L_10NL,3,90L_10NL_3_1,1,300,"('n', 'n', 'n')",kontjenes,kontjenes
90L_10NL,3,90L_10NL_3_1,1,300,"('n', 'n', 'n')",kontjene,kontjene
90L_10NL,3,90L_10NL_3_1,1,672,"('n', 'nɡ', 'n')",kontjene,kontjene
90L_10NL,3,90L_10NL_3_1,1,672,"('n', 'nɡ', 'n')",kontjene,kontjene
90L_10NL,3,90L_10NL_3_1,1,672,"('n', 'nɡ', 'n')",kontjene,kontjene
90L_10NL,3,90L_10NL_3_1,1,672,"('n', 'nɡ', 'n')",kontjene,kontjene
90L_10NL,3,90L_10NL_3_1,1,672,"('n', 'nɡ', 'n')",kontjene,kontjene
90L_10NL,3,90L_10NL_3_1,1,672,"('n', 'nɡ', 'n')",kontjene,kontjene
90L_10NL,3,90L_10NL_3_1,1,672,"('n', 'nɡ', 'n')",kontjene,kontjene
90L_10NL,3,90L_10NL_3_1,1,300,"('n', 'n', 'n')",kontjene,kontjene
90L_10NL,3,90L_10NL_3_1,1,300,"('n', 'n', 'n')",kontjene,kontjene
90L_10NL,3,90L_10NL_3_1,1,672,"('n', 'nɡ', 'n')",kontjene,kontjene
90L_10NL,3,90L_10NL_3_1,1,672,"('n', 'nɡ', 'n')",kontjene,kontjene
90L_10NL,3,90L_10NL_3_1,1,672,"('n', 'nɡ', 'n')",kontjene,kontjene
90L_10NL,3,90L_10NL_3_1,1,672,"('n', 'nɡ', 'n')",kontjene,kontjene
90L_10NL,3,90L_10NL_3_1,1,672,"('n', 'nɡ', 'n')",kontjene,kontjene
90L_10NL,3,90L_10NL_3_1,1,672,"('n', 'nɡ', 'n')",kontjene,kontjene
90L_10NL,3,90L_10NL_3_1,1,672,"('n', 'nɡ', 'n')",kontjene,kontjene
90L_10NL,3,90L_10NL_3_1,1,300,"('n', 'n', 'n')",kontjene,kontjene
90L_10NL,3,90L_10NL_3_1,1,300,"('n', 'n', 'n')",kontjene,kontjene
90L_10NL,3,90L_10NL_3_1,1,1050,"('nɡ', 'nɡ', 'n')",kontjene,kontjene
90L_10NL,3,90L_10NL_3_1,1,1050,"('nɡ', 'nɡ', 'n')",kontjene,kontjene
90L_10NL,3,90L_10NL_3_1,1,1050,"('nɡ', 'nɡ', 'n')",kontjene,kontjene
90L_10NL,3,90L_10NL_3_1,1,1050,"('nɡ', 'nɡ', 'n')",kontjene,kontjene
90L_10NL,3,90L_10NL_3_1,1,1050,"('nɡ', 'nɡ', 'n')",kontjene,kontjene
90L_10NL,3,90L_10NL_3_1,1,1050,"('nɡ', 'nɡ', 'n')",kontjene,kontjene
90L_10NL,3,90L_10NL_3_1,1,728,"('nɡ', 'n', 'n')",kontjene,kontjene
90L_10NL,3,90L_10NL_3_1,1,728,"('nɡ', 'n', 'n')",kontjene,kontjene
90L_10NL,3,90L_10NL_3_1,1,1050,"('nɡ', 'nɡ', 'n')",kontjene,kontjene
90L_10NL,3,90L_10NL_3_1,1,1050,"('nɡ', 'nɡ', 'n')",kontjene,kontjene
90L_10NL,3,90L_10NL_3_1,1,1050,"('nɡ', 'nɡ', 'n')",kontjene,kontjene
90L_10NL,3,90L_10NL_3_1,1,1050,"('nɡ', 'nɡ', 'n')",kontjene,kontjene
90L_10NL,3,90L_10NL_3_1,1,1050,"('nɡ', 'nɡ', 'n')",kontjene,kontjene
90L_10NL,3,90L_10NL_3_1,1,728,"('nɡ', 'n', 'n')",kontjene,kontjene
90L_10NL,3,90L_10NL_3_1,1,728,"('nɡ', 'n', 'n')",kontjene,kontjene
90L_10NL,3,90L_10NL_3_1,1,1050,"('nɡ', 'nɡ', 'n')",kontjene,kontjene
90L_10NL,3,90L_10NL_3_1,1,1050,"('nɡ', 'nɡ', 'n')",kontjene,kontjene
90L_10NL,3,90L_10NL_3_1,1,1050,"('nɡ', 'nɡ', 'n')",kontjene,kontjene
90L_10NL,3,90L_10NL_3_1,1,1050,"('nɡ', 'nɡ', 'n')",kontjene,kontjene
90L_10NL,3,90L_10NL_3_1,1,728,"('nɡ', 'n', 'n')",kontjene,kontjene
90L_10NL,3,90L_10NL_3_1,1,728,"('nɡ', 'n', 'n')",kontjene,kontjene
90L_10NL,3,90L_10NL_3_1,1,1050,"('nɡ', 'nɡ', 'n')",kontjene,kontjene
90L_10NL,3,90L_10NL_3_1,1,1050,"('nɡ', 'nɡ', 'n')",kontjene,kontjene
90L_10NL,3,90L_10NL_3_1,1,1050,"('nɡ', 'nɡ', 'n')",kontjene,kontjene
90L_10NL,3,90L_10NL_3_1,1,728,"('nɡ', 'n', 'n')",kontjene,kontjene
90L_10NL,3,90L_10NL_3_1,1,728,"('nɡ', 'n', 'n')",kontjene,kontjene
90L_10NL,3,90L_10NL_3_1,1,1050,"('nɡ', 'nɡ', 'n')",kontjene,kontjene
90L_10NL,3,90L_10NL_3_1,1,1050,"('nɡ', 'nɡ', 'n')",kontjene,kontjene
90L_10NL,3,90L_10NL_3_1,1,728,"('nɡ', 'n', 'n')",kontjene,kontjene
90L_10NL,3,90L_10NL_3_1,1,728,"('nɡ', 'n', 'n')",kontjene,kontjene
90L_10NL,3,90L_10NL_3_1,1,1050,"('nɡ', 'nɡ', 'n')",kontjene,kontjene
90L_10NL,3,90L_10NL_3_1,1,728,"('nɡ', 'n', 'n')",kontjene,kontjene
90L_10NL,3,90L_10NL_3_1,1,728,"('nɡ', 'n', 'n')",kontjene,kontjene
90L_10NL,3,90L_10NL_3_1,1,728,"('nɡ', 'n', 'n')",kontjene,kontjene
90L_10NL,3,90L_10NL_3_1,1,728,"('nɡ', 'n', 'n')",kontjene,kontjene
90L_10NL,3,90L_10NL_3_1,1,300,"('n', 'n', 'n')",kontjene,kontjene
90L_10NL,3,90L_10NL_3_1,1,1085,"('s', 's', 's')",konosejs,konosejs
90L_10NL,3,90L_10NL_3_1,1,1085,"('s', 's', 's')",konosejs,konosejs
90L_10NL,3,90L_10NL_3_1,1,1085,"('s', 's', 's')",konosejs,konosejs
90L_10NL,3,90L_10NL_3_1,1,3500,"('s', 'sk', 's')",konosejs,konosejs
90L_10NL,3,90L_10NL_3_1,1,3500,"('s', 'sk', 's')",konosejs,konosejs
90L_10NL,3,90L_10NL_3_1,1,3500,"('s', 'sk', 's')",konosejs,konosejs
90L_10NL,3,90L_10NL_3_1,1,3500,"('s', 'sk', 's')",konosejs,konosejs
90L_10NL,3,90L_10NL_3_1,1,3500,"('s', 'sk', 's')",konosejs,konosejs
90L_10NL,3,90L_10NL_3_1,1,3500,"('s', 'sk', 's')",konosejs,konosejs
90L_10NL,3,90L_10NL_3_1,1,3500,"('s', 'sk', 's')",konosejs,konosejs
90L_10NL,3,90L_10NL_3_1,1,1085,"('s', 's', 's')",konosejs,konosejs
90L_10NL,3,90L_10NL_3_1,1,1085,"('s', 's', 's')",konosejs,konosejs
90L_10NL,3,90L_10NL_3_1,1,3500,"('s', 'sk', 's')",konosejs,konosejs
90L_10NL,3,90L_10NL_3_1,1,3500,"('s', 'sk', 's')",konosejs,konosejs
90L_10NL,3,90L_10NL_3_1,1,3500,"('s', 'sk', 's')",konosejs,konosejs
90L_10NL,3,90L_10NL_3_1,1,3500,"('s', 'sk', 's')",konosejs,konosejs
90L_10NL,3,90L_10NL_3_1,1,3500,"('s', 'sk', 's')",konosejs,konosejs
90L_10NL,3,90L_10NL_3_1,1,3500,"('s', 'sk', 's')",konosejs,konosejs
90L_10NL,3,90L_10NL_3_1,1,3500,"('s', 'sk', 's')",konosejs,konosejs
90L_10NL,3,90L_10NL_3_1,1,1085,"('s', 's', 's')",konosejs,konosejs
90L_10NL,3,90L_10NL_3_1,1,3500,"('s', 'sk', 's')",konosejs,konosejs
90L_10NL,3,90L_10NL_3_1,1,3500,"('s', 'sk', 's')",konosejs,konosejs
90L_10NL,3,90L_10NL_3_1,1,3500,"('s', 'sk', 's')",konosejs,konosejs
90L_10NL,3,90L_10NL_3_1,1,3500,"('s', 'sk', 's')",konosejs,konosejs
90L_10NL,3,90L_10NL_3_1,1,3500,"('s', 'sk', 's')",konosejs,konosejs
90L_10NL,3,90L_10NL_3_1,1,3500,"('s', 'sk', 's')",konosejs,konosejs
90L_10NL,3,90L_10NL_3_1,1,3500,"('s', 'sk', 's')",konosejs,konosejs
90L_10NL,3,90L_10NL_3_1,1,3500,"('s', 'sk', 's')",konosejs,konosejs
90L_10NL,3,90L_10NL_3_1,1,3500,"('s', 'sk', 's')",konosejs,konosejs
90L_10NL,3,90L_10NL_3_1,1,3500,"('s', 'sk', 's')",konosejs,konosejs
90L_10NL,3,90L_10NL_3_1,1,3500,"('s', 'sk', 's')",konosejs,konosejs
90L_10NL,3,90L_10NL_3_1,1,3500,"('s', 'sk', 's')",konosejs,konosejs
90L_10NL,3,90L_10NL_3_1,1,3500,"('s', 'sk', 's')",konosejs,konosejs
90L_10NL,3,90L_10NL_3_1,1,3500,"('s', 'sk', 's')",konosejs,konosejs
90L_10NL,3,90L_10NL_3_1,1,2625,"('sk', 'sk', 's')",konosejs,konosejs
90L_10NL,3,90L_10NL_3_1,1,2625,"('sk', 'sk', 's')",konosejs,konosejs
90L_10NL,3,90L_10NL_3_1,1,2625,"('sk', 'sk', 's')",konosejs,konosejs
90L_10NL,3,90L_10NL_3_1,1,2625,"('sk', 'sk', 's')",konosejs,konosejs
90L_10NL,3,90L_10NL_3_1,1,2625,"('sk', 'sk', 's')",konosejs,konosejs
90L_10NL,3,90L_10NL_3_1,1,2625,"('sk', 'sk', 's')",konosejs,konosejs
90L_10NL,3,90L_10NL_3_1,1,2625,"('sk', 'sk', 's')",konosejs,konosejs
90L_10NL,3,90L_10NL_3_1,1,2625,"('sk', 'sk', 's')",konosejs,konosejs
90L_10NL,3,90L_10NL_3_1,1,2625,"('sk', 'sk', 's')",konosejs,konosejs
90L_10NL,3,90L_10NL_3_1,1,2625,"('sk', 'sk', 's')",konosejs,konosejs
90L_10NL,3,90L_10NL_3_1,1,2625,"('sk', 'sk', 's')",konosejs,konosejs
90L_10NL,3,90L_10NL_3_1,1,2625,"('sk', 'sk', 's')",konosejs,konosejs
90L_10NL,3,90L_10NL_3_1,1,2625,"('sk', 'sk', 's')",konosejs,konosejs
90L_10NL,3,90L_10NL_3_1,1,2625,"('sk', 'sk', 's')",konosejs,konosejs
90L_10NL,3,90L_10NL_3_1,1,2625,"('sk', 'sk', 's')",konosejs,konosejs
90L_10NL,3,90L_10NL_3_1,1,2625,"('sk', 'sk', 's')",konosejs,konosejs
90L_10NL,3,90L_10NL_3_1,1,2625,"('sk', 'sk', 's')",konosejs,konosejs
90L_10NL,3,90L_10NL_3_1,1,2625,"('sk', 'sk', 's')",konosejs,konosejs
90L_10NL,3,90L_10NL_3_1,1,2625,"('sk', 'sk', 's')",konosejs,konosejs
90L_10NL,3,90L_10NL_3_1,1,2625,"('sk', 'sk', 's')",konosejs,konosejs
90L_10NL,3,90L_10NL_3_1,1,2625,"('sk', 'sk', 's')",konosejs,konosejs
90L_10NL,3,90L_10NL_3_1,1,1085,"('s', 's', 's')",konosemos,konosemos
90L_10NL,3,90L_10NL_3_1,1,1085,"('s', 's', 's')",konosemos,konosemos
90L_10NL,3,90L_10NL_3_1,1,1085,"('s', 's', 's')",konosemos,konosemos
90L_10NL,3,90L_10NL_3_1,1,3500,"('s', 'sk', 's')",konosemos,konosemos
90L_10NL,3,90L_10NL_3_1,1,3500,"('s', 'sk', 's')",konosemos,konosemos
90L_10NL,3,90L_10NL_3_1,1,3500,"('s', 'sk', 's')",konosemos,konosemos
90L_10NL,3,90L_10NL_3_1,1,3500,"('s', 'sk', 's')",konosemos,konosemos
90L_10NL,3,90L_10NL_3_1,1,3500,"('s', 'sk', 's')",konosemos,konosemos
90L_10NL,3,90L_10NL_3_1,1,3500,"('s', 'sk', 's')",konosemos,konosemos
90L_10NL,3,90L_10NL_3_1,1,3500,"('s', 'sk', 's')",konosemos,konosemos
90L_10NL,3,90L_10NL_3_1,1,1085,"('s', 's', 's')",konosemos,konosemos
90L_10NL,3,90L_10NL_3_1,1,1085,"('s', 's', 's')",konosemos,konosemos
90L_10NL,3,90L_10NL_3_1,1,3500,"('s', 'sk', 's')",konosemos,konosemos
90L_10NL,3,90L_10NL_3_1,1,3500,"('s', 'sk', 's')",konosemos,konosemos
90L_10NL,3,90L_10NL_3_1,1,3500,"('s', 'sk', 's')",konosemos,konosemos
90L_10NL,3,90L_10NL_3_1,1,3500,"('s', 'sk', 's')",konosemos,konosemos
90L_10NL,3,90L_10NL_3_1,1,3500,"('s', 'sk', 's')",konosemos,konosemos
90L_10NL,3,90L_10NL_3_1,1,3500,"('s', 'sk', 's')",konosemos,konosemos
90L_10NL,3,90L_10NL_3_1,1,3500,"('s', 'sk', 's')",konosemos,konosemos
90L_10NL,3,90L_10NL_3_1,1,1085,"('s', 's', 's')",konosemos,konosemos
90L_10NL,3,90L_10NL_3_1,1,3500,"('s', 'sk', 's')",konosemos,konosemos
90L_10NL,3,90L_10NL_3_1,1,3500,"('s', 'sk', 's')",konosemos,konosemos
90L_10NL,3,90L_10NL_3_1,1,3500,"('s', 'sk', 's')",konosemos,konosemos
90L_10NL,3,90L_10NL_3_1,1,3500,"('s', 'sk', 's')",konosemos,konosemos
90L_10NL,3,90L_10NL_3_1,1,3500,"('s', 'sk', 's')",konosemos,konosemos
90L_10NL,3,90L_10NL_3_1,1,3500,"('s', 'sk', 's')",konosemos,konosemos
90L_10NL,3,90L_10NL_3_1,1,3500,"('s', 'sk', 's')",konosemos,konosemos
90L_10NL,3,90L_10NL_3_1,1,3500,"('s', 'sk', 's')",konosemos,konosemos
90L_10NL,3,90L_10NL_3_1,1,3500,"('s', 'sk', 's')",konosemos,konosemos
90L_10NL,3,90L_10NL_3_1,1,3500,"('s', 'sk', 's')",konosemos,konosemos
90L_10NL,3,90L_10NL_3_1,1,3500,"('s', 'sk', 's')",konosemos,konosemos
90L_10NL,3,90L_10NL_3_1,1,3500,"('s', 'sk', 's')",konosemos,konosemos
90L_10NL,3,90L_10NL_3_1,1,3500,"('s', 'sk', 's')",konosemos,konosemos
90L_10NL,3,90L_10NL_3_1,1,3500,"('s', 'sk', 's')",konosemos,konosemos
90L_10NL,3,90L_10NL_3_1,1,2625,"('sk', 'sk', 's')",konosemos,konosemos
90L_10NL,3,90L_10NL_3_1,1,2625,"('sk', 'sk', 's')",konosemos,konosemos
90L_10NL,3,90L_10NL_3_1,1,2625,"('sk', 'sk', 's')",konosemos,konosemos
90L_10NL,3,90L_10NL_3_1,1,2625,"('sk', 'sk', 's')",konosemos,konosemos
90L_10NL,3,90L_10NL_3_1,1,2625,"('sk', 'sk', 's')",konosemos,konosemos
90L_10NL,3,90L_10NL_3_1,1,2625,"('sk', 'sk', 's')",konosemos,konosemos
90L_10NL,3,90L_10NL_3_1,1,2625,"('sk', 'sk', 's')",konosemos,konosemos
90L_10NL,3,90L_10NL_3_1,1,2625,"('sk', 'sk', 's')",konosemos,konosemos
90L_10NL,3,90L_10NL_3_1,1,2625,"('sk', 'sk', 's')",konosemos,konosemos
90L_10NL,3,90L_10NL_3_1,1,2625,"('sk', 'sk', 's')",konosemos,konosemos
90L_10NL,3,90L_10NL_3_1,1,2625,"('sk', 'sk', 's')",konosemos,konosemos
90L_10NL,3,90L_10NL_3_1,1,2625,"('sk', 'sk', 's')",konosemos,konosemos
90L_10NL,3,90L_10NL_3_1,1,2625,"('sk', 'sk', 's')",konosemos,konosemos
90L_10NL,3,90L_10NL_3_1,1,2625,"('sk', 'sk', 's')",konosemos,konosemos
90L_10NL,3,90L_10NL_3_1,1,2625,"('sk', 'sk', 's')",konosemos,konosemos
90L_10NL,3,90L_10NL_3_1,1,2625,"('sk', 'sk', 's')",konosemos,konosemos
90L_10NL,3,90L_10NL_3_1,1,2625,"('sk', 'sk', 's')",konosemos,konosemos
90L_10NL,3,90L_10NL_3_1,1,2625,"('sk', 'sk', 's')",konosemos,konosemos
90L_10NL,3,90L_10NL_3_1,1,2625,"('sk', 'sk', 's')",konosemos,konosemos
90L_10NL,3,90L_10NL_3_1,1,2625,"('sk', 'sk', 's')",konosemos,konosemos
90L_10NL,3,90L_10NL_3_1,1,2625,"('sk', 'sk', 's')",konosemos,konosemos
90L_10NL,3,90L_10NL_3_1,0,1085,"('s', 's', 's')",konswesen,konosen
90L_10NL,3,90L_10NL_3_1,1,1085,"('s', 's', 's')",konosen,konosen
90L_10NL,3,90L_10NL_3_1,1,1085,"('s', 's', 's')",konosen,konosen
90L_10NL,3,90L_10NL_3_1,1,3500,"('s', 'sk', 's')",konosen,konosen
90L_10NL,3,90L_10NL_3_1,1,3500,"('s', 'sk', 's')",konosen,konosen
90L_10NL,3,90L_10NL_3_1,1,3500,"('s', 'sk', 's')",konosen,konosen
90L_10NL,3,90L_10NL_3_1,1,3500,"('s', 'sk', 's')",konosen,konosen
90L_10NL,3,90L_10NL_3_1,1,3500,"('s', 'sk', 's')",konosen,konosen
90L_10NL,3,90L_10NL_3_1,1,3500,"('s', 'sk', 's')",konosen,konosen
90L_10NL,3,90L_10NL_3_1,1,3500,"('s', 'sk', 's')",konosen,konosen
90L_10NL,3,90L_10NL_3_1,1,1085,"('s', 's', 's')",konosen,konosen
90L_10NL,3,90L_10NL_3_1,1,1085,"('s', 's', 's')",konosen,konosen
90L_10NL,3,90L_10NL_3_1,1,3500,"('s', 'sk', 's')",konosen,konosen
90L_10NL,3,90L_10NL_3_1,1,3500,"('s', 'sk', 's')",konosen,konosen
90L_10NL,3,90L_10NL_3_1,1,3500,"('s', 'sk', 's')",konosen,konosen
90L_10NL,3,90L_10NL_3_1,1,3500,"('s', 'sk', 's')",konosen,konosen
90L_10NL,3,90L_10NL_3_1,1,3500,"('s', 'sk', 's')",konosen,konosen
90L_10NL,3,90L_10NL_3_1,1,3500,"('s', 'sk', 's')",konosen,konosen
90L_10NL,3,90L_10NL_3_1,1,3500,"('s', 'sk', 's')",konosen,konosen
90L_10NL,3,90L_10NL_3_1,1,1085,"('s', 's', 's')",konosen,konosen
90L_10NL,3,90L_10NL_3_1,1,3500,"('s', 'sk', 's')",konosen,konosen
90L_10NL,3,90L_10NL_3_1,1,3500,"('s', 'sk', 's')",konosen,konosen
90L_10NL,3,90L_10NL_3_1,1,3500,"('s', 'sk', 's')",konosen,konosen
90L_10NL,3,90L_10NL_3_1,1,3500,"('s', 'sk', 's')",konosen,konosen
90L_10NL,3,90L_10NL_3_1,1,3500,"('s', 'sk', 's')",konosen,konosen
90L_10NL,3,90L_10NL_3_1,1,3500,"('s', 'sk', 's')",konosen,konosen
90L_10NL,3,90L_10NL_3_1,1,3500,"('s', 'sk', 's')",konosen,konosen
90L_10NL,3,90L_10NL_3_1,1,3500,"('s', 'sk', 's')",konosen,konosen
90L_10NL,3,90L_10NL_3_1,1,3500,"('s', 'sk', 's')",konosen,konosen
90L_10NL,3,90L_10NL_3_1,1,3500,"('s', 'sk', 's')",konosen,konosen
90L_10NL,3,90L_10NL_3_1,1,3500,"('s', 'sk', 's')",konosen,konosen
90L_10NL,3,90L_10NL_3_1,1,3500,"('s', 'sk', 's')",konosen,konosen
90L_10NL,3,90L_10NL_3_1,1,3500,"('s', 'sk', 's')",konosen,konosen
90L_10NL,3,90L_10NL_3_1,1,3500,"('s', 'sk', 's')",konosen,konosen
90L_10NL,3,90L_10NL_3_1,1,2625,"('sk', 'sk', 's')",konosen,konosen
90L_10NL,3,90L_10NL_3_1,1,2625,"('sk', 'sk', 's')",konosen,konosen
90L_10NL,3,90L_10NL_3_1,1,2625,"('sk', 'sk', 's')",konosen,konosen
90L_10NL,3,90L_10NL_3_1,1,2625,"('sk', 'sk', 's')",konosen,konosen
90L_10NL,3,90L_10NL_3_1,1,2625,"('sk', 'sk', 's')",konosen,konosen
90L_10NL,3,90L_10NL_3_1,1,2625,"('sk', 'sk', 's')",konosen,konosen
90L_10NL,3,90L_10NL_3_1,1,2625,"('sk', 'sk', 's')",konosen,konosen
90L_10NL,3,90L_10NL_3_1,1,2625,"('sk', 'sk', 's')",konosen,konosen
90L_10NL,3,90L_10NL_3_1,1,2625,"('sk', 'sk', 's')",konosen,konosen
90L_10NL,3,90L_10NL_3_1,1,2625,"('sk', 'sk', 's')",konosen,konosen
90L_10NL,3,90L_10NL_3_1,1,2625,"('sk', 'sk', 's')",konosen,konosen
90L_10NL,3,90L_10NL_3_1,1,2625,"('sk', 'sk', 's')",konosen,konosen
90L_10NL,3,90L_10NL_3_1,1,2625,"('sk', 'sk', 's')",konosen,konosen
90L_10NL,3,90L_10NL_3_1,1,2625,"('sk', 'sk', 's')",konosen,konosen
90L_10NL,3,90L_10NL_3_1,1,2625,"('sk', 'sk', 's')",konosen,konosen
90L_10NL,3,90L_10NL_3_1,1,2625,"('sk', 'sk', 's')",konosen,konosen
90L_10NL,3,90L_10NL_3_1,1,2625,"('sk', 'sk', 's')",konosen,konosen
90L_10NL,3,90L_10NL_3_1,1,2625,"('sk', 'sk', 's')",konosen,konosen
90L_10NL,3,90L_10NL_3_1,1,2625,"('sk', 'sk', 's')",konosen,konosen
90L_10NL,3,90L_10NL_3_1,1,2625,"('sk', 'sk', 's')",konosen,konosen
90L_10NL,3,90L_10NL_3_1,1,2625,"('sk', 'sk', 's')",konosen,konosen
90L_10NL,3,90L_10NL_3_1,0,1085,"('s', 's', 's')",konsweses,konoses
90L_10NL,3,90L_10NL_3_1,1,1085,"('s', 's', 's')",konoses,konoses
90L_10NL,3,90L_10NL_3_1,1,1085,"('s', 's', 's')",konoses,konoses
90L_10NL,3,90L_10NL_3_1,1,3500,"('s', 'sk', 's')",konoses,konoses
90L_10NL,3,90L_10NL_3_1,1,3500,"('s', 'sk', 's')",konoses,konoses
90L_10NL,3,90L_10NL_3_1,1,3500,"('s', 'sk', 's')",konoses,konoses
90L_10NL,3,90L_10NL_3_1,1,3500,"('s', 'sk', 's')",konoses,konoses
90L_10NL,3,90L_10NL_3_1,1,3500,"('s', 'sk', 's')",konoses,konoses
90L_10NL,3,90L_10NL_3_1,1,3500,"('s', 'sk', 's')",konoses,konoses
90L_10NL,3,90L_10NL_3_1,1,3500,"('s', 'sk', 's')",konoses,konoses
90L_10NL,3,90L_10NL_3_1,1,1085,"('s', 's', 's')",konoses,konoses
90L_10NL,3,90L_10NL_3_1,1,1085,"('s', 's', 's')",konoses,konoses
90L_10NL,3,90L_10NL_3_1,1,3500,"('s', 'sk', 's')",konoses,konoses
90L_10NL,3,90L_10NL_3_1,1,3500,"('s', 'sk', 's')",konoses,konoses
90L_10NL,3,90L_10NL_3_1,1,3500,"('s', 'sk', 's')",konoses,konoses
90L_10NL,3,90L_10NL_3_1,1,3500,"('s', 'sk', 's')",konoses,konoses
90L_10NL,3,90L_10NL_3_1,1,3500,"('s', 'sk', 's')",konoses,konoses
90L_10NL,3,90L_10NL_3_1,1,3500,"('s', 'sk', 's')",konoses,konoses
90L_10NL,3,90L_10NL_3_1,1,3500,"('s', 'sk', 's')",konoses,konoses
90L_10NL,3,90L_10NL_3_1,1,1085,"('s', 's', 's')",konoses,konoses
90L_10NL,3,90L_10NL_3_1,1,3500,"('s', 'sk', 's')",konoses,konoses
90L_10NL,3,90L_10NL_3_1,1,3500,"('s', 'sk', 's')",konoses,konoses
90L_10NL,3,90L_10NL_3_1,1,3500,"('s', 'sk', 's')",konoses,konoses
90L_10NL,3,90L_10NL_3_1,1,3500,"('s', 'sk', 's')",konoses,konoses
90L_10NL,3,90L_10NL_3_1,1,3500,"('s', 'sk', 's')",konoses,konoses
90L_10NL,3,90L_10NL_3_1,1,3500,"('s', 'sk', 's')",konoses,konoses
90L_10NL,3,90L_10NL_3_1,1,3500,"('s', 'sk', 's')",konoses,konoses
90L_10NL,3,90L_10NL_3_1,1,3500,"('s', 'sk', 's')",konoses,konoses
90L_10NL,3,90L_10NL_3_1,1,3500,"('s', 'sk', 's')",konoses,konoses
90L_10NL,3,90L_10NL_3_1,1,3500,"('s', 'sk', 's')",konoses,konoses
90L_10NL,3,90L_10NL_3_1,1,3500,"('s', 'sk', 's')",konoses,konoses
90L_10NL,3,90L_10NL_3_1,1,3500,"('s', 'sk', 's')",konoses,konoses
90L_10NL,3,90L_10NL_3_1,1,3500,"('s', 'sk', 's')",konoses,konoses
90L_10NL,3,90L_10NL_3_1,1,3500,"('s', 'sk', 's')",konoses,konoses
90L_10NL,3,90L_10NL_3_1,1,2625,"('sk', 'sk', 's')",konoses,konoses
90L_10NL,3,90L_10NL_3_1,1,2625,"('sk', 'sk', 's')",konoses,konoses
90L_10NL,3,90L_10NL_3_1,1,2625,"('sk', 'sk', 's')",konoses,konoses
90L_10NL,3,90L_10NL_3_1,1,2625,"('sk', 'sk', 's')",konoses,konoses
90L_10NL,3,90L_10NL_3_1,1,2625,"('sk', 'sk', 's')",konoses,konoses
90L_10NL,3,90L_10NL_3_1,1,2625,"('sk', 'sk', 's')",konoses,konoses
90L_10NL,3,90L_10NL_3_1,1,2625,"('sk', 'sk', 's')",konoses,konoses
90L_10NL,3,90L_10NL_3_1,1,2625,"('sk', 'sk', 's')",konoses,konoses
90L_10NL,3,90L_10NL_3_1,1,2625,"('sk', 'sk', 's')",konoses,konoses
90L_10NL,3,90L_10NL_3_1,1,2625,"('sk', 'sk', 's')",konoses,konoses
90L_10NL,3,90L_10NL_3_1,1,2625,"('sk', 'sk', 's')",konoses,konoses
90L_10NL,3,90L_10NL_3_1,1,2625,"('sk', 'sk', 's')",konoses,konoses
90L_10NL,3,90L_10NL_3_1,1,2625,"('sk', 'sk', 's')",konoses,konoses
90L_10NL,3,90L_10NL_3_1,1,2625,"('sk', 'sk', 's')",konoses,konoses
90L_10NL,3,90L_10NL_3_1,1,2625,"('sk', 'sk', 's')",konoses,konoses
90L_10NL,3,90L_10NL_3_1,1,2625,"('sk', 'sk', 's')",konoses,konoses
90L_10NL,3,90L_10NL_3_1,1,2625,"('sk', 'sk', 's')",konoses,konoses
90L_10NL,3,90L_10NL_3_1,1,2625,"('sk', 'sk', 's')",konoses,konoses
90L_10NL,3,90L_10NL_3_1,1,2625,"('sk', 'sk', 's')",konoses,konoses
90L_10NL,3,90L_10NL_3_1,1,2625,"('sk', 'sk', 's')",konoses,konoses
90L_10NL,3,90L_10NL_3_1,1,2625,"('sk', 'sk', 's')",konoses,konoses
90L_10NL,3,90L_10NL_3_1,1,1085,"('s', 's', 's')",konose,konose
90L_10NL,3,90L_10NL_3_1,1,1085,"('s', 's', 's')",konose,konose
90L_10NL,3,90L_10NL_3_1,1,1085,"('s', 's', 's')",konose,konose
90L_10NL,3,90L_10NL_3_1,1,3500,"('s', 'sk', 's')",konose,konose
90L_10NL,3,90L_10NL_3_1,1,3500,"('s', 'sk', 's')",konose,konose
90L_10NL,3,90L_10NL_3_1,1,3500,"('s', 'sk', 's')",konose,konose
90L_10NL,3,90L_10NL_3_1,1,3500,"('s', 'sk', 's')",konose,konose
90L_10NL,3,90L_10NL_3_1,1,3500,"('s', 'sk', 's')",konose,konose
90L_10NL,3,90L_10NL_3_1,1,3500,"('s', 'sk', 's')",konose,konose
90L_10NL,3,90L_10NL_3_1,1,3500,"('s', 'sk', 's')",konose,konose
90L_10NL,3,90L_10NL_3_1,1,1085,"('s', 's', 's')",konose,konose
90L_10NL,3,90L_10NL_3_1,1,1085,"('s', 's', 's')",konose,konose
90L_10NL,3,90L_10NL_3_1,1,3500,"('s', 'sk', 's')",konose,konose
90L_10NL,3,90L_10NL_3_1,1,3500,"('s', 'sk', 's')",konose,konose
90L_10NL,3,90L_10NL_3_1,1,3500,"('s', 'sk', 's')",konose,konose
90L_10NL,3,90L_10NL_3_1,1,3500,"('s', 'sk', 's')",konose,konose
90L_10NL,3,90L_10NL_3_1,1,3500,"('s', 'sk', 's')",konose,konose
90L_10NL,3,90L_10NL_3_1,1,3500,"('s', 'sk', 's')",konose,konose
90L_10NL,3,90L_10NL_3_1,1,3500,"('s', 'sk', 's')",konose,konose
90L_10NL,3,90L_10NL_3_1,1,1085,"('s', 's', 's')",konose,konose
90L_10NL,3,90L_10NL_3_1,1,3500,"('s', 'sk', 's')",konose,konose
90L_10NL,3,90L_10NL_3_1,1,3500,"('s', 'sk', 's')",konose,konose
90L_10NL,3,90L_10NL_3_1,1,3500,"('s', 'sk', 's')",konose,konose
90L_10NL,3,90L_10NL_3_1,1,3500,"('s', 'sk', 's')",konose,konose
90L_10NL,3,90L_10NL_3_1,1,3500,"('s', 'sk', 's')",konose,konose
90L_10NL,3,90L_10NL_3_1,1,3500,"('s', 'sk', 's')",konose,konose
90L_10NL,3,90L_10NL_3_1,1,3500,"('s', 'sk', 's')",konose,konose
90L_10NL,3,90L_10NL_3_1,1,3500,"('s', 'sk', 's')",konose,konose
90L_10NL,3,90L_10NL_3_1,1,3500,"('s', 'sk', 's')",konose,konose
90L_10NL,3,90L_10NL_3_1,1,3500,"('s', 'sk', 's')",konose,konose
90L_10NL,3,90L_10NL_3_1,1,3500,"('s', 'sk', 's')",konose,konose
90L_10NL,3,90L_10NL_3_1,1,3500,"('s', 'sk', 's')",konose,konose
90L_10NL,3,90L_10NL_3_1,1,3500,"('s', 'sk', 's')",konose,konose
90L_10NL,3,90L_10NL_3_1,1,3500,"('s', 'sk', 's')",konose,konose
90L_10NL,3,90L_10NL_3_1,1,2625,"('sk', 'sk', 's')",konose,konose
90L_10NL,3,90L_10NL_3_1,1,2625,"('sk', 'sk', 's')",konose,konose
90L_10NL,3,90L_10NL_3_1,1,2625,"('sk', 'sk', 's')",konose,konose
90L_10NL,3,90L_10NL_3_1,1,2625,"('sk', 'sk', 's')",konose,konose
90L_10NL,3,90L_10NL_3_1,1,2625,"('sk', 'sk', 's')",konose,konose
90L_10NL,3,90L_10NL_3_1,1,2625,"('sk', 'sk', 's')",konose,konose
90L_10NL,3,90L_10NL_3_1,1,2625,"('sk', 'sk', 's')",konose,konose
90L_10NL,3,90L_10NL_3_1,1,2625,"('sk', 'sk', 's')",konose,konose
90L_10NL,3,90L_10NL_3_1,1,2625,"('sk', 'sk', 's')",konose,konose
90L_10NL,3,90L_10NL_3_1,1,2625,"('sk', 'sk', 's')",konose,konose
90L_10NL,3,90L_10NL_3_1,1,2625,"('sk', 'sk', 's')",konose,konose
90L_10NL,3,90L_10NL_3_1,1,2625,"('sk', 'sk', 's')",konose,konose
90L_10NL,3,90L_10NL_3_1,1,2625,"('sk', 'sk', 's')",konose,konose
90L_10NL,3,90L_10NL_3_1,1,2625,"('sk', 'sk', 's')",konose,konose
90L_10NL,3,90L_10NL_3_1,1,2625,"('sk', 'sk', 's')",konose,konose
90L_10NL,3,90L_10NL_3_1,1,2625,"('sk', 'sk', 's')",konose,konose
90L_10NL,3,90L_10NL_3_1,1,2625,"('sk', 'sk', 's')",konose,konose
90L_10NL,3,90L_10NL_3_1,1,2625,"('sk', 'sk', 's')",konose,konose
90L_10NL,3,90L_10NL_3_1,1,2625,"('sk', 'sk', 's')",konose,konose
90L_10NL,3,90L_10NL_3_1,1,2625,"('sk', 'sk', 's')",konose,konose
90L_10NL,3,90L_10NL_3_1,1,2625,"('sk', 'sk', 's')",konose,konose
90L_10NL,3,90L_10NL_3_1,1,1750,"('s', 's', 'sk')",konoskajs,konoskajs
90L_10NL,3,90L_10NL_3_1,1,1750,"('s', 's', 'sk')",konoskajs,konoskajs
90L_10NL,3,90L_10NL_3_1,1,1750,"('s', 's', 'sk')",konoskajs,konoskajs
90L_10NL,3,90L_10NL_3_1,1,1750,"('s', 's', 'sk')",konoskajs,konoskajs
90L_10NL,3,90L_10NL_3_1,1,5250,"('s', 'sk', 'sk')",konoskajs,konoskajs
90L_10NL,3,90L_10NL_3_1,1,5250,"('s', 'sk', 'sk')",konoskajs,konoskajs
90L_10NL,3,90L_10NL_3_1,1,5250,"('s', 'sk', 'sk')",konoskajs,konoskajs
90L_10NL,3,90L_10NL_3_1,1,5250,"('s', 'sk', 'sk')",konoskajs,konoskajs
90L_10NL,3,90L_10NL_3_1,1,5250,"('s', 'sk', 'sk')",konoskajs,konoskajs
90L_10NL,3,90L_10NL_3_1,1,5250,"('s', 'sk', 'sk')",konoskajs,konoskajs
90L_10NL,3,90L_10NL_3_1,1,1750,"('s', 's', 'sk')",konoskajs,konoskajs
90L_10NL,3,90L_10NL_3_1,1,1750,"('s', 's', 'sk')",konoskajs,konoskajs
90L_10NL,3,90L_10NL_3_1,1,1750,"('s', 's', 'sk')",konoskajs,konoskajs
90L_10NL,3,90L_10NL_3_1,1,5250,"('s', 'sk', 'sk')",konoskajs,konoskajs
90L_10NL,3,90L_10NL_3_1,1,5250,"('s', 'sk', 'sk')",konoskajs,konoskajs
90L_10NL,3,90L_10NL_3_1,1,5250,"('s', 'sk', 'sk')",konoskajs,konoskajs
90L_10NL,3,90L_10NL_3_1,1,5250,"('s', 'sk', 'sk')",konoskajs,konoskajs
90L_10NL,3,90L_10NL_3_1,1,5250,"('s', 'sk', 'sk')",konoskajs,konoskajs
90L_10NL,3,90L_10NL_3_1,1,5250,"('s', 'sk', 'sk')",konoskajs,konoskajs
90L_10NL,3,90L_10NL_3_1,1,1750,"('s', 's', 'sk')",konoskajs,konoskajs
90L_10NL,3,90L_10NL_3_1,1,1750,"('s', 's', 'sk')",konoskajs,konoskajs
90L_10NL,3,90L_10NL_3_1,1,5250,"('s', 'sk', 'sk')",konoskajs,konoskajs
90L_10NL,3,90L_10NL_3_1,1,5250,"('s', 'sk', 'sk')",konoskajs,konoskajs
90L_10NL,3,90L_10NL_3_1,1,5250,"('s', 'sk', 'sk')",konoskajs,konoskajs
90L_10NL,3,90L_10NL_3_1,1,5250,"('s', 'sk', 'sk')",konoskajs,konoskajs
90L_10NL,3,90L_10NL_3_1,1,5250,"('s', 'sk', 'sk')",konoskajs,konoskajs
90L_10NL,3,90L_10NL_3_1,1,5250,"('s', 'sk', 'sk')",konoskajs,konoskajs
90L_10NL,3,90L_10NL_3_1,1,1750,"('s', 's', 'sk')",konoskajs,konoskajs
90L_10NL,3,90L_10NL_3_1,1,5250,"('s', 'sk', 'sk')",konoskajs,konoskajs
90L_10NL,3,90L_10NL_3_1,1,5250,"('s', 'sk', 'sk')",konoskajs,konoskajs
90L_10NL,3,90L_10NL_3_1,1,5250,"('s', 'sk', 'sk')",konoskajs,konoskajs
90L_10NL,3,90L_10NL_3_1,1,5250,"('s', 'sk', 'sk')",konoskajs,konoskajs
90L_10NL,3,90L_10NL_3_1,1,5250,"('s', 'sk', 'sk')",konoskajs,konoskajs
90L_10NL,3,90L_10NL_3_1,1,5250,"('s', 'sk', 'sk')",konoskajs,konoskajs
90L_10NL,3,90L_10NL_3_1,1,5250,"('s', 'sk', 'sk')",konoskajs,konoskajs
90L_10NL,3,90L_10NL_3_1,1,5250,"('s', 'sk', 'sk')",konoskajs,konoskajs
90L_10NL,3,90L_10NL_3_1,1,5250,"('s', 'sk', 'sk')",konoskajs,konoskajs
90L_10NL,3,90L_10NL_3_1,1,5250,"('s', 'sk', 'sk')",konoskajs,konoskajs
90L_10NL,3,90L_10NL_3_1,1,5250,"('s', 'sk', 'sk')",konoskajs,konoskajs
90L_10NL,3,90L_10NL_3_1,1,5250,"('s', 'sk', 'sk')",konoskajs,konoskajs
90L_10NL,3,90L_10NL_3_1,1,2625,"('sk', 'sk', 'sk')",konoskajs,konoskajs
90L_10NL,3,90L_10NL_3_1,1,2625,"('sk', 'sk', 'sk')",konoskajs,konoskajs
90L_10NL,3,90L_10NL_3_1,1,2625,"('sk', 'sk', 'sk')",konoskajs,konoskajs
90L_10NL,3,90L_10NL_3_1,1,2625,"('sk', 'sk', 'sk')",konoskajs,konoskajs
90L_10NL,3,90L_10NL_3_1,1,2625,"('sk', 'sk', 'sk')",konoskajs,konoskajs
90L_10NL,3,90L_10NL_3_1,1,2625,"('sk', 'sk', 'sk')",konoskajs,konoskajs
90L_10NL,3,90L_10NL_3_1,1,2625,"('sk', 'sk', 'sk')",konoskajs,konoskajs
90L_10NL,3,90L_10NL_3_1,1,2625,"('sk', 'sk', 'sk')",konoskajs,konoskajs
90L_10NL,3,90L_10NL_3_1,1,2625,"('sk', 'sk', 'sk')",konoskajs,konoskajs
90L_10NL,3,90L_10NL_3_1,1,2625,"('sk', 'sk', 'sk')",konoskajs,konoskajs
90L_10NL,3,90L_10NL_3_1,1,2625,"('sk', 'sk', 'sk')",konoskajs,konoskajs
90L_10NL,3,90L_10NL_3_1,1,2625,"('sk', 'sk', 'sk')",konoskajs,konoskajs
90L_10NL,3,90L_10NL_3_1,1,2625,"('sk', 'sk', 'sk')",konoskajs,konoskajs
90L_10NL,3,90L_10NL_3_1,1,2625,"('sk', 'sk', 'sk')",konoskajs,konoskajs
90L_10NL,3,90L_10NL_3_1,1,2625,"('sk', 'sk', 'sk')",konoskajs,konoskajs
90L_10NL,3,90L_10NL_3_1,1,1750,"('s', 's', 'sk')",konoskamos,konoskamos
90L_10NL,3,90L_10NL_3_1,1,1750,"('s', 's', 'sk')",konoskamos,konoskamos
90L_10NL,3,90L_10NL_3_1,1,1750,"('s', 's', 'sk')",konoskamos,konoskamos
90L_10NL,3,90L_10NL_3_1,1,1750,"('s', 's', 'sk')",konoskamos,konoskamos
90L_10NL,3,90L_10NL_3_1,1,5250,"('s', 'sk', 'sk')",konoskamos,konoskamos
90L_10NL,3,90L_10NL_3_1,1,5250,"('s', 'sk', 'sk')",konoskamos,konoskamos
90L_10NL,3,90L_10NL_3_1,1,5250,"('s', 'sk', 'sk')",konoskamos,konoskamos
90L_10NL,3,90L_10NL_3_1,1,5250,"('s', 'sk', 'sk')",konoskamos,konoskamos
90L_10NL,3,90L_10NL_3_1,1,5250,"('s', 'sk', 'sk')",konoskamos,konoskamos
90L_10NL,3,90L_10NL_3_1,1,5250,"('s', 'sk', 'sk')",konoskamos,konoskamos
90L_10NL,3,90L_10NL_3_1,1,1750,"('s', 's', 'sk')",konoskamos,konoskamos
90L_10NL,3,90L_10NL_3_1,1,1750,"('s', 's', 'sk')",konoskamos,konoskamos
90L_10NL,3,90L_10NL_3_1,1,1750,"('s', 's', 'sk')",konoskamos,konoskamos
90L_10NL,3,90L_10NL_3_1,1,5250,"('s', 'sk', 'sk')",konoskamos,konoskamos
90L_10NL,3,90L_10NL_3_1,1,5250,"('s', 'sk', 'sk')",konoskamos,konoskamos
90L_10NL,3,90L_10NL_3_1,1,5250,"('s', 'sk', 'sk')",konoskamos,konoskamos
90L_10NL,3,90L_10NL_3_1,1,5250,"('s', 'sk', 'sk')",konoskamos,konoskamos
90L_10NL,3,90L_10NL_3_1,1,5250,"('s', 'sk', 'sk')",konoskamos,konoskamos
90L_10NL,3,90L_10NL_3_1,1,5250,"('s', 'sk', 'sk')",konoskamos,konoskamos
90L_10NL,3,90L_10NL_3_1,1,1750,"('s', 's', 'sk')",konoskamos,konoskamos
90L_10NL,3,90L_10NL_3_1,1,1750,"('s', 's', 'sk')",konoskamos,konoskamos
90L_10NL,3,90L_10NL_3_1,1,5250,"('s', 'sk', 'sk')",konoskamos,konoskamos
90L_10NL,3,90L_10NL_3_1,1,5250,"('s', 'sk', 'sk')",konoskamos,konoskamos
90L_10NL,3,90L_10NL_3_1,1,5250,"('s', 'sk', 'sk')",konoskamos,konoskamos
90L_10NL,3,90L_10NL_3_1,1,5250,"('s', 'sk', 'sk')",konoskamos,konoskamos
90L_10NL,3,90L_10NL_3_1,1,5250,"('s', 'sk', 'sk')",konoskamos,konoskamos
90L_10NL,3,90L_10NL_3_1,1,5250,"('s', 'sk', 'sk')",konoskamos,konoskamos
90L_10NL,3,90L_10NL_3_1,1,1750,"('s', 's', 'sk')",konoskamos,konoskamos
90L_10NL,3,90L_10NL_3_1,1,5250,"('s', 'sk', 'sk')",konoskamos,konoskamos
90L_10NL,3,90L_10NL_3_1,1,5250,"('s', 'sk', 'sk')",konoskamos,konoskamos
90L_10NL,3,90L_10NL_3_1,1,5250,"('s', 'sk', 'sk')",konoskamos,konoskamos
90L_10NL,3,90L_10NL_3_1,1,5250,"('s', 'sk', 'sk')",konoskamos,konoskamos
90L_10NL,3,90L_10NL_3_1,1,5250,"('s', 'sk', 'sk')",konoskamos,konoskamos
90L_10NL,3,90L_10NL_3_1,1,5250,"('s', 'sk', 'sk')",konoskamos,konoskamos
90L_10NL,3,90L_10NL_3_1,1,5250,"('s', 'sk', 'sk')",konoskamos,konoskamos
90L_10NL,3,90L_10NL_3_1,1,5250,"('s', 'sk', 'sk')",konoskamos,konoskamos
90L_10NL,3,90L_10NL_3_1,1,5250,"('s', 'sk', 'sk')",konoskamos,konoskamos
90L_10NL,3,90L_10NL_3_1,1,5250,"('s', 'sk', 'sk')",konoskamos,konoskamos
90L_10NL,3,90L_10NL_3_1,1,5250,"('s', 'sk', 'sk')",konoskamos,konoskamos
90L_10NL,3,90L_10NL_3_1,1,5250,"('s', 'sk', 'sk')",konoskamos,konoskamos
90L_10NL,3,90L_10NL_3_1,1,2625,"('sk', 'sk', 'sk')",konoskamos,konoskamos
90L_10NL,3,90L_10NL_3_1,1,2625,"('sk', 'sk', 'sk')",konoskamos,konoskamos
90L_10NL,3,90L_10NL_3_1,1,2625,"('sk', 'sk', 'sk')",konoskamos,konoskamos
90L_10NL,3,90L_10NL_3_1,1,2625,"('sk', 'sk', 'sk')",konoskamos,konoskamos
90L_10NL,3,90L_10NL_3_1,1,2625,"('sk', 'sk', 'sk')",konoskamos,konoskamos
90L_10NL,3,90L_10NL_3_1,1,2625,"('sk', 'sk', 'sk')",konoskamos,konoskamos
90L_10NL,3,90L_10NL_3_1,1,2625,"('sk', 'sk', 'sk')",konoskamos,konoskamos
90L_10NL,3,90L_10NL_3_1,1,2625,"('sk', 'sk', 'sk')",konoskamos,konoskamos
90L_10NL,3,90L_10NL_3_1,1,2625,"('sk', 'sk', 'sk')",konoskamos,konoskamos
90L_10NL,3,90L_10NL_3_1,1,2625,"('sk', 'sk', 'sk')",konoskamos,konoskamos
90L_10NL,3,90L_10NL_3_1,1,2625,"('sk', 'sk', 'sk')",konoskamos,konoskamos
90L_10NL,3,90L_10NL_3_1,1,2625,"('sk', 'sk', 'sk')",konoskamos,konoskamos
90L_10NL,3,90L_10NL_3_1,1,2625,"('sk', 'sk', 'sk')",konoskamos,konoskamos
90L_10NL,3,90L_10NL_3_1,1,2625,"('sk', 'sk', 'sk')",konoskamos,konoskamos
90L_10NL,3,90L_10NL_3_1,1,2625,"('sk', 'sk', 'sk')",konoskamos,konoskamos
90L_10NL,3,90L_10NL_3_1,0,1750,"('s', 's', 'sk')",konswesan,konoskan
90L_10NL,3,90L_10NL_3_1,1,1750,"('s', 's', 'sk')",konoskan,konoskan
90L_10NL,3,90L_10NL_3_1,1,1750,"('s', 's', 'sk')",konoskan,konoskan
90L_10NL,3,90L_10NL_3_1,1,1750,"('s', 's', 'sk')",konoskan,konoskan
90L_10NL,3,90L_10NL_3_1,1,5250,"('s', 'sk', 'sk')",konoskan,konoskan
90L_10NL,3,90L_10NL_3_1,1,5250,"('s', 'sk', 'sk')",konoskan,konoskan
90L_10NL,3,90L_10NL_3_1,1,5250,"('s', 'sk', 'sk')",konoskan,konoskan
90L_10NL,3,90L_10NL_3_1,1,5250,"('s', 'sk', 'sk')",konoskan,konoskan
90L_10NL,3,90L_10NL_3_1,1,5250,"('s', 'sk', 'sk')",konoskan,konoskan
90L_10NL,3,90L_10NL_3_1,1,5250,"('s', 'sk', 'sk')",konoskan,konoskan
90L_10NL,3,90L_10NL_3_1,1,1750,"('s', 's', 'sk')",konoskan,konoskan
90L_10NL,3,90L_10NL_3_1,1,1750,"('s', 's', 'sk')",konoskan,konoskan
90L_10NL,3,90L_10NL_3_1,1,1750,"('s', 's', 'sk')",konoskan,konoskan
90L_10NL,3,90L_10NL_3_1,1,5250,"('s', 'sk', 'sk')",konoskan,konoskan
90L_10NL,3,90L_10NL_3_1,1,5250,"('s', 'sk', 'sk')",konoskan,konoskan
90L_10NL,3,90L_10NL_3_1,1,5250,"('s', 'sk', 'sk')",konoskan,konoskan
90L_10NL,3,90L_10NL_3_1,1,5250,"('s', 'sk', 'sk')",konoskan,konoskan
90L_10NL,3,90L_10NL_3_1,1,5250,"('s', 'sk', 'sk')",konoskan,konoskan
90L_10NL,3,90L_10NL_3_1,1,5250,"('s', 'sk', 'sk')",konoskan,konoskan
90L_10NL,3,90L_10NL_3_1,1,1750,"('s', 's', 'sk')",konoskan,konoskan
90L_10NL,3,90L_10NL_3_1,1,1750,"('s', 's', 'sk')",konoskan,konoskan
90L_10NL,3,90L_10NL_3_1,1,5250,"('s', 'sk', 'sk')",konoskan,konoskan
90L_10NL,3,90L_10NL_3_1,1,5250,"('s', 'sk', 'sk')",konoskan,konoskan
90L_10NL,3,90L_10NL_3_1,1,5250,"('s', 'sk', 'sk')",konoskan,konoskan
90L_10NL,3,90L_10NL_3_1,1,5250,"('s', 'sk', 'sk')",konoskan,konoskan
90L_10NL,3,90L_10NL_3_1,1,5250,"('s', 'sk', 'sk')",konoskan,konoskan
90L_10NL,3,90L_10NL_3_1,1,5250,"('s', 'sk', 'sk')",konoskan,konoskan
90L_10NL,3,90L_10NL_3_1,1,1750,"('s', 's', 'sk')",konoskan,konoskan
90L_10NL,3,90L_10NL_3_1,1,5250,"('s', 'sk', 'sk')",konoskan,konoskan
90L_10NL,3,90L_10NL_3_1,1,5250,"('s', 'sk', 'sk')",konoskan,konoskan
90L_10NL,3,90L_10NL_3_1,1,5250,"('s', 'sk', 'sk')",konoskan,konoskan
90L_10NL,3,90L_10NL_3_1,1,5250,"('s', 'sk', 'sk')",konoskan,konoskan
90L_10NL,3,90L_10NL_3_1,1,5250,"('s', 'sk', 'sk')",konoskan,konoskan
90L_10NL,3,90L_10NL_3_1,1,5250,"('s', 'sk', 'sk')",konoskan,konoskan
90L_10NL,3,90L_10NL_3_1,1,5250,"('s', 'sk', 'sk')",konoskan,konoskan
90L_10NL,3,90L_10NL_3_1,1,5250,"('s', 'sk', 'sk')",konoskan,konoskan
90L_10NL,3,90L_10NL_3_1,1,5250,"('s', 'sk', 'sk')",konoskan,konoskan
90L_10NL,3,90L_10NL_3_1,1,5250,"('s', 'sk', 'sk')",konoskan,konoskan
90L_10NL,3,90L_10NL_3_1,1,5250,"('s', 'sk', 'sk')",konoskan,konoskan
90L_10NL,3,90L_10NL_3_1,1,5250,"('s', 'sk', 'sk')",konoskan,konoskan
90L_10NL,3,90L_10NL_3_1,1,2625,"('sk', 'sk', 'sk')",konoskan,konoskan
90L_10NL,3,90L_10NL_3_1,1,2625,"('sk', 'sk', 'sk')",konoskan,konoskan
90L_10NL,3,90L_10NL_3_1,1,2625,"('sk', 'sk', 'sk')",konoskan,konoskan
90L_10NL,3,90L_10NL_3_1,1,2625,"('sk', 'sk', 'sk')",konoskan,konoskan
90L_10NL,3,90L_10NL_3_1,1,2625,"('sk', 'sk', 'sk')",konoskan,konoskan
90L_10NL,3,90L_10NL_3_1,1,2625,"('sk', 'sk', 'sk')",konoskan,konoskan
90L_10NL,3,90L_10NL_3_1,1,2625,"('sk', 'sk', 'sk')",konoskan,konoskan
90L_10NL,3,90L_10NL_3_1,1,2625,"('sk', 'sk', 'sk')",konoskan,konoskan
90L_10NL,3,90L_10NL_3_1,1,2625,"('sk', 'sk', 'sk')",konoskan,konoskan
90L_10NL,3,90L_10NL_3_1,1,2625,"('sk', 'sk', 'sk')",konoskan,konoskan
90L_10NL,3,90L_10NL_3_1,1,2625,"('sk', 'sk', 'sk')",konoskan,konoskan
90L_10NL,3,90L_10NL_3_1,1,2625,"('sk', 'sk', 'sk')",konoskan,konoskan
90L_10NL,3,90L_10NL_3_1,1,2625,"('sk', 'sk', 'sk')",konoskan,konoskan
90L_10NL,3,90L_10NL_3_1,1,2625,"('sk', 'sk', 'sk')",konoskan,konoskan
90L_10NL,3,90L_10NL_3_1,1,2625,"('sk', 'sk', 'sk')",konoskan,konoskan
90L_10NL,3,90L_10NL_3_1,1,1750,"('s', 's', 'sk')",konoskas,konoskas
90L_10NL,3,90L_10NL_3_1,1,1750,"('s', 's', 'sk')",konoskas,konoskas
90L_10NL,3,90L_10NL_3_1,1,1750,"('s', 's', 'sk')",konoskas,konoskas
90L_10NL,3,90L_10NL_3_1,1,1750,"('s', 's', 'sk')",konoskas,konoskas
90L_10NL,3,90L_10NL_3_1,1,5250,"('s', 'sk', 'sk')",konoskas,konoskas
90L_10NL,3,90L_10NL_3_1,1,5250,"('s', 'sk', 'sk')",konoskas,konoskas
90L_10NL,3,90L_10NL_3_1,1,5250,"('s', 'sk', 'sk')",konoskas,konoskas
90L_10NL,3,90L_10NL_3_1,1,5250,"('s', 'sk', 'sk')",konoskas,konoskas
90L_10NL,3,90L_10NL_3_1,1,5250,"('s', 'sk', 'sk')",konoskas,konoskas
90L_10NL,3,90L_10NL_3_1,1,5250,"('s', 'sk', 'sk')",konoskas,konoskas
90L_10NL,3,90L_10NL_3_1,1,1750,"('s', 's', 'sk')",konoskas,konoskas
90L_10NL,3,90L_10NL_3_1,1,1750,"('s', 's', 'sk')",konoskas,konoskas
90L_10NL,3,90L_10NL_3_1,1,1750,"('s', 's', 'sk')",konoskas,konoskas
90L_10NL,3,90L_10NL_3_1,1,5250,"('s', 'sk', 'sk')",konoskas,konoskas
90L_10NL,3,90L_10NL_3_1,1,5250,"('s', 'sk', 'sk')",konoskas,konoskas
90L_10NL,3,90L_10NL_3_1,1,5250,"('s', 'sk', 'sk')",konoskas,konoskas
90L_10NL,3,90L_10NL_3_1,1,5250,"('s', 'sk', 'sk')",konoskas,konoskas
90L_10NL,3,90L_10NL_3_1,1,5250,"('s', 'sk', 'sk')",konoskas,konoskas
90L_10NL,3,90L_10NL_3_1,1,5250,"('s', 'sk', 'sk')",konoskas,konoskas
90L_10NL,3,90L_10NL_3_1,1,1750,"('s', 's', 'sk')",konoskas,konoskas
90L_10NL,3,90L_10NL_3_1,1,1750,"('s', 's', 'sk')",konoskas,konoskas
90L_10NL,3,90L_10NL_3_1,1,5250,"('s', 'sk', 'sk')",konoskas,konoskas
90L_10NL,3,90L_10NL_3_1,1,5250,"('s', 'sk', 'sk')",konoskas,konoskas
90L_10NL,3,90L_10NL_3_1,1,5250,"('s', 'sk', 'sk')",konoskas,konoskas
90L_10NL,3,90L_10NL_3_1,1,5250,"('s', 'sk', 'sk')",konoskas,konoskas
90L_10NL,3,90L_10NL_3_1,1,5250,"('s', 'sk', 'sk')",konoskas,konoskas
90L_10NL,3,90L_10NL_3_1,1,5250,"('s', 'sk', 'sk')",konoskas,konoskas
90L_10NL,3,90L_10NL_3_1,1,1750,"('s', 's', 'sk')",konoskas,konoskas
90L_10NL,3,90L_10NL_3_1,1,5250,"('s', 'sk', 'sk')",konoskas,konoskas
90L_10NL,3,90L_10NL_3_1,1,5250,"('s', 'sk', 'sk')",konoskas,konoskas
90L_10NL,3,90L_10NL_3_1,1,5250,"('s', 'sk', 'sk')",konoskas,konoskas
90L_10NL,3,90L_10NL_3_1,1,5250,"('s', 'sk', 'sk')",konoskas,konoskas
90L_10NL,3,90L_10NL_3_1,1,5250,"('s', 'sk', 'sk')",konoskas,konoskas
90L_10NL,3,90L_10NL_3_1,1,5250,"('s', 'sk', 'sk')",konoskas,konoskas
90L_10NL,3,90L_10NL_3_1,1,5250,"('s', 'sk', 'sk')",konoskas,konoskas
90L_10NL,3,90L_10NL_3_1,1,5250,"('s', 'sk', 'sk')",konoskas,konoskas
90L_10NL,3,90L_10NL_3_1,1,5250,"('s', 'sk', 'sk')",konoskas,konoskas
90L_10NL,3,90L_10NL_3_1,1,5250,"('s', 'sk', 'sk')",konoskas,konoskas
90L_10NL,3,90L_10NL_3_1,1,5250,"('s', 'sk', 'sk')",konoskas,konoskas
90L_10NL,3,90L_10NL_3_1,1,5250,"('s', 'sk', 'sk')",konoskas,konoskas
90L_10NL,3,90L_10NL_3_1,1,2625,"('sk', 'sk', 'sk')",konoskas,konoskas
90L_10NL,3,90L_10NL_3_1,1,2625,"('sk', 'sk', 'sk')",konoskas,konoskas
90L_10NL,3,90L_10NL_3_1,1,2625,"('sk', 'sk', 'sk')",konoskas,konoskas
90L_10NL,3,90L_10NL_3_1,1,2625,"('sk', 'sk', 'sk')",konoskas,konoskas
90L_10NL,3,90L_10NL_3_1,1,2625,"('sk', 'sk', 'sk')",konoskas,konoskas
90L_10NL,3,90L_10NL_3_1,1,2625,"('sk', 'sk', 'sk')",konoskas,konoskas
90L_10NL,3,90L_10NL_3_1,1,2625,"('sk', 'sk', 'sk')",konoskas,konoskas
90L_10NL,3,90L_10NL_3_1,1,2625,"('sk', 'sk', 'sk')",konoskas,konoskas
90L_10NL,3,90L_10NL_3_1,1,2625,"('sk', 'sk', 'sk')",konoskas,konoskas
90L_10NL,3,90L_10NL_3_1,1,2625,"('sk', 'sk', 'sk')",konoskas,konoskas
90L_10NL,3,90L_10NL_3_1,1,2625,"('sk', 'sk', 'sk')",konoskas,konoskas
90L_10NL,3,90L_10NL_3_1,1,2625,"('sk', 'sk', 'sk')",konoskas,konoskas
90L_10NL,3,90L_10NL_3_1,1,2625,"('sk', 'sk', 'sk')",konoskas,konoskas
90L_10NL,3,90L_10NL_3_1,1,2625,"('sk', 'sk', 'sk')",konoskas,konoskas
90L_10NL,3,90L_10NL_3_1,1,2625,"('sk', 'sk', 'sk')",konoskas,konoskas
90L_10NL,3,90L_10NL_3_1,1,1750,"('s', 's', 'sk')",konoska,konoska
90L_10NL,3,90L_10NL_3_1,1,1750,"('s', 's', 'sk')",konoska,konoska
90L_10NL,3,90L_10NL_3_1,1,1750,"('s', 's', 'sk')",konoska,konoska
90L_10NL,3,90L_10NL_3_1,1,1750,"('s', 's', 'sk')",konoska,konoska
90L_10NL,3,90L_10NL_3_1,1,5250,"('s', 'sk', 'sk')",konoska,konoska
90L_10NL,3,90L_10NL_3_1,1,5250,"('s', 'sk', 'sk')",konoska,konoska
90L_10NL,3,90L_10NL_3_1,1,5250,"('s', 'sk', 'sk')",konoska,konoska
90L_10NL,3,90L_10NL_3_1,1,5250,"('s', 'sk', 'sk')",konoska,konoska
90L_10NL,3,90L_10NL_3_1,1,5250,"('s', 'sk', 'sk')",konoska,konoska
90L_10NL,3,90L_10NL_3_1,1,5250,"('s', 'sk', 'sk')",konoska,konoska
90L_10NL,3,90L_10NL_3_1,1,1750,"('s', 's', 'sk')",konoska,konoska
90L_10NL,3,90L_10NL_3_1,1,1750,"('s', 's', 'sk')",konoska,konoska
90L_10NL,3,90L_10NL_3_1,1,1750,"('s', 's', 'sk')",konoska,konoska
90L_10NL,3,90L_10NL_3_1,1,5250,"('s', 'sk', 'sk')",konoska,konoska
90L_10NL,3,90L_10NL_3_1,1,5250,"('s', 'sk', 'sk')",konoska,konoska
90L_10NL,3,90L_10NL_3_1,1,5250,"('s', 'sk', 'sk')",konoska,konoska
90L_10NL,3,90L_10NL_3_1,1,5250,"('s', 'sk', 'sk')",konoska,konoska
90L_10NL,3,90L_10NL_3_1,1,5250,"('s', 'sk', 'sk')",konoska,konoska
90L_10NL,3,90L_10NL_3_1,1,5250,"('s', 'sk', 'sk')",konoska,konoska
90L_10NL,3,90L_10NL_3_1,1,1750,"('s', 's', 'sk')",konoska,konoska
90L_10NL,3,90L_10NL_3_1,1,1750,"('s', 's', 'sk')",konoska,konoska
90L_10NL,3,90L_10NL_3_1,1,5250,"('s', 'sk', 'sk')",konoska,konoska
90L_10NL,3,90L_10NL_3_1,1,5250,"('s', 'sk', 'sk')",konoska,konoska
90L_10NL,3,90L_10NL_3_1,1,5250,"('s', 'sk', 'sk')",konoska,konoska
90L_10NL,3,90L_10NL_3_1,1,5250,"('s', 'sk', 'sk')",konoska,konoska
90L_10NL,3,90L_10NL_3_1,1,5250,"('s', 'sk', 'sk')",konoska,konoska
90L_10NL,3,90L_10NL_3_1,1,5250,"('s', 'sk', 'sk')",konoska,konoska
90L_10NL,3,90L_10NL_3_1,1,1750,"('s', 's', 'sk')",konoska,konoska
90L_10NL,3,90L_10NL_3_1,1,5250,"('s', 'sk', 'sk')",konoska,konoska
90L_10NL,3,90L_10NL_3_1,1,5250,"('s', 'sk', 'sk')",konoska,konoska
90L_10NL,3,90L_10NL_3_1,1,5250,"('s', 'sk', 'sk')",konoska,konoska
90L_10NL,3,90L_10NL_3_1,1,5250,"('s', 'sk', 'sk')",konoska,konoska
90L_10NL,3,90L_10NL_3_1,1,5250,"('s', 'sk', 'sk')",konoska,konoska
90L_10NL,3,90L_10NL_3_1,1,5250,"('s', 'sk', 'sk')",konoska,konoska
90L_10NL,3,90L_10NL_3_1,1,5250,"('s', 'sk', 'sk')",konoska,konoska
90L_10NL,3,90L_10NL_3_1,1,5250,"('s', 'sk', 'sk')",konoska,konoska
90L_10NL,3,90L_10NL_3_1,1,5250,"('s', 'sk', 'sk')",konoska,konoska
90L_10NL,3,90L_10NL_3_1,1,5250,"('s', 'sk', 'sk')",konoska,konoska
90L_10NL,3,90L_10NL_3_1,1,5250,"('s', 'sk', 'sk')",konoska,konoska
90L_10NL,3,90L_10NL_3_1,1,5250,"('s', 'sk', 'sk')",konoska,konoska
90L_10NL,3,90L_10NL_3_1,1,2625,"('sk', 'sk', 'sk')",konoska,konoska
90L_10NL,3,90L_10NL_3_1,1,2625,"('sk', 'sk', 'sk')",konoska,konoska
90L_10NL,3,90L_10NL_3_1,1,2625,"('sk', 'sk', 'sk')",konoska,konoska
90L_10NL,3,90L_10NL_3_1,1,2625,"('sk', 'sk', 'sk')",konoska,konoska
90L_10NL,3,90L_10NL_3_1,1,2625,"('sk', 'sk', 'sk')",konoska,konoska
90L_10NL,3,90L_10NL_3_1,1,2625,"('sk', 'sk', 'sk')",konoska,konoska
90L_10NL,3,90L_10NL_3_1,1,2625,"('sk', 'sk', 'sk')",konoska,konoska
90L_10NL,3,90L_10NL_3_1,1,2625,"('sk', 'sk', 'sk')",konoska,konoska
90L_10NL,3,90L_10NL_3_1,1,2625,"('sk', 'sk', 'sk')",konoska,konoska
90L_10NL,3,90L_10NL_3_1,1,2625,"('sk', 'sk', 'sk')",konoska,konoska
90L_10NL,3,90L_10NL_3_1,1,2625,"('sk', 'sk', 'sk')",konoska,konoska
90L_10NL,3,90L_10NL_3_1,1,2625,"('sk', 'sk', 'sk')",konoska,konoska
90L_10NL,3,90L_10NL_3_1,1,2625,"('sk', 'sk', 'sk')",konoska,konoska
90L_10NL,3,90L_10NL_3_1,1,2625,"('sk', 'sk', 'sk')",konoska,konoska
90L_10NL,3,90L_10NL_3_1,1,2625,"('sk', 'sk', 'sk')",konoska,konoska
90L_10NL,3,90L_10NL_3_1,1,1750,"('s', 's', 'sk')",konoska,konoska
90L_10NL,3,90L_10NL_3_1,1,1750,"('s', 's', 'sk')",konoska,konoska
90L_10NL,3,90L_10NL_3_1,1,1750,"('s', 's', 'sk')",konoska,konoska
90L_10NL,3,90L_10NL_3_1,1,1750,"('s', 's', 'sk')",konoska,konoska
90L_10NL,3,90L_10NL_3_1,1,5250,"('s', 'sk', 'sk')",konoska,konoska
90L_10NL,3,90L_10NL_3_1,1,5250,"('s', 'sk', 'sk')",konoska,konoska
90L_10NL,3,90L_10NL_3_1,1,5250,"('s', 'sk', 'sk')",konoska,konoska
90L_10NL,3,90L_10NL_3_1,1,5250,"('s', 'sk', 'sk')",konoska,konoska
90L_10NL,3,90L_10NL_3_1,1,5250,"('s', 'sk', 'sk')",konoska,konoska
90L_10NL,3,90L_10NL_3_1,1,5250,"('s', 'sk', 'sk')",konoska,konoska
90L_10NL,3,90L_10NL_3_1,1,1750,"('s', 's', 'sk')",konoska,konoska
90L_10NL,3,90L_10NL_3_1,1,1750,"('s', 's', 'sk')",konoska,konoska
90L_10NL,3,90L_10NL_3_1,1,1750,"('s', 's', 'sk')",konoska,konoska
90L_10NL,3,90L_10NL_3_1,1,5250,"('s', 'sk', 'sk')",konoska,konoska
90L_10NL,3,90L_10NL_3_1,1,5250,"('s', 'sk', 'sk')",konoska,konoska
90L_10NL,3,90L_10NL_3_1,1,5250,"('s', 'sk', 'sk')",konoska,konoska
90L_10NL,3,90L_10NL_3_1,1,5250,"('s', 'sk', 'sk')",konoska,konoska
90L_10NL,3,90L_10NL_3_1,1,5250,"('s', 'sk', 'sk')",konoska,konoska
90L_10NL,3,90L_10NL_3_1,1,5250,"('s', 'sk', 'sk')",konoska,konoska
90L_10NL,3,90L_10NL_3_1,1,1750,"('s', 's', 'sk')",konoska,konoska
90L_10NL,3,90L_10NL_3_1,1,1750,"('s', 's', 'sk')",konoska,konoska
90L_10NL,3,90L_10NL_3_1,1,5250,"('s', 'sk', 'sk')",konoska,konoska
90L_10NL,3,90L_10NL_3_1,1,5250,"('s', 'sk', 'sk')",konoska,konoska
90L_10NL,3,90L_10NL_3_1,1,5250,"('s', 'sk', 'sk')",konoska,konoska
90L_10NL,3,90L_10NL_3_1,1,5250,"('s', 'sk', 'sk')",konoska,konoska
90L_10NL,3,90L_10NL_3_1,1,5250,"('s', 'sk', 'sk')",konoska,konoska
90L_10NL,3,90L_10NL_3_1,1,5250,"('s', 'sk', 'sk')",konoska,konoska
90L_10NL,3,90L_10NL_3_1,1,1750,"('s', 's', 'sk')",konoska,konoska
90L_10NL,3,90L_10NL_3_1,1,5250,"('s', 'sk', 'sk')",konoska,konoska
90L_10NL,3,90L_10NL_3_1,1,5250,"('s', 'sk', 'sk')",konoska,konoska
90L_10NL,3,90L_10NL_3_1,1,5250,"('s', 'sk', 'sk')",konoska,konoska
90L_10NL,3,90L_10NL_3_1,1,5250,"('s', 'sk', 'sk')",konoska,konoska
90L_10NL,3,90L_10NL_3_1,1,5250,"('s', 'sk', 'sk')",konoska,konoska
90L_10NL,3,90L_10NL_3_1,1,5250,"('s', 'sk', 'sk')",konoska,konoska
90L_10NL,3,90L_10NL_3_1,1,5250,"('s', 'sk', 'sk')",konoska,konoska
90L_10NL,3,90L_10NL_3_1,1,5250,"('s', 'sk', 'sk')",konoska,konoska
90L_10NL,3,90L_10NL_3_1,1,5250,"('s', 'sk', 'sk')",konoska,konoska
90L_10NL,3,90L_10NL_3_1,1,5250,"('s', 'sk', 'sk')",konoska,konoska
90L_10NL,3,90L_10NL_3_1,1,5250,"('s', 'sk', 'sk')",konoska,konoska
90L_10NL,3,90L_10NL_3_1,1,5250,"('s', 'sk', 'sk')",konoska,konoska
90L_10NL,3,90L_10NL_3_1,1,2625,"('sk', 'sk', 'sk')",konoska,konoska
90L_10NL,3,90L_10NL_3_1,1,2625,"('sk', 'sk', 'sk')",konoska,konoska
90L_10NL,3,90L_10NL_3_1,1,2625,"('sk', 'sk', 'sk')",konoska,konoska
90L_10NL,3,90L_10NL_3_1,1,2625,"('sk', 'sk', 'sk')",konoska,konoska
90L_10NL,3,90L_10NL_3_1,1,2625,"('sk', 'sk', 'sk')",konoska,konoska
90L_10NL,3,90L_10NL_3_1,1,2625,"('sk', 'sk', 'sk')",konoska,konoska
90L_10NL,3,90L_10NL_3_1,1,2625,"('sk', 'sk', 'sk')",konoska,konoska
90L_10NL,3,90L_10NL_3_1,1,2625,"('sk', 'sk', 'sk')",konoska,konoska
90L_10NL,3,90L_10NL_3_1,1,2625,"('sk', 'sk', 'sk')",konoska,konoska
90L_10NL,3,90L_10NL_3_1,1,2625,"('sk', 'sk', 'sk')",konoska,konoska
90L_10NL,3,90L_10NL_3_1,1,2625,"('sk', 'sk', 'sk')",konoska,konoska
90L_10NL,3,90L_10NL_3_1,1,2625,"('sk', 'sk', 'sk')",konoska,konoska
90L_10NL,3,90L_10NL_3_1,1,2625,"('sk', 'sk', 'sk')",konoska,konoska
90L_10NL,3,90L_10NL_3_1,1,2625,"('sk', 'sk', 'sk')",konoska,konoska
90L_10NL,3,90L_10NL_3_1,1,2625,"('sk', 'sk', 'sk')",konoska,konoska
90L_10NL,3,90L_10NL_3_1,0,1750,"('s', 's', 'sk')",konswesko,konosko
90L_10NL,3,90L_10NL_3_1,1,1750,"('s', 's', 'sk')",konosko,konosko
90L_10NL,3,90L_10NL_3_1,1,1750,"('s', 's', 'sk')",konosko,konosko
90L_10NL,3,90L_10NL_3_1,1,1750,"('s', 's', 'sk')",konosko,konosko
90L_10NL,3,90L_10NL_3_1,1,5250,"('s', 'sk', 'sk')",konosko,konosko
90L_10NL,3,90L_10NL_3_1,1,5250,"('s', 'sk', 'sk')",konosko,konosko
90L_10NL,3,90L_10NL_3_1,1,5250,"('s', 'sk', 'sk')",konosko,konosko
90L_10NL,3,90L_10NL_3_1,1,5250,"('s', 'sk', 'sk')",konosko,konosko
90L_10NL,3,90L_10NL_3_1,1,5250,"('s', 'sk', 'sk')",konosko,konosko
90L_10NL,3,90L_10NL_3_1,1,5250,"('s', 'sk', 'sk')",konosko,konosko
90L_10NL,3,90L_10NL_3_1,1,1750,"('s', 's', 'sk')",konosko,konosko
90L_10NL,3,90L_10NL_3_1,1,1750,"('s', 's', 'sk')",konosko,konosko
90L_10NL,3,90L_10NL_3_1,1,1750,"('s', 's', 'sk')",konosko,konosko
90L_10NL,3,90L_10NL_3_1,1,5250,"('s', 'sk', 'sk')",konosko,konosko
90L_10NL,3,90L_10NL_3_1,1,5250,"('s', 'sk', 'sk')",konosko,konosko
90L_10NL,3,90L_10NL_3_1,1,5250,"('s', 'sk', 'sk')",konosko,konosko
90L_10NL,3,90L_10NL_3_1,1,5250,"('s', 'sk', 'sk')",konosko,konosko
90L_10NL,3,90L_10NL_3_1,1,5250,"('s', 'sk', 'sk')",konosko,konosko
90L_10NL,3,90L_10NL_3_1,1,5250,"('s', 'sk', 'sk')",konosko,konosko
90L_10NL,3,90L_10NL_3_1,1,1750,"('s', 's', 'sk')",konosko,konosko
90L_10NL,3,90L_10NL_3_1,1,1750,"('s', 's', 'sk')",konosko,konosko
90L_10NL,3,90L_10NL_3_1,1,5250,"('s', 'sk', 'sk')",konosko,konosko
90L_10NL,3,90L_10NL_3_1,1,5250,"('s', 'sk', 'sk')",konosko,konosko
90L_10NL,3,90L_10NL_3_1,1,5250,"('s', 'sk', 'sk')",konosko,konosko
90L_10NL,3,90L_10NL_3_1,1,5250,"('s', 'sk', 'sk')",konosko,konosko
90L_10NL,3,90L_10NL_3_1,1,5250,"('s', 'sk', 'sk')",konosko,konosko
90L_10NL,3,90L_10NL_3_1,1,5250,"('s', 'sk', 'sk')",konosko,konosko
90L_10NL,3,90L_10NL_3_1,1,1750,"('s', 's', 'sk')",konosko,konosko
90L_10NL,3,90L_10NL_3_1,1,5250,"('s', 'sk', 'sk')",konosko,konosko
90L_10NL,3,90L_10NL_3_1,1,5250,"('s', 'sk', 'sk')",konosko,konosko
90L_10NL,3,90L_10NL_3_1,1,5250,"('s', 'sk', 'sk')",konosko,konosko
90L_10NL,3,90L_10NL_3_1,1,5250,"('s', 'sk', 'sk')",konosko,konosko
90L_10NL,3,90L_10NL_3_1,1,5250,"('s', 'sk', 'sk')",konosko,konosko
90L_10NL,3,90L_10NL_3_1,1,5250,"('s', 'sk', 'sk')",konosko,konosko
90L_10NL,3,90L_10NL_3_1,1,5250,"('s', 'sk', 'sk')",konosko,konosko
90L_10NL,3,90L_10NL_3_1,1,5250,"('s', 'sk', 'sk')",konosko,konosko
90L_10NL,3,90L_10NL_3_1,1,5250,"('s', 'sk', 'sk')",konosko,konosko
90L_10NL,3,90L_10NL_3_1,1,5250,"('s', 'sk', 'sk')",konosko,konosko
90L_10NL,3,90L_10NL_3_1,1,5250,"('s', 'sk', 'sk')",konosko,konosko
90L_10NL,3,90L_10NL_3_1,1,5250,"('s', 'sk', 'sk')",konosko,konosko
90L_10NL,3,90L_10NL_3_1,1,2625,"('sk', 'sk', 'sk')",konosko,konosko
90L_10NL,3,90L_10NL_3_1,1,2625,"('sk', 'sk', 'sk')",konosko,konosko
90L_10NL,3,90L_10NL_3_1,1,2625,"('sk', 'sk', 'sk')",konosko,konosko
90L_10NL,3,90L_10NL_3_1,1,2625,"('sk', 'sk', 'sk')",konosko,konosko
90L_10NL,3,90L_10NL_3_1,1,2625,"('sk', 'sk', 'sk')",konosko,konosko
90L_10NL,3,90L_10NL_3_1,1,2625,"('sk', 'sk', 'sk')",konosko,konosko
90L_10NL,3,90L_10NL_3_1,1,2625,"('sk', 'sk', 'sk')",konosko,konosko
90L_10NL,3,90L_10NL_3_1,1,2625,"('sk', 'sk', 'sk')",konosko,konosko
90L_10NL,3,90L_10NL_3_1,1,2625,"('sk', 'sk', 'sk')",konosko,konosko
90L_10NL,3,90L_10NL_3_1,1,2625,"('sk', 'sk', 'sk')",konosko,konosko
90L_10NL,3,90L_10NL_3_1,1,2625,"('sk', 'sk', 'sk')",konosko,konosko
90L_10NL,3,90L_10NL_3_1,1,2625,"('sk', 'sk', 'sk')",konosko,konosko
90L_10NL,3,90L_10NL_3_1,1,2625,"('sk', 'sk', 'sk')",konosko,konosko
90L_10NL,3,90L_10NL_3_1,1,2625,"('sk', 'sk', 'sk')",konosko,konosko
90L_10NL,3,90L_10NL_3_1,1,2625,"('sk', 'sk', 'sk')",konosko,konosko
90L_10NL,3,90L_10NL_3_1,0,1085,"('s', 's', 's')",ɡwaɾsejs,ɡwaɾesejs
90L_10NL,3,90L_10NL_3_1,0,1085,"('s', 's', 's')",ɡwaɾsejs,ɡwaɾesejs
90L_10NL,3,90L_10NL_3_1,0,1085,"('s', 's', 's')",ɡwaɾsejs,ɡwaɾesejs
90L_10NL,3,90L_10NL_3_1,1,3500,"('s', 'sk', 's')",ɡwaɾesejs,ɡwaɾesejs
90L_10NL,3,90L_10NL_3_1,1,3500,"('s', 'sk', 's')",ɡwaɾesejs,ɡwaɾesejs
90L_10NL,3,90L_10NL_3_1,1,3500,"('s', 'sk', 's')",ɡwaɾesejs,ɡwaɾesejs
90L_10NL,3,90L_10NL_3_1,1,3500,"('s', 'sk', 's')",ɡwaɾesejs,ɡwaɾesejs
90L_10NL,3,90L_10NL_3_1,1,3500,"('s', 'sk', 's')",ɡwaɾesejs,ɡwaɾesejs
90L_10NL,3,90L_10NL_3_1,1,3500,"('s', 'sk', 's')",ɡwaɾesejs,ɡwaɾesejs
90L_10NL,3,90L_10NL_3_1,1,3500,"('s', 'sk', 's')",ɡwaɾesejs,ɡwaɾesejs
90L_10NL,3,90L_10NL_3_1,0,1085,"('s', 's', 's')",ɡwaɾsejs,ɡwaɾesejs
90L_10NL,3,90L_10NL_3_1,0,1085,"('s', 's', 's')",ɡwaɾsejs,ɡwaɾesejs
90L_10NL,3,90L_10NL_3_1,1,3500,"('s', 'sk', 's')",ɡwaɾesejs,ɡwaɾesejs
90L_10NL,3,90L_10NL_3_1,1,3500,"('s', 'sk', 's')",ɡwaɾesejs,ɡwaɾesejs
90L_10NL,3,90L_10NL_3_1,1,3500,"('s', 'sk', 's')",ɡwaɾesejs,ɡwaɾesejs
90L_10NL,3,90L_10NL_3_1,1,3500,"('s', 'sk', 's')",ɡwaɾesejs,ɡwaɾesejs
90L_10NL,3,90L_10NL_3_1,1,3500,"('s', 'sk', 's')",ɡwaɾesejs,ɡwaɾesejs
90L_10NL,3,90L_10NL_3_1,1,3500,"('s', 'sk', 's')",ɡwaɾesejs,ɡwaɾesejs
90L_10NL,3,90L_10NL_3_1,1,3500,"('s', 'sk', 's')",ɡwaɾesejs,ɡwaɾesejs
90L_10NL,3,90L_10NL_3_1,0,1085,"('s', 's', 's')",ɡwaɾsejs,ɡwaɾesejs
90L_10NL,3,90L_10NL_3_1,1,3500,"('s', 'sk', 's')",ɡwaɾesejs,ɡwaɾesejs
90L_10NL,3,90L_10NL_3_1,1,3500,"('s', 'sk', 's')",ɡwaɾesejs,ɡwaɾesejs
90L_10NL,3,90L_10NL_3_1,1,3500,"('s', 'sk', 's')",ɡwaɾesejs,ɡwaɾesejs
90L_10NL,3,90L_10NL_3_1,1,3500,"('s', 'sk', 's')",ɡwaɾesejs,ɡwaɾesejs
90L_10NL,3,90L_10NL_3_1,1,3500,"('s', 'sk', 's')",ɡwaɾesejs,ɡwaɾesejs
90L_10NL,3,90L_10NL_3_1,1,3500,"('s', 'sk', 's')",ɡwaɾesejs,ɡwaɾesejs
90L_10NL,3,90L_10NL_3_1,1,3500,"('s', 'sk', 's')",ɡwaɾesejs,ɡwaɾesejs
90L_10NL,3,90L_10NL_3_1,1,3500,"('s', 'sk', 's')",ɡwaɾesejs,ɡwaɾesejs
90L_10NL,3,90L_10NL_3_1,1,3500,"('s', 'sk', 's')",ɡwaɾesejs,ɡwaɾesejs
90L_10NL,3,90L_10NL_3_1,1,3500,"('s', 'sk', 's')",ɡwaɾesejs,ɡwaɾesejs
90L_10NL,3,90L_10NL_3_1,1,3500,"('s', 'sk', 's')",ɡwaɾesejs,ɡwaɾesejs
90L_10NL,3,90L_10NL_3_1,1,3500,"('s', 'sk', 's')",ɡwaɾesejs,ɡwaɾesejs
90L_10NL,3,90L_10NL_3_1,1,3500,"('s', 'sk', 's')",ɡwaɾesejs,ɡwaɾesejs
90L_10NL,3,90L_10NL_3_1,1,3500,"('s', 'sk', 's')",ɡwaɾesejs,ɡwaɾesejs
90L_10NL,3,90L_10NL_3_1,1,2625,"('sk', 'sk', 's')",ɡwaɾesejs,ɡwaɾesejs
90L_10NL,3,90L_10NL_3_1,1,2625,"('sk', 'sk', 's')",ɡwaɾesejs,ɡwaɾesejs
90L_10NL,3,90L_10NL_3_1,1,2625,"('sk', 'sk', 's')",ɡwaɾesejs,ɡwaɾesejs
90L_10NL,3,90L_10NL_3_1,1,2625,"('sk', 'sk', 's')",ɡwaɾesejs,ɡwaɾesejs
90L_10NL,3,90L_10NL_3_1,1,2625,"('sk', 'sk', 's')",ɡwaɾesejs,ɡwaɾesejs
90L_10NL,3,90L_10NL_3_1,1,2625,"('sk', 'sk', 's')",ɡwaɾesejs,ɡwaɾesejs
90L_10NL,3,90L_10NL_3_1,1,2625,"('sk', 'sk', 's')",ɡwaɾesejs,ɡwaɾesejs
90L_10NL,3,90L_10NL_3_1,1,2625,"('sk', 'sk', 's')",ɡwaɾesejs,ɡwaɾesejs
90L_10NL,3,90L_10NL_3_1,1,2625,"('sk', 'sk', 's')",ɡwaɾesejs,ɡwaɾesejs
90L_10NL,3,90L_10NL_3_1,1,2625,"('sk', 'sk', 's')",ɡwaɾesejs,ɡwaɾesejs
90L_10NL,3,90L_10NL_3_1,1,2625,"('sk', 'sk', 's')",ɡwaɾesejs,ɡwaɾesejs
90L_10NL,3,90L_10NL_3_1,1,2625,"('sk', 'sk', 's')",ɡwaɾesejs,ɡwaɾesejs
90L_10NL,3,90L_10NL_3_1,1,2625,"('sk', 'sk', 's')",ɡwaɾesejs,ɡwaɾesejs
90L_10NL,3,90L_10NL_3_1,1,2625,"('sk', 'sk', 's')",ɡwaɾesejs,ɡwaɾesejs
90L_10NL,3,90L_10NL_3_1,1,2625,"('sk', 'sk', 's')",ɡwaɾesejs,ɡwaɾesejs
90L_10NL,3,90L_10NL_3_1,1,2625,"('sk', 'sk', 's')",ɡwaɾesejs,ɡwaɾesejs
90L_10NL,3,90L_10NL_3_1,1,2625,"('sk', 'sk', 's')",ɡwaɾesejs,ɡwaɾesejs
90L_10NL,3,90L_10NL_3_1,1,2625,"('sk', 'sk', 's')",ɡwaɾesejs,ɡwaɾesejs
90L_10NL,3,90L_10NL_3_1,1,2625,"('sk', 'sk', 's')",ɡwaɾesejs,ɡwaɾesejs
90L_10NL,3,90L_10NL_3_1,1,2625,"('sk', 'sk', 's')",ɡwaɾesejs,ɡwaɾesejs
90L_10NL,3,90L_10NL_3_1,1,2625,"('sk', 'sk', 's')",ɡwaɾesejs,ɡwaɾesejs
90L_10NL,3,90L_10NL_3_1,0,1085,"('s', 's', 's')",ɡwaɾsemos,ɡwaɾesemos
90L_10NL,3,90L_10NL_3_1,0,1085,"('s', 's', 's')",ɡwaɾsemos,ɡwaɾesemos
90L_10NL,3,90L_10NL_3_1,0,1085,"('s', 's', 's')",ɡwaɾsemos,ɡwaɾesemos
90L_10NL,3,90L_10NL_3_1,1,3500,"('s', 'sk', 's')",ɡwaɾesemos,ɡwaɾesemos
90L_10NL,3,90L_10NL_3_1,1,3500,"('s', 'sk', 's')",ɡwaɾesemos,ɡwaɾesemos
90L_10NL,3,90L_10NL_3_1,1,3500,"('s', 'sk', 's')",ɡwaɾesemos,ɡwaɾesemos
90L_10NL,3,90L_10NL_3_1,1,3500,"('s', 'sk', 's')",ɡwaɾesemos,ɡwaɾesemos
90L_10NL,3,90L_10NL_3_1,1,3500,"('s', 'sk', 's')",ɡwaɾesemos,ɡwaɾesemos
90L_10NL,3,90L_10NL_3_1,1,3500,"('s', 'sk', 's')",ɡwaɾesemos,ɡwaɾesemos
90L_10NL,3,90L_10NL_3_1,1,3500,"('s', 'sk', 's')",ɡwaɾesemos,ɡwaɾesemos
90L_10NL,3,90L_10NL_3_1,0,1085,"('s', 's', 's')",ɡwaɾsemos,ɡwaɾesemos
90L_10NL,3,90L_10NL_3_1,0,1085,"('s', 's', 's')",ɡwaɾsemos,ɡwaɾesemos
90L_10NL,3,90L_10NL_3_1,1,3500,"('s', 'sk', 's')",ɡwaɾesemos,ɡwaɾesemos
90L_10NL,3,90L_10NL_3_1,1,3500,"('s', 'sk', 's')",ɡwaɾesemos,ɡwaɾesemos
90L_10NL,3,90L_10NL_3_1,1,3500,"('s', 'sk', 's')",ɡwaɾesemos,ɡwaɾesemos
90L_10NL,3,90L_10NL_3_1,1,3500,"('s', 'sk', 's')",ɡwaɾesemos,ɡwaɾesemos
90L_10NL,3,90L_10NL_3_1,1,3500,"('s', 'sk', 's')",ɡwaɾesemos,ɡwaɾesemos
90L_10NL,3,90L_10NL_3_1,1,3500,"('s', 'sk', 's')",ɡwaɾesemos,ɡwaɾesemos
90L_10NL,3,90L_10NL_3_1,1,3500,"('s', 'sk', 's')",ɡwaɾesemos,ɡwaɾesemos
90L_10NL,3,90L_10NL_3_1,0,1085,"('s', 's', 's')",ɡwaɾsemos,ɡwaɾesemos
90L_10NL,3,90L_10NL_3_1,1,3500,"('s', 'sk', 's')",ɡwaɾesemos,ɡwaɾesemos
90L_10NL,3,90L_10NL_3_1,1,3500,"('s', 'sk', 's')",ɡwaɾesemos,ɡwaɾesemos
90L_10NL,3,90L_10NL_3_1,1,3500,"('s', 'sk', 's')",ɡwaɾesemos,ɡwaɾesemos
90L_10NL,3,90L_10NL_3_1,1,3500,"('s', 'sk', 's')",ɡwaɾesemos,ɡwaɾesemos
90L_10NL,3,90L_10NL_3_1,1,3500,"('s', 'sk', 's')",ɡwaɾesemos,ɡwaɾesemos
90L_10NL,3,90L_10NL_3_1,1,3500,"('s', 'sk', 's')",ɡwaɾesemos,ɡwaɾesemos
90L_10NL,3,90L_10NL_3_1,1,3500,"('s', 'sk', 's')",ɡwaɾesemos,ɡwaɾesemos
90L_10NL,3,90L_10NL_3_1,1,3500,"('s', 'sk', 's')",ɡwaɾesemos,ɡwaɾesemos
90L_10NL,3,90L_10NL_3_1,1,3500,"('s', 'sk', 's')",ɡwaɾesemos,ɡwaɾesemos
90L_10NL,3,90L_10NL_3_1,1,3500,"('s', 'sk', 's')",ɡwaɾesemos,ɡwaɾesemos
90L_10NL,3,90L_10NL_3_1,1,3500,"('s', 'sk', 's')",ɡwaɾesemos,ɡwaɾesemos
90L_10NL,3,90L_10NL_3_1,1,3500,"('s', 'sk', 's')",ɡwaɾesemos,ɡwaɾesemos
90L_10NL,3,90L_10NL_3_1,1,3500,"('s', 'sk', 's')",ɡwaɾesemos,ɡwaɾesemos
90L_10NL,3,90L_10NL_3_1,1,3500,"('s', 'sk', 's')",ɡwaɾesemos,ɡwaɾesemos
90L_10NL,3,90L_10NL_3_1,1,2625,"('sk', 'sk', 's')",ɡwaɾesemos,ɡwaɾesemos
90L_10NL,3,90L_10NL_3_1,1,2625,"('sk', 'sk', 's')",ɡwaɾesemos,ɡwaɾesemos
90L_10NL,3,90L_10NL_3_1,1,2625,"('sk', 'sk', 's')",ɡwaɾesemos,ɡwaɾesemos
90L_10NL,3,90L_10NL_3_1,1,2625,"('sk', 'sk', 's')",ɡwaɾesemos,ɡwaɾesemos
90L_10NL,3,90L_10NL_3_1,1,2625,"('sk', 'sk', 's')",ɡwaɾesemos,ɡwaɾesemos
90L_10NL,3,90L_10NL_3_1,1,2625,"('sk', 'sk', 's')",ɡwaɾesemos,ɡwaɾesemos
90L_10NL,3,90L_10NL_3_1,1,2625,"('sk', 'sk', 's')",ɡwaɾesemos,ɡwaɾesemos
90L_10NL,3,90L_10NL_3_1,1,2625,"('sk', 'sk', 's')",ɡwaɾesemos,ɡwaɾesemos
90L_10NL,3,90L_10NL_3_1,1,2625,"('sk', 'sk', 's')",ɡwaɾesemos,ɡwaɾesemos
90L_10NL,3,90L_10NL_3_1,1,2625,"('sk', 'sk', 's')",ɡwaɾesemos,ɡwaɾesemos
90L_10NL,3,90L_10NL_3_1,1,2625,"('sk', 'sk', 's')",ɡwaɾesemos,ɡwaɾesemos
90L_10NL,3,90L_10NL_3_1,1,2625,"('sk', 'sk', 's')",ɡwaɾesemos,ɡwaɾesemos
90L_10NL,3,90L_10NL_3_1,1,2625,"('sk', 'sk', 's')",ɡwaɾesemos,ɡwaɾesemos
90L_10NL,3,90L_10NL_3_1,1,2625,"('sk', 'sk', 's')",ɡwaɾesemos,ɡwaɾesemos
90L_10NL,3,90L_10NL_3_1,1,2625,"('sk', 'sk', 's')",ɡwaɾesemos,ɡwaɾesemos
90L_10NL,3,90L_10NL_3_1,1,2625,"('sk', 'sk', 's')",ɡwaɾesemos,ɡwaɾesemos
90L_10NL,3,90L_10NL_3_1,1,2625,"('sk', 'sk', 's')",ɡwaɾesemos,ɡwaɾesemos
90L_10NL,3,90L_10NL_3_1,1,2625,"('sk', 'sk', 's')",ɡwaɾesemos,ɡwaɾesemos
90L_10NL,3,90L_10NL_3_1,1,2625,"('sk', 'sk', 's')",ɡwaɾesemos,ɡwaɾesemos
90L_10NL,3,90L_10NL_3_1,1,2625,"('sk', 'sk', 's')",ɡwaɾesemos,ɡwaɾesemos
90L_10NL,3,90L_10NL_3_1,1,2625,"('sk', 'sk', 's')",ɡwaɾesemos,ɡwaɾesemos
90L_10NL,3,90L_10NL_3_1,0,1085,"('s', 's', 's')",ɡwaɾses,ɡwaɾesen
90L_10NL,3,90L_10NL_3_1,0,1085,"('s', 's', 's')",ɡwaɾsesen,ɡwaɾesen
90L_10NL,3,90L_10NL_3_1,0,1085,"('s', 's', 's')",ɡwaɾsen,ɡwaɾesen
90L_10NL,3,90L_10NL_3_1,1,3500,"('s', 'sk', 's')",ɡwaɾesen,ɡwaɾesen
90L_10NL,3,90L_10NL_3_1,1,3500,"('s', 'sk', 's')",ɡwaɾesen,ɡwaɾesen
90L_10NL,3,90L_10NL_3_1,1,3500,"('s', 'sk', 's')",ɡwaɾesen,ɡwaɾesen
90L_10NL,3,90L_10NL_3_1,1,3500,"('s', 'sk', 's')",ɡwaɾesen,ɡwaɾesen
90L_10NL,3,90L_10NL_3_1,1,3500,"('s', 'sk', 's')",ɡwaɾesen,ɡwaɾesen
90L_10NL,3,90L_10NL_3_1,1,3500,"('s', 'sk', 's')",ɡwaɾesen,ɡwaɾesen
90L_10NL,3,90L_10NL_3_1,1,3500,"('s', 'sk', 's')",ɡwaɾesen,ɡwaɾesen
90L_10NL,3,90L_10NL_3_1,0,1085,"('s', 's', 's')",ɡwaɾsesen,ɡwaɾesen
90L_10NL,3,90L_10NL_3_1,0,1085,"('s', 's', 's')",ɡwaɾsejs,ɡwaɾesen
90L_10NL,3,90L_10NL_3_1,1,3500,"('s', 'sk', 's')",ɡwaɾesen,ɡwaɾesen
90L_10NL,3,90L_10NL_3_1,1,3500,"('s', 'sk', 's')",ɡwaɾesen,ɡwaɾesen
90L_10NL,3,90L_10NL_3_1,1,3500,"('s', 'sk', 's')",ɡwaɾesen,ɡwaɾesen
90L_10NL,3,90L_10NL_3_1,1,3500,"('s', 'sk', 's')",ɡwaɾesen,ɡwaɾesen
90L_10NL,3,90L_10NL_3_1,1,3500,"('s', 'sk', 's')",ɡwaɾesen,ɡwaɾesen
90L_10NL,3,90L_10NL_3_1,1,3500,"('s', 'sk', 's')",ɡwaɾesen,ɡwaɾesen
90L_10NL,3,90L_10NL_3_1,1,3500,"('s', 'sk', 's')",ɡwaɾesen,ɡwaɾesen
90L_10NL,3,90L_10NL_3_1,0,1085,"('s', 's', 's')",ɡwaɾses,ɡwaɾesen
90L_10NL,3,90L_10NL_3_1,1,3500,"('s', 'sk', 's')",ɡwaɾesen,ɡwaɾesen
90L_10NL,3,90L_10NL_3_1,1,3500,"('s', 'sk', 's')",ɡwaɾesen,ɡwaɾesen
90L_10NL,3,90L_10NL_3_1,1,3500,"('s', 'sk', 's')",ɡwaɾesen,ɡwaɾesen
90L_10NL,3,90L_10NL_3_1,1,3500,"('s', 'sk', 's')",ɡwaɾesen,ɡwaɾesen
90L_10NL,3,90L_10NL_3_1,1,3500,"('s', 'sk', 's')",ɡwaɾesen,ɡwaɾesen
90L_10NL,3,90L_10NL_3_1,1,3500,"('s', 'sk', 's')",ɡwaɾesen,ɡwaɾesen
90L_10NL,3,90L_10NL_3_1,1,3500,"('s', 'sk', 's')",ɡwaɾesen,ɡwaɾesen
90L_10NL,3,90L_10NL_3_1,1,3500,"('s', 'sk', 's')",ɡwaɾesen,ɡwaɾesen
90L_10NL,3,90L_10NL_3_1,1,3500,"('s', 'sk', 's')",ɡwaɾesen,ɡwaɾesen
90L_10NL,3,90L_10NL_3_1,1,3500,"('s', 'sk', 's')",ɡwaɾesen,ɡwaɾesen
90L_10NL,3,90L_10NL_3_1,1,3500,"('s', 'sk', 's')",ɡwaɾesen,ɡwaɾesen
90L_10NL,3,90L_10NL_3_1,1,3500,"('s', 'sk', 's')",ɡwaɾesen,ɡwaɾesen
90L_10NL,3,90L_10NL_3_1,1,3500,"('s', 'sk', 's')",ɡwaɾesen,ɡwaɾesen
90L_10NL,3,90L_10NL_3_1,1,3500,"('s', 'sk', 's')",ɡwaɾesen,ɡwaɾesen
90L_10NL,3,90L_10NL_3_1,1,2625,"('sk', 'sk', 's')",ɡwaɾesen,ɡwaɾesen
90L_10NL,3,90L_10NL_3_1,1,2625,"('sk', 'sk', 's')",ɡwaɾesen,ɡwaɾesen
90L_10NL,3,90L_10NL_3_1,1,2625,"('sk', 'sk', 's')",ɡwaɾesen,ɡwaɾesen
90L_10NL,3,90L_10NL_3_1,1,2625,"('sk', 'sk', 's')",ɡwaɾesen,ɡwaɾesen
90L_10NL,3,90L_10NL_3_1,1,2625,"('sk', 'sk', 's')",ɡwaɾesen,ɡwaɾesen
90L_10NL,3,90L_10NL_3_1,1,2625,"('sk', 'sk', 's')",ɡwaɾesen,ɡwaɾesen
90L_10NL,3,90L_10NL_3_1,1,2625,"('sk', 'sk', 's')",ɡwaɾesen,ɡwaɾesen
90L_10NL,3,90L_10NL_3_1,1,2625,"('sk', 'sk', 's')",ɡwaɾesen,ɡwaɾesen
90L_10NL,3,90L_10NL_3_1,1,2625,"('sk', 'sk', 's')",ɡwaɾesen,ɡwaɾesen
90L_10NL,3,90L_10NL_3_1,1,2625,"('sk', 'sk', 's')",ɡwaɾesen,ɡwaɾesen
90L_10NL,3,90L_10NL_3_1,1,2625,"('sk', 'sk', 's')",ɡwaɾesen,ɡwaɾesen
90L_10NL,3,90L_10NL_3_1,1,2625,"('sk', 'sk', 's')",ɡwaɾesen,ɡwaɾesen
90L_10NL,3,90L_10NL_3_1,1,2625,"('sk', 'sk', 's')",ɡwaɾesen,ɡwaɾesen
90L_10NL,3,90L_10NL_3_1,1,2625,"('sk', 'sk', 's')",ɡwaɾesen,ɡwaɾesen
90L_10NL,3,90L_10NL_3_1,1,2625,"('sk', 'sk', 's')",ɡwaɾesen,ɡwaɾesen
90L_10NL,3,90L_10NL_3_1,1,2625,"('sk', 'sk', 's')",ɡwaɾesen,ɡwaɾesen
90L_10NL,3,90L_10NL_3_1,1,2625,"('sk', 'sk', 's')",ɡwaɾesen,ɡwaɾesen
90L_10NL,3,90L_10NL_3_1,1,2625,"('sk', 'sk', 's')",ɡwaɾesen,ɡwaɾesen
90L_10NL,3,90L_10NL_3_1,1,2625,"('sk', 'sk', 's')",ɡwaɾesen,ɡwaɾesen
90L_10NL,3,90L_10NL_3_1,1,2625,"('sk', 'sk', 's')",ɡwaɾesen,ɡwaɾesen
90L_10NL,3,90L_10NL_3_1,1,2625,"('sk', 'sk', 's')",ɡwaɾesen,ɡwaɾesen
90L_10NL,3,90L_10NL_3_1,1,1085,"('s', 's', 's')",ɡwaɾeses,ɡwaɾeses
90L_10NL,3,90L_10NL_3_1,0,1085,"('s', 's', 's')",ɡwaɾses,ɡwaɾeses
90L_10NL,3,90L_10NL_3_1,1,1085,"('s', 's', 's')",ɡwaɾeses,ɡwaɾeses
90L_10NL,3,90L_10NL_3_1,1,3500,"('s', 'sk', 's')",ɡwaɾeses,ɡwaɾeses
90L_10NL,3,90L_10NL_3_1,1,3500,"('s', 'sk', 's')",ɡwaɾeses,ɡwaɾeses
90L_10NL,3,90L_10NL_3_1,1,3500,"('s', 'sk', 's')",ɡwaɾeses,ɡwaɾeses
90L_10NL,3,90L_10NL_3_1,1,3500,"('s', 'sk', 's')",ɡwaɾeses,ɡwaɾeses
90L_10NL,3,90L_10NL_3_1,1,3500,"('s', 'sk', 's')",ɡwaɾeses,ɡwaɾeses
90L_10NL,3,90L_10NL_3_1,1,3500,"('s', 'sk', 's')",ɡwaɾeses,ɡwaɾeses
90L_10NL,3,90L_10NL_3_1,1,3500,"('s', 'sk', 's')",ɡwaɾeses,ɡwaɾeses
90L_10NL,3,90L_10NL_3_1,0,1085,"('s', 's', 's')",ɡwaɾses,ɡwaɾeses
90L_10NL,3,90L_10NL_3_1,0,1085,"('s', 's', 's')",ɡwaɾses,ɡwaɾeses
90L_10NL,3,90L_10NL_3_1,1,3500,"('s', 'sk', 's')",ɡwaɾeses,ɡwaɾeses
90L_10NL,3,90L_10NL_3_1,1,3500,"('s', 'sk', 's')",ɡwaɾeses,ɡwaɾeses
90L_10NL,3,90L_10NL_3_1,1,3500,"('s', 'sk', 's')",ɡwaɾeses,ɡwaɾeses
90L_10NL,3,90L_10NL_3_1,1,3500,"('s', 'sk', 's')",ɡwaɾeses,ɡwaɾeses
90L_10NL,3,90L_10NL_3_1,1,3500,"('s', 'sk', 's')",ɡwaɾeses,ɡwaɾeses
90L_10NL,3,90L_10NL_3_1,1,3500,"('s', 'sk', 's')",ɡwaɾeses,ɡwaɾeses
90L_10NL,3,90L_10NL_3_1,1,3500,"('s', 'sk', 's')",ɡwaɾeses,ɡwaɾeses
90L_10NL,3,90L_10NL_3_1,0,1085,"('s', 's', 's')",ɡwaɾseses,ɡwaɾeses
90L_10NL,3,90L_10NL_3_1,1,3500,"('s', 'sk', 's')",ɡwaɾeses,ɡwaɾeses
90L_10NL,3,90L_10NL_3_1,1,3500,"('s', 'sk', 's')",ɡwaɾeses,ɡwaɾeses
90L_10NL,3,90L_10NL_3_1,1,3500,"('s', 'sk', 's')",ɡwaɾeses,ɡwaɾeses
90L_10NL,3,90L_10NL_3_1,1,3500,"('s', 'sk', 's')",ɡwaɾeses,ɡwaɾeses
90L_10NL,3,90L_10NL_3_1,1,3500,"('s', 'sk', 's')",ɡwaɾeses,ɡwaɾeses
90L_10NL,3,90L_10NL_3_1,1,3500,"('s', 'sk', 's')",ɡwaɾeses,ɡwaɾeses
90L_10NL,3,90L_10NL_3_1,1,3500,"('s', 'sk', 's')",ɡwaɾeses,ɡwaɾeses
90L_10NL,3,90L_10NL_3_1,1,3500,"('s', 'sk', 's')",ɡwaɾeses,ɡwaɾeses
90L_10NL,3,90L_10NL_3_1,1,3500,"('s', 'sk', 's')",ɡwaɾeses,ɡwaɾeses
90L_10NL,3,90L_10NL_3_1,1,3500,"('s', 'sk', 's')",ɡwaɾeses,ɡwaɾeses
90L_10NL,3,90L_10NL_3_1,1,3500,"('s', 'sk', 's')",ɡwaɾeses,ɡwaɾeses
90L_10NL,3,90L_10NL_3_1,1,3500,"('s', 'sk', 's')",ɡwaɾeses,ɡwaɾeses
90L_10NL,3,90L_10NL_3_1,1,3500,"('s', 'sk', 's')",ɡwaɾeses,ɡwaɾeses
90L_10NL,3,90L_10NL_3_1,1,3500,"('s', 'sk', 's')",ɡwaɾeses,ɡwaɾeses
90L_10NL,3,90L_10NL_3_1,1,2625,"('sk', 'sk', 's')",ɡwaɾeses,ɡwaɾeses
90L_10NL,3,90L_10NL_3_1,1,2625,"('sk', 'sk', 's')",ɡwaɾeses,ɡwaɾeses
90L_10NL,3,90L_10NL_3_1,1,2625,"('sk', 'sk', 's')",ɡwaɾeses,ɡwaɾeses
90L_10NL,3,90L_10NL_3_1,1,2625,"('sk', 'sk', 's')",ɡwaɾeses,ɡwaɾeses
90L_10NL,3,90L_10NL_3_1,1,2625,"('sk', 'sk', 's')",ɡwaɾeses,ɡwaɾeses
90L_10NL,3,90L_10NL_3_1,1,2625,"('sk', 'sk', 's')",ɡwaɾeses,ɡwaɾeses
90L_10NL,3,90L_10NL_3_1,1,2625,"('sk', 'sk', 's')",ɡwaɾeses,ɡwaɾeses
90L_10NL,3,90L_10NL_3_1,1,2625,"('sk', 'sk', 's')",ɡwaɾeses,ɡwaɾeses
90L_10NL,3,90L_10NL_3_1,1,2625,"('sk', 'sk', 's')",ɡwaɾeses,ɡwaɾeses
90L_10NL,3,90L_10NL_3_1,1,2625,"('sk', 'sk', 's')",ɡwaɾeses,ɡwaɾeses
90L_10NL,3,90L_10NL_3_1,1,2625,"('sk', 'sk', 's')",ɡwaɾeses,ɡwaɾeses
90L_10NL,3,90L_10NL_3_1,1,2625,"('sk', 'sk', 's')",ɡwaɾeses,ɡwaɾeses
90L_10NL,3,90L_10NL_3_1,1,2625,"('sk', 'sk', 's')",ɡwaɾeses,ɡwaɾeses
90L_10NL,3,90L_10NL_3_1,1,2625,"('sk', 'sk', 's')",ɡwaɾeses,ɡwaɾeses
90L_10NL,3,90L_10NL_3_1,1,2625,"('sk', 'sk', 's')",ɡwaɾeses,ɡwaɾeses
90L_10NL,3,90L_10NL_3_1,1,2625,"('sk', 'sk', 's')",ɡwaɾeses,ɡwaɾeses
90L_10NL,3,90L_10NL_3_1,1,2625,"('sk', 'sk', 's')",ɡwaɾeses,ɡwaɾeses
90L_10NL,3,90L_10NL_3_1,1,2625,"('sk', 'sk', 's')",ɡwaɾeses,ɡwaɾeses
90L_10NL,3,90L_10NL_3_1,1,2625,"('sk', 'sk', 's')",ɡwaɾeses,ɡwaɾeses
90L_10NL,3,90L_10NL_3_1,1,2625,"('sk', 'sk', 's')",ɡwaɾeses,ɡwaɾeses
90L_10NL,3,90L_10NL_3_1,1,2625,"('sk', 'sk', 's')",ɡwaɾeses,ɡwaɾeses
90L_10NL,3,90L_10NL_3_1,0,1085,"('s', 's', 's')",ɡwaɾse,ɡwaɾese
90L_10NL,3,90L_10NL_3_1,1,1085,"('s', 's', 's')",ɡwaɾese,ɡwaɾese
90L_10NL,3,90L_10NL_3_1,0,1085,"('s', 's', 's')",ɡwaɾsese,ɡwaɾese
90L_10NL,3,90L_10NL_3_1,1,3500,"('s', 'sk', 's')",ɡwaɾese,ɡwaɾese
90L_10NL,3,90L_10NL_3_1,1,3500,"('s', 'sk', 's')",ɡwaɾese,ɡwaɾese
90L_10NL,3,90L_10NL_3_1,1,3500,"('s', 'sk', 's')",ɡwaɾese,ɡwaɾese
90L_10NL,3,90L_10NL_3_1,1,3500,"('s', 'sk', 's')",ɡwaɾese,ɡwaɾese
90L_10NL,3,90L_10NL_3_1,1,3500,"('s', 'sk', 's')",ɡwaɾese,ɡwaɾese
90L_10NL,3,90L_10NL_3_1,1,3500,"('s', 'sk', 's')",ɡwaɾese,ɡwaɾese
90L_10NL,3,90L_10NL_3_1,1,3500,"('s', 'sk', 's')",ɡwaɾese,ɡwaɾese
90L_10NL,3,90L_10NL_3_1,0,1085,"('s', 's', 's')",ɡwaɾsese,ɡwaɾese
90L_10NL,3,90L_10NL_3_1,1,1085,"('s', 's', 's')",ɡwaɾese,ɡwaɾese
90L_10NL,3,90L_10NL_3_1,1,3500,"('s', 'sk', 's')",ɡwaɾese,ɡwaɾese
90L_10NL,3,90L_10NL_3_1,1,3500,"('s', 'sk', 's')",ɡwaɾese,ɡwaɾese
90L_10NL,3,90L_10NL_3_1,1,3500,"('s', 'sk', 's')",ɡwaɾese,ɡwaɾese
90L_10NL,3,90L_10NL_3_1,1,3500,"('s', 'sk', 's')",ɡwaɾese,ɡwaɾese
90L_10NL,3,90L_10NL_3_1,1,3500,"('s', 'sk', 's')",ɡwaɾese,ɡwaɾese
90L_10NL,3,90L_10NL_3_1,1,3500,"('s', 'sk', 's')",ɡwaɾese,ɡwaɾese
90L_10NL,3,90L_10NL_3_1,1,3500,"('s', 'sk', 's')",ɡwaɾese,ɡwaɾese
90L_10NL,3,90L_10NL_3_1,1,1085,"('s', 's', 's')",ɡwaɾese,ɡwaɾese
90L_10NL,3,90L_10NL_3_1,1,3500,"('s', 'sk', 's')",ɡwaɾese,ɡwaɾese
90L_10NL,3,90L_10NL_3_1,1,3500,"('s', 'sk', 's')",ɡwaɾese,ɡwaɾese
90L_10NL,3,90L_10NL_3_1,1,3500,"('s', 'sk', 's')",ɡwaɾese,ɡwaɾese
90L_10NL,3,90L_10NL_3_1,1,3500,"('s', 'sk', 's')",ɡwaɾese,ɡwaɾese
90L_10NL,3,90L_10NL_3_1,1,3500,"('s', 'sk', 's')",ɡwaɾese,ɡwaɾese
90L_10NL,3,90L_10NL_3_1,1,3500,"('s', 'sk', 's')",ɡwaɾese,ɡwaɾese
90L_10NL,3,90L_10NL_3_1,1,3500,"('s', 'sk', 's')",ɡwaɾese,ɡwaɾese
90L_10NL,3,90L_10NL_3_1,1,3500,"('s', 'sk', 's')",ɡwaɾese,ɡwaɾese
90L_10NL,3,90L_10NL_3_1,1,3500,"('s', 'sk', 's')",ɡwaɾese,ɡwaɾese
90L_10NL,3,90L_10NL_3_1,1,3500,"('s', 'sk', 's')",ɡwaɾese,ɡwaɾese
90L_10NL,3,90L_10NL_3_1,1,3500,"('s', 'sk', 's')",ɡwaɾese,ɡwaɾese
90L_10NL,3,90L_10NL_3_1,1,3500,"('s', 'sk', 's')",ɡwaɾese,ɡwaɾese
90L_10NL,3,90L_10NL_3_1,1,3500,"('s', 'sk', 's')",ɡwaɾese,ɡwaɾese
90L_10NL,3,90L_10NL_3_1,1,3500,"('s', 'sk', 's')",ɡwaɾese,ɡwaɾese
90L_10NL,3,90L_10NL_3_1,1,2625,"('sk', 'sk', 's')",ɡwaɾese,ɡwaɾese
90L_10NL,3,90L_10NL_3_1,1,2625,"('sk', 'sk', 's')",ɡwaɾese,ɡwaɾese
90L_10NL,3,90L_10NL_3_1,1,2625,"('sk', 'sk', 's')",ɡwaɾese,ɡwaɾese
90L_10NL,3,90L_10NL_3_1,1,2625,"('sk', 'sk', 's')",ɡwaɾese,ɡwaɾese
90L_10NL,3,90L_10NL_3_1,1,2625,"('sk', 'sk', 's')",ɡwaɾese,ɡwaɾese
90L_10NL,3,90L_10NL_3_1,1,2625,"('sk', 'sk', 's')",ɡwaɾese,ɡwaɾese
90L_10NL,3,90L_10NL_3_1,1,2625,"('sk', 'sk', 's')",ɡwaɾese,ɡwaɾese
90L_10NL,3,90L_10NL_3_1,1,2625,"('sk', 'sk', 's')",ɡwaɾese,ɡwaɾese
90L_10NL,3,90L_10NL_3_1,1,2625,"('sk', 'sk', 's')",ɡwaɾese,ɡwaɾese
90L_10NL,3,90L_10NL_3_1,1,2625,"('sk', 'sk', 's')",ɡwaɾese,ɡwaɾese
90L_10NL,3,90L_10NL_3_1,1,2625,"('sk', 'sk', 's')",ɡwaɾese,ɡwaɾese
90L_10NL,3,90L_10NL_3_1,1,2625,"('sk', 'sk', 's')",ɡwaɾese,ɡwaɾese
90L_10NL,3,90L_10NL_3_1,1,2625,"('sk', 'sk', 's')",ɡwaɾese,ɡwaɾese
90L_10NL,3,90L_10NL_3_1,1,2625,"('sk', 'sk', 's')",ɡwaɾese,ɡwaɾese
90L_10NL,3,90L_10NL_3_1,1,2625,"('sk', 'sk', 's')",ɡwaɾese,ɡwaɾese
90L_10NL,3,90L_10NL_3_1,1,2625,"('sk', 'sk', 's')",ɡwaɾese,ɡwaɾese
90L_10NL,3,90L_10NL_3_1,1,2625,"('sk', 'sk', 's')",ɡwaɾese,ɡwaɾese
90L_10NL,3,90L_10NL_3_1,1,2625,"('sk', 'sk', 's')",ɡwaɾese,ɡwaɾese
90L_10NL,3,90L_10NL_3_1,1,2625,"('sk', 'sk', 's')",ɡwaɾese,ɡwaɾese
90L_10NL,3,90L_10NL_3_1,1,2625,"('sk', 'sk', 's')",ɡwaɾese,ɡwaɾese
90L_10NL,3,90L_10NL_3_1,1,2625,"('sk', 'sk', 's')",ɡwaɾese,ɡwaɾese
90L_10NL,3,90L_10NL_3_1,0,1750,"('s', 's', 'sk')",ɡwaɾsajs,ɡwaɾeskajs
90L_10NL,3,90L_10NL_3_1,0,1750,"('s', 's', 'sk')",ɡwaɾsajs,ɡwaɾeskajs
90L_10NL,3,90L_10NL_3_1,0,1750,"('s', 's', 'sk')",ɡwaɾsajs,ɡwaɾeskajs
90L_10NL,3,90L_10NL_3_1,0,1750,"('s', 's', 'sk')",ɡwaɾsajs,ɡwaɾeskajs
90L_10NL,3,90L_10NL_3_1,1,5250,"('s', 'sk', 'sk')",ɡwaɾeskajs,ɡwaɾeskajs
90L_10NL,3,90L_10NL_3_1,1,5250,"('s', 'sk', 'sk')",ɡwaɾeskajs,ɡwaɾeskajs
90L_10NL,3,90L_10NL_3_1,1,5250,"('s', 'sk', 'sk')",ɡwaɾeskajs,ɡwaɾeskajs
90L_10NL,3,90L_10NL_3_1,1,5250,"('s', 'sk', 'sk')",ɡwaɾeskajs,ɡwaɾeskajs
90L_10NL,3,90L_10NL_3_1,1,5250,"('s', 'sk', 'sk')",ɡwaɾeskajs,ɡwaɾeskajs
90L_10NL,3,90L_10NL_3_1,1,5250,"('s', 'sk', 'sk')",ɡwaɾeskajs,ɡwaɾeskajs
90L_10NL,3,90L_10NL_3_1,0,1750,"('s', 's', 'sk')",ɡwaɾsejs,ɡwaɾeskajs
90L_10NL,3,90L_10NL_3_1,0,1750,"('s', 's', 'sk')",ɡwaɾsejs,ɡwaɾeskajs
90L_10NL,3,90L_10NL_3_1,0,1750,"('s', 's', 'sk')",ɡwaɾsajs,ɡwaɾeskajs
90L_10NL,3,90L_10NL_3_1,1,5250,"('s', 'sk', 'sk')",ɡwaɾeskajs,ɡwaɾeskajs
90L_10NL,3,90L_10NL_3_1,1,5250,"('s', 'sk', 'sk')",ɡwaɾeskajs,ɡwaɾeskajs
90L_10NL,3,90L_10NL_3_1,1,5250,"('s', 'sk', 'sk')",ɡwaɾeskajs,ɡwaɾeskajs
90L_10NL,3,90L_10NL_3_1,1,5250,"('s', 'sk', 'sk')",ɡwaɾeskajs,ɡwaɾeskajs
90L_10NL,3,90L_10NL_3_1,1,5250,"('s', 'sk', 'sk')",ɡwaɾeskajs,ɡwaɾeskajs
90L_10NL,3,90L_10NL_3_1,1,5250,"('s', 'sk', 'sk')",ɡwaɾeskajs,ɡwaɾeskajs
90L_10NL,3,90L_10NL_3_1,0,1750,"('s', 's', 'sk')",ɡwaɾsajs,ɡwaɾeskajs
90L_10NL,3,90L_10NL_3_1,0,1750,"('s', 's', 'sk')",ɡwaɾsajs,ɡwaɾeskajs
90L_10NL,3,90L_10NL_3_1,1,5250,"('s', 'sk', 'sk')",ɡwaɾeskajs,ɡwaɾeskajs
90L_10NL,3,90L_10NL_3_1,1,5250,"('s', 'sk', 'sk')",ɡwaɾeskajs,ɡwaɾeskajs
90L_10NL,3,90L_10NL_3_1,1,5250,"('s', 'sk', 'sk')",ɡwaɾeskajs,ɡwaɾeskajs
90L_10NL,3,90L_10NL_3_1,1,5250,"('s', 'sk', 'sk')",ɡwaɾeskajs,ɡwaɾeskajs
90L_10NL,3,90L_10NL_3_1,1,5250,"('s', 'sk', 'sk')",ɡwaɾeskajs,ɡwaɾeskajs
90L_10NL,3,90L_10NL_3_1,1,5250,"('s', 'sk', 'sk')",ɡwaɾeskajs,ɡwaɾeskajs
90L_10NL,3,90L_10NL_3_1,0,1750,"('s', 's', 'sk')",ɡwaɾsajs,ɡwaɾeskajs
90L_10NL,3,90L_10NL_3_1,1,5250,"('s', 'sk', 'sk')",ɡwaɾeskajs,ɡwaɾeskajs
90L_10NL,3,90L_10NL_3_1,1,5250,"('s', 'sk', 'sk')",ɡwaɾeskajs,ɡwaɾeskajs
90L_10NL,3,90L_10NL_3_1,1,5250,"('s', 'sk', 'sk')",ɡwaɾeskajs,ɡwaɾeskajs
90L_10NL,3,90L_10NL_3_1,1,5250,"('s', 'sk', 'sk')",ɡwaɾeskajs,ɡwaɾeskajs
90L_10NL,3,90L_10NL_3_1,1,5250,"('s', 'sk', 'sk')",ɡwaɾeskajs,ɡwaɾeskajs
90L_10NL,3,90L_10NL_3_1,1,5250,"('s', 'sk', 'sk')",ɡwaɾeskajs,ɡwaɾeskajs
90L_10NL,3,90L_10NL_3_1,1,5250,"('s', 'sk', 'sk')",ɡwaɾeskajs,ɡwaɾeskajs
90L_10NL,3,90L_10NL_3_1,1,5250,"('s', 'sk', 'sk')",ɡwaɾeskajs,ɡwaɾeskajs
90L_10NL,3,90L_10NL_3_1,1,5250,"('s', 'sk', 'sk')",ɡwaɾeskajs,ɡwaɾeskajs
90L_10NL,3,90L_10NL_3_1,1,5250,"('s', 'sk', 'sk')",ɡwaɾeskajs,ɡwaɾeskajs
90L_10NL,3,90L_10NL_3_1,1,5250,"('s', 'sk', 'sk')",ɡwaɾeskajs,ɡwaɾeskajs
90L_10NL,3,90L_10NL_3_1,1,5250,"('s', 'sk', 'sk')",ɡwaɾeskajs,ɡwaɾeskajs
90L_10NL,3,90L_10NL_3_1,1,2625,"('sk', 'sk', 'sk')",ɡwaɾeskajs,ɡwaɾeskajs
90L_10NL,3,90L_10NL_3_1,1,2625,"('sk', 'sk', 'sk')",ɡwaɾeskajs,ɡwaɾeskajs
90L_10NL,3,90L_10NL_3_1,1,2625,"('sk', 'sk', 'sk')",ɡwaɾeskajs,ɡwaɾeskajs
90L_10NL,3,90L_10NL_3_1,1,2625,"('sk', 'sk', 'sk')",ɡwaɾeskajs,ɡwaɾeskajs
90L_10NL,3,90L_10NL_3_1,1,2625,"('sk', 'sk', 'sk')",ɡwaɾeskajs,ɡwaɾeskajs
90L_10NL,3,90L_10NL_3_1,1,2625,"('sk', 'sk', 'sk')",ɡwaɾeskajs,ɡwaɾeskajs
90L_10NL,3,90L_10NL_3_1,1,2625,"('sk', 'sk', 'sk')",ɡwaɾeskajs,ɡwaɾeskajs
90L_10NL,3,90L_10NL_3_1,1,2625,"('sk', 'sk', 'sk')",ɡwaɾeskajs,ɡwaɾeskajs
90L_10NL,3,90L_10NL_3_1,1,2625,"('sk', 'sk', 'sk')",ɡwaɾeskajs,ɡwaɾeskajs
90L_10NL,3,90L_10NL_3_1,1,2625,"('sk', 'sk', 'sk')",ɡwaɾeskajs,ɡwaɾeskajs
90L_10NL,3,90L_10NL_3_1,1,2625,"('sk', 'sk', 'sk')",ɡwaɾeskajs,ɡwaɾeskajs
90L_10NL,3,90L_10NL_3_1,1,2625,"('sk', 'sk', 'sk')",ɡwaɾeskajs,ɡwaɾeskajs
90L_10NL,3,90L_10NL_3_1,1,2625,"('sk', 'sk', 'sk')",ɡwaɾeskajs,ɡwaɾeskajs
90L_10NL,3,90L_10NL_3_1,1,2625,"('sk', 'sk', 'sk')",ɡwaɾeskajs,ɡwaɾeskajs
90L_10NL,3,90L_10NL_3_1,1,2625,"('sk', 'sk', 'sk')",ɡwaɾeskajs,ɡwaɾeskajs
90L_10NL,3,90L_10NL_3_1,0,1750,"('s', 's', 'sk')",ɡwaɾsemos,ɡwaɾeskamos
90L_10NL,3,90L_10NL_3_1,0,1750,"('s', 's', 'sk')",ɡwaɾsamos,ɡwaɾeskamos
90L_10NL,3,90L_10NL_3_1,0,1750,"('s', 's', 'sk')",ɡwaɾsamos,ɡwaɾeskamos
90L_10NL,3,90L_10NL_3_1,0,1750,"('s', 's', 'sk')",ɡwaɾsamos,ɡwaɾeskamos
90L_10NL,3,90L_10NL_3_1,1,5250,"('s', 'sk', 'sk')",ɡwaɾeskamos,ɡwaɾeskamos
90L_10NL,3,90L_10NL_3_1,1,5250,"('s', 'sk', 'sk')",ɡwaɾeskamos,ɡwaɾeskamos
90L_10NL,3,90L_10NL_3_1,1,5250,"('s', 'sk', 'sk')",ɡwaɾeskamos,ɡwaɾeskamos
90L_10NL,3,90L_10NL_3_1,1,5250,"('s', 'sk', 'sk')",ɡwaɾeskamos,ɡwaɾeskamos
90L_10NL,3,90L_10NL_3_1,1,5250,"('s', 'sk', 'sk')",ɡwaɾeskamos,ɡwaɾeskamos
90L_10NL,3,90L_10NL_3_1,1,5250,"('s', 'sk', 'sk')",ɡwaɾeskamos,ɡwaɾeskamos
90L_10NL,3,90L_10NL_3_1,0,1750,"('s', 's', 'sk')",ɡwaɾsemos,ɡwaɾeskamos
90L_10NL,3,90L_10NL_3_1,0,1750,"('s', 's', 'sk')",ɡwaɾsemos,ɡwaɾeskamos
90L_10NL,3,90L_10NL_3_1,0,1750,"('s', 's', 'sk')",ɡwaɾsemos,ɡwaɾeskamos
90L_10NL,3,90L_10NL_3_1,1,5250,"('s', 'sk', 'sk')",ɡwaɾeskamos,ɡwaɾeskamos
90L_10NL,3,90L_10NL_3_1,1,5250,"('s', 'sk', 'sk')",ɡwaɾeskamos,ɡwaɾeskamos
90L_10NL,3,90L_10NL_3_1,1,5250,"('s', 'sk', 'sk')",ɡwaɾeskamos,ɡwaɾeskamos
90L_10NL,3,90L_10NL_3_1,1,5250,"('s', 'sk', 'sk')",ɡwaɾeskamos,ɡwaɾeskamos
90L_10NL,3,90L_10NL_3_1,1,5250,"('s', 'sk', 'sk')",ɡwaɾeskamos,ɡwaɾeskamos
90L_10NL,3,90L_10NL_3_1,1,5250,"('s', 'sk', 'sk')",ɡwaɾeskamos,ɡwaɾeskamos
90L_10NL,3,90L_10NL_3_1,0,1750,"('s', 's', 'sk')",ɡwaɾsamos,ɡwaɾeskamos
90L_10NL,3,90L_10NL_3_1,0,1750,"('s', 's', 'sk')",ɡwaɾsamos,ɡwaɾeskamos
90L_10NL,3,90L_10NL_3_1,1,5250,"('s', 'sk', 'sk')",ɡwaɾeskamos,ɡwaɾeskamos
90L_10NL,3,90L_10NL_3_1,1,5250,"('s', 'sk', 'sk')",ɡwaɾeskamos,ɡwaɾeskamos
90L_10NL,3,90L_10NL_3_1,1,5250,"('s', 'sk', 'sk')",ɡwaɾeskamos,ɡwaɾeskamos
90L_10NL,3,90L_10NL_3_1,1,5250,"('s', 'sk', 'sk')",ɡwaɾeskamos,ɡwaɾeskamos
90L_10NL,3,90L_10NL_3_1,1,5250,"('s', 'sk', 'sk')",ɡwaɾeskamos,ɡwaɾeskamos
90L_10NL,3,90L_10NL_3_1,1,5250,"('s', 'sk', 'sk')",ɡwaɾeskamos,ɡwaɾeskamos
90L_10NL,3,90L_10NL_3_1,0,1750,"('s', 's', 'sk')",ɡwaɾsamos,ɡwaɾeskamos
90L_10NL,3,90L_10NL_3_1,1,5250,"('s', 'sk', 'sk')",ɡwaɾeskamos,ɡwaɾeskamos
90L_10NL,3,90L_10NL_3_1,1,5250,"('s', 'sk', 'sk')",ɡwaɾeskamos,ɡwaɾeskamos
90L_10NL,3,90L_10NL_3_1,1,5250,"('s', 'sk', 'sk')",ɡwaɾeskamos,ɡwaɾeskamos
90L_10NL,3,90L_10NL_3_1,1,5250,"('s', 'sk', 'sk')",ɡwaɾeskamos,ɡwaɾeskamos
90L_10NL,3,90L_10NL_3_1,1,5250,"('s', 'sk', 'sk')",ɡwaɾeskamos,ɡwaɾeskamos
90L_10NL,3,90L_10NL_3_1,1,5250,"('s', 'sk', 'sk')",ɡwaɾeskamos,ɡwaɾeskamos
90L_10NL,3,90L_10NL_3_1,1,5250,"('s', 'sk', 'sk')",ɡwaɾeskamos,ɡwaɾeskamos
90L_10NL,3,90L_10NL_3_1,1,5250,"('s', 'sk', 'sk')",ɡwaɾeskamos,ɡwaɾeskamos
90L_10NL,3,90L_10NL_3_1,1,5250,"('s', 'sk', 'sk')",ɡwaɾeskamos,ɡwaɾeskamos
90L_10NL,3,90L_10NL_3_1,1,5250,"('s', 'sk', 'sk')",ɡwaɾeskamos,ɡwaɾeskamos
90L_10NL,3,90L_10NL_3_1,1,5250,"('s', 'sk', 'sk')",ɡwaɾeskamos,ɡwaɾeskamos
90L_10NL,3,90L_10NL_3_1,1,5250,"('s', 'sk', 'sk')",ɡwaɾeskamos,ɡwaɾeskamos
90L_10NL,3,90L_10NL_3_1,1,2625,"('sk', 'sk', 'sk')",ɡwaɾeskamos,ɡwaɾeskamos
90L_10NL,3,90L_10NL_3_1,1,2625,"('sk', 'sk', 'sk')",ɡwaɾeskamos,ɡwaɾeskamos
90L_10NL,3,90L_10NL_3_1,1,2625,"('sk', 'sk', 'sk')",ɡwaɾeskamos,ɡwaɾeskamos
90L_10NL,3,90L_10NL_3_1,1,2625,"('sk', 'sk', 'sk')",ɡwaɾeskamos,ɡwaɾeskamos
90L_10NL,3,90L_10NL_3_1,1,2625,"('sk', 'sk', 'sk')",ɡwaɾeskamos,ɡwaɾeskamos
90L_10NL,3,90L_10NL_3_1,1,2625,"('sk', 'sk', 'sk')",ɡwaɾeskamos,ɡwaɾeskamos
90L_10NL,3,90L_10NL_3_1,1,2625,"('sk', 'sk', 'sk')",ɡwaɾeskamos,ɡwaɾeskamos
90L_10NL,3,90L_10NL_3_1,1,2625,"('sk', 'sk', 'sk')",ɡwaɾeskamos,ɡwaɾeskamos
90L_10NL,3,90L_10NL_3_1,1,2625,"('sk', 'sk', 'sk')",ɡwaɾeskamos,ɡwaɾeskamos
90L_10NL,3,90L_10NL_3_1,1,2625,"('sk', 'sk', 'sk')",ɡwaɾeskamos,ɡwaɾeskamos
90L_10NL,3,90L_10NL_3_1,1,2625,"('sk', 'sk', 'sk')",ɡwaɾeskamos,ɡwaɾeskamos
90L_10NL,3,90L_10NL_3_1,1,2625,"('sk', 'sk', 'sk')",ɡwaɾeskamos,ɡwaɾeskamos
90L_10NL,3,90L_10NL_3_1,1,2625,"('sk', 'sk', 'sk')",ɡwaɾeskamos,ɡwaɾeskamos
90L_10NL,3,90L_10NL_3_1,1,2625,"('sk', 'sk', 'sk')",ɡwaɾeskamos,ɡwaɾeskamos
90L_10NL,3,90L_10NL_3_1,1,2625,"('sk', 'sk', 'sk')",ɡwaɾeskamos,ɡwaɾeskamos
90L_10NL,3,90L_10NL_3_1,0,1750,"('s', 's', 'sk')",ɡwaɾseskan,ɡwaɾeskan
90L_10NL,3,90L_10NL_3_1,0,1750,"('s', 's', 'sk')",ɡwaɾseskan,ɡwaɾeskan
90L_10NL,3,90L_10NL_3_1,0,1750,"('s', 's', 'sk')",ɡwaɾseskan,ɡwaɾeskan
90L_10NL,3,90L_10NL_3_1,0,1750,"('s', 's', 'sk')",ɡwaɾseskan,ɡwaɾeskan
90L_10NL,3,90L_10NL_3_1,1,5250,"('s', 'sk', 'sk')",ɡwaɾeskan,ɡwaɾeskan
90L_10NL,3,90L_10NL_3_1,1,5250,"('s', 'sk', 'sk')",ɡwaɾeskan,ɡwaɾeskan
90L_10NL,3,90L_10NL_3_1,1,5250,"('s', 'sk', 'sk')",ɡwaɾeskan,ɡwaɾeskan
90L_10NL,3,90L_10NL_3_1,1,5250,"('s', 'sk', 'sk')",ɡwaɾeskan,ɡwaɾeskan
90L_10NL,3,90L_10NL_3_1,1,5250,"('s', 'sk', 'sk')",ɡwaɾeskan,ɡwaɾeskan
90L_10NL,3,90L_10NL_3_1,1,5250,"('s', 'sk', 'sk')",ɡwaɾeskan,ɡwaɾeskan
90L_10NL,3,90L_10NL_3_1,0,1750,"('s', 's', 'sk')",ɡwaɾseskan,ɡwaɾeskan
90L_10NL,3,90L_10NL_3_1,0,1750,"('s', 's', 'sk')",ɡwaɾseskan,ɡwaɾeskan
90L_10NL,3,90L_10NL_3_1,0,1750,"('s', 's', 'sk')",ɡwaɾseskan,ɡwaɾeskan
90L_10NL,3,90L_10NL_3_1,1,5250,"('s', 'sk', 'sk')",ɡwaɾeskan,ɡwaɾeskan
90L_10NL,3,90L_10NL_3_1,1,5250,"('s', 'sk', 'sk')",ɡwaɾeskan,ɡwaɾeskan
90L_10NL,3,90L_10NL_3_1,1,5250,"('s', 'sk', 'sk')",ɡwaɾeskan,ɡwaɾeskan
90L_10NL,3,90L_10NL_3_1,1,5250,"('s', 'sk', 'sk')",ɡwaɾeskan,ɡwaɾeskan
90L_10NL,3,90L_10NL_3_1,1,5250,"('s', 'sk', 'sk')",ɡwaɾeskan,ɡwaɾeskan
90L_10NL,3,90L_10NL_3_1,0,5250,"('s', 'sk', 'sk')",ɡwaɾskan,ɡwaɾeskan
90L_10NL,3,90L_10NL_3_1,0,1750,"('s', 's', 'sk')",ɡwaɾseskan,ɡwaɾeskan
90L_10NL,3,90L_10NL_3_1,0,1750,"('s', 's', 'sk')",ɡwaɾsesan,ɡwaɾeskan
90L_10NL,3,90L_10NL_3_1,1,5250,"('s', 'sk', 'sk')",ɡwaɾeskan,ɡwaɾeskan
90L_10NL,3,90L_10NL_3_1,1,5250,"('s', 'sk', 'sk')",ɡwaɾeskan,ɡwaɾeskan
90L_10NL,3,90L_10NL_3_1,1,5250,"('s', 'sk', 'sk')",ɡwaɾeskan,ɡwaɾeskan
90L_10NL,3,90L_10NL_3_1,1,5250,"('s', 'sk', 'sk')",ɡwaɾeskan,ɡwaɾeskan
90L_10NL,3,90L_10NL_3_1,1,5250,"('s', 'sk', 'sk')",ɡwaɾeskan,ɡwaɾeskan
90L_10NL,3,90L_10NL_3_1,1,5250,"('s', 'sk', 'sk')",ɡwaɾeskan,ɡwaɾeskan
90L_10NL,3,90L_10NL_3_1,0,1750,"('s', 's', 'sk')",ɡwaɾseskan,ɡwaɾeskan
90L_10NL,3,90L_10NL_3_1,1,5250,"('s', 'sk', 'sk')",ɡwaɾeskan,ɡwaɾeskan
90L_10NL,3,90L_10NL_3_1,1,5250,"('s', 'sk', 'sk')",ɡwaɾeskan,ɡwaɾeskan
90L_10NL,3,90L_10NL_3_1,1,5250,"('s', 'sk', 'sk')",ɡwaɾeskan,ɡwaɾeskan
90L_10NL,3,90L_10NL_3_1,1,5250,"('s', 'sk', 'sk')",ɡwaɾeskan,ɡwaɾeskan
90L_10NL,3,90L_10NL_3_1,1,5250,"('s', 'sk', 'sk')",ɡwaɾeskan,ɡwaɾeskan
90L_10NL,3,90L_10NL_3_1,1,5250,"('s', 'sk', 'sk')",ɡwaɾeskan,ɡwaɾeskan
90L_10NL,3,90L_10NL_3_1,1,5250,"('s', 'sk', 'sk')",ɡwaɾeskan,ɡwaɾeskan
90L_10NL,3,90L_10NL_3_1,0,5250,"('s', 'sk', 'sk')",ɡwaɾskan,ɡwaɾeskan
90L_10NL,3,90L_10NL_3_1,1,5250,"('s', 'sk', 'sk')",ɡwaɾeskan,ɡwaɾeskan
90L_10NL,3,90L_10NL_3_1,1,5250,"('s', 'sk', 'sk')",ɡwaɾeskan,ɡwaɾeskan
90L_10NL,3,90L_10NL_3_1,1,5250,"('s', 'sk', 'sk')",ɡwaɾeskan,ɡwaɾeskan
90L_10NL,3,90L_10NL_3_1,1,5250,"('s', 'sk', 'sk')",ɡwaɾeskan,ɡwaɾeskan
90L_10NL,3,90L_10NL_3_1,1,2625,"('sk', 'sk', 'sk')",ɡwaɾeskan,ɡwaɾeskan
90L_10NL,3,90L_10NL_3_1,1,2625,"('sk', 'sk', 'sk')",ɡwaɾeskan,ɡwaɾeskan
90L_10NL,3,90L_10NL_3_1,1,2625,"('sk', 'sk', 'sk')",ɡwaɾeskan,ɡwaɾeskan
90L_10NL,3,90L_10NL_3_1,1,2625,"('sk', 'sk', 'sk')",ɡwaɾeskan,ɡwaɾeskan
90L_10NL,3,90L_10NL_3_1,1,2625,"('sk', 'sk', 'sk')",ɡwaɾeskan,ɡwaɾeskan
90L_10NL,3,90L_10NL_3_1,1,2625,"('sk', 'sk', 'sk')",ɡwaɾeskan,ɡwaɾeskan
90L_10NL,3,90L_10NL_3_1,1,2625,"('sk', 'sk', 'sk')",ɡwaɾeskan,ɡwaɾeskan
90L_10NL,3,90L_10NL_3_1,1,2625,"('sk', 'sk', 'sk')",ɡwaɾeskan,ɡwaɾeskan
90L_10NL,3,90L_10NL_3_1,1,2625,"('sk', 'sk', 'sk')",ɡwaɾeskan,ɡwaɾeskan
90L_10NL,3,90L_10NL_3_1,1,2625,"('sk', 'sk', 'sk')",ɡwaɾeskan,ɡwaɾeskan
90L_10NL,3,90L_10NL_3_1,1,2625,"('sk', 'sk', 'sk')",ɡwaɾeskan,ɡwaɾeskan
90L_10NL,3,90L_10NL_3_1,1,2625,"('sk', 'sk', 'sk')",ɡwaɾeskan,ɡwaɾeskan
90L_10NL,3,90L_10NL_3_1,1,2625,"('sk', 'sk', 'sk')",ɡwaɾeskan,ɡwaɾeskan
90L_10NL,3,90L_10NL_3_1,1,2625,"('sk', 'sk', 'sk')",ɡwaɾeskan,ɡwaɾeskan
90L_10NL,3,90L_10NL_3_1,1,2625,"('sk', 'sk', 'sk')",ɡwaɾeskan,ɡwaɾeskan
90L_10NL,3,90L_10NL_3_1,0,1750,"('s', 's', 'sk')",ɡwaɾseskas,ɡwaɾeskas
90L_10NL,3,90L_10NL_3_1,0,1750,"('s', 's', 'sk')",ɡwaɾseskas,ɡwaɾeskas
90L_10NL,3,90L_10NL_3_1,1,1750,"('s', 's', 'sk')",ɡwaɾeskas,ɡwaɾeskas
90L_10NL,3,90L_10NL_3_1,0,1750,"('s', 's', 'sk')",ɡwaɾseskas,ɡwaɾeskas
90L_10NL,3,90L_10NL_3_1,1,5250,"('s', 'sk', 'sk')",ɡwaɾeskas,ɡwaɾeskas
90L_10NL,3,90L_10NL_3_1,1,5250,"('s', 'sk', 'sk')",ɡwaɾeskas,ɡwaɾeskas
90L_10NL,3,90L_10NL_3_1,1,5250,"('s', 'sk', 'sk')",ɡwaɾeskas,ɡwaɾeskas
90L_10NL,3,90L_10NL_3_1,1,5250,"('s', 'sk', 'sk')",ɡwaɾeskas,ɡwaɾeskas
90L_10NL,3,90L_10NL_3_1,1,5250,"('s', 'sk', 'sk')",ɡwaɾeskas,ɡwaɾeskas
90L_10NL,3,90L_10NL_3_1,1,5250,"('s', 'sk', 'sk')",ɡwaɾeskas,ɡwaɾeskas
90L_10NL,3,90L_10NL_3_1,0,1750,"('s', 's', 'sk')",ɡwaɾseskas,ɡwaɾeskas
90L_10NL,3,90L_10NL_3_1,1,1750,"('s', 's', 'sk')",ɡwaɾeskas,ɡwaɾeskas
90L_10NL,3,90L_10NL_3_1,1,1750,"('s', 's', 'sk')",ɡwaɾeskas,ɡwaɾeskas
90L_10NL,3,90L_10NL_3_1,1,5250,"('s', 'sk', 'sk')",ɡwaɾeskas,ɡwaɾeskas
90L_10NL,3,90L_10NL_3_1,1,5250,"('s', 'sk', 'sk')",ɡwaɾeskas,ɡwaɾeskas
90L_10NL,3,90L_10NL_3_1,1,5250,"('s', 'sk', 'sk')",ɡwaɾeskas,ɡwaɾeskas
90L_10NL,3,90L_10NL_3_1,1,5250,"('s', 'sk', 'sk')",ɡwaɾeskas,ɡwaɾeskas
90L_10NL,3,90L_10NL_3_1,1,5250,"('s', 'sk', 'sk')",ɡwaɾeskas,ɡwaɾeskas
90L_10NL,3,90L_10NL_3_1,1,5250,"('s', 'sk', 'sk')",ɡwaɾeskas,ɡwaɾeskas
90L_10NL,3,90L_10NL_3_1,0,1750,"('s', 's', 'sk')",ɡwaɾseskas,ɡwaɾeskas
90L_10NL,3,90L_10NL_3_1,0,1750,"('s', 's', 'sk')",ɡwaɾseskas,ɡwaɾeskas
90L_10NL,3,90L_10NL_3_1,1,5250,"('s', 'sk', 'sk')",ɡwaɾeskas,ɡwaɾeskas
90L_10NL,3,90L_10NL_3_1,1,5250,"('s', 'sk', 'sk')",ɡwaɾeskas,ɡwaɾeskas
90L_10NL,3,90L_10NL_3_1,0,5250,"('s', 'sk', 'sk')",ɡwaɾskas,ɡwaɾeskas
90L_10NL,3,90L_10NL_3_1,1,5250,"('s', 'sk', 'sk')",ɡwaɾeskas,ɡwaɾeskas
90L_10NL,3,90L_10NL_3_1,1,5250,"('s', 'sk', 'sk')",ɡwaɾeskas,ɡwaɾeskas
90L_10NL,3,90L_10NL_3_1,1,5250,"('s', 'sk', 'sk')",ɡwaɾeskas,ɡwaɾeskas
90L_10NL,3,90L_10NL_3_1,0,1750,"('s', 's', 'sk')",ɡwaɾseskas,ɡwaɾeskas
90L_10NL,3,90L_10NL_3_1,1,5250,"('s', 'sk', 'sk')",ɡwaɾeskas,ɡwaɾeskas
90L_10NL,3,90L_10NL_3_1,1,5250,"('s', 'sk', 'sk')",ɡwaɾeskas,ɡwaɾeskas
90L_10NL,3,90L_10NL_3_1,1,5250,"('s', 'sk', 'sk')",ɡwaɾeskas,ɡwaɾeskas
90L_10NL,3,90L_10NL_3_1,1,5250,"('s', 'sk', 'sk')",ɡwaɾeskas,ɡwaɾeskas
90L_10NL,3,90L_10NL_3_1,1,5250,"('s', 'sk', 'sk')",ɡwaɾeskas,ɡwaɾeskas
90L_10NL,3,90L_10NL_3_1,1,5250,"('s', 'sk', 'sk')",ɡwaɾeskas,ɡwaɾeskas
90L_10NL,3,90L_10NL_3_1,1,5250,"('s', 'sk', 'sk')",ɡwaɾeskas,ɡwaɾeskas
90L_10NL,3,90L_10NL_3_1,1,5250,"('s', 'sk', 'sk')",ɡwaɾeskas,ɡwaɾeskas
90L_10NL,3,90L_10NL_3_1,1,5250,"('s', 'sk', 'sk')",ɡwaɾeskas,ɡwaɾeskas
90L_10NL,3,90L_10NL_3_1,0,5250,"('s', 'sk', 'sk')",ɡwaɾskas,ɡwaɾeskas
90L_10NL,3,90L_10NL_3_1,0,5250,"('s', 'sk', 'sk')",ɡwaɾskas,ɡwaɾeskas
90L_10NL,3,90L_10NL_3_1,0,5250,"('s', 'sk', 'sk')",ɡwaɾskas,ɡwaɾeskas
90L_10NL,3,90L_10NL_3_1,1,2625,"('sk', 'sk', 'sk')",ɡwaɾeskas,ɡwaɾeskas
90L_10NL,3,90L_10NL_3_1,1,2625,"('sk', 'sk', 'sk')",ɡwaɾeskas,ɡwaɾeskas
90L_10NL,3,90L_10NL_3_1,1,2625,"('sk', 'sk', 'sk')",ɡwaɾeskas,ɡwaɾeskas
90L_10NL,3,90L_10NL_3_1,1,2625,"('sk', 'sk', 'sk')",ɡwaɾeskas,ɡwaɾeskas
90L_10NL,3,90L_10NL_3_1,1,2625,"('sk', 'sk', 'sk')",ɡwaɾeskas,ɡwaɾeskas
90L_10NL,3,90L_10NL_3_1,1,2625,"('sk', 'sk', 'sk')",ɡwaɾeskas,ɡwaɾeskas
90L_10NL,3,90L_10NL_3_1,1,2625,"('sk', 'sk', 'sk')",ɡwaɾeskas,ɡwaɾeskas
90L_10NL,3,90L_10NL_3_1,1,2625,"('sk', 'sk', 'sk')",ɡwaɾeskas,ɡwaɾeskas
90L_10NL,3,90L_10NL_3_1,1,2625,"('sk', 'sk', 'sk')",ɡwaɾeskas,ɡwaɾeskas
90L_10NL,3,90L_10NL_3_1,1,2625,"('sk', 'sk', 'sk')",ɡwaɾeskas,ɡwaɾeskas
90L_10NL,3,90L_10NL_3_1,1,2625,"('sk', 'sk', 'sk')",ɡwaɾeskas,ɡwaɾeskas
90L_10NL,3,90L_10NL_3_1,1,2625,"('sk', 'sk', 'sk')",ɡwaɾeskas,ɡwaɾeskas
90L_10NL,3,90L_10NL_3_1,1,2625,"('sk', 'sk', 'sk')",ɡwaɾeskas,ɡwaɾeskas
90L_10NL,3,90L_10NL_3_1,1,2625,"('sk', 'sk', 'sk')",ɡwaɾeskas,ɡwaɾeskas
90L_10NL,3,90L_10NL_3_1,1,2625,"('sk', 'sk', 'sk')",ɡwaɾeskas,ɡwaɾeskas
90L_10NL,3,90L_10NL_3_1,0,1750,"('s', 's', 'sk')",ɡwaɾsesa,ɡwaɾeska
90L_10NL,3,90L_10NL_3_1,0,1750,"('s', 's', 'sk')",ɡwaɾseska,ɡwaɾeska
90L_10NL,3,90L_10NL_3_1,0,1750,"('s', 's', 'sk')",ɡwaɾseska,ɡwaɾeska
90L_10NL,3,90L_10NL_3_1,0,1750,"('s', 's', 'sk')",ɡwaɾseska,ɡwaɾeska
90L_10NL,3,90L_10NL_3_1,1,5250,"('s', 'sk', 'sk')",ɡwaɾeska,ɡwaɾeska
90L_10NL,3,90L_10NL_3_1,1,5250,"('s', 'sk', 'sk')",ɡwaɾeska,ɡwaɾeska
90L_10NL,3,90L_10NL_3_1,1,5250,"('s', 'sk', 'sk')",ɡwaɾeska,ɡwaɾeska
90L_10NL,3,90L_10NL_3_1,1,5250,"('s', 'sk', 'sk')",ɡwaɾeska,ɡwaɾeska
90L_10NL,3,90L_10NL_3_1,1,5250,"('s', 'sk', 'sk')",ɡwaɾeska,ɡwaɾeska
90L_10NL,3,90L_10NL_3_1,1,5250,"('s', 'sk', 'sk')",ɡwaɾeska,ɡwaɾeska
90L_10NL,3,90L_10NL_3_1,0,1750,"('s', 's', 'sk')",ɡwaɾseska,ɡwaɾeska
90L_10NL,3,90L_10NL_3_1,0,1750,"('s', 's', 'sk')",ɡwaɾseska,ɡwaɾeska
90L_10NL,3,90L_10NL_3_1,0,1750,"('s', 's', 'sk')",ɡwaɾseska,ɡwaɾeska
90L_10NL,3,90L_10NL_3_1,1,5250,"('s', 'sk', 'sk')",ɡwaɾeska,ɡwaɾeska
90L_10NL,3,90L_10NL_3_1,1,5250,"('s', 'sk', 'sk')",ɡwaɾeska,ɡwaɾeska
90L_10NL,3,90L_10NL_3_1,1,5250,"('s', 'sk', 'sk')",ɡwaɾeska,ɡwaɾeska
90L_10NL,3,90L_10NL_3_1,1,5250,"('s', 'sk', 'sk')",ɡwaɾeska,ɡwaɾeska
90L_10NL,3,90L_10NL_3_1,1,5250,"('s', 'sk', 'sk')",ɡwaɾeska,ɡwaɾeska
90L_10NL,3,90L_10NL_3_1,1,5250,"('s', 'sk', 'sk')",ɡwaɾeska,ɡwaɾeska
90L_10NL,3,90L_10NL_3_1,0,1750,"('s', 's', 'sk')",ɡwaɾseska,ɡwaɾeska
90L_10NL,3,90L_10NL_3_1,0,1750,"('s', 's', 'sk')",ɡwaɾseska,ɡwaɾeska
90L_10NL,3,90L_10NL_3_1,1,5250,"('s', 'sk', 'sk')",ɡwaɾeska,ɡwaɾeska
90L_10NL,3,90L_10NL_3_1,1,5250,"('s', 'sk', 'sk')",ɡwaɾeska,ɡwaɾeska
90L_10NL,3,90L_10NL_3_1,1,5250,"('s', 'sk', 'sk')",ɡwaɾeska,ɡwaɾeska
90L_10NL,3,90L_10NL_3_1,1,5250,"('s', 'sk', 'sk')",ɡwaɾeska,ɡwaɾeska
90L_10NL,3,90L_10NL_3_1,1,5250,"('s', 'sk', 'sk')",ɡwaɾeska,ɡwaɾeska
90L_10NL,3,90L_10NL_3_1,1,5250,"('s', 'sk', 'sk')",ɡwaɾeska,ɡwaɾeska
90L_10NL,3,90L_10NL_3_1,0,1750,"('s', 's', 'sk')",ɡwaɾseska,ɡwaɾeska
90L_10NL,3,90L_10NL_3_1,1,5250,"('s', 'sk', 'sk')",ɡwaɾeska,ɡwaɾeska
90L_10NL,3,90L_10NL_3_1,1,5250,"('s', 'sk', 'sk')",ɡwaɾeska,ɡwaɾeska
90L_10NL,3,90L_10NL_3_1,1,5250,"('s', 'sk', 'sk')",ɡwaɾeska,ɡwaɾeska
90L_10NL,3,90L_10NL_3_1,1,5250,"('s', 'sk', 'sk')",ɡwaɾeska,ɡwaɾeska
90L_10NL,3,90L_10NL_3_1,1,5250,"('s', 'sk', 'sk')",ɡwaɾeska,ɡwaɾeska
90L_10NL,3,90L_10NL_3_1,1,5250,"('s', 'sk', 'sk')",ɡwaɾeska,ɡwaɾeska
90L_10NL,3,90L_10NL_3_1,1,5250,"('s', 'sk', 'sk')",ɡwaɾeska,ɡwaɾeska
90L_10NL,3,90L_10NL_3_1,1,5250,"('s', 'sk', 'sk')",ɡwaɾeska,ɡwaɾeska
90L_10NL,3,90L_10NL_3_1,1,5250,"('s', 'sk', 'sk')",ɡwaɾeska,ɡwaɾeska
90L_10NL,3,90L_10NL_3_1,1,5250,"('s', 'sk', 'sk')",ɡwaɾeska,ɡwaɾeska
90L_10NL,3,90L_10NL_3_1,1,5250,"('s', 'sk', 'sk')",ɡwaɾeska,ɡwaɾeska
90L_10NL,3,90L_10NL_3_1,1,5250,"('s', 'sk', 'sk')",ɡwaɾeska,ɡwaɾeska
90L_10NL,3,90L_10NL_3_1,1,2625,"('sk', 'sk', 'sk')",ɡwaɾeska,ɡwaɾeska
90L_10NL,3,90L_10NL_3_1,1,2625,"('sk', 'sk', 'sk')",ɡwaɾeska,ɡwaɾeska
90L_10NL,3,90L_10NL_3_1,1,2625,"('sk', 'sk', 'sk')",ɡwaɾeska,ɡwaɾeska
90L_10NL,3,90L_10NL_3_1,1,2625,"('sk', 'sk', 'sk')",ɡwaɾeska,ɡwaɾeska
90L_10NL,3,90L_10NL_3_1,1,2625,"('sk', 'sk', 'sk')",ɡwaɾeska,ɡwaɾeska
90L_10NL,3,90L_10NL_3_1,1,2625,"('sk', 'sk', 'sk')",ɡwaɾeska,ɡwaɾeska
90L_10NL,3,90L_10NL_3_1,1,2625,"('sk', 'sk', 'sk')",ɡwaɾeska,ɡwaɾeska
90L_10NL,3,90L_10NL_3_1,1,2625,"('sk', 'sk', 'sk')",ɡwaɾeska,ɡwaɾeska
90L_10NL,3,90L_10NL_3_1,1,2625,"('sk', 'sk', 'sk')",ɡwaɾeska,ɡwaɾeska
90L_10NL,3,90L_10NL_3_1,1,2625,"('sk', 'sk', 'sk')",ɡwaɾeska,ɡwaɾeska
90L_10NL,3,90L_10NL_3_1,1,2625,"('sk', 'sk', 'sk')",ɡwaɾeska,ɡwaɾeska
90L_10NL,3,90L_10NL_3_1,1,2625,"('sk', 'sk', 'sk')",ɡwaɾeska,ɡwaɾeska
90L_10NL,3,90L_10NL_3_1,1,2625,"('sk', 'sk', 'sk')",ɡwaɾeska,ɡwaɾeska
90L_10NL,3,90L_10NL_3_1,1,2625,"('sk', 'sk', 'sk')",ɡwaɾeska,ɡwaɾeska
90L_10NL,3,90L_10NL_3_1,1,2625,"('sk', 'sk', 'sk')",ɡwaɾeska,ɡwaɾeska
90L_10NL,3,90L_10NL_3_1,0,1750,"('s', 's', 'sk')",ɡwaɾsesa,ɡwaɾeska
90L_10NL,3,90L_10NL_3_1,0,1750,"('s', 's', 'sk')",ɡwaɾseska,ɡwaɾeska
90L_10NL,3,90L_10NL_3_1,0,1750,"('s', 's', 'sk')",ɡwaɾseska,ɡwaɾeska
90L_10NL,3,90L_10NL_3_1,0,1750,"('s', 's', 'sk')",ɡwaɾseska,ɡwaɾeska
90L_10NL,3,90L_10NL_3_1,1,5250,"('s', 'sk', 'sk')",ɡwaɾeska,ɡwaɾeska
90L_10NL,3,90L_10NL_3_1,1,5250,"('s', 'sk', 'sk')",ɡwaɾeska,ɡwaɾeska
90L_10NL,3,90L_10NL_3_1,1,5250,"('s', 'sk', 'sk')",ɡwaɾeska,ɡwaɾeska
90L_10NL,3,90L_10NL_3_1,1,5250,"('s', 'sk', 'sk')",ɡwaɾeska,ɡwaɾeska
90L_10NL,3,90L_10NL_3_1,1,5250,"('s', 'sk', 'sk')",ɡwaɾeska,ɡwaɾeska
90L_10NL,3,90L_10NL_3_1,1,5250,"('s', 'sk', 'sk')",ɡwaɾeska,ɡwaɾeska
90L_10NL,3,90L_10NL_3_1,0,1750,"('s', 's', 'sk')",ɡwaɾseska,ɡwaɾeska
90L_10NL,3,90L_10NL_3_1,0,1750,"('s', 's', 'sk')",ɡwaɾseska,ɡwaɾeska
90L_10NL,3,90L_10NL_3_1,0,1750,"('s', 's', 'sk')",ɡwaɾseska,ɡwaɾeska
90L_10NL,3,90L_10NL_3_1,1,5250,"('s', 'sk', 'sk')",ɡwaɾeska,ɡwaɾeska
90L_10NL,3,90L_10NL_3_1,1,5250,"('s', 'sk', 'sk')",ɡwaɾeska,ɡwaɾeska
90L_10NL,3,90L_10NL_3_1,1,5250,"('s', 'sk', 'sk')",ɡwaɾeska,ɡwaɾeska
90L_10NL,3,90L_10NL_3_1,1,5250,"('s', 'sk', 'sk')",ɡwaɾeska,ɡwaɾeska
90L_10NL,3,90L_10NL_3_1,1,5250,"('s', 'sk', 'sk')",ɡwaɾeska,ɡwaɾeska
90L_10NL,3,90L_10NL_3_1,1,5250,"('s', 'sk', 'sk')",ɡwaɾeska,ɡwaɾeska
90L_10NL,3,90L_10NL_3_1,0,1750,"('s', 's', 'sk')",ɡwaɾseska,ɡwaɾeska
90L_10NL,3,90L_10NL_3_1,0,1750,"('s', 's', 'sk')",ɡwaɾsesa,ɡwaɾeska
90L_10NL,3,90L_10NL_3_1,1,5250,"('s', 'sk', 'sk')",ɡwaɾeska,ɡwaɾeska
90L_10NL,3,90L_10NL_3_1,1,5250,"('s', 'sk', 'sk')",ɡwaɾeska,ɡwaɾeska
90L_10NL,3,90L_10NL_3_1,1,5250,"('s', 'sk', 'sk')",ɡwaɾeska,ɡwaɾeska
90L_10NL,3,90L_10NL_3_1,1,5250,"('s', 'sk', 'sk')",ɡwaɾeska,ɡwaɾeska
90L_10NL,3,90L_10NL_3_1,1,5250,"('s', 'sk', 'sk')",ɡwaɾeska,ɡwaɾeska
90L_10NL,3,90L_10NL_3_1,1,5250,"('s', 'sk', 'sk')",ɡwaɾeska,ɡwaɾeska
90L_10NL,3,90L_10NL_3_1,0,1750,"('s', 's', 'sk')",ɡwaɾsesa,ɡwaɾeska
90L_10NL,3,90L_10NL_3_1,1,5250,"('s', 'sk', 'sk')",ɡwaɾeska,ɡwaɾeska
90L_10NL,3,90L_10NL_3_1,1,5250,"('s', 'sk', 'sk')",ɡwaɾeska,ɡwaɾeska
90L_10NL,3,90L_10NL_3_1,1,5250,"('s', 'sk', 'sk')",ɡwaɾeska,ɡwaɾeska
90L_10NL,3,90L_10NL_3_1,1,5250,"('s', 'sk', 'sk')",ɡwaɾeska,ɡwaɾeska
90L_10NL,3,90L_10NL_3_1,1,5250,"('s', 'sk', 'sk')",ɡwaɾeska,ɡwaɾeska
90L_10NL,3,90L_10NL_3_1,1,5250,"('s', 'sk', 'sk')",ɡwaɾeska,ɡwaɾeska
90L_10NL,3,90L_10NL_3_1,1,5250,"('s', 'sk', 'sk')",ɡwaɾeska,ɡwaɾeska
90L_10NL,3,90L_10NL_3_1,1,5250,"('s', 'sk', 'sk')",ɡwaɾeska,ɡwaɾeska
90L_10NL,3,90L_10NL_3_1,1,5250,"('s', 'sk', 'sk')",ɡwaɾeska,ɡwaɾeska
90L_10NL,3,90L_10NL_3_1,1,5250,"('s', 'sk', 'sk')",ɡwaɾeska,ɡwaɾeska
90L_10NL,3,90L_10NL_3_1,1,5250,"('s', 'sk', 'sk')",ɡwaɾeska,ɡwaɾeska
90L_10NL,3,90L_10NL_3_1,1,5250,"('s', 'sk', 'sk')",ɡwaɾeska,ɡwaɾeska
90L_10NL,3,90L_10NL_3_1,1,2625,"('sk', 'sk', 'sk')",ɡwaɾeska,ɡwaɾeska
90L_10NL,3,90L_10NL_3_1,1,2625,"('sk', 'sk', 'sk')",ɡwaɾeska,ɡwaɾeska
90L_10NL,3,90L_10NL_3_1,1,2625,"('sk', 'sk', 'sk')",ɡwaɾeska,ɡwaɾeska
90L_10NL,3,90L_10NL_3_1,1,2625,"('sk', 'sk', 'sk')",ɡwaɾeska,ɡwaɾeska
90L_10NL,3,90L_10NL_3_1,1,2625,"('sk', 'sk', 'sk')",ɡwaɾeska,ɡwaɾeska
90L_10NL,3,90L_10NL_3_1,1,2625,"('sk', 'sk', 'sk')",ɡwaɾeska,ɡwaɾeska
90L_10NL,3,90L_10NL_3_1,1,2625,"('sk', 'sk', 'sk')",ɡwaɾeska,ɡwaɾeska
90L_10NL,3,90L_10NL_3_1,1,2625,"('sk', 'sk', 'sk')",ɡwaɾeska,ɡwaɾeska
90L_10NL,3,90L_10NL_3_1,1,2625,"('sk', 'sk', 'sk')",ɡwaɾeska,ɡwaɾeska
90L_10NL,3,90L_10NL_3_1,1,2625,"('sk', 'sk', 'sk')",ɡwaɾeska,ɡwaɾeska
90L_10NL,3,90L_10NL_3_1,1,2625,"('sk', 'sk', 'sk')",ɡwaɾeska,ɡwaɾeska
90L_10NL,3,90L_10NL_3_1,1,2625,"('sk', 'sk', 'sk')",ɡwaɾeska,ɡwaɾeska
90L_10NL,3,90L_10NL_3_1,1,2625,"('sk', 'sk', 'sk')",ɡwaɾeska,ɡwaɾeska
90L_10NL,3,90L_10NL_3_1,1,2625,"('sk', 'sk', 'sk')",ɡwaɾeska,ɡwaɾeska
90L_10NL,3,90L_10NL_3_1,1,2625,"('sk', 'sk', 'sk')",ɡwaɾeska,ɡwaɾeska
90L_10NL,3,90L_10NL_3_1,0,1750,"('s', 's', 'sk')",ɡwaɾsesko,ɡwaɾesko
90L_10NL,3,90L_10NL_3_1,0,1750,"('s', 's', 'sk')",ɡwaɾsesko,ɡwaɾesko
90L_10NL,3,90L_10NL_3_1,0,1750,"('s', 's', 'sk')",ɡwaɾsesko,ɡwaɾesko
90L_10NL,3,90L_10NL_3_1,0,1750,"('s', 's', 'sk')",ɡwaɾsesko,ɡwaɾesko
90L_10NL,3,90L_10NL_3_1,1,5250,"('s', 'sk', 'sk')",ɡwaɾesko,ɡwaɾesko
90L_10NL,3,90L_10NL_3_1,1,5250,"('s', 'sk', 'sk')",ɡwaɾesko,ɡwaɾesko
90L_10NL,3,90L_10NL_3_1,1,5250,"('s', 'sk', 'sk')",ɡwaɾesko,ɡwaɾesko
90L_10NL,3,90L_10NL_3_1,1,5250,"('s', 'sk', 'sk')",ɡwaɾesko,ɡwaɾesko
90L_10NL,3,90L_10NL_3_1,1,5250,"('s', 'sk', 'sk')",ɡwaɾesko,ɡwaɾesko
90L_10NL,3,90L_10NL_3_1,1,5250,"('s', 'sk', 'sk')",ɡwaɾesko,ɡwaɾesko
90L_10NL,3,90L_10NL_3_1,0,1750,"('s', 's', 'sk')",ɡwaɾsesko,ɡwaɾesko
90L_10NL,3,90L_10NL_3_1,0,1750,"('s', 's', 'sk')",ɡwaɾsesko,ɡwaɾesko
90L_10NL,3,90L_10NL_3_1,0,1750,"('s', 's', 'sk')",ɡwaɾsesko,ɡwaɾesko
90L_10NL,3,90L_10NL_3_1,1,5250,"('s', 'sk', 'sk')",ɡwaɾesko,ɡwaɾesko
90L_10NL,3,90L_10NL_3_1,1,5250,"('s', 'sk', 'sk')",ɡwaɾesko,ɡwaɾesko
90L_10NL,3,90L_10NL_3_1,1,5250,"('s', 'sk', 'sk')",ɡwaɾesko,ɡwaɾesko
90L_10NL,3,90L_10NL_3_1,1,5250,"('s', 'sk', 'sk')",ɡwaɾesko,ɡwaɾesko
90L_10NL,3,90L_10NL_3_1,1,5250,"('s', 'sk', 'sk')",ɡwaɾesko,ɡwaɾesko
90L_10NL,3,90L_10NL_3_1,1,5250,"('s', 'sk', 'sk')",ɡwaɾesko,ɡwaɾesko
90L_10NL,3,90L_10NL_3_1,0,1750,"('s', 's', 'sk')",ɡwaɾsesko,ɡwaɾesko
90L_10NL,3,90L_10NL_3_1,0,1750,"('s', 's', 'sk')",ɡwaɾsesko,ɡwaɾesko
90L_10NL,3,90L_10NL_3_1,1,5250,"('s', 'sk', 'sk')",ɡwaɾesko,ɡwaɾesko
90L_10NL,3,90L_10NL_3_1,1,5250,"('s', 'sk', 'sk')",ɡwaɾesko,ɡwaɾesko
90L_10NL,3,90L_10NL_3_1,1,5250,"('s', 'sk', 'sk')",ɡwaɾesko,ɡwaɾesko
90L_10NL,3,90L_10NL_3_1,1,5250,"('s', 'sk', 'sk')",ɡwaɾesko,ɡwaɾesko
90L_10NL,3,90L_10NL_3_1,1,5250,"('s', 'sk', 'sk')",ɡwaɾesko,ɡwaɾesko
90L_10NL,3,90L_10NL_3_1,1,5250,"('s', 'sk', 'sk')",ɡwaɾesko,ɡwaɾesko
90L_10NL,3,90L_10NL_3_1,0,1750,"('s', 's', 'sk')",ɡwaɾsesko,ɡwaɾesko
90L_10NL,3,90L_10NL_3_1,1,5250,"('s', 'sk', 'sk')",ɡwaɾesko,ɡwaɾesko
90L_10NL,3,90L_10NL_3_1,1,5250,"('s', 'sk', 'sk')",ɡwaɾesko,ɡwaɾesko
90L_10NL,3,90L_10NL_3_1,1,5250,"('s', 'sk', 'sk')",ɡwaɾesko,ɡwaɾesko
90L_10NL,3,90L_10NL_3_1,1,5250,"('s', 'sk', 'sk')",ɡwaɾesko,ɡwaɾesko
90L_10NL,3,90L_10NL_3_1,1,5250,"('s', 'sk', 'sk')",ɡwaɾesko,ɡwaɾesko
90L_10NL,3,90L_10NL_3_1,1,5250,"('s', 'sk', 'sk')",ɡwaɾesko,ɡwaɾesko
90L_10NL,3,90L_10NL_3_1,1,5250,"('s', 'sk', 'sk')",ɡwaɾesko,ɡwaɾesko
90L_10NL,3,90L_10NL_3_1,1,5250,"('s', 'sk', 'sk')",ɡwaɾesko,ɡwaɾesko
90L_10NL,3,90L_10NL_3_1,1,5250,"('s', 'sk', 'sk')",ɡwaɾesko,ɡwaɾesko
90L_10NL,3,90L_10NL_3_1,1,5250,"('s', 'sk', 'sk')",ɡwaɾesko,ɡwaɾesko
90L_10NL,3,90L_10NL_3_1,1,5250,"('s', 'sk', 'sk')",ɡwaɾesko,ɡwaɾesko
90L_10NL,3,90L_10NL_3_1,1,5250,"('s', 'sk', 'sk')",ɡwaɾesko,ɡwaɾesko
90L_10NL,3,90L_10NL_3_1,1,2625,"('sk', 'sk', 'sk')",ɡwaɾesko,ɡwaɾesko
90L_10NL,3,90L_10NL_3_1,1,2625,"('sk', 'sk', 'sk')",ɡwaɾesko,ɡwaɾesko
90L_10NL,3,90L_10NL_3_1,1,2625,"('sk', 'sk', 'sk')",ɡwaɾesko,ɡwaɾesko
90L_10NL,3,90L_10NL_3_1,1,2625,"('sk', 'sk', 'sk')",ɡwaɾesko,ɡwaɾesko
90L_10NL,3,90L_10NL_3_1,1,2625,"('sk', 'sk', 'sk')",ɡwaɾesko,ɡwaɾesko
90L_10NL,3,90L_10NL_3_1,1,2625,"('sk', 'sk', 'sk')",ɡwaɾesko,ɡwaɾesko
90L_10NL,3,90L_10NL_3_1,1,2625,"('sk', 'sk', 'sk')",ɡwaɾesko,ɡwaɾesko
90L_10NL,3,90L_10NL_3_1,1,2625,"('sk', 'sk', 'sk')",ɡwaɾesko,ɡwaɾesko
90L_10NL,3,90L_10NL_3_1,1,2625,"('sk', 'sk', 'sk')",ɡwaɾesko,ɡwaɾesko
90L_10NL,3,90L_10NL_3_1,1,2625,"('sk', 'sk', 'sk')",ɡwaɾesko,ɡwaɾesko
90L_10NL,3,90L_10NL_3_1,1,2625,"('sk', 'sk', 'sk')",ɡwaɾesko,ɡwaɾesko
90L_10NL,3,90L_10NL_3_1,1,2625,"('sk', 'sk', 'sk')",ɡwaɾesko,ɡwaɾesko
90L_10NL,3,90L_10NL_3_1,1,2625,"('sk', 'sk', 'sk')",ɡwaɾesko,ɡwaɾesko
90L_10NL,3,90L_10NL_3_1,1,2625,"('sk', 'sk', 'sk')",ɡwaɾesko,ɡwaɾesko
90L_10NL,3,90L_10NL_3_1,1,2625,"('sk', 'sk', 'sk')",ɡwaɾesko,ɡwaɾesko
90L_10NL,3,90L_10NL_3_1,0,1085,"('s', 's', 's')",atɾadesejs,ataɾdesejs
90L_10NL,3,90L_10NL_3_1,0,1085,"('s', 's', 's')",atɾadesejs,ataɾdesejs
90L_10NL,3,90L_10NL_3_1,0,1085,"('s', 's', 's')",atɾadesejs,ataɾdesejs
90L_10NL,3,90L_10NL_3_1,1,3500,"('s', 'sk', 's')",ataɾdesejs,ataɾdesejs
90L_10NL,3,90L_10NL_3_1,1,3500,"('s', 'sk', 's')",ataɾdesejs,ataɾdesejs
90L_10NL,3,90L_10NL_3_1,1,3500,"('s', 'sk', 's')",ataɾdesejs,ataɾdesejs
90L_10NL,3,90L_10NL_3_1,1,3500,"('s', 'sk', 's')",ataɾdesejs,ataɾdesejs
90L_10NL,3,90L_10NL_3_1,1,3500,"('s', 'sk', 's')",ataɾdesejs,ataɾdesejs
90L_10NL,3,90L_10NL_3_1,1,3500,"('s', 'sk', 's')",ataɾdesejs,ataɾdesejs
90L_10NL,3,90L_10NL_3_1,1,3500,"('s', 'sk', 's')",ataɾdesejs,ataɾdesejs
90L_10NL,3,90L_10NL_3_1,1,1085,"('s', 's', 's')",ataɾdesejs,ataɾdesejs
90L_10NL,3,90L_10NL_3_1,1,1085,"('s', 's', 's')",ataɾdesejs,ataɾdesejs
90L_10NL,3,90L_10NL_3_1,1,3500,"('s', 'sk', 's')",ataɾdesejs,ataɾdesejs
90L_10NL,3,90L_10NL_3_1,1,3500,"('s', 'sk', 's')",ataɾdesejs,ataɾdesejs
90L_10NL,3,90L_10NL_3_1,1,3500,"('s', 'sk', 's')",ataɾdesejs,ataɾdesejs
90L_10NL,3,90L_10NL_3_1,1,3500,"('s', 'sk', 's')",ataɾdesejs,ataɾdesejs
90L_10NL,3,90L_10NL_3_1,1,3500,"('s', 'sk', 's')",ataɾdesejs,ataɾdesejs
90L_10NL,3,90L_10NL_3_1,1,3500,"('s', 'sk', 's')",ataɾdesejs,ataɾdesejs
90L_10NL,3,90L_10NL_3_1,1,3500,"('s', 'sk', 's')",ataɾdesejs,ataɾdesejs
90L_10NL,3,90L_10NL_3_1,1,1085,"('s', 's', 's')",ataɾdesejs,ataɾdesejs
90L_10NL,3,90L_10NL_3_1,1,3500,"('s', 'sk', 's')",ataɾdesejs,ataɾdesejs
90L_10NL,3,90L_10NL_3_1,1,3500,"('s', 'sk', 's')",ataɾdesejs,ataɾdesejs
90L_10NL,3,90L_10NL_3_1,1,3500,"('s', 'sk', 's')",ataɾdesejs,ataɾdesejs
90L_10NL,3,90L_10NL_3_1,1,3500,"('s', 'sk', 's')",ataɾdesejs,ataɾdesejs
90L_10NL,3,90L_10NL_3_1,1,3500,"('s', 'sk', 's')",ataɾdesejs,ataɾdesejs
90L_10NL,3,90L_10NL_3_1,1,3500,"('s', 'sk', 's')",ataɾdesejs,ataɾdesejs
90L_10NL,3,90L_10NL_3_1,1,3500,"('s', 'sk', 's')",ataɾdesejs,ataɾdesejs
90L_10NL,3,90L_10NL_3_1,1,3500,"('s', 'sk', 's')",ataɾdesejs,ataɾdesejs
90L_10NL,3,90L_10NL_3_1,1,3500,"('s', 'sk', 's')",ataɾdesejs,ataɾdesejs
90L_10NL,3,90L_10NL_3_1,1,3500,"('s', 'sk', 's')",ataɾdesejs,ataɾdesejs
90L_10NL,3,90L_10NL_3_1,1,3500,"('s', 'sk', 's')",ataɾdesejs,ataɾdesejs
90L_10NL,3,90L_10NL_3_1,1,3500,"('s', 'sk', 's')",ataɾdesejs,ataɾdesejs
90L_10NL,3,90L_10NL_3_1,1,3500,"('s', 'sk', 's')",ataɾdesejs,ataɾdesejs
90L_10NL,3,90L_10NL_3_1,1,3500,"('s', 'sk', 's')",ataɾdesejs,ataɾdesejs
90L_10NL,3,90L_10NL_3_1,1,2625,"('sk', 'sk', 's')",ataɾdesejs,ataɾdesejs
90L_10NL,3,90L_10NL_3_1,1,2625,"('sk', 'sk', 's')",ataɾdesejs,ataɾdesejs
90L_10NL,3,90L_10NL_3_1,1,2625,"('sk', 'sk', 's')",ataɾdesejs,ataɾdesejs
90L_10NL,3,90L_10NL_3_1,1,2625,"('sk', 'sk', 's')",ataɾdesejs,ataɾdesejs
90L_10NL,3,90L_10NL_3_1,1,2625,"('sk', 'sk', 's')",ataɾdesejs,ataɾdesejs
90L_10NL,3,90L_10NL_3_1,1,2625,"('sk', 'sk', 's')",ataɾdesejs,ataɾdesejs
90L_10NL,3,90L_10NL_3_1,1,2625,"('sk', 'sk', 's')",ataɾdesejs,ataɾdesejs
90L_10NL,3,90L_10NL_3_1,1,2625,"('sk', 'sk', 's')",ataɾdesejs,ataɾdesejs
90L_10NL,3,90L_10NL_3_1,1,2625,"('sk', 'sk', 's')",ataɾdesejs,ataɾdesejs
90L_10NL,3,90L_10NL_3_1,1,2625,"('sk', 'sk', 's')",ataɾdesejs,ataɾdesejs
90L_10NL,3,90L_10NL_3_1,1,2625,"('sk', 'sk', 's')",ataɾdesejs,ataɾdesejs
90L_10NL,3,90L_10NL_3_1,1,2625,"('sk', 'sk', 's')",ataɾdesejs,ataɾdesejs
90L_10NL,3,90L_10NL_3_1,1,2625,"('sk', 'sk', 's')",ataɾdesejs,ataɾdesejs
90L_10NL,3,90L_10NL_3_1,1,2625,"('sk', 'sk', 's')",ataɾdesejs,ataɾdesejs
90L_10NL,3,90L_10NL_3_1,1,2625,"('sk', 'sk', 's')",ataɾdesejs,ataɾdesejs
90L_10NL,3,90L_10NL_3_1,1,2625,"('sk', 'sk', 's')",ataɾdesejs,ataɾdesejs
90L_10NL,3,90L_10NL_3_1,1,2625,"('sk', 'sk', 's')",ataɾdesejs,ataɾdesejs
90L_10NL,3,90L_10NL_3_1,1,2625,"('sk', 'sk', 's')",ataɾdesejs,ataɾdesejs
90L_10NL,3,90L_10NL_3_1,1,2625,"('sk', 'sk', 's')",ataɾdesejs,ataɾdesejs
90L_10NL,3,90L_10NL_3_1,1,2625,"('sk', 'sk', 's')",ataɾdesejs,ataɾdesejs
90L_10NL,3,90L_10NL_3_1,1,2625,"('sk', 'sk', 's')",ataɾdesejs,ataɾdesejs
90L_10NL,3,90L_10NL_3_1,1,1085,"('s', 's', 's')",ataɾdesemos,ataɾdesemos
90L_10NL,3,90L_10NL_3_1,1,1085,"('s', 's', 's')",ataɾdesemos,ataɾdesemos
90L_10NL,3,90L_10NL_3_1,1,1085,"('s', 's', 's')",ataɾdesemos,ataɾdesemos
90L_10NL,3,90L_10NL_3_1,1,3500,"('s', 'sk', 's')",ataɾdesemos,ataɾdesemos
90L_10NL,3,90L_10NL_3_1,1,3500,"('s', 'sk', 's')",ataɾdesemos,ataɾdesemos
90L_10NL,3,90L_10NL_3_1,1,3500,"('s', 'sk', 's')",ataɾdesemos,ataɾdesemos
90L_10NL,3,90L_10NL_3_1,1,3500,"('s', 'sk', 's')",ataɾdesemos,ataɾdesemos
90L_10NL,3,90L_10NL_3_1,1,3500,"('s', 'sk', 's')",ataɾdesemos,ataɾdesemos
90L_10NL,3,90L_10NL_3_1,1,3500,"('s', 'sk', 's')",ataɾdesemos,ataɾdesemos
90L_10NL,3,90L_10NL_3_1,1,3500,"('s', 'sk', 's')",ataɾdesemos,ataɾdesemos
90L_10NL,3,90L_10NL_3_1,1,1085,"('s', 's', 's')",ataɾdesemos,ataɾdesemos
90L_10NL,3,90L_10NL_3_1,1,1085,"('s', 's', 's')",ataɾdesemos,ataɾdesemos
90L_10NL,3,90L_10NL_3_1,1,3500,"('s', 'sk', 's')",ataɾdesemos,ataɾdesemos
90L_10NL,3,90L_10NL_3_1,1,3500,"('s', 'sk', 's')",ataɾdesemos,ataɾdesemos
90L_10NL,3,90L_10NL_3_1,1,3500,"('s', 'sk', 's')",ataɾdesemos,ataɾdesemos
90L_10NL,3,90L_10NL_3_1,1,3500,"('s', 'sk', 's')",ataɾdesemos,ataɾdesemos
90L_10NL,3,90L_10NL_3_1,1,3500,"('s', 'sk', 's')",ataɾdesemos,ataɾdesemos
90L_10NL,3,90L_10NL_3_1,1,3500,"('s', 'sk', 's')",ataɾdesemos,ataɾdesemos
90L_10NL,3,90L_10NL_3_1,1,3500,"('s', 'sk', 's')",ataɾdesemos,ataɾdesemos
90L_10NL,3,90L_10NL_3_1,1,1085,"('s', 's', 's')",ataɾdesemos,ataɾdesemos
90L_10NL,3,90L_10NL_3_1,1,3500,"('s', 'sk', 's')",ataɾdesemos,ataɾdesemos
90L_10NL,3,90L_10NL_3_1,1,3500,"('s', 'sk', 's')",ataɾdesemos,ataɾdesemos
90L_10NL,3,90L_10NL_3_1,1,3500,"('s', 'sk', 's')",ataɾdesemos,ataɾdesemos
90L_10NL,3,90L_10NL_3_1,1,3500,"('s', 'sk', 's')",ataɾdesemos,ataɾdesemos
90L_10NL,3,90L_10NL_3_1,1,3500,"('s', 'sk', 's')",ataɾdesemos,ataɾdesemos
90L_10NL,3,90L_10NL_3_1,1,3500,"('s', 'sk', 's')",ataɾdesemos,ataɾdesemos
90L_10NL,3,90L_10NL_3_1,1,3500,"('s', 'sk', 's')",ataɾdesemos,ataɾdesemos
90L_10NL,3,90L_10NL_3_1,1,3500,"('s', 'sk', 's')",ataɾdesemos,ataɾdesemos
90L_10NL,3,90L_10NL_3_1,1,3500,"('s', 'sk', 's')",ataɾdesemos,ataɾdesemos
90L_10NL,3,90L_10NL_3_1,1,3500,"('s', 'sk', 's')",ataɾdesemos,ataɾdesemos
90L_10NL,3,90L_10NL_3_1,1,3500,"('s', 'sk', 's')",ataɾdesemos,ataɾdesemos
90L_10NL,3,90L_10NL_3_1,1,3500,"('s', 'sk', 's')",ataɾdesemos,ataɾdesemos
90L_10NL,3,90L_10NL_3_1,1,3500,"('s', 'sk', 's')",ataɾdesemos,ataɾdesemos
90L_10NL,3,90L_10NL_3_1,1,3500,"('s', 'sk', 's')",ataɾdesemos,ataɾdesemos
90L_10NL,3,90L_10NL_3_1,1,2625,"('sk', 'sk', 's')",ataɾdesemos,ataɾdesemos
90L_10NL,3,90L_10NL_3_1,1,2625,"('sk', 'sk', 's')",ataɾdesemos,ataɾdesemos
90L_10NL,3,90L_10NL_3_1,1,2625,"('sk', 'sk', 's')",ataɾdesemos,ataɾdesemos
90L_10NL,3,90L_10NL_3_1,1,2625,"('sk', 'sk', 's')",ataɾdesemos,ataɾdesemos
90L_10NL,3,90L_10NL_3_1,1,2625,"('sk', 'sk', 's')",ataɾdesemos,ataɾdesemos
90L_10NL,3,90L_10NL_3_1,1,2625,"('sk', 'sk', 's')",ataɾdesemos,ataɾdesemos
90L_10NL,3,90L_10NL_3_1,1,2625,"('sk', 'sk', 's')",ataɾdesemos,ataɾdesemos
90L_10NL,3,90L_10NL_3_1,1,2625,"('sk', 'sk', 's')",ataɾdesemos,ataɾdesemos
90L_10NL,3,90L_10NL_3_1,1,2625,"('sk', 'sk', 's')",ataɾdesemos,ataɾdesemos
90L_10NL,3,90L_10NL_3_1,1,2625,"('sk', 'sk', 's')",ataɾdesemos,ataɾdesemos
90L_10NL,3,90L_10NL_3_1,1,2625,"('sk', 'sk', 's')",ataɾdesemos,ataɾdesemos
90L_10NL,3,90L_10NL_3_1,1,2625,"('sk', 'sk', 's')",ataɾdesemos,ataɾdesemos
90L_10NL,3,90L_10NL_3_1,1,2625,"('sk', 'sk', 's')",ataɾdesemos,ataɾdesemos
90L_10NL,3,90L_10NL_3_1,1,2625,"('sk', 'sk', 's')",ataɾdesemos,ataɾdesemos
90L_10NL,3,90L_10NL_3_1,1,2625,"('sk', 'sk', 's')",ataɾdesemos,ataɾdesemos
90L_10NL,3,90L_10NL_3_1,1,2625,"('sk', 'sk', 's')",ataɾdesemos,ataɾdesemos
90L_10NL,3,90L_10NL_3_1,1,2625,"('sk', 'sk', 's')",ataɾdesemos,ataɾdesemos
90L_10NL,3,90L_10NL_3_1,1,2625,"('sk', 'sk', 's')",ataɾdesemos,ataɾdesemos
90L_10NL,3,90L_10NL_3_1,1,2625,"('sk', 'sk', 's')",ataɾdesemos,ataɾdesemos
90L_10NL,3,90L_10NL_3_1,1,2625,"('sk', 'sk', 's')",ataɾdesemos,ataɾdesemos
90L_10NL,3,90L_10NL_3_1,1,2625,"('sk', 'sk', 's')",ataɾdesemos,ataɾdesemos
90L_10NL,3,90L_10NL_3_1,0,1085,"('s', 's', 's')",atɾadesen,ataɾdesen
90L_10NL,3,90L_10NL_3_1,1,1085,"('s', 's', 's')",ataɾdesen,ataɾdesen
90L_10NL,3,90L_10NL_3_1,1,1085,"('s', 's', 's')",ataɾdesen,ataɾdesen
90L_10NL,3,90L_10NL_3_1,1,3500,"('s', 'sk', 's')",ataɾdesen,ataɾdesen
90L_10NL,3,90L_10NL_3_1,1,3500,"('s', 'sk', 's')",ataɾdesen,ataɾdesen
90L_10NL,3,90L_10NL_3_1,1,3500,"('s', 'sk', 's')",ataɾdesen,ataɾdesen
90L_10NL,3,90L_10NL_3_1,1,3500,"('s', 'sk', 's')",ataɾdesen,ataɾdesen
90L_10NL,3,90L_10NL_3_1,1,3500,"('s', 'sk', 's')",ataɾdesen,ataɾdesen
90L_10NL,3,90L_10NL_3_1,1,3500,"('s', 'sk', 's')",ataɾdesen,ataɾdesen
90L_10NL,3,90L_10NL_3_1,1,3500,"('s', 'sk', 's')",ataɾdesen,ataɾdesen
90L_10NL,3,90L_10NL_3_1,0,1085,"('s', 's', 's')",atɾadesen,ataɾdesen
90L_10NL,3,90L_10NL_3_1,1,1085,"('s', 's', 's')",ataɾdesen,ataɾdesen
90L_10NL,3,90L_10NL_3_1,1,3500,"('s', 'sk', 's')",ataɾdesen,ataɾdesen
90L_10NL,3,90L_10NL_3_1,1,3500,"('s', 'sk', 's')",ataɾdesen,ataɾdesen
90L_10NL,3,90L_10NL_3_1,1,3500,"('s', 'sk', 's')",ataɾdesen,ataɾdesen
90L_10NL,3,90L_10NL_3_1,1,3500,"('s', 'sk', 's')",ataɾdesen,ataɾdesen
90L_10NL,3,90L_10NL_3_1,1,3500,"('s', 'sk', 's')",ataɾdesen,ataɾdesen
90L_10NL,3,90L_10NL_3_1,1,3500,"('s', 'sk', 's')",ataɾdesen,ataɾdesen
90L_10NL,3,90L_10NL_3_1,1,3500,"('s', 'sk', 's')",ataɾdesen,ataɾdesen
90L_10NL,3,90L_10NL_3_1,1,1085,"('s', 's', 's')",ataɾdesen,ataɾdesen
90L_10NL,3,90L_10NL_3_1,1,3500,"('s', 'sk', 's')",ataɾdesen,ataɾdesen
90L_10NL,3,90L_10NL_3_1,1,3500,"('s', 'sk', 's')",ataɾdesen,ataɾdesen
90L_10NL,3,90L_10NL_3_1,1,3500,"('s', 'sk', 's')",ataɾdesen,ataɾdesen
90L_10NL,3,90L_10NL_3_1,1,3500,"('s', 'sk', 's')",ataɾdesen,ataɾdesen
90L_10NL,3,90L_10NL_3_1,1,3500,"('s', 'sk', 's')",ataɾdesen,ataɾdesen
90L_10NL,3,90L_10NL_3_1,1,3500,"('s', 'sk', 's')",ataɾdesen,ataɾdesen
90L_10NL,3,90L_10NL_3_1,1,3500,"('s', 'sk', 's')",ataɾdesen,ataɾdesen
90L_10NL,3,90L_10NL_3_1,1,3500,"('s', 'sk', 's')",ataɾdesen,ataɾdesen
90L_10NL,3,90L_10NL_3_1,1,3500,"('s', 'sk', 's')",ataɾdesen,ataɾdesen
90L_10NL,3,90L_10NL_3_1,1,3500,"('s', 'sk', 's')",ataɾdesen,ataɾdesen
90L_10NL,3,90L_10NL_3_1,1,3500,"('s', 'sk', 's')",ataɾdesen,ataɾdesen
90L_10NL,3,90L_10NL_3_1,1,3500,"('s', 'sk', 's')",ataɾdesen,ataɾdesen
90L_10NL,3,90L_10NL_3_1,1,3500,"('s', 'sk', 's')",ataɾdesen,ataɾdesen
90L_10NL,3,90L_10NL_3_1,1,3500,"('s', 'sk', 's')",ataɾdesen,ataɾdesen
90L_10NL,3,90L_10NL_3_1,1,2625,"('sk', 'sk', 's')",ataɾdesen,ataɾdesen
90L_10NL,3,90L_10NL_3_1,1,2625,"('sk', 'sk', 's')",ataɾdesen,ataɾdesen
90L_10NL,3,90L_10NL_3_1,1,2625,"('sk', 'sk', 's')",ataɾdesen,ataɾdesen
90L_10NL,3,90L_10NL_3_1,1,2625,"('sk', 'sk', 's')",ataɾdesen,ataɾdesen
90L_10NL,3,90L_10NL_3_1,1,2625,"('sk', 'sk', 's')",ataɾdesen,ataɾdesen
90L_10NL,3,90L_10NL_3_1,1,2625,"('sk', 'sk', 's')",ataɾdesen,ataɾdesen
90L_10NL,3,90L_10NL_3_1,1,2625,"('sk', 'sk', 's')",ataɾdesen,ataɾdesen
90L_10NL,3,90L_10NL_3_1,1,2625,"('sk', 'sk', 's')",ataɾdesen,ataɾdesen
90L_10NL,3,90L_10NL_3_1,1,2625,"('sk', 'sk', 's')",ataɾdesen,ataɾdesen
90L_10NL,3,90L_10NL_3_1,1,2625,"('sk', 'sk', 's')",ataɾdesen,ataɾdesen
90L_10NL,3,90L_10NL_3_1,1,2625,"('sk', 'sk', 's')",ataɾdesen,ataɾdesen
90L_10NL,3,90L_10NL_3_1,1,2625,"('sk', 'sk', 's')",ataɾdesen,ataɾdesen
90L_10NL,3,90L_10NL_3_1,1,2625,"('sk', 'sk', 's')",ataɾdesen,ataɾdesen
90L_10NL,3,90L_10NL_3_1,1,2625,"('sk', 'sk', 's')",ataɾdesen,ataɾdesen
90L_10NL,3,90L_10NL_3_1,1,2625,"('sk', 'sk', 's')",ataɾdesen,ataɾdesen
90L_10NL,3,90L_10NL_3_1,1,2625,"('sk', 'sk', 's')",ataɾdesen,ataɾdesen
90L_10NL,3,90L_10NL_3_1,1,2625,"('sk', 'sk', 's')",ataɾdesen,ataɾdesen
90L_10NL,3,90L_10NL_3_1,1,2625,"('sk', 'sk', 's')",ataɾdesen,ataɾdesen
90L_10NL,3,90L_10NL_3_1,1,2625,"('sk', 'sk', 's')",ataɾdesen,ataɾdesen
90L_10NL,3,90L_10NL_3_1,1,2625,"('sk', 'sk', 's')",ataɾdesen,ataɾdesen
90L_10NL,3,90L_10NL_3_1,1,2625,"('sk', 'sk', 's')",ataɾdesen,ataɾdesen
90L_10NL,3,90L_10NL_3_1,0,1085,"('s', 's', 's')",atɾadeses,ataɾdeses
90L_10NL,3,90L_10NL_3_1,1,1085,"('s', 's', 's')",ataɾdeses,ataɾdeses
90L_10NL,3,90L_10NL_3_1,1,1085,"('s', 's', 's')",ataɾdeses,ataɾdeses
90L_10NL,3,90L_10NL_3_1,1,3500,"('s', 'sk', 's')",ataɾdeses,ataɾdeses
90L_10NL,3,90L_10NL_3_1,1,3500,"('s', 'sk', 's')",ataɾdeses,ataɾdeses
90L_10NL,3,90L_10NL_3_1,1,3500,"('s', 'sk', 's')",ataɾdeses,ataɾdeses
90L_10NL,3,90L_10NL_3_1,1,3500,"('s', 'sk', 's')",ataɾdeses,ataɾdeses
90L_10NL,3,90L_10NL_3_1,1,3500,"('s', 'sk', 's')",ataɾdeses,ataɾdeses
90L_10NL,3,90L_10NL_3_1,1,3500,"('s', 'sk', 's')",ataɾdeses,ataɾdeses
90L_10NL,3,90L_10NL_3_1,1,3500,"('s', 'sk', 's')",ataɾdeses,ataɾdeses
90L_10NL,3,90L_10NL_3_1,0,1085,"('s', 's', 's')",atɾadeses,ataɾdeses
90L_10NL,3,90L_10NL_3_1,0,1085,"('s', 's', 's')",atɾadeses,ataɾdeses
90L_10NL,3,90L_10NL_3_1,1,3500,"('s', 'sk', 's')",ataɾdeses,ataɾdeses
90L_10NL,3,90L_10NL_3_1,1,3500,"('s', 'sk', 's')",ataɾdeses,ataɾdeses
90L_10NL,3,90L_10NL_3_1,1,3500,"('s', 'sk', 's')",ataɾdeses,ataɾdeses
90L_10NL,3,90L_10NL_3_1,1,3500,"('s', 'sk', 's')",ataɾdeses,ataɾdeses
90L_10NL,3,90L_10NL_3_1,1,3500,"('s', 'sk', 's')",ataɾdeses,ataɾdeses
90L_10NL,3,90L_10NL_3_1,1,3500,"('s', 'sk', 's')",ataɾdeses,ataɾdeses
90L_10NL,3,90L_10NL_3_1,1,3500,"('s', 'sk', 's')",ataɾdeses,ataɾdeses
90L_10NL,3,90L_10NL_3_1,1,1085,"('s', 's', 's')",ataɾdeses,ataɾdeses
90L_10NL,3,90L_10NL_3_1,1,3500,"('s', 'sk', 's')",ataɾdeses,ataɾdeses
90L_10NL,3,90L_10NL_3_1,1,3500,"('s', 'sk', 's')",ataɾdeses,ataɾdeses
90L_10NL,3,90L_10NL_3_1,1,3500,"('s', 'sk', 's')",ataɾdeses,ataɾdeses
90L_10NL,3,90L_10NL_3_1,1,3500,"('s', 'sk', 's')",ataɾdeses,ataɾdeses
90L_10NL,3,90L_10NL_3_1,1,3500,"('s', 'sk', 's')",ataɾdeses,ataɾdeses
90L_10NL,3,90L_10NL_3_1,1,3500,"('s', 'sk', 's')",ataɾdeses,ataɾdeses
90L_10NL,3,90L_10NL_3_1,1,3500,"('s', 'sk', 's')",ataɾdeses,ataɾdeses
90L_10NL,3,90L_10NL_3_1,1,3500,"('s', 'sk', 's')",ataɾdeses,ataɾdeses
90L_10NL,3,90L_10NL_3_1,1,3500,"('s', 'sk', 's')",ataɾdeses,ataɾdeses
90L_10NL,3,90L_10NL_3_1,1,3500,"('s', 'sk', 's')",ataɾdeses,ataɾdeses
90L_10NL,3,90L_10NL_3_1,1,3500,"('s', 'sk', 's')",ataɾdeses,ataɾdeses
90L_10NL,3,90L_10NL_3_1,1,3500,"('s', 'sk', 's')",ataɾdeses,ataɾdeses
90L_10NL,3,90L_10NL_3_1,1,3500,"('s', 'sk', 's')",ataɾdeses,ataɾdeses
90L_10NL,3,90L_10NL_3_1,1,3500,"('s', 'sk', 's')",ataɾdeses,ataɾdeses
90L_10NL,3,90L_10NL_3_1,1,2625,"('sk', 'sk', 's')",ataɾdeses,ataɾdeses
90L_10NL,3,90L_10NL_3_1,1,2625,"('sk', 'sk', 's')",ataɾdeses,ataɾdeses
90L_10NL,3,90L_10NL_3_1,1,2625,"('sk', 'sk', 's')",ataɾdeses,ataɾdeses
90L_10NL,3,90L_10NL_3_1,1,2625,"('sk', 'sk', 's')",ataɾdeses,ataɾdeses
90L_10NL,3,90L_10NL_3_1,1,2625,"('sk', 'sk', 's')",ataɾdeses,ataɾdeses
90L_10NL,3,90L_10NL_3_1,1,2625,"('sk', 'sk', 's')",ataɾdeses,ataɾdeses
90L_10NL,3,90L_10NL_3_1,1,2625,"('sk', 'sk', 's')",ataɾdeses,ataɾdeses
90L_10NL,3,90L_10NL_3_1,1,2625,"('sk', 'sk', 's')",ataɾdeses,ataɾdeses
90L_10NL,3,90L_10NL_3_1,1,2625,"('sk', 'sk', 's')",ataɾdeses,ataɾdeses
90L_10NL,3,90L_10NL_3_1,1,2625,"('sk', 'sk', 's')",ataɾdeses,ataɾdeses
90L_10NL,3,90L_10NL_3_1,1,2625,"('sk', 'sk', 's')",ataɾdeses,ataɾdeses
90L_10NL,3,90L_10NL_3_1,1,2625,"('sk', 'sk', 's')",ataɾdeses,ataɾdeses
90L_10NL,3,90L_10NL_3_1,1,2625,"('sk', 'sk', 's')",ataɾdeses,ataɾdeses
90L_10NL,3,90L_10NL_3_1,1,2625,"('sk', 'sk', 's')",ataɾdeses,ataɾdeses
90L_10NL,3,90L_10NL_3_1,1,2625,"('sk', 'sk', 's')",ataɾdeses,ataɾdeses
90L_10NL,3,90L_10NL_3_1,1,2625,"('sk', 'sk', 's')",ataɾdeses,ataɾdeses
90L_10NL,3,90L_10NL_3_1,1,2625,"('sk', 'sk', 's')",ataɾdeses,ataɾdeses
90L_10NL,3,90L_10NL_3_1,1,2625,"('sk', 'sk', 's')",ataɾdeses,ataɾdeses
90L_10NL,3,90L_10NL_3_1,1,2625,"('sk', 'sk', 's')",ataɾdeses,ataɾdeses
90L_10NL,3,90L_10NL_3_1,1,2625,"('sk', 'sk', 's')",ataɾdeses,ataɾdeses
90L_10NL,3,90L_10NL_3_1,1,2625,"('sk', 'sk', 's')",ataɾdeses,ataɾdeses
90L_10NL,3,90L_10NL_3_1,0,1085,"('s', 's', 's')",atɾadese,ataɾdese
90L_10NL,3,90L_10NL_3_1,1,1085,"('s', 's', 's')",ataɾdese,ataɾdese
90L_10NL,3,90L_10NL_3_1,0,1085,"('s', 's', 's')",atɾadese,ataɾdese
90L_10NL,3,90L_10NL_3_1,1,3500,"('s', 'sk', 's')",ataɾdese,ataɾdese
90L_10NL,3,90L_10NL_3_1,1,3500,"('s', 'sk', 's')",ataɾdese,ataɾdese
90L_10NL,3,90L_10NL_3_1,1,3500,"('s', 'sk', 's')",ataɾdese,ataɾdese
90L_10NL,3,90L_10NL_3_1,1,3500,"('s', 'sk', 's')",ataɾdese,ataɾdese
90L_10NL,3,90L_10NL_3_1,1,3500,"('s', 'sk', 's')",ataɾdese,ataɾdese
90L_10NL,3,90L_10NL_3_1,1,3500,"('s', 'sk', 's')",ataɾdese,ataɾdese
90L_10NL,3,90L_10NL_3_1,1,3500,"('s', 'sk', 's')",ataɾdese,ataɾdese
90L_10NL,3,90L_10NL_3_1,0,1085,"('s', 's', 's')",atɾadese,ataɾdese
90L_10NL,3,90L_10NL_3_1,0,1085,"('s', 's', 's')",atɾadese,ataɾdese
90L_10NL,3,90L_10NL_3_1,1,3500,"('s', 'sk', 's')",ataɾdese,ataɾdese
90L_10NL,3,90L_10NL_3_1,1,3500,"('s', 'sk', 's')",ataɾdese,ataɾdese
90L_10NL,3,90L_10NL_3_1,1,3500,"('s', 'sk', 's')",ataɾdese,ataɾdese
90L_10NL,3,90L_10NL_3_1,1,3500,"('s', 'sk', 's')",ataɾdese,ataɾdese
90L_10NL,3,90L_10NL_3_1,1,3500,"('s', 'sk', 's')",ataɾdese,ataɾdese
90L_10NL,3,90L_10NL_3_1,1,3500,"('s', 'sk', 's')",ataɾdese,ataɾdese
90L_10NL,3,90L_10NL_3_1,1,3500,"('s', 'sk', 's')",ataɾdese,ataɾdese
90L_10NL,3,90L_10NL_3_1,1,1085,"('s', 's', 's')",ataɾdese,ataɾdese
90L_10NL,3,90L_10NL_3_1,1,3500,"('s', 'sk', 's')",ataɾdese,ataɾdese
90L_10NL,3,90L_10NL_3_1,1,3500,"('s', 'sk', 's')",ataɾdese,ataɾdese
90L_10NL,3,90L_10NL_3_1,1,3500,"('s', 'sk', 's')",ataɾdese,ataɾdese
90L_10NL,3,90L_10NL_3_1,1,3500,"('s', 'sk', 's')",ataɾdese,ataɾdese
90L_10NL,3,90L_10NL_3_1,1,3500,"('s', 'sk', 's')",ataɾdese,ataɾdese
90L_10NL,3,90L_10NL_3_1,1,3500,"('s', 'sk', 's')",ataɾdese,ataɾdese
90L_10NL,3,90L_10NL_3_1,1,3500,"('s', 'sk', 's')",ataɾdese,ataɾdese
90L_10NL,3,90L_10NL_3_1,1,3500,"('s', 'sk', 's')",ataɾdese,ataɾdese
90L_10NL,3,90L_10NL_3_1,1,3500,"('s', 'sk', 's')",ataɾdese,ataɾdese
90L_10NL,3,90L_10NL_3_1,1,3500,"('s', 'sk', 's')",ataɾdese,ataɾdese
90L_10NL,3,90L_10NL_3_1,1,3500,"('s', 'sk', 's')",ataɾdese,ataɾdese
90L_10NL,3,90L_10NL_3_1,1,3500,"('s', 'sk', 's')",ataɾdese,ataɾdese
90L_10NL,3,90L_10NL_3_1,1,3500,"('s', 'sk', 's')",ataɾdese,ataɾdese
90L_10NL,3,90L_10NL_3_1,1,3500,"('s', 'sk', 's')",ataɾdese,ataɾdese
90L_10NL,3,90L_10NL_3_1,1,2625,"('sk', 'sk', 's')",ataɾdese,ataɾdese
90L_10NL,3,90L_10NL_3_1,1,2625,"('sk', 'sk', 's')",ataɾdese,ataɾdese
90L_10NL,3,90L_10NL_3_1,1,2625,"('sk', 'sk', 's')",ataɾdese,ataɾdese
90L_10NL,3,90L_10NL_3_1,1,2625,"('sk', 'sk', 's')",ataɾdese,ataɾdese
90L_10NL,3,90L_10NL_3_1,1,2625,"('sk', 'sk', 's')",ataɾdese,ataɾdese
90L_10NL,3,90L_10NL_3_1,1,2625,"('sk', 'sk', 's')",ataɾdese,ataɾdese
90L_10NL,3,90L_10NL_3_1,1,2625,"('sk', 'sk', 's')",ataɾdese,ataɾdese
90L_10NL,3,90L_10NL_3_1,1,2625,"('sk', 'sk', 's')",ataɾdese,ataɾdese
90L_10NL,3,90L_10NL_3_1,1,2625,"('sk', 'sk', 's')",ataɾdese,ataɾdese
90L_10NL,3,90L_10NL_3_1,1,2625,"('sk', 'sk', 's')",ataɾdese,ataɾdese
90L_10NL,3,90L_10NL_3_1,1,2625,"('sk', 'sk', 's')",ataɾdese,ataɾdese
90L_10NL,3,90L_10NL_3_1,1,2625,"('sk', 'sk', 's')",ataɾdese,ataɾdese
90L_10NL,3,90L_10NL_3_1,1,2625,"('sk', 'sk', 's')",ataɾdese,ataɾdese
90L_10NL,3,90L_10NL_3_1,1,2625,"('sk', 'sk', 's')",ataɾdese,ataɾdese
90L_10NL,3,90L_10NL_3_1,1,2625,"('sk', 'sk', 's')",ataɾdese,ataɾdese
90L_10NL,3,90L_10NL_3_1,1,2625,"('sk', 'sk', 's')",ataɾdese,ataɾdese
90L_10NL,3,90L_10NL_3_1,1,2625,"('sk', 'sk', 's')",ataɾdese,ataɾdese
90L_10NL,3,90L_10NL_3_1,1,2625,"('sk', 'sk', 's')",ataɾdese,ataɾdese
90L_10NL,3,90L_10NL_3_1,1,2625,"('sk', 'sk', 's')",ataɾdese,ataɾdese
90L_10NL,3,90L_10NL_3_1,1,2625,"('sk', 'sk', 's')",ataɾdese,ataɾdese
90L_10NL,3,90L_10NL_3_1,1,2625,"('sk', 'sk', 's')",ataɾdese,ataɾdese
90L_10NL,3,90L_10NL_3_1,0,1750,"('s', 's', 'sk')",atɾadeskajs,ataɾdeskajs
90L_10NL,3,90L_10NL_3_1,1,1750,"('s', 's', 'sk')",ataɾdeskajs,ataɾdeskajs
90L_10NL,3,90L_10NL_3_1,1,1750,"('s', 's', 'sk')",ataɾdeskajs,ataɾdeskajs
90L_10NL,3,90L_10NL_3_1,1,1750,"('s', 's', 'sk')",ataɾdeskajs,ataɾdeskajs
90L_10NL,3,90L_10NL_3_1,1,5250,"('s', 'sk', 'sk')",ataɾdeskajs,ataɾdeskajs
90L_10NL,3,90L_10NL_3_1,1,5250,"('s', 'sk', 'sk')",ataɾdeskajs,ataɾdeskajs
90L_10NL,3,90L_10NL_3_1,1,5250,"('s', 'sk', 'sk')",ataɾdeskajs,ataɾdeskajs
90L_10NL,3,90L_10NL_3_1,1,5250,"('s', 'sk', 'sk')",ataɾdeskajs,ataɾdeskajs
90L_10NL,3,90L_10NL_3_1,1,5250,"('s', 'sk', 'sk')",ataɾdeskajs,ataɾdeskajs
90L_10NL,3,90L_10NL_3_1,1,5250,"('s', 'sk', 'sk')",ataɾdeskajs,ataɾdeskajs
90L_10NL,3,90L_10NL_3_1,1,1750,"('s', 's', 'sk')",ataɾdeskajs,ataɾdeskajs
90L_10NL,3,90L_10NL_3_1,1,1750,"('s', 's', 'sk')",ataɾdeskajs,ataɾdeskajs
90L_10NL,3,90L_10NL_3_1,1,1750,"('s', 's', 'sk')",ataɾdeskajs,ataɾdeskajs
90L_10NL,3,90L_10NL_3_1,1,5250,"('s', 'sk', 'sk')",ataɾdeskajs,ataɾdeskajs
90L_10NL,3,90L_10NL_3_1,1,5250,"('s', 'sk', 'sk')",ataɾdeskajs,ataɾdeskajs
90L_10NL,3,90L_10NL_3_1,1,5250,"('s', 'sk', 'sk')",ataɾdeskajs,ataɾdeskajs
90L_10NL,3,90L_10NL_3_1,1,5250,"('s', 'sk', 'sk')",ataɾdeskajs,ataɾdeskajs
90L_10NL,3,90L_10NL_3_1,1,5250,"('s', 'sk', 'sk')",ataɾdeskajs,ataɾdeskajs
90L_10NL,3,90L_10NL_3_1,1,5250,"('s', 'sk', 'sk')",ataɾdeskajs,ataɾdeskajs
90L_10NL,3,90L_10NL_3_1,1,1750,"('s', 's', 'sk')",ataɾdeskajs,ataɾdeskajs
90L_10NL,3,90L_10NL_3_1,1,1750,"('s', 's', 'sk')",ataɾdeskajs,ataɾdeskajs
90L_10NL,3,90L_10NL_3_1,1,5250,"('s', 'sk', 'sk')",ataɾdeskajs,ataɾdeskajs
90L_10NL,3,90L_10NL_3_1,1,5250,"('s', 'sk', 'sk')",ataɾdeskajs,ataɾdeskajs
90L_10NL,3,90L_10NL_3_1,1,5250,"('s', 'sk', 'sk')",ataɾdeskajs,ataɾdeskajs
90L_10NL,3,90L_10NL_3_1,1,5250,"('s', 'sk', 'sk')",ataɾdeskajs,ataɾdeskajs
90L_10NL,3,90L_10NL_3_1,1,5250,"('s', 'sk', 'sk')",ataɾdeskajs,ataɾdeskajs
90L_10NL,3,90L_10NL_3_1,1,5250,"('s', 'sk', 'sk')",ataɾdeskajs,ataɾdeskajs
90L_10NL,3,90L_10NL_3_1,1,1750,"('s', 's', 'sk')",ataɾdeskajs,ataɾdeskajs
90L_10NL,3,90L_10NL_3_1,1,5250,"('s', 'sk', 'sk')",ataɾdeskajs,ataɾdeskajs
90L_10NL,3,90L_10NL_3_1,1,5250,"('s', 'sk', 'sk')",ataɾdeskajs,ataɾdeskajs
90L_10NL,3,90L_10NL_3_1,1,5250,"('s', 'sk', 'sk')",ataɾdeskajs,ataɾdeskajs
90L_10NL,3,90L_10NL_3_1,1,5250,"('s', 'sk', 'sk')",ataɾdeskajs,ataɾdeskajs
90L_10NL,3,90L_10NL_3_1,1,5250,"('s', 'sk', 'sk')",ataɾdeskajs,ataɾdeskajs
90L_10NL,3,90L_10NL_3_1,1,5250,"('s', 'sk', 'sk')",ataɾdeskajs,ataɾdeskajs
90L_10NL,3,90L_10NL_3_1,1,5250,"('s', 'sk', 'sk')",ataɾdeskajs,ataɾdeskajs
90L_10NL,3,90L_10NL_3_1,1,5250,"('s', 'sk', 'sk')",ataɾdeskajs,ataɾdeskajs
90L_10NL,3,90L_10NL_3_1,1,5250,"('s', 'sk', 'sk')",ataɾdeskajs,ataɾdeskajs
90L_10NL,3,90L_10NL_3_1,1,5250,"('s', 'sk', 'sk')",ataɾdeskajs,ataɾdeskajs
90L_10NL,3,90L_10NL_3_1,1,5250,"('s', 'sk', 'sk')",ataɾdeskajs,ataɾdeskajs
90L_10NL,3,90L_10NL_3_1,1,5250,"('s', 'sk', 'sk')",ataɾdeskajs,ataɾdeskajs
90L_10NL,3,90L_10NL_3_1,1,2625,"('sk', 'sk', 'sk')",ataɾdeskajs,ataɾdeskajs
90L_10NL,3,90L_10NL_3_1,1,2625,"('sk', 'sk', 'sk')",ataɾdeskajs,ataɾdeskajs
90L_10NL,3,90L_10NL_3_1,1,2625,"('sk', 'sk', 'sk')",ataɾdeskajs,ataɾdeskajs
90L_10NL,3,90L_10NL_3_1,1,2625,"('sk', 'sk', 'sk')",ataɾdeskajs,ataɾdeskajs
90L_10NL,3,90L_10NL_3_1,1,2625,"('sk', 'sk', 'sk')",ataɾdeskajs,ataɾdeskajs
90L_10NL,3,90L_10NL_3_1,1,2625,"('sk', 'sk', 'sk')",ataɾdeskajs,ataɾdeskajs
90L_10NL,3,90L_10NL_3_1,1,2625,"('sk', 'sk', 'sk')",ataɾdeskajs,ataɾdeskajs
90L_10NL,3,90L_10NL_3_1,1,2625,"('sk', 'sk', 'sk')",ataɾdeskajs,ataɾdeskajs
90L_10NL,3,90L_10NL_3_1,1,2625,"('sk', 'sk', 'sk')",ataɾdeskajs,ataɾdeskajs
90L_10NL,3,90L_10NL_3_1,1,2625,"('sk', 'sk', 'sk')",ataɾdeskajs,ataɾdeskajs
90L_10NL,3,90L_10NL_3_1,1,2625,"('sk', 'sk', 'sk')",ataɾdeskajs,ataɾdeskajs
90L_10NL,3,90L_10NL_3_1,1,2625,"('sk', 'sk', 'sk')",ataɾdeskajs,ataɾdeskajs
90L_10NL,3,90L_10NL_3_1,1,2625,"('sk', 'sk', 'sk')",ataɾdeskajs,ataɾdeskajs
90L_10NL,3,90L_10NL_3_1,1,2625,"('sk', 'sk', 'sk')",ataɾdeskajs,ataɾdeskajs
90L_10NL,3,90L_10NL_3_1,1,2625,"('sk', 'sk', 'sk')",ataɾdeskajs,ataɾdeskajs
90L_10NL,3,90L_10NL_3_1,0,1750,"('s', 's', 'sk')",atɾadeskamos,ataɾdeskamos
90L_10NL,3,90L_10NL_3_1,1,1750,"('s', 's', 'sk')",ataɾdeskamos,ataɾdeskamos
90L_10NL,3,90L_10NL_3_1,1,1750,"('s', 's', 'sk')",ataɾdeskamos,ataɾdeskamos
90L_10NL,3,90L_10NL_3_1,1,1750,"('s', 's', 'sk')",ataɾdeskamos,ataɾdeskamos
90L_10NL,3,90L_10NL_3_1,1,5250,"('s', 'sk', 'sk')",ataɾdeskamos,ataɾdeskamos
90L_10NL,3,90L_10NL_3_1,1,5250,"('s', 'sk', 'sk')",ataɾdeskamos,ataɾdeskamos
90L_10NL,3,90L_10NL_3_1,1,5250,"('s', 'sk', 'sk')",ataɾdeskamos,ataɾdeskamos
90L_10NL,3,90L_10NL_3_1,1,5250,"('s', 'sk', 'sk')",ataɾdeskamos,ataɾdeskamos
90L_10NL,3,90L_10NL_3_1,1,5250,"('s', 'sk', 'sk')",ataɾdeskamos,ataɾdeskamos
90L_10NL,3,90L_10NL_3_1,1,5250,"('s', 'sk', 'sk')",ataɾdeskamos,ataɾdeskamos
90L_10NL,3,90L_10NL_3_1,1,1750,"('s', 's', 'sk')",ataɾdeskamos,ataɾdeskamos
90L_10NL,3,90L_10NL_3_1,1,1750,"('s', 's', 'sk')",ataɾdeskamos,ataɾdeskamos
90L_10NL,3,90L_10NL_3_1,1,1750,"('s', 's', 'sk')",ataɾdeskamos,ataɾdeskamos
90L_10NL,3,90L_10NL_3_1,1,5250,"('s', 'sk', 'sk')",ataɾdeskamos,ataɾdeskamos
90L_10NL,3,90L_10NL_3_1,1,5250,"('s', 'sk', 'sk')",ataɾdeskamos,ataɾdeskamos
90L_10NL,3,90L_10NL_3_1,1,5250,"('s', 'sk', 'sk')",ataɾdeskamos,ataɾdeskamos
90L_10NL,3,90L_10NL_3_1,1,5250,"('s', 'sk', 'sk')",ataɾdeskamos,ataɾdeskamos
90L_10NL,3,90L_10NL_3_1,1,5250,"('s', 'sk', 'sk')",ataɾdeskamos,ataɾdeskamos
90L_10NL,3,90L_10NL_3_1,1,5250,"('s', 'sk', 'sk')",ataɾdeskamos,ataɾdeskamos
90L_10NL,3,90L_10NL_3_1,1,1750,"('s', 's', 'sk')",ataɾdeskamos,ataɾdeskamos
90L_10NL,3,90L_10NL_3_1,1,1750,"('s', 's', 'sk')",ataɾdeskamos,ataɾdeskamos
90L_10NL,3,90L_10NL_3_1,1,5250,"('s', 'sk', 'sk')",ataɾdeskamos,ataɾdeskamos
90L_10NL,3,90L_10NL_3_1,1,5250,"('s', 'sk', 'sk')",ataɾdeskamos,ataɾdeskamos
90L_10NL,3,90L_10NL_3_1,1,5250,"('s', 'sk', 'sk')",ataɾdeskamos,ataɾdeskamos
90L_10NL,3,90L_10NL_3_1,1,5250,"('s', 'sk', 'sk')",ataɾdeskamos,ataɾdeskamos
90L_10NL,3,90L_10NL_3_1,1,5250,"('s', 'sk', 'sk')",ataɾdeskamos,ataɾdeskamos
90L_10NL,3,90L_10NL_3_1,1,5250,"('s', 'sk', 'sk')",ataɾdeskamos,ataɾdeskamos
90L_10NL,3,90L_10NL_3_1,1,1750,"('s', 's', 'sk')",ataɾdeskamos,ataɾdeskamos
90L_10NL,3,90L_10NL_3_1,1,5250,"('s', 'sk', 'sk')",ataɾdeskamos,ataɾdeskamos
90L_10NL,3,90L_10NL_3_1,1,5250,"('s', 'sk', 'sk')",ataɾdeskamos,ataɾdeskamos
90L_10NL,3,90L_10NL_3_1,1,5250,"('s', 'sk', 'sk')",ataɾdeskamos,ataɾdeskamos
90L_10NL,3,90L_10NL_3_1,1,5250,"('s', 'sk', 'sk')",ataɾdeskamos,ataɾdeskamos
90L_10NL,3,90L_10NL_3_1,1,5250,"('s', 'sk', 'sk')",ataɾdeskamos,ataɾdeskamos
90L_10NL,3,90L_10NL_3_1,1,5250,"('s', 'sk', 'sk')",ataɾdeskamos,ataɾdeskamos
90L_10NL,3,90L_10NL_3_1,1,5250,"('s', 'sk', 'sk')",ataɾdeskamos,ataɾdeskamos
90L_10NL,3,90L_10NL_3_1,1,5250,"('s', 'sk', 'sk')",ataɾdeskamos,ataɾdeskamos
90L_10NL,3,90L_10NL_3_1,1,5250,"('s', 'sk', 'sk')",ataɾdeskamos,ataɾdeskamos
90L_10NL,3,90L_10NL_3_1,1,5250,"('s', 'sk', 'sk')",ataɾdeskamos,ataɾdeskamos
90L_10NL,3,90L_10NL_3_1,1,5250,"('s', 'sk', 'sk')",ataɾdeskamos,ataɾdeskamos
90L_10NL,3,90L_10NL_3_1,1,5250,"('s', 'sk', 'sk')",ataɾdeskamos,ataɾdeskamos
90L_10NL,3,90L_10NL_3_1,1,2625,"('sk', 'sk', 'sk')",ataɾdeskamos,ataɾdeskamos
90L_10NL,3,90L_10NL_3_1,1,2625,"('sk', 'sk', 'sk')",ataɾdeskamos,ataɾdeskamos
90L_10NL,3,90L_10NL_3_1,1,2625,"('sk', 'sk', 'sk')",ataɾdeskamos,ataɾdeskamos
90L_10NL,3,90L_10NL_3_1,1,2625,"('sk', 'sk', 'sk')",ataɾdeskamos,ataɾdeskamos
90L_10NL,3,90L_10NL_3_1,1,2625,"('sk', 'sk', 'sk')",ataɾdeskamos,ataɾdeskamos
90L_10NL,3,90L_10NL_3_1,1,2625,"('sk', 'sk', 'sk')",ataɾdeskamos,ataɾdeskamos
90L_10NL,3,90L_10NL_3_1,1,2625,"('sk', 'sk', 'sk')",ataɾdeskamos,ataɾdeskamos
90L_10NL,3,90L_10NL_3_1,1,2625,"('sk', 'sk', 'sk')",ataɾdeskamos,ataɾdeskamos
90L_10NL,3,90L_10NL_3_1,1,2625,"('sk', 'sk', 'sk')",ataɾdeskamos,ataɾdeskamos
90L_10NL,3,90L_10NL_3_1,1,2625,"('sk', 'sk', 'sk')",ataɾdeskamos,ataɾdeskamos
90L_10NL,3,90L_10NL_3_1,1,2625,"('sk', 'sk', 'sk')",ataɾdeskamos,ataɾdeskamos
90L_10NL,3,90L_10NL_3_1,1,2625,"('sk', 'sk', 'sk')",ataɾdeskamos,ataɾdeskamos
90L_10NL,3,90L_10NL_3_1,1,2625,"('sk', 'sk', 'sk')",ataɾdeskamos,ataɾdeskamos
90L_10NL,3,90L_10NL_3_1,1,2625,"('sk', 'sk', 'sk')",ataɾdeskamos,ataɾdeskamos
90L_10NL,3,90L_10NL_3_1,1,2625,"('sk', 'sk', 'sk')",ataɾdeskamos,ataɾdeskamos
90L_10NL,3,90L_10NL_3_1,0,1750,"('s', 's', 'sk')",atɾadeskan,ataɾdeskan
90L_10NL,3,90L_10NL_3_1,1,1750,"('s', 's', 'sk')",ataɾdeskan,ataɾdeskan
90L_10NL,3,90L_10NL_3_1,0,1750,"('s', 's', 'sk')",atɾadeskan,ataɾdeskan
90L_10NL,3,90L_10NL_3_1,1,1750,"('s', 's', 'sk')",ataɾdeskan,ataɾdeskan
90L_10NL,3,90L_10NL_3_1,1,5250,"('s', 'sk', 'sk')",ataɾdeskan,ataɾdeskan
90L_10NL,3,90L_10NL_3_1,1,5250,"('s', 'sk', 'sk')",ataɾdeskan,ataɾdeskan
90L_10NL,3,90L_10NL_3_1,1,5250,"('s', 'sk', 'sk')",ataɾdeskan,ataɾdeskan
90L_10NL,3,90L_10NL_3_1,1,5250,"('s', 'sk', 'sk')",ataɾdeskan,ataɾdeskan
90L_10NL,3,90L_10NL_3_1,1,5250,"('s', 'sk', 'sk')",ataɾdeskan,ataɾdeskan
90L_10NL,3,90L_10NL_3_1,1,5250,"('s', 'sk', 'sk')",ataɾdeskan,ataɾdeskan
90L_10NL,3,90L_10NL_3_1,0,1750,"('s', 's', 'sk')",atɾadeskan,ataɾdeskan
90L_10NL,3,90L_10NL_3_1,0,1750,"('s', 's', 'sk')",atɾadeskan,ataɾdeskan
90L_10NL,3,90L_10NL_3_1,0,1750,"('s', 's', 'sk')",atɾadeskan,ataɾdeskan
90L_10NL,3,90L_10NL_3_1,1,5250,"('s', 'sk', 'sk')",ataɾdeskan,ataɾdeskan
90L_10NL,3,90L_10NL_3_1,1,5250,"('s', 'sk', 'sk')",ataɾdeskan,ataɾdeskan
90L_10NL,3,90L_10NL_3_1,1,5250,"('s', 'sk', 'sk')",ataɾdeskan,ataɾdeskan
90L_10NL,3,90L_10NL_3_1,1,5250,"('s', 'sk', 'sk')",ataɾdeskan,ataɾdeskan
90L_10NL,3,90L_10NL_3_1,1,5250,"('s', 'sk', 'sk')",ataɾdeskan,ataɾdeskan
90L_10NL,3,90L_10NL_3_1,1,5250,"('s', 'sk', 'sk')",ataɾdeskan,ataɾdeskan
90L_10NL,3,90L_10NL_3_1,1,1750,"('s', 's', 'sk')",ataɾdeskan,ataɾdeskan
90L_10NL,3,90L_10NL_3_1,1,1750,"('s', 's', 'sk')",ataɾdeskan,ataɾdeskan
90L_10NL,3,90L_10NL_3_1,1,5250,"('s', 'sk', 'sk')",ataɾdeskan,ataɾdeskan
90L_10NL,3,90L_10NL_3_1,1,5250,"('s', 'sk', 'sk')",ataɾdeskan,ataɾdeskan
90L_10NL,3,90L_10NL_3_1,1,5250,"('s', 'sk', 'sk')",ataɾdeskan,ataɾdeskan
90L_10NL,3,90L_10NL_3_1,1,5250,"('s', 'sk', 'sk')",ataɾdeskan,ataɾdeskan
90L_10NL,3,90L_10NL_3_1,1,5250,"('s', 'sk', 'sk')",ataɾdeskan,ataɾdeskan
90L_10NL,3,90L_10NL_3_1,1,5250,"('s', 'sk', 'sk')",ataɾdeskan,ataɾdeskan
90L_10NL,3,90L_10NL_3_1,1,1750,"('s', 's', 'sk')",ataɾdeskan,ataɾdeskan
90L_10NL,3,90L_10NL_3_1,1,5250,"('s', 'sk', 'sk')",ataɾdeskan,ataɾdeskan
90L_10NL,3,90L_10NL_3_1,1,5250,"('s', 'sk', 'sk')",ataɾdeskan,ataɾdeskan
90L_10NL,3,90L_10NL_3_1,1,5250,"('s', 'sk', 'sk')",ataɾdeskan,ataɾdeskan
90L_10NL,3,90L_10NL_3_1,1,5250,"('s', 'sk', 'sk')",ataɾdeskan,ataɾdeskan
90L_10NL,3,90L_10NL_3_1,1,5250,"('s', 'sk', 'sk')",ataɾdeskan,ataɾdeskan
90L_10NL,3,90L_10NL_3_1,1,5250,"('s', 'sk', 'sk')",ataɾdeskan,ataɾdeskan
90L_10NL,3,90L_10NL_3_1,1,5250,"('s', 'sk', 'sk')",ataɾdeskan,ataɾdeskan
90L_10NL,3,90L_10NL_3_1,1,5250,"('s', 'sk', 'sk')",ataɾdeskan,ataɾdeskan
90L_10NL,3,90L_10NL_3_1,1,5250,"('s', 'sk', 'sk')",ataɾdeskan,ataɾdeskan
90L_10NL,3,90L_10NL_3_1,1,5250,"('s', 'sk', 'sk')",ataɾdeskan,ataɾdeskan
90L_10NL,3,90L_10NL_3_1,1,5250,"('s', 'sk', 'sk')",ataɾdeskan,ataɾdeskan
90L_10NL,3,90L_10NL_3_1,1,5250,"('s', 'sk', 'sk')",ataɾdeskan,ataɾdeskan
90L_10NL,3,90L_10NL_3_1,1,2625,"('sk', 'sk', 'sk')",ataɾdeskan,ataɾdeskan
90L_10NL,3,90L_10NL_3_1,1,2625,"('sk', 'sk', 'sk')",ataɾdeskan,ataɾdeskan
90L_10NL,3,90L_10NL_3_1,1,2625,"('sk', 'sk', 'sk')",ataɾdeskan,ataɾdeskan
90L_10NL,3,90L_10NL_3_1,1,2625,"('sk', 'sk', 'sk')",ataɾdeskan,ataɾdeskan
90L_10NL,3,90L_10NL_3_1,1,2625,"('sk', 'sk', 'sk')",ataɾdeskan,ataɾdeskan
90L_10NL,3,90L_10NL_3_1,1,2625,"('sk', 'sk', 'sk')",ataɾdeskan,ataɾdeskan
90L_10NL,3,90L_10NL_3_1,1,2625,"('sk', 'sk', 'sk')",ataɾdeskan,ataɾdeskan
90L_10NL,3,90L_10NL_3_1,1,2625,"('sk', 'sk', 'sk')",ataɾdeskan,ataɾdeskan
90L_10NL,3,90L_10NL_3_1,1,2625,"('sk', 'sk', 'sk')",ataɾdeskan,ataɾdeskan
90L_10NL,3,90L_10NL_3_1,1,2625,"('sk', 'sk', 'sk')",ataɾdeskan,ataɾdeskan
90L_10NL,3,90L_10NL_3_1,1,2625,"('sk', 'sk', 'sk')",ataɾdeskan,ataɾdeskan
90L_10NL,3,90L_10NL_3_1,1,2625,"('sk', 'sk', 'sk')",ataɾdeskan,ataɾdeskan
90L_10NL,3,90L_10NL_3_1,1,2625,"('sk', 'sk', 'sk')",ataɾdeskan,ataɾdeskan
90L_10NL,3,90L_10NL_3_1,1,2625,"('sk', 'sk', 'sk')",ataɾdeskan,ataɾdeskan
90L_10NL,3,90L_10NL_3_1,1,2625,"('sk', 'sk', 'sk')",ataɾdeskan,ataɾdeskan
90L_10NL,3,90L_10NL_3_1,0,1750,"('s', 's', 'sk')",atɾadeskas,ataɾdeskas
90L_10NL,3,90L_10NL_3_1,0,1750,"('s', 's', 'sk')",atɾadeskas,ataɾdeskas
90L_10NL,3,90L_10NL_3_1,0,1750,"('s', 's', 'sk')",atɾadeskas,ataɾdeskas
90L_10NL,3,90L_10NL_3_1,0,1750,"('s', 's', 'sk')",atɾadeskas,ataɾdeskas
90L_10NL,3,90L_10NL_3_1,1,5250,"('s', 'sk', 'sk')",ataɾdeskas,ataɾdeskas
90L_10NL,3,90L_10NL_3_1,1,5250,"('s', 'sk', 'sk')",ataɾdeskas,ataɾdeskas
90L_10NL,3,90L_10NL_3_1,1,5250,"('s', 'sk', 'sk')",ataɾdeskas,ataɾdeskas
90L_10NL,3,90L_10NL_3_1,1,5250,"('s', 'sk', 'sk')",ataɾdeskas,ataɾdeskas
90L_10NL,3,90L_10NL_3_1,1,5250,"('s', 'sk', 'sk')",ataɾdeskas,ataɾdeskas
90L_10NL,3,90L_10NL_3_1,1,5250,"('s', 'sk', 'sk')",ataɾdeskas,ataɾdeskas
90L_10NL,3,90L_10NL_3_1,0,1750,"('s', 's', 'sk')",atɾadeskas,ataɾdeskas
90L_10NL,3,90L_10NL_3_1,0,1750,"('s', 's', 'sk')",atɾadeskas,ataɾdeskas
90L_10NL,3,90L_10NL_3_1,0,1750,"('s', 's', 'sk')",atɾadeskas,ataɾdeskas
90L_10NL,3,90L_10NL_3_1,1,5250,"('s', 'sk', 'sk')",ataɾdeskas,ataɾdeskas
90L_10NL,3,90L_10NL_3_1,0,5250,"('s', 'sk', 'sk')",atɾadeskas,ataɾdeskas
90L_10NL,3,90L_10NL_3_1,1,5250,"('s', 'sk', 'sk')",ataɾdeskas,ataɾdeskas
90L_10NL,3,90L_10NL_3_1,1,5250,"('s', 'sk', 'sk')",ataɾdeskas,ataɾdeskas
90L_10NL,3,90L_10NL_3_1,1,5250,"('s', 'sk', 'sk')",ataɾdeskas,ataɾdeskas
90L_10NL,3,90L_10NL_3_1,1,5250,"('s', 'sk', 'sk')",ataɾdeskas,ataɾdeskas
90L_10NL,3,90L_10NL_3_1,0,1750,"('s', 's', 'sk')",atɾadeskas,ataɾdeskas
90L_10NL,3,90L_10NL_3_1,0,1750,"('s', 's', 'sk')",atɾadeskas,ataɾdeskas
90L_10NL,3,90L_10NL_3_1,1,5250,"('s', 'sk', 'sk')",ataɾdeskas,ataɾdeskas
90L_10NL,3,90L_10NL_3_1,1,5250,"('s', 'sk', 'sk')",ataɾdeskas,ataɾdeskas
90L_10NL,3,90L_10NL_3_1,1,5250,"('s', 'sk', 'sk')",ataɾdeskas,ataɾdeskas
90L_10NL,3,90L_10NL_3_1,1,5250,"('s', 'sk', 'sk')",ataɾdeskas,ataɾdeskas
90L_10NL,3,90L_10NL_3_1,1,5250,"('s', 'sk', 'sk')",ataɾdeskas,ataɾdeskas
90L_10NL,3,90L_10NL_3_1,1,5250,"('s', 'sk', 'sk')",ataɾdeskas,ataɾdeskas
90L_10NL,3,90L_10NL_3_1,1,1750,"('s', 's', 'sk')",ataɾdeskas,ataɾdeskas
90L_10NL,3,90L_10NL_3_1,1,5250,"('s', 'sk', 'sk')",ataɾdeskas,ataɾdeskas
90L_10NL,3,90L_10NL_3_1,1,5250,"('s', 'sk', 'sk')",ataɾdeskas,ataɾdeskas
90L_10NL,3,90L_10NL_3_1,1,5250,"('s', 'sk', 'sk')",ataɾdeskas,ataɾdeskas
90L_10NL,3,90L_10NL_3_1,1,5250,"('s', 'sk', 'sk')",ataɾdeskas,ataɾdeskas
90L_10NL,3,90L_10NL_3_1,1,5250,"('s', 'sk', 'sk')",ataɾdeskas,ataɾdeskas
90L_10NL,3,90L_10NL_3_1,1,5250,"('s', 'sk', 'sk')",ataɾdeskas,ataɾdeskas
90L_10NL,3,90L_10NL_3_1,1,5250,"('s', 'sk', 'sk')",ataɾdeskas,ataɾdeskas
90L_10NL,3,90L_10NL_3_1,1,5250,"('s', 'sk', 'sk')",ataɾdeskas,ataɾdeskas
90L_10NL,3,90L_10NL_3_1,1,5250,"('s', 'sk', 'sk')",ataɾdeskas,ataɾdeskas
90L_10NL,3,90L_10NL_3_1,1,5250,"('s', 'sk', 'sk')",ataɾdeskas,ataɾdeskas
90L_10NL,3,90L_10NL_3_1,1,5250,"('s', 'sk', 'sk')",ataɾdeskas,ataɾdeskas
90L_10NL,3,90L_10NL_3_1,1,5250,"('s', 'sk', 'sk')",ataɾdeskas,ataɾdeskas
90L_10NL,3,90L_10NL_3_1,1,2625,"('sk', 'sk', 'sk')",ataɾdeskas,ataɾdeskas
90L_10NL,3,90L_10NL_3_1,1,2625,"('sk', 'sk', 'sk')",ataɾdeskas,ataɾdeskas
90L_10NL,3,90L_10NL_3_1,1,2625,"('sk', 'sk', 'sk')",ataɾdeskas,ataɾdeskas
90L_10NL,3,90L_10NL_3_1,1,2625,"('sk', 'sk', 'sk')",ataɾdeskas,ataɾdeskas
90L_10NL,3,90L_10NL_3_1,1,2625,"('sk', 'sk', 'sk')",ataɾdeskas,ataɾdeskas
90L_10NL,3,90L_10NL_3_1,1,2625,"('sk', 'sk', 'sk')",ataɾdeskas,ataɾdeskas
90L_10NL,3,90L_10NL_3_1,1,2625,"('sk', 'sk', 'sk')",ataɾdeskas,ataɾdeskas
90L_10NL,3,90L_10NL_3_1,1,2625,"('sk', 'sk', 'sk')",ataɾdeskas,ataɾdeskas
90L_10NL,3,90L_10NL_3_1,1,2625,"('sk', 'sk', 'sk')",ataɾdeskas,ataɾdeskas
90L_10NL,3,90L_10NL_3_1,1,2625,"('sk', 'sk', 'sk')",ataɾdeskas,ataɾdeskas
90L_10NL,3,90L_10NL_3_1,1,2625,"('sk', 'sk', 'sk')",ataɾdeskas,ataɾdeskas
90L_10NL,3,90L_10NL_3_1,1,2625,"('sk', 'sk', 'sk')",ataɾdeskas,ataɾdeskas
90L_10NL,3,90L_10NL_3_1,1,2625,"('sk', 'sk', 'sk')",ataɾdeskas,ataɾdeskas
90L_10NL,3,90L_10NL_3_1,1,2625,"('sk', 'sk', 'sk')",ataɾdeskas,ataɾdeskas
90L_10NL,3,90L_10NL_3_1,1,2625,"('sk', 'sk', 'sk')",ataɾdeskas,ataɾdeskas
90L_10NL,3,90L_10NL_3_1,0,1750,"('s', 's', 'sk')",atɾadeska,ataɾdeska
90L_10NL,3,90L_10NL_3_1,0,1750,"('s', 's', 'sk')",atɾadeska,ataɾdeska
90L_10NL,3,90L_10NL_3_1,0,1750,"('s', 's', 'sk')",atɾadeska,ataɾdeska
90L_10NL,3,90L_10NL_3_1,1,1750,"('s', 's', 'sk')",ataɾdeska,ataɾdeska
90L_10NL,3,90L_10NL_3_1,1,5250,"('s', 'sk', 'sk')",ataɾdeska,ataɾdeska
90L_10NL,3,90L_10NL_3_1,1,5250,"('s', 'sk', 'sk')",ataɾdeska,ataɾdeska
90L_10NL,3,90L_10NL_3_1,1,5250,"('s', 'sk', 'sk')",ataɾdeska,ataɾdeska
90L_10NL,3,90L_10NL_3_1,1,5250,"('s', 'sk', 'sk')",ataɾdeska,ataɾdeska
90L_10NL,3,90L_10NL_3_1,1,5250,"('s', 'sk', 'sk')",ataɾdeska,ataɾdeska
90L_10NL,3,90L_10NL_3_1,1,5250,"('s', 'sk', 'sk')",ataɾdeska,ataɾdeska
90L_10NL,3,90L_10NL_3_1,0,1750,"('s', 's', 'sk')",atɾadeska,ataɾdeska
90L_10NL,3,90L_10NL_3_1,0,1750,"('s', 's', 'sk')",atɾadeska,ataɾdeska
90L_10NL,3,90L_10NL_3_1,0,1750,"('s', 's', 'sk')",atɾadeska,ataɾdeska
90L_10NL,3,90L_10NL_3_1,1,5250,"('s', 'sk', 'sk')",ataɾdeska,ataɾdeska
90L_10NL,3,90L_10NL_3_1,0,5250,"('s', 'sk', 'sk')",atɾadeska,ataɾdeska
90L_10NL,3,90L_10NL_3_1,1,5250,"('s', 'sk', 'sk')",ataɾdeska,ataɾdeska
90L_10NL,3,90L_10NL_3_1,0,5250,"('s', 'sk', 'sk')",atɾadeska,ataɾdeska
90L_10NL,3,90L_10NL_3_1,1,5250,"('s', 'sk', 'sk')",ataɾdeska,ataɾdeska
90L_10NL,3,90L_10NL_3_1,1,5250,"('s', 'sk', 'sk')",ataɾdeska,ataɾdeska
90L_10NL,3,90L_10NL_3_1,1,1750,"('s', 's', 'sk')",ataɾdeska,ataɾdeska
90L_10NL,3,90L_10NL_3_1,1,1750,"('s', 's', 'sk')",ataɾdeska,ataɾdeska
90L_10NL,3,90L_10NL_3_1,1,5250,"('s', 'sk', 'sk')",ataɾdeska,ataɾdeska
90L_10NL,3,90L_10NL_3_1,1,5250,"('s', 'sk', 'sk')",ataɾdeska,ataɾdeska
90L_10NL,3,90L_10NL_3_1,1,5250,"('s', 'sk', 'sk')",ataɾdeska,ataɾdeska
90L_10NL,3,90L_10NL_3_1,1,5250,"('s', 'sk', 'sk')",ataɾdeska,ataɾdeska
90L_10NL,3,90L_10NL_3_1,1,5250,"('s', 'sk', 'sk')",ataɾdeska,ataɾdeska
90L_10NL,3,90L_10NL_3_1,1,5250,"('s', 'sk', 'sk')",ataɾdeska,ataɾdeska
90L_10NL,3,90L_10NL_3_1,1,1750,"('s', 's', 'sk')",ataɾdeska,ataɾdeska
90L_10NL,3,90L_10NL_3_1,1,5250,"('s', 'sk', 'sk')",ataɾdeska,ataɾdeska
90L_10NL,3,90L_10NL_3_1,1,5250,"('s', 'sk', 'sk')",ataɾdeska,ataɾdeska
90L_10NL,3,90L_10NL_3_1,1,5250,"('s', 'sk', 'sk')",ataɾdeska,ataɾdeska
90L_10NL,3,90L_10NL_3_1,1,5250,"('s', 'sk', 'sk')",ataɾdeska,ataɾdeska
90L_10NL,3,90L_10NL_3_1,1,5250,"('s', 'sk', 'sk')",ataɾdeska,ataɾdeska
90L_10NL,3,90L_10NL_3_1,1,5250,"('s', 'sk', 'sk')",ataɾdeska,ataɾdeska
90L_10NL,3,90L_10NL_3_1,1,5250,"('s', 'sk', 'sk')",ataɾdeska,ataɾdeska
90L_10NL,3,90L_10NL_3_1,1,5250,"('s', 'sk', 'sk')",ataɾdeska,ataɾdeska
90L_10NL,3,90L_10NL_3_1,1,5250,"('s', 'sk', 'sk')",ataɾdeska,ataɾdeska
90L_10NL,3,90L_10NL_3_1,1,5250,"('s', 'sk', 'sk')",ataɾdeska,ataɾdeska
90L_10NL,3,90L_10NL_3_1,1,5250,"('s', 'sk', 'sk')",ataɾdeska,ataɾdeska
90L_10NL,3,90L_10NL_3_1,1,5250,"('s', 'sk', 'sk')",ataɾdeska,ataɾdeska
90L_10NL,3,90L_10NL_3_1,1,2625,"('sk', 'sk', 'sk')",ataɾdeska,ataɾdeska
90L_10NL,3,90L_10NL_3_1,1,2625,"('sk', 'sk', 'sk')",ataɾdeska,ataɾdeska
90L_10NL,3,90L_10NL_3_1,1,2625,"('sk', 'sk', 'sk')",ataɾdeska,ataɾdeska
90L_10NL,3,90L_10NL_3_1,1,2625,"('sk', 'sk', 'sk')",ataɾdeska,ataɾdeska
90L_10NL,3,90L_10NL_3_1,1,2625,"('sk', 'sk', 'sk')",ataɾdeska,ataɾdeska
90L_10NL,3,90L_10NL_3_1,1,2625,"('sk', 'sk', 'sk')",ataɾdeska,ataɾdeska
90L_10NL,3,90L_10NL_3_1,1,2625,"('sk', 'sk', 'sk')",ataɾdeska,ataɾdeska
90L_10NL,3,90L_10NL_3_1,1,2625,"('sk', 'sk', 'sk')",ataɾdeska,ataɾdeska
90L_10NL,3,90L_10NL_3_1,1,2625,"('sk', 'sk', 'sk')",ataɾdeska,ataɾdeska
90L_10NL,3,90L_10NL_3_1,1,2625,"('sk', 'sk', 'sk')",ataɾdeska,ataɾdeska
90L_10NL,3,90L_10NL_3_1,1,2625,"('sk', 'sk', 'sk')",ataɾdeska,ataɾdeska
90L_10NL,3,90L_10NL_3_1,1,2625,"('sk', 'sk', 'sk')",ataɾdeska,ataɾdeska
90L_10NL,3,90L_10NL_3_1,1,2625,"('sk', 'sk', 'sk')",ataɾdeska,ataɾdeska
90L_10NL,3,90L_10NL_3_1,1,2625,"('sk', 'sk', 'sk')",ataɾdeska,ataɾdeska
90L_10NL,3,90L_10NL_3_1,1,2625,"('sk', 'sk', 'sk')",ataɾdeska,ataɾdeska
90L_10NL,3,90L_10NL_3_1,0,1750,"('s', 's', 'sk')",atɾadeska,ataɾdeska
90L_10NL,3,90L_10NL_3_1,0,1750,"('s', 's', 'sk')",atɾadeska,ataɾdeska
90L_10NL,3,90L_10NL_3_1,0,1750,"('s', 's', 'sk')",atɾadeska,ataɾdeska
90L_10NL,3,90L_10NL_3_1,1,1750,"('s', 's', 'sk')",ataɾdeska,ataɾdeska
90L_10NL,3,90L_10NL_3_1,1,5250,"('s', 'sk', 'sk')",ataɾdeska,ataɾdeska
90L_10NL,3,90L_10NL_3_1,1,5250,"('s', 'sk', 'sk')",ataɾdeska,ataɾdeska
90L_10NL,3,90L_10NL_3_1,1,5250,"('s', 'sk', 'sk')",ataɾdeska,ataɾdeska
90L_10NL,3,90L_10NL_3_1,1,5250,"('s', 'sk', 'sk')",ataɾdeska,ataɾdeska
90L_10NL,3,90L_10NL_3_1,1,5250,"('s', 'sk', 'sk')",ataɾdeska,ataɾdeska
90L_10NL,3,90L_10NL_3_1,1,5250,"('s', 'sk', 'sk')",ataɾdeska,ataɾdeska
90L_10NL,3,90L_10NL_3_1,0,1750,"('s', 's', 'sk')",atɾadeska,ataɾdeska
90L_10NL,3,90L_10NL_3_1,0,1750,"('s', 's', 'sk')",atɾadeska,ataɾdeska
90L_10NL,3,90L_10NL_3_1,0,1750,"('s', 's', 'sk')",atɾadeska,ataɾdeska
90L_10NL,3,90L_10NL_3_1,1,5250,"('s', 'sk', 'sk')",ataɾdeska,ataɾdeska
90L_10NL,3,90L_10NL_3_1,0,5250,"('s', 'sk', 'sk')",atɾadeska,ataɾdeska
90L_10NL,3,90L_10NL_3_1,1,5250,"('s', 'sk', 'sk')",ataɾdeska,ataɾdeska
90L_10NL,3,90L_10NL_3_1,0,5250,"('s', 'sk', 'sk')",atɾadeska,ataɾdeska
90L_10NL,3,90L_10NL_3_1,1,5250,"('s', 'sk', 'sk')",ataɾdeska,ataɾdeska
90L_10NL,3,90L_10NL_3_1,1,5250,"('s', 'sk', 'sk')",ataɾdeska,ataɾdeska
90L_10NL,3,90L_10NL_3_1,1,1750,"('s', 's', 'sk')",ataɾdeska,ataɾdeska
90L_10NL,3,90L_10NL_3_1,1,1750,"('s', 's', 'sk')",ataɾdeska,ataɾdeska
90L_10NL,3,90L_10NL_3_1,1,5250,"('s', 'sk', 'sk')",ataɾdeska,ataɾdeska
90L_10NL,3,90L_10NL_3_1,1,5250,"('s', 'sk', 'sk')",ataɾdeska,ataɾdeska
90L_10NL,3,90L_10NL_3_1,1,5250,"('s', 'sk', 'sk')",ataɾdeska,ataɾdeska
90L_10NL,3,90L_10NL_3_1,1,5250,"('s', 'sk', 'sk')",ataɾdeska,ataɾdeska
90L_10NL,3,90L_10NL_3_1,1,5250,"('s', 'sk', 'sk')",ataɾdeska,ataɾdeska
90L_10NL,3,90L_10NL_3_1,1,5250,"('s', 'sk', 'sk')",ataɾdeska,ataɾdeska
90L_10NL,3,90L_10NL_3_1,1,1750,"('s', 's', 'sk')",ataɾdeska,ataɾdeska
90L_10NL,3,90L_10NL_3_1,1,5250,"('s', 'sk', 'sk')",ataɾdeska,ataɾdeska
90L_10NL,3,90L_10NL_3_1,1,5250,"('s', 'sk', 'sk')",ataɾdeska,ataɾdeska
90L_10NL,3,90L_10NL_3_1,1,5250,"('s', 'sk', 'sk')",ataɾdeska,ataɾdeska
90L_10NL,3,90L_10NL_3_1,1,5250,"('s', 'sk', 'sk')",ataɾdeska,ataɾdeska
90L_10NL,3,90L_10NL_3_1,1,5250,"('s', 'sk', 'sk')",ataɾdeska,ataɾdeska
90L_10NL,3,90L_10NL_3_1,1,5250,"('s', 'sk', 'sk')",ataɾdeska,ataɾdeska
90L_10NL,3,90L_10NL_3_1,1,5250,"('s', 'sk', 'sk')",ataɾdeska,ataɾdeska
90L_10NL,3,90L_10NL_3_1,1,5250,"('s', 'sk', 'sk')",ataɾdeska,ataɾdeska
90L_10NL,3,90L_10NL_3_1,1,5250,"('s', 'sk', 'sk')",ataɾdeska,ataɾdeska
90L_10NL,3,90L_10NL_3_1,1,5250,"('s', 'sk', 'sk')",ataɾdeska,ataɾdeska
90L_10NL,3,90L_10NL_3_1,1,5250,"('s', 'sk', 'sk')",ataɾdeska,ataɾdeska
90L_10NL,3,90L_10NL_3_1,1,5250,"('s', 'sk', 'sk')",ataɾdeska,ataɾdeska
90L_10NL,3,90L_10NL_3_1,1,2625,"('sk', 'sk', 'sk')",ataɾdeska,ataɾdeska
90L_10NL,3,90L_10NL_3_1,1,2625,"('sk', 'sk', 'sk')",ataɾdeska,ataɾdeska
90L_10NL,3,90L_10NL_3_1,1,2625,"('sk', 'sk', 'sk')",ataɾdeska,ataɾdeska
90L_10NL,3,90L_10NL_3_1,1,2625,"('sk', 'sk', 'sk')",ataɾdeska,ataɾdeska
90L_10NL,3,90L_10NL_3_1,1,2625,"('sk', 'sk', 'sk')",ataɾdeska,ataɾdeska
90L_10NL,3,90L_10NL_3_1,1,2625,"('sk', 'sk', 'sk')",ataɾdeska,ataɾdeska
90L_10NL,3,90L_10NL_3_1,1,2625,"('sk', 'sk', 'sk')",ataɾdeska,ataɾdeska
90L_10NL,3,90L_10NL_3_1,1,2625,"('sk', 'sk', 'sk')",ataɾdeska,ataɾdeska
90L_10NL,3,90L_10NL_3_1,1,2625,"('sk', 'sk', 'sk')",ataɾdeska,ataɾdeska
90L_10NL,3,90L_10NL_3_1,1,2625,"('sk', 'sk', 'sk')",ataɾdeska,ataɾdeska
90L_10NL,3,90L_10NL_3_1,1,2625,"('sk', 'sk', 'sk')",ataɾdeska,ataɾdeska
90L_10NL,3,90L_10NL_3_1,1,2625,"('sk', 'sk', 'sk')",ataɾdeska,ataɾdeska
90L_10NL,3,90L_10NL_3_1,1,2625,"('sk', 'sk', 'sk')",ataɾdeska,ataɾdeska
90L_10NL,3,90L_10NL_3_1,1,2625,"('sk', 'sk', 'sk')",ataɾdeska,ataɾdeska
90L_10NL,3,90L_10NL_3_1,1,2625,"('sk', 'sk', 'sk')",ataɾdeska,ataɾdeska
90L_10NL,3,90L_10NL_3_1,0,1750,"('s', 's', 'sk')",atɾadesko,ataɾdesko
90L_10NL,3,90L_10NL_3_1,1,1750,"('s', 's', 'sk')",ataɾdesko,ataɾdesko
90L_10NL,3,90L_10NL_3_1,0,1750,"('s', 's', 'sk')",atɾadesko,ataɾdesko
90L_10NL,3,90L_10NL_3_1,1,1750,"('s', 's', 'sk')",ataɾdesko,ataɾdesko
90L_10NL,3,90L_10NL_3_1,1,5250,"('s', 'sk', 'sk')",ataɾdesko,ataɾdesko
90L_10NL,3,90L_10NL_3_1,1,5250,"('s', 'sk', 'sk')",ataɾdesko,ataɾdesko
90L_10NL,3,90L_10NL_3_1,1,5250,"('s', 'sk', 'sk')",ataɾdesko,ataɾdesko
90L_10NL,3,90L_10NL_3_1,1,5250,"('s', 'sk', 'sk')",ataɾdesko,ataɾdesko
90L_10NL,3,90L_10NL_3_1,1,5250,"('s', 'sk', 'sk')",ataɾdesko,ataɾdesko
90L_10NL,3,90L_10NL_3_1,1,5250,"('s', 'sk', 'sk')",ataɾdesko,ataɾdesko
90L_10NL,3,90L_10NL_3_1,0,1750,"('s', 's', 'sk')",atɾadesko,ataɾdesko
90L_10NL,3,90L_10NL_3_1,0,1750,"('s', 's', 'sk')",atɾadesko,ataɾdesko
90L_10NL,3,90L_10NL_3_1,1,1750,"('s', 's', 'sk')",ataɾdesko,ataɾdesko
90L_10NL,3,90L_10NL_3_1,1,5250,"('s', 'sk', 'sk')",ataɾdesko,ataɾdesko
90L_10NL,3,90L_10NL_3_1,1,5250,"('s', 'sk', 'sk')",ataɾdesko,ataɾdesko
90L_10NL,3,90L_10NL_3_1,1,5250,"('s', 'sk', 'sk')",ataɾdesko,ataɾdesko
90L_10NL,3,90L_10NL_3_1,1,5250,"('s', 'sk', 'sk')",ataɾdesko,ataɾdesko
90L_10NL,3,90L_10NL_3_1,1,5250,"('s', 'sk', 'sk')",ataɾdesko,ataɾdesko
90L_10NL,3,90L_10NL_3_1,1,5250,"('s', 'sk', 'sk')",ataɾdesko,ataɾdesko
90L_10NL,3,90L_10NL_3_1,1,1750,"('s', 's', 'sk')",ataɾdesko,ataɾdesko
90L_10NL,3,90L_10NL_3_1,1,1750,"('s', 's', 'sk')",ataɾdesko,ataɾdesko
90L_10NL,3,90L_10NL_3_1,1,5250,"('s', 'sk', 'sk')",ataɾdesko,ataɾdesko
90L_10NL,3,90L_10NL_3_1,1,5250,"('s', 'sk', 'sk')",ataɾdesko,ataɾdesko
90L_10NL,3,90L_10NL_3_1,1,5250,"('s', 'sk', 'sk')",ataɾdesko,ataɾdesko
90L_10NL,3,90L_10NL_3_1,1,5250,"('s', 'sk', 'sk')",ataɾdesko,ataɾdesko
90L_10NL,3,90L_10NL_3_1,1,5250,"('s', 'sk', 'sk')",ataɾdesko,ataɾdesko
90L_10NL,3,90L_10NL_3_1,1,5250,"('s', 'sk', 'sk')",ataɾdesko,ataɾdesko
90L_10NL,3,90L_10NL_3_1,1,1750,"('s', 's', 'sk')",ataɾdesko,ataɾdesko
90L_10NL,3,90L_10NL_3_1,1,5250,"('s', 'sk', 'sk')",ataɾdesko,ataɾdesko
90L_10NL,3,90L_10NL_3_1,1,5250,"('s', 'sk', 'sk')",ataɾdesko,ataɾdesko
90L_10NL,3,90L_10NL_3_1,1,5250,"('s', 'sk', 'sk')",ataɾdesko,ataɾdesko
90L_10NL,3,90L_10NL_3_1,1,5250,"('s', 'sk', 'sk')",ataɾdesko,ataɾdesko
90L_10NL,3,90L_10NL_3_1,1,5250,"('s', 'sk', 'sk')",ataɾdesko,ataɾdesko
90L_10NL,3,90L_10NL_3_1,1,5250,"('s', 'sk', 'sk')",ataɾdesko,ataɾdesko
90L_10NL,3,90L_10NL_3_1,1,5250,"('s', 'sk', 'sk')",ataɾdesko,ataɾdesko
90L_10NL,3,90L_10NL_3_1,1,5250,"('s', 'sk', 'sk')",ataɾdesko,ataɾdesko
90L_10NL,3,90L_10NL_3_1,1,5250,"('s', 'sk', 'sk')",ataɾdesko,ataɾdesko
90L_10NL,3,90L_10NL_3_1,1,5250,"('s', 'sk', 'sk')",ataɾdesko,ataɾdesko
90L_10NL,3,90L_10NL_3_1,1,5250,"('s', 'sk', 'sk')",ataɾdesko,ataɾdesko
90L_10NL,3,90L_10NL_3_1,1,5250,"('s', 'sk', 'sk')",ataɾdesko,ataɾdesko
90L_10NL,3,90L_10NL_3_1,1,2625,"('sk', 'sk', 'sk')",ataɾdesko,ataɾdesko
90L_10NL,3,90L_10NL_3_1,1,2625,"('sk', 'sk', 'sk')",ataɾdesko,ataɾdesko
90L_10NL,3,90L_10NL_3_1,1,2625,"('sk', 'sk', 'sk')",ataɾdesko,ataɾdesko
90L_10NL,3,90L_10NL_3_1,1,2625,"('sk', 'sk', 'sk')",ataɾdesko,ataɾdesko
90L_10NL,3,90L_10NL_3_1,1,2625,"('sk', 'sk', 'sk')",ataɾdesko,ataɾdesko
90L_10NL,3,90L_10NL_3_1,1,2625,"('sk', 'sk', 'sk')",ataɾdesko,ataɾdesko
90L_10NL,3,90L_10NL_3_1,1,2625,"('sk', 'sk', 'sk')",ataɾdesko,ataɾdesko
90L_10NL,3,90L_10NL_3_1,1,2625,"('sk', 'sk', 'sk')",ataɾdesko,ataɾdesko
90L_10NL,3,90L_10NL_3_1,1,2625,"('sk', 'sk', 'sk')",ataɾdesko,ataɾdesko
90L_10NL,3,90L_10NL_3_1,1,2625,"('sk', 'sk', 'sk')",ataɾdesko,ataɾdesko
90L_10NL,3,90L_10NL_3_1,1,2625,"('sk', 'sk', 'sk')",ataɾdesko,ataɾdesko
90L_10NL,3,90L_10NL_3_1,1,2625,"('sk', 'sk', 'sk')",ataɾdesko,ataɾdesko
90L_10NL,3,90L_10NL_3_1,1,2625,"('sk', 'sk', 'sk')",ataɾdesko,ataɾdesko
90L_10NL,3,90L_10NL_3_1,1,2625,"('sk', 'sk', 'sk')",ataɾdesko,ataɾdesko
90L_10NL,3,90L_10NL_3_1,1,2625,"('sk', 'sk', 'sk')",ataɾdesko,ataɾdesko
90L_10NL,3,90L_10NL_3_1,1,1085,"('s', 's', 's')",deslusen,deslusen
90L_10NL,3,90L_10NL_3_1,1,1085,"('s', 's', 's')",deslusen,deslusen
90L_10NL,3,90L_10NL_3_1,1,1085,"('s', 's', 's')",deslusen,deslusen
90L_10NL,3,90L_10NL_3_1,1,3500,"('s', 'sk', 's')",deslusen,deslusen
90L_10NL,3,90L_10NL_3_1,1,3500,"('s', 'sk', 's')",deslusen,deslusen
90L_10NL,3,90L_10NL_3_1,1,3500,"('s', 'sk', 's')",deslusen,deslusen
90L_10NL,3,90L_10NL_3_1,1,3500,"('s', 'sk', 's')",deslusen,deslusen
90L_10NL,3,90L_10NL_3_1,1,3500,"('s', 'sk', 's')",deslusen,deslusen
90L_10NL,3,90L_10NL_3_1,1,3500,"('s', 'sk', 's')",deslusen,deslusen
90L_10NL,3,90L_10NL_3_1,1,3500,"('s', 'sk', 's')",deslusen,deslusen
90L_10NL,3,90L_10NL_3_1,1,1085,"('s', 's', 's')",deslusen,deslusen
90L_10NL,3,90L_10NL_3_1,1,1085,"('s', 's', 's')",deslusen,deslusen
90L_10NL,3,90L_10NL_3_1,1,3500,"('s', 'sk', 's')",deslusen,deslusen
90L_10NL,3,90L_10NL_3_1,1,3500,"('s', 'sk', 's')",deslusen,deslusen
90L_10NL,3,90L_10NL_3_1,1,3500,"('s', 'sk', 's')",deslusen,deslusen
90L_10NL,3,90L_10NL_3_1,1,3500,"('s', 'sk', 's')",deslusen,deslusen
90L_10NL,3,90L_10NL_3_1,1,3500,"('s', 'sk', 's')",deslusen,deslusen
90L_10NL,3,90L_10NL_3_1,1,3500,"('s', 'sk', 's')",deslusen,deslusen
90L_10NL,3,90L_10NL_3_1,1,3500,"('s', 'sk', 's')",deslusen,deslusen
90L_10NL,3,90L_10NL_3_1,1,1085,"('s', 's', 's')",deslusen,deslusen
90L_10NL,3,90L_10NL_3_1,1,3500,"('s', 'sk', 's')",deslusen,deslusen
90L_10NL,3,90L_10NL_3_1,1,3500,"('s', 'sk', 's')",deslusen,deslusen
90L_10NL,3,90L_10NL_3_1,1,3500,"('s', 'sk', 's')",deslusen,deslusen
90L_10NL,3,90L_10NL_3_1,1,3500,"('s', 'sk', 's')",deslusen,deslusen
90L_10NL,3,90L_10NL_3_1,1,3500,"('s', 'sk', 's')",deslusen,deslusen
90L_10NL,3,90L_10NL_3_1,1,3500,"('s', 'sk', 's')",deslusen,deslusen
90L_10NL,3,90L_10NL_3_1,1,3500,"('s', 'sk', 's')",deslusen,deslusen
90L_10NL,3,90L_10NL_3_1,1,3500,"('s', 'sk', 's')",deslusen,deslusen
90L_10NL,3,90L_10NL_3_1,1,3500,"('s', 'sk', 's')",deslusen,deslusen
90L_10NL,3,90L_10NL_3_1,1,3500,"('s', 'sk', 's')",deslusen,deslusen
90L_10NL,3,90L_10NL_3_1,1,3500,"('s', 'sk', 's')",deslusen,deslusen
90L_10NL,3,90L_10NL_3_1,1,3500,"('s', 'sk', 's')",deslusen,deslusen
90L_10NL,3,90L_10NL_3_1,1,3500,"('s', 'sk', 's')",deslusen,deslusen
90L_10NL,3,90L_10NL_3_1,1,3500,"('s', 'sk', 's')",deslusen,deslusen
90L_10NL,3,90L_10NL_3_1,1,2625,"('sk', 'sk', 's')",deslusen,deslusen
90L_10NL,3,90L_10NL_3_1,1,2625,"('sk', 'sk', 's')",deslusen,deslusen
90L_10NL,3,90L_10NL_3_1,1,2625,"('sk', 'sk', 's')",deslusen,deslusen
90L_10NL,3,90L_10NL_3_1,1,2625,"('sk', 'sk', 's')",deslusen,deslusen
90L_10NL,3,90L_10NL_3_1,1,2625,"('sk', 'sk', 's')",deslusen,deslusen
90L_10NL,3,90L_10NL_3_1,1,2625,"('sk', 'sk', 's')",deslusen,deslusen
90L_10NL,3,90L_10NL_3_1,1,2625,"('sk', 'sk', 's')",deslusen,deslusen
90L_10NL,3,90L_10NL_3_1,1,2625,"('sk', 'sk', 's')",deslusen,deslusen
90L_10NL,3,90L_10NL_3_1,1,2625,"('sk', 'sk', 's')",deslusen,deslusen
90L_10NL,3,90L_10NL_3_1,1,2625,"('sk', 'sk', 's')",deslusen,deslusen
90L_10NL,3,90L_10NL_3_1,1,2625,"('sk', 'sk', 's')",deslusen,deslusen
90L_10NL,3,90L_10NL_3_1,1,2625,"('sk', 'sk', 's')",deslusen,deslusen
90L_10NL,3,90L_10NL_3_1,1,2625,"('sk', 'sk', 's')",deslusen,deslusen
90L_10NL,3,90L_10NL_3_1,1,2625,"('sk', 'sk', 's')",deslusen,deslusen
90L_10NL,3,90L_10NL_3_1,1,2625,"('sk', 'sk', 's')",deslusen,deslusen
90L_10NL,3,90L_10NL_3_1,1,2625,"('sk', 'sk', 's')",deslusen,deslusen
90L_10NL,3,90L_10NL_3_1,1,2625,"('sk', 'sk', 's')",deslusen,deslusen
90L_10NL,3,90L_10NL_3_1,1,2625,"('sk', 'sk', 's')",deslusen,deslusen
90L_10NL,3,90L_10NL_3_1,1,2625,"('sk', 'sk', 's')",deslusen,deslusen
90L_10NL,3,90L_10NL_3_1,1,2625,"('sk', 'sk', 's')",deslusen,deslusen
90L_10NL,3,90L_10NL_3_1,1,2625,"('sk', 'sk', 's')",deslusen,deslusen
90L_10NL,3,90L_10NL_3_1,1,1085,"('s', 's', 's')",desluses,desluses
90L_10NL,3,90L_10NL_3_1,1,1085,"('s', 's', 's')",desluses,desluses
90L_10NL,3,90L_10NL_3_1,1,1085,"('s', 's', 's')",desluses,desluses
90L_10NL,3,90L_10NL_3_1,1,3500,"('s', 'sk', 's')",desluses,desluses
90L_10NL,3,90L_10NL_3_1,1,3500,"('s', 'sk', 's')",desluses,desluses
90L_10NL,3,90L_10NL_3_1,1,3500,"('s', 'sk', 's')",desluses,desluses
90L_10NL,3,90L_10NL_3_1,1,3500,"('s', 'sk', 's')",desluses,desluses
90L_10NL,3,90L_10NL_3_1,1,3500,"('s', 'sk', 's')",desluses,desluses
90L_10NL,3,90L_10NL_3_1,1,3500,"('s', 'sk', 's')",desluses,desluses
90L_10NL,3,90L_10NL_3_1,1,3500,"('s', 'sk', 's')",desluses,desluses
90L_10NL,3,90L_10NL_3_1,1,1085,"('s', 's', 's')",desluses,desluses
90L_10NL,3,90L_10NL_3_1,1,1085,"('s', 's', 's')",desluses,desluses
90L_10NL,3,90L_10NL_3_1,1,3500,"('s', 'sk', 's')",desluses,desluses
90L_10NL,3,90L_10NL_3_1,1,3500,"('s', 'sk', 's')",desluses,desluses
90L_10NL,3,90L_10NL_3_1,1,3500,"('s', 'sk', 's')",desluses,desluses
90L_10NL,3,90L_10NL_3_1,1,3500,"('s', 'sk', 's')",desluses,desluses
90L_10NL,3,90L_10NL_3_1,1,3500,"('s', 'sk', 's')",desluses,desluses
90L_10NL,3,90L_10NL_3_1,1,3500,"('s', 'sk', 's')",desluses,desluses
90L_10NL,3,90L_10NL_3_1,1,3500,"('s', 'sk', 's')",desluses,desluses
90L_10NL,3,90L_10NL_3_1,1,1085,"('s', 's', 's')",desluses,desluses
90L_10NL,3,90L_10NL_3_1,1,3500,"('s', 'sk', 's')",desluses,desluses
90L_10NL,3,90L_10NL_3_1,1,3500,"('s', 'sk', 's')",desluses,desluses
90L_10NL,3,90L_10NL_3_1,1,3500,"('s', 'sk', 's')",desluses,desluses
90L_10NL,3,90L_10NL_3_1,1,3500,"('s', 'sk', 's')",desluses,desluses
90L_10NL,3,90L_10NL_3_1,1,3500,"('s', 'sk', 's')",desluses,desluses
90L_10NL,3,90L_10NL_3_1,1,3500,"('s', 'sk', 's')",desluses,desluses
90L_10NL,3,90L_10NL_3_1,1,3500,"('s', 'sk', 's')",desluses,desluses
90L_10NL,3,90L_10NL_3_1,1,3500,"('s', 'sk', 's')",desluses,desluses
90L_10NL,3,90L_10NL_3_1,1,3500,"('s', 'sk', 's')",desluses,desluses
90L_10NL,3,90L_10NL_3_1,1,3500,"('s', 'sk', 's')",desluses,desluses
90L_10NL,3,90L_10NL_3_1,1,3500,"('s', 'sk', 's')",desluses,desluses
90L_10NL,3,90L_10NL_3_1,1,3500,"('s', 'sk', 's')",desluses,desluses
90L_10NL,3,90L_10NL_3_1,1,3500,"('s', 'sk', 's')",desluses,desluses
90L_10NL,3,90L_10NL_3_1,1,3500,"('s', 'sk', 's')",desluses,desluses
90L_10NL,3,90L_10NL_3_1,1,2625,"('sk', 'sk', 's')",desluses,desluses
90L_10NL,3,90L_10NL_3_1,1,2625,"('sk', 'sk', 's')",desluses,desluses
90L_10NL,3,90L_10NL_3_1,1,2625,"('sk', 'sk', 's')",desluses,desluses
90L_10NL,3,90L_10NL_3_1,1,2625,"('sk', 'sk', 's')",desluses,desluses
90L_10NL,3,90L_10NL_3_1,1,2625,"('sk', 'sk', 's')",desluses,desluses
90L_10NL,3,90L_10NL_3_1,1,2625,"('sk', 'sk', 's')",desluses,desluses
90L_10NL,3,90L_10NL_3_1,1,2625,"('sk', 'sk', 's')",desluses,desluses
90L_10NL,3,90L_10NL_3_1,1,2625,"('sk', 'sk', 's')",desluses,desluses
90L_10NL,3,90L_10NL_3_1,1,2625,"('sk', 'sk', 's')",desluses,desluses
90L_10NL,3,90L_10NL_3_1,1,2625,"('sk', 'sk', 's')",desluses,desluses
90L_10NL,3,90L_10NL_3_1,1,2625,"('sk', 'sk', 's')",desluses,desluses
90L_10NL,3,90L_10NL_3_1,1,2625,"('sk', 'sk', 's')",desluses,desluses
90L_10NL,3,90L_10NL_3_1,1,2625,"('sk', 'sk', 's')",desluses,desluses
90L_10NL,3,90L_10NL_3_1,1,2625,"('sk', 'sk', 's')",desluses,desluses
90L_10NL,3,90L_10NL_3_1,1,2625,"('sk', 'sk', 's')",desluses,desluses
90L_10NL,3,90L_10NL_3_1,1,2625,"('sk', 'sk', 's')",desluses,desluses
90L_10NL,3,90L_10NL_3_1,1,2625,"('sk', 'sk', 's')",desluses,desluses
90L_10NL,3,90L_10NL_3_1,1,2625,"('sk', 'sk', 's')",desluses,desluses
90L_10NL,3,90L_10NL_3_1,1,2625,"('sk', 'sk', 's')",desluses,desluses
90L_10NL,3,90L_10NL_3_1,1,2625,"('sk', 'sk', 's')",desluses,desluses
90L_10NL,3,90L_10NL_3_1,1,2625,"('sk', 'sk', 's')",desluses,desluses
90L_10NL,3,90L_10NL_3_1,1,1085,"('s', 's', 's')",desluse,desluse
90L_10NL,3,90L_10NL_3_1,1,1085,"('s', 's', 's')",desluse,desluse
90L_10NL,3,90L_10NL_3_1,1,1085,"('s', 's', 's')",desluse,desluse
90L_10NL,3,90L_10NL_3_1,1,3500,"('s', 'sk', 's')",desluse,desluse
90L_10NL,3,90L_10NL_3_1,1,3500,"('s', 'sk', 's')",desluse,desluse
90L_10NL,3,90L_10NL_3_1,1,3500,"('s', 'sk', 's')",desluse,desluse
90L_10NL,3,90L_10NL_3_1,1,3500,"('s', 'sk', 's')",desluse,desluse
90L_10NL,3,90L_10NL_3_1,1,3500,"('s', 'sk', 's')",desluse,desluse
90L_10NL,3,90L_10NL_3_1,1,3500,"('s', 'sk', 's')",desluse,desluse
90L_10NL,3,90L_10NL_3_1,1,3500,"('s', 'sk', 's')",desluse,desluse
90L_10NL,3,90L_10NL_3_1,1,1085,"('s', 's', 's')",desluse,desluse
90L_10NL,3,90L_10NL_3_1,1,1085,"('s', 's', 's')",desluse,desluse
90L_10NL,3,90L_10NL_3_1,1,3500,"('s', 'sk', 's')",desluse,desluse
90L_10NL,3,90L_10NL_3_1,1,3500,"('s', 'sk', 's')",desluse,desluse
90L_10NL,3,90L_10NL_3_1,1,3500,"('s', 'sk', 's')",desluse,desluse
90L_10NL,3,90L_10NL_3_1,1,3500,"('s', 'sk', 's')",desluse,desluse
90L_10NL,3,90L_10NL_3_1,1,3500,"('s', 'sk', 's')",desluse,desluse
90L_10NL,3,90L_10NL_3_1,1,3500,"('s', 'sk', 's')",desluse,desluse
90L_10NL,3,90L_10NL_3_1,1,3500,"('s', 'sk', 's')",desluse,desluse
90L_10NL,3,90L_10NL_3_1,1,1085,"('s', 's', 's')",desluse,desluse
90L_10NL,3,90L_10NL_3_1,1,3500,"('s', 'sk', 's')",desluse,desluse
90L_10NL,3,90L_10NL_3_1,1,3500,"('s', 'sk', 's')",desluse,desluse
90L_10NL,3,90L_10NL_3_1,1,3500,"('s', 'sk', 's')",desluse,desluse
90L_10NL,3,90L_10NL_3_1,1,3500,"('s', 'sk', 's')",desluse,desluse
90L_10NL,3,90L_10NL_3_1,1,3500,"('s', 'sk', 's')",desluse,desluse
90L_10NL,3,90L_10NL_3_1,1,3500,"('s', 'sk', 's')",desluse,desluse
90L_10NL,3,90L_10NL_3_1,1,3500,"('s', 'sk', 's')",desluse,desluse
90L_10NL,3,90L_10NL_3_1,1,3500,"('s', 'sk', 's')",desluse,desluse
90L_10NL,3,90L_10NL_3_1,1,3500,"('s', 'sk', 's')",desluse,desluse
90L_10NL,3,90L_10NL_3_1,1,3500,"('s', 'sk', 's')",desluse,desluse
90L_10NL,3,90L_10NL_3_1,1,3500,"('s', 'sk', 's')",desluse,desluse
90L_10NL,3,90L_10NL_3_1,1,3500,"('s', 'sk', 's')",desluse,desluse
90L_10NL,3,90L_10NL_3_1,1,3500,"('s', 'sk', 's')",desluse,desluse
90L_10NL,3,90L_10NL_3_1,1,3500,"('s', 'sk', 's')",desluse,desluse
90L_10NL,3,90L_10NL_3_1,1,2625,"('sk', 'sk', 's')",desluse,desluse
90L_10NL,3,90L_10NL_3_1,1,2625,"('sk', 'sk', 's')",desluse,desluse
90L_10NL,3,90L_10NL_3_1,1,2625,"('sk', 'sk', 's')",desluse,desluse
90L_10NL,3,90L_10NL_3_1,1,2625,"('sk', 'sk', 's')",desluse,desluse
90L_10NL,3,90L_10NL_3_1,1,2625,"('sk', 'sk', 's')",desluse,desluse
90L_10NL,3,90L_10NL_3_1,1,2625,"('sk', 'sk', 's')",desluse,desluse
90L_10NL,3,90L_10NL_3_1,1,2625,"('sk', 'sk', 's')",desluse,desluse
90L_10NL,3,90L_10NL_3_1,1,2625,"('sk', 'sk', 's')",desluse,desluse
90L_10NL,3,90L_10NL_3_1,1,2625,"('sk', 'sk', 's')",desluse,desluse
90L_10NL,3,90L_10NL_3_1,1,2625,"('sk', 'sk', 's')",desluse,desluse
90L_10NL,3,90L_10NL_3_1,1,2625,"('sk', 'sk', 's')",desluse,desluse
90L_10NL,3,90L_10NL_3_1,1,2625,"('sk', 'sk', 's')",desluse,desluse
90L_10NL,3,90L_10NL_3_1,1,2625,"('sk', 'sk', 's')",desluse,desluse
90L_10NL,3,90L_10NL_3_1,1,2625,"('sk', 'sk', 's')",desluse,desluse
90L_10NL,3,90L_10NL_3_1,1,2625,"('sk', 'sk', 's')",desluse,desluse
90L_10NL,3,90L_10NL_3_1,1,2625,"('sk', 'sk', 's')",desluse,desluse
90L_10NL,3,90L_10NL_3_1,1,2625,"('sk', 'sk', 's')",desluse,desluse
90L_10NL,3,90L_10NL_3_1,1,2625,"('sk', 'sk', 's')",desluse,desluse
90L_10NL,3,90L_10NL_3_1,1,2625,"('sk', 'sk', 's')",desluse,desluse
90L_10NL,3,90L_10NL_3_1,1,2625,"('sk', 'sk', 's')",desluse,desluse
90L_10NL,3,90L_10NL_3_1,1,2625,"('sk', 'sk', 's')",desluse,desluse
90L_10NL,3,90L_10NL_3_1,1,1085,"('s', 's', 's')",deslusimos,deslusimos
90L_10NL,3,90L_10NL_3_1,1,1085,"('s', 's', 's')",deslusimos,deslusimos
90L_10NL,3,90L_10NL_3_1,1,1085,"('s', 's', 's')",deslusimos,deslusimos
90L_10NL,3,90L_10NL_3_1,1,3500,"('s', 'sk', 's')",deslusimos,deslusimos
90L_10NL,3,90L_10NL_3_1,1,3500,"('s', 'sk', 's')",deslusimos,deslusimos
90L_10NL,3,90L_10NL_3_1,1,3500,"('s', 'sk', 's')",deslusimos,deslusimos
90L_10NL,3,90L_10NL_3_1,1,3500,"('s', 'sk', 's')",deslusimos,deslusimos
90L_10NL,3,90L_10NL_3_1,1,3500,"('s', 'sk', 's')",deslusimos,deslusimos
90L_10NL,3,90L_10NL_3_1,1,3500,"('s', 'sk', 's')",deslusimos,deslusimos
90L_10NL,3,90L_10NL_3_1,1,3500,"('s', 'sk', 's')",deslusimos,deslusimos
90L_10NL,3,90L_10NL_3_1,1,1085,"('s', 's', 's')",deslusimos,deslusimos
90L_10NL,3,90L_10NL_3_1,1,1085,"('s', 's', 's')",deslusimos,deslusimos
90L_10NL,3,90L_10NL_3_1,1,3500,"('s', 'sk', 's')",deslusimos,deslusimos
90L_10NL,3,90L_10NL_3_1,1,3500,"('s', 'sk', 's')",deslusimos,deslusimos
90L_10NL,3,90L_10NL_3_1,1,3500,"('s', 'sk', 's')",deslusimos,deslusimos
90L_10NL,3,90L_10NL_3_1,1,3500,"('s', 'sk', 's')",deslusimos,deslusimos
90L_10NL,3,90L_10NL_3_1,1,3500,"('s', 'sk', 's')",deslusimos,deslusimos
90L_10NL,3,90L_10NL_3_1,1,3500,"('s', 'sk', 's')",deslusimos,deslusimos
90L_10NL,3,90L_10NL_3_1,1,3500,"('s', 'sk', 's')",deslusimos,deslusimos
90L_10NL,3,90L_10NL_3_1,1,1085,"('s', 's', 's')",deslusimos,deslusimos
90L_10NL,3,90L_10NL_3_1,1,3500,"('s', 'sk', 's')",deslusimos,deslusimos
90L_10NL,3,90L_10NL_3_1,1,3500,"('s', 'sk', 's')",deslusimos,deslusimos
90L_10NL,3,90L_10NL_3_1,1,3500,"('s', 'sk', 's')",deslusimos,deslusimos
90L_10NL,3,90L_10NL_3_1,1,3500,"('s', 'sk', 's')",deslusimos,deslusimos
90L_10NL,3,90L_10NL_3_1,1,3500,"('s', 'sk', 's')",deslusimos,deslusimos
90L_10NL,3,90L_10NL_3_1,1,3500,"('s', 'sk', 's')",deslusimos,deslusimos
90L_10NL,3,90L_10NL_3_1,1,3500,"('s', 'sk', 's')",deslusimos,deslusimos
90L_10NL,3,90L_10NL_3_1,1,3500,"('s', 'sk', 's')",deslusimos,deslusimos
90L_10NL,3,90L_10NL_3_1,1,3500,"('s', 'sk', 's')",deslusimos,deslusimos
90L_10NL,3,90L_10NL_3_1,1,3500,"('s', 'sk', 's')",deslusimos,deslusimos
90L_10NL,3,90L_10NL_3_1,1,3500,"('s', 'sk', 's')",deslusimos,deslusimos
90L_10NL,3,90L_10NL_3_1,1,3500,"('s', 'sk', 's')",deslusimos,deslusimos
90L_10NL,3,90L_10NL_3_1,1,3500,"('s', 'sk', 's')",deslusimos,deslusimos
90L_10NL,3,90L_10NL_3_1,1,3500,"('s', 'sk', 's')",deslusimos,deslusimos
90L_10NL,3,90L_10NL_3_1,1,2625,"('sk', 'sk', 's')",deslusimos,deslusimos
90L_10NL,3,90L_10NL_3_1,1,2625,"('sk', 'sk', 's')",deslusimos,deslusimos
90L_10NL,3,90L_10NL_3_1,1,2625,"('sk', 'sk', 's')",deslusimos,deslusimos
90L_10NL,3,90L_10NL_3_1,1,2625,"('sk', 'sk', 's')",deslusimos,deslusimos
90L_10NL,3,90L_10NL_3_1,1,2625,"('sk', 'sk', 's')",deslusimos,deslusimos
90L_10NL,3,90L_10NL_3_1,1,2625,"('sk', 'sk', 's')",deslusimos,deslusimos
90L_10NL,3,90L_10NL_3_1,1,2625,"('sk', 'sk', 's')",deslusimos,deslusimos
90L_10NL,3,90L_10NL_3_1,1,2625,"('sk', 'sk', 's')",deslusimos,deslusimos
90L_10NL,3,90L_10NL_3_1,1,2625,"('sk', 'sk', 's')",deslusimos,deslusimos
90L_10NL,3,90L_10NL_3_1,1,2625,"('sk', 'sk', 's')",deslusimos,deslusimos
90L_10NL,3,90L_10NL_3_1,1,2625,"('sk', 'sk', 's')",deslusimos,deslusimos
90L_10NL,3,90L_10NL_3_1,1,2625,"('sk', 'sk', 's')",deslusimos,deslusimos
90L_10NL,3,90L_10NL_3_1,1,2625,"('sk', 'sk', 's')",deslusimos,deslusimos
90L_10NL,3,90L_10NL_3_1,1,2625,"('sk', 'sk', 's')",deslusimos,deslusimos
90L_10NL,3,90L_10NL_3_1,1,2625,"('sk', 'sk', 's')",deslusimos,deslusimos
90L_10NL,3,90L_10NL_3_1,1,2625,"('sk', 'sk', 's')",deslusimos,deslusimos
90L_10NL,3,90L_10NL_3_1,1,2625,"('sk', 'sk', 's')",deslusimos,deslusimos
90L_10NL,3,90L_10NL_3_1,1,2625,"('sk', 'sk', 's')",deslusimos,deslusimos
90L_10NL,3,90L_10NL_3_1,1,2625,"('sk', 'sk', 's')",deslusimos,deslusimos
90L_10NL,3,90L_10NL_3_1,1,2625,"('sk', 'sk', 's')",deslusimos,deslusimos
90L_10NL,3,90L_10NL_3_1,1,2625,"('sk', 'sk', 's')",deslusimos,deslusimos
90L_10NL,3,90L_10NL_3_1,1,1085,"('s', 's', 's')",deslusis,deslusis
90L_10NL,3,90L_10NL_3_1,1,1085,"('s', 's', 's')",deslusis,deslusis
90L_10NL,3,90L_10NL_3_1,1,1085,"('s', 's', 's')",deslusis,deslusis
90L_10NL,3,90L_10NL_3_1,1,3500,"('s', 'sk', 's')",deslusis,deslusis
90L_10NL,3,90L_10NL_3_1,1,3500,"('s', 'sk', 's')",deslusis,deslusis
90L_10NL,3,90L_10NL_3_1,1,3500,"('s', 'sk', 's')",deslusis,deslusis
90L_10NL,3,90L_10NL_3_1,1,3500,"('s', 'sk', 's')",deslusis,deslusis
90L_10NL,3,90L_10NL_3_1,1,3500,"('s', 'sk', 's')",deslusis,deslusis
90L_10NL,3,90L_10NL_3_1,1,3500,"('s', 'sk', 's')",deslusis,deslusis
90L_10NL,3,90L_10NL_3_1,1,3500,"('s', 'sk', 's')",deslusis,deslusis
90L_10NL,3,90L_10NL_3_1,1,1085,"('s', 's', 's')",deslusis,deslusis
90L_10NL,3,90L_10NL_3_1,1,1085,"('s', 's', 's')",deslusis,deslusis
90L_10NL,3,90L_10NL_3_1,1,3500,"('s', 'sk', 's')",deslusis,deslusis
90L_10NL,3,90L_10NL_3_1,1,3500,"('s', 'sk', 's')",deslusis,deslusis
90L_10NL,3,90L_10NL_3_1,1,3500,"('s', 'sk', 's')",deslusis,deslusis
90L_10NL,3,90L_10NL_3_1,1,3500,"('s', 'sk', 's')",deslusis,deslusis
90L_10NL,3,90L_10NL_3_1,1,3500,"('s', 'sk', 's')",deslusis,deslusis
90L_10NL,3,90L_10NL_3_1,1,3500,"('s', 'sk', 's')",deslusis,deslusis
90L_10NL,3,90L_10NL_3_1,1,3500,"('s', 'sk', 's')",deslusis,deslusis
90L_10NL,3,90L_10NL_3_1,1,1085,"('s', 's', 's')",deslusis,deslusis
90L_10NL,3,90L_10NL_3_1,1,3500,"('s', 'sk', 's')",deslusis,deslusis
90L_10NL,3,90L_10NL_3_1,1,3500,"('s', 'sk', 's')",deslusis,deslusis
90L_10NL,3,90L_10NL_3_1,1,3500,"('s', 'sk', 's')",deslusis,deslusis
90L_10NL,3,90L_10NL_3_1,1,3500,"('s', 'sk', 's')",deslusis,deslusis
90L_10NL,3,90L_10NL_3_1,1,3500,"('s', 'sk', 's')",deslusis,deslusis
90L_10NL,3,90L_10NL_3_1,1,3500,"('s', 'sk', 's')",deslusis,deslusis
90L_10NL,3,90L_10NL_3_1,1,3500,"('s', 'sk', 's')",deslusis,deslusis
90L_10NL,3,90L_10NL_3_1,1,3500,"('s', 'sk', 's')",deslusis,deslusis
90L_10NL,3,90L_10NL_3_1,1,3500,"('s', 'sk', 's')",deslusis,deslusis
90L_10NL,3,90L_10NL_3_1,1,3500,"('s', 'sk', 's')",deslusis,deslusis
90L_10NL,3,90L_10NL_3_1,1,3500,"('s', 'sk', 's')",deslusis,deslusis
90L_10NL,3,90L_10NL_3_1,1,3500,"('s', 'sk', 's')",deslusis,deslusis
90L_10NL,3,90L_10NL_3_1,1,3500,"('s', 'sk', 's')",deslusis,deslusis
90L_10NL,3,90L_10NL_3_1,1,3500,"('s', 'sk', 's')",deslusis,deslusis
90L_10NL,3,90L_10NL_3_1,1,2625,"('sk', 'sk', 's')",deslusis,deslusis
90L_10NL,3,90L_10NL_3_1,1,2625,"('sk', 'sk', 's')",deslusis,deslusis
90L_10NL,3,90L_10NL_3_1,1,2625,"('sk', 'sk', 's')",deslusis,deslusis
90L_10NL,3,90L_10NL_3_1,1,2625,"('sk', 'sk', 's')",deslusis,deslusis
90L_10NL,3,90L_10NL_3_1,1,2625,"('sk', 'sk', 's')",deslusis,deslusis
90L_10NL,3,90L_10NL_3_1,1,2625,"('sk', 'sk', 's')",deslusis,deslusis
90L_10NL,3,90L_10NL_3_1,1,2625,"('sk', 'sk', 's')",deslusis,deslusis
90L_10NL,3,90L_10NL_3_1,1,2625,"('sk', 'sk', 's')",deslusis,deslusis
90L_10NL,3,90L_10NL_3_1,1,2625,"('sk', 'sk', 's')",deslusis,deslusis
90L_10NL,3,90L_10NL_3_1,1,2625,"('sk', 'sk', 's')",deslusis,deslusis
90L_10NL,3,90L_10NL_3_1,1,2625,"('sk', 'sk', 's')",deslusis,deslusis
90L_10NL,3,90L_10NL_3_1,1,2625,"('sk', 'sk', 's')",deslusis,deslusis
90L_10NL,3,90L_10NL_3_1,1,2625,"('sk', 'sk', 's')",deslusis,deslusis
90L_10NL,3,90L_10NL_3_1,1,2625,"('sk', 'sk', 's')",deslusis,deslusis
90L_10NL,3,90L_10NL_3_1,1,2625,"('sk', 'sk', 's')",deslusis,deslusis
90L_10NL,3,90L_10NL_3_1,1,2625,"('sk', 'sk', 's')",deslusis,deslusis
90L_10NL,3,90L_10NL_3_1,1,2625,"('sk', 'sk', 's')",deslusis,deslusis
90L_10NL,3,90L_10NL_3_1,1,2625,"('sk', 'sk', 's')",deslusis,deslusis
90L_10NL,3,90L_10NL_3_1,1,2625,"('sk', 'sk', 's')",deslusis,deslusis
90L_10NL,3,90L_10NL_3_1,1,2625,"('sk', 'sk', 's')",deslusis,deslusis
90L_10NL,3,90L_10NL_3_1,1,2625,"('sk', 'sk', 's')",deslusis,deslusis
90L_10NL,3,90L_10NL_3_1,1,1750,"('s', 's', 'sk')",desluskajs,desluskajs
90L_10NL,3,90L_10NL_3_1,1,1750,"('s', 's', 'sk')",desluskajs,desluskajs
90L_10NL,3,90L_10NL_3_1,1,1750,"('s', 's', 'sk')",desluskajs,desluskajs
90L_10NL,3,90L_10NL_3_1,1,1750,"('s', 's', 'sk')",desluskajs,desluskajs
90L_10NL,3,90L_10NL_3_1,1,5250,"('s', 'sk', 'sk')",desluskajs,desluskajs
90L_10NL,3,90L_10NL_3_1,1,5250,"('s', 'sk', 'sk')",desluskajs,desluskajs
90L_10NL,3,90L_10NL_3_1,1,5250,"('s', 'sk', 'sk')",desluskajs,desluskajs
90L_10NL,3,90L_10NL_3_1,1,5250,"('s', 'sk', 'sk')",desluskajs,desluskajs
90L_10NL,3,90L_10NL_3_1,1,5250,"('s', 'sk', 'sk')",desluskajs,desluskajs
90L_10NL,3,90L_10NL_3_1,1,5250,"('s', 'sk', 'sk')",desluskajs,desluskajs
90L_10NL,3,90L_10NL_3_1,1,1750,"('s', 's', 'sk')",desluskajs,desluskajs
90L_10NL,3,90L_10NL_3_1,1,1750,"('s', 's', 'sk')",desluskajs,desluskajs
90L_10NL,3,90L_10NL_3_1,1,1750,"('s', 's', 'sk')",desluskajs,desluskajs
90L_10NL,3,90L_10NL_3_1,1,5250,"('s', 'sk', 'sk')",desluskajs,desluskajs
90L_10NL,3,90L_10NL_3_1,1,5250,"('s', 'sk', 'sk')",desluskajs,desluskajs
90L_10NL,3,90L_10NL_3_1,1,5250,"('s', 'sk', 'sk')",desluskajs,desluskajs
90L_10NL,3,90L_10NL_3_1,1,5250,"('s', 'sk', 'sk')",desluskajs,desluskajs
90L_10NL,3,90L_10NL_3_1,1,5250,"('s', 'sk', 'sk')",desluskajs,desluskajs
90L_10NL,3,90L_10NL_3_1,1,5250,"('s', 'sk', 'sk')",desluskajs,desluskajs
90L_10NL,3,90L_10NL_3_1,1,1750,"('s', 's', 'sk')",desluskajs,desluskajs
90L_10NL,3,90L_10NL_3_1,1,1750,"('s', 's', 'sk')",desluskajs,desluskajs
90L_10NL,3,90L_10NL_3_1,1,5250,"('s', 'sk', 'sk')",desluskajs,desluskajs
90L_10NL,3,90L_10NL_3_1,1,5250,"('s', 'sk', 'sk')",desluskajs,desluskajs
90L_10NL,3,90L_10NL_3_1,1,5250,"('s', 'sk', 'sk')",desluskajs,desluskajs
90L_10NL,3,90L_10NL_3_1,1,5250,"('s', 'sk', 'sk')",desluskajs,desluskajs
90L_10NL,3,90L_10NL_3_1,1,5250,"('s', 'sk', 'sk')",desluskajs,desluskajs
90L_10NL,3,90L_10NL_3_1,1,5250,"('s', 'sk', 'sk')",desluskajs,desluskajs
90L_10NL,3,90L_10NL_3_1,1,1750,"('s', 's', 'sk')",desluskajs,desluskajs
90L_10NL,3,90L_10NL_3_1,1,5250,"('s', 'sk', 'sk')",desluskajs,desluskajs
90L_10NL,3,90L_10NL_3_1,1,5250,"('s', 'sk', 'sk')",desluskajs,desluskajs
90L_10NL,3,90L_10NL_3_1,1,5250,"('s', 'sk', 'sk')",desluskajs,desluskajs
90L_10NL,3,90L_10NL_3_1,1,5250,"('s', 'sk', 'sk')",desluskajs,desluskajs
90L_10NL,3,90L_10NL_3_1,1,5250,"('s', 'sk', 'sk')",desluskajs,desluskajs
90L_10NL,3,90L_10NL_3_1,1,5250,"('s', 'sk', 'sk')",desluskajs,desluskajs
90L_10NL,3,90L_10NL_3_1,1,5250,"('s', 'sk', 'sk')",desluskajs,desluskajs
90L_10NL,3,90L_10NL_3_1,1,5250,"('s', 'sk', 'sk')",desluskajs,desluskajs
90L_10NL,3,90L_10NL_3_1,1,5250,"('s', 'sk', 'sk')",desluskajs,desluskajs
90L_10NL,3,90L_10NL_3_1,1,5250,"('s', 'sk', 'sk')",desluskajs,desluskajs
90L_10NL,3,90L_10NL_3_1,1,5250,"('s', 'sk', 'sk')",desluskajs,desluskajs
90L_10NL,3,90L_10NL_3_1,1,5250,"('s', 'sk', 'sk')",desluskajs,desluskajs
90L_10NL,3,90L_10NL_3_1,1,2625,"('sk', 'sk', 'sk')",desluskajs,desluskajs
90L_10NL,3,90L_10NL_3_1,1,2625,"('sk', 'sk', 'sk')",desluskajs,desluskajs
90L_10NL,3,90L_10NL_3_1,1,2625,"('sk', 'sk', 'sk')",desluskajs,desluskajs
90L_10NL,3,90L_10NL_3_1,1,2625,"('sk', 'sk', 'sk')",desluskajs,desluskajs
90L_10NL,3,90L_10NL_3_1,1,2625,"('sk', 'sk', 'sk')",desluskajs,desluskajs
90L_10NL,3,90L_10NL_3_1,1,2625,"('sk', 'sk', 'sk')",desluskajs,desluskajs
90L_10NL,3,90L_10NL_3_1,1,2625,"('sk', 'sk', 'sk')",desluskajs,desluskajs
90L_10NL,3,90L_10NL_3_1,1,2625,"('sk', 'sk', 'sk')",desluskajs,desluskajs
90L_10NL,3,90L_10NL_3_1,1,2625,"('sk', 'sk', 'sk')",desluskajs,desluskajs
90L_10NL,3,90L_10NL_3_1,1,2625,"('sk', 'sk', 'sk')",desluskajs,desluskajs
90L_10NL,3,90L_10NL_3_1,1,2625,"('sk', 'sk', 'sk')",desluskajs,desluskajs
90L_10NL,3,90L_10NL_3_1,1,2625,"('sk', 'sk', 'sk')",desluskajs,desluskajs
90L_10NL,3,90L_10NL_3_1,1,2625,"('sk', 'sk', 'sk')",desluskajs,desluskajs
90L_10NL,3,90L_10NL_3_1,1,2625,"('sk', 'sk', 'sk')",desluskajs,desluskajs
90L_10NL,3,90L_10NL_3_1,1,2625,"('sk', 'sk', 'sk')",desluskajs,desluskajs
90L_10NL,3,90L_10NL_3_1,1,1750,"('s', 's', 'sk')",desluskamos,desluskamos
90L_10NL,3,90L_10NL_3_1,1,1750,"('s', 's', 'sk')",desluskamos,desluskamos
90L_10NL,3,90L_10NL_3_1,1,1750,"('s', 's', 'sk')",desluskamos,desluskamos
90L_10NL,3,90L_10NL_3_1,1,1750,"('s', 's', 'sk')",desluskamos,desluskamos
90L_10NL,3,90L_10NL_3_1,1,5250,"('s', 'sk', 'sk')",desluskamos,desluskamos
90L_10NL,3,90L_10NL_3_1,1,5250,"('s', 'sk', 'sk')",desluskamos,desluskamos
90L_10NL,3,90L_10NL_3_1,1,5250,"('s', 'sk', 'sk')",desluskamos,desluskamos
90L_10NL,3,90L_10NL_3_1,1,5250,"('s', 'sk', 'sk')",desluskamos,desluskamos
90L_10NL,3,90L_10NL_3_1,1,5250,"('s', 'sk', 'sk')",desluskamos,desluskamos
90L_10NL,3,90L_10NL_3_1,1,5250,"('s', 'sk', 'sk')",desluskamos,desluskamos
90L_10NL,3,90L_10NL_3_1,1,1750,"('s', 's', 'sk')",desluskamos,desluskamos
90L_10NL,3,90L_10NL_3_1,1,1750,"('s', 's', 'sk')",desluskamos,desluskamos
90L_10NL,3,90L_10NL_3_1,1,1750,"('s', 's', 'sk')",desluskamos,desluskamos
90L_10NL,3,90L_10NL_3_1,1,5250,"('s', 'sk', 'sk')",desluskamos,desluskamos
90L_10NL,3,90L_10NL_3_1,1,5250,"('s', 'sk', 'sk')",desluskamos,desluskamos
90L_10NL,3,90L_10NL_3_1,1,5250,"('s', 'sk', 'sk')",desluskamos,desluskamos
90L_10NL,3,90L_10NL_3_1,1,5250,"('s', 'sk', 'sk')",desluskamos,desluskamos
90L_10NL,3,90L_10NL_3_1,1,5250,"('s', 'sk', 'sk')",desluskamos,desluskamos
90L_10NL,3,90L_10NL_3_1,1,5250,"('s', 'sk', 'sk')",desluskamos,desluskamos
90L_10NL,3,90L_10NL_3_1,1,1750,"('s', 's', 'sk')",desluskamos,desluskamos
90L_10NL,3,90L_10NL_3_1,1,1750,"('s', 's', 'sk')",desluskamos,desluskamos
90L_10NL,3,90L_10NL_3_1,1,5250,"('s', 'sk', 'sk')",desluskamos,desluskamos
90L_10NL,3,90L_10NL_3_1,1,5250,"('s', 'sk', 'sk')",desluskamos,desluskamos
90L_10NL,3,90L_10NL_3_1,1,5250,"('s', 'sk', 'sk')",desluskamos,desluskamos
90L_10NL,3,90L_10NL_3_1,1,5250,"('s', 'sk', 'sk')",desluskamos,desluskamos
90L_10NL,3,90L_10NL_3_1,1,5250,"('s', 'sk', 'sk')",desluskamos,desluskamos
90L_10NL,3,90L_10NL_3_1,1,5250,"('s', 'sk', 'sk')",desluskamos,desluskamos
90L_10NL,3,90L_10NL_3_1,1,1750,"('s', 's', 'sk')",desluskamos,desluskamos
90L_10NL,3,90L_10NL_3_1,1,5250,"('s', 'sk', 'sk')",desluskamos,desluskamos
90L_10NL,3,90L_10NL_3_1,1,5250,"('s', 'sk', 'sk')",desluskamos,desluskamos
90L_10NL,3,90L_10NL_3_1,1,5250,"('s', 'sk', 'sk')",desluskamos,desluskamos
90L_10NL,3,90L_10NL_3_1,1,5250,"('s', 'sk', 'sk')",desluskamos,desluskamos
90L_10NL,3,90L_10NL_3_1,1,5250,"('s', 'sk', 'sk')",desluskamos,desluskamos
90L_10NL,3,90L_10NL_3_1,1,5250,"('s', 'sk', 'sk')",desluskamos,desluskamos
90L_10NL,3,90L_10NL_3_1,1,5250,"('s', 'sk', 'sk')",desluskamos,desluskamos
90L_10NL,3,90L_10NL_3_1,1,5250,"('s', 'sk', 'sk')",desluskamos,desluskamos
90L_10NL,3,90L_10NL_3_1,1,5250,"('s', 'sk', 'sk')",desluskamos,desluskamos
90L_10NL,3,90L_10NL_3_1,1,5250,"('s', 'sk', 'sk')",desluskamos,desluskamos
90L_10NL,3,90L_10NL_3_1,1,5250,"('s', 'sk', 'sk')",desluskamos,desluskamos
90L_10NL,3,90L_10NL_3_1,1,5250,"('s', 'sk', 'sk')",desluskamos,desluskamos
90L_10NL,3,90L_10NL_3_1,1,2625,"('sk', 'sk', 'sk')",desluskamos,desluskamos
90L_10NL,3,90L_10NL_3_1,1,2625,"('sk', 'sk', 'sk')",desluskamos,desluskamos
90L_10NL,3,90L_10NL_3_1,1,2625,"('sk', 'sk', 'sk')",desluskamos,desluskamos
90L_10NL,3,90L_10NL_3_1,1,2625,"('sk', 'sk', 'sk')",desluskamos,desluskamos
90L_10NL,3,90L_10NL_3_1,1,2625,"('sk', 'sk', 'sk')",desluskamos,desluskamos
90L_10NL,3,90L_10NL_3_1,1,2625,"('sk', 'sk', 'sk')",desluskamos,desluskamos
90L_10NL,3,90L_10NL_3_1,1,2625,"('sk', 'sk', 'sk')",desluskamos,desluskamos
90L_10NL,3,90L_10NL_3_1,1,2625,"('sk', 'sk', 'sk')",desluskamos,desluskamos
90L_10NL,3,90L_10NL_3_1,1,2625,"('sk', 'sk', 'sk')",desluskamos,desluskamos
90L_10NL,3,90L_10NL_3_1,1,2625,"('sk', 'sk', 'sk')",desluskamos,desluskamos
90L_10NL,3,90L_10NL_3_1,1,2625,"('sk', 'sk', 'sk')",desluskamos,desluskamos
90L_10NL,3,90L_10NL_3_1,1,2625,"('sk', 'sk', 'sk')",desluskamos,desluskamos
90L_10NL,3,90L_10NL_3_1,1,2625,"('sk', 'sk', 'sk')",desluskamos,desluskamos
90L_10NL,3,90L_10NL_3_1,1,2625,"('sk', 'sk', 'sk')",desluskamos,desluskamos
90L_10NL,3,90L_10NL_3_1,1,2625,"('sk', 'sk', 'sk')",desluskamos,desluskamos
90L_10NL,3,90L_10NL_3_1,1,1750,"('s', 's', 'sk')",desluskan,desluskan
90L_10NL,3,90L_10NL_3_1,1,1750,"('s', 's', 'sk')",desluskan,desluskan
90L_10NL,3,90L_10NL_3_1,1,1750,"('s', 's', 'sk')",desluskan,desluskan
90L_10NL,3,90L_10NL_3_1,1,1750,"('s', 's', 'sk')",desluskan,desluskan
90L_10NL,3,90L_10NL_3_1,1,5250,"('s', 'sk', 'sk')",desluskan,desluskan
90L_10NL,3,90L_10NL_3_1,1,5250,"('s', 'sk', 'sk')",desluskan,desluskan
90L_10NL,3,90L_10NL_3_1,1,5250,"('s', 'sk', 'sk')",desluskan,desluskan
90L_10NL,3,90L_10NL_3_1,1,5250,"('s', 'sk', 'sk')",desluskan,desluskan
90L_10NL,3,90L_10NL_3_1,1,5250,"('s', 'sk', 'sk')",desluskan,desluskan
90L_10NL,3,90L_10NL_3_1,1,5250,"('s', 'sk', 'sk')",desluskan,desluskan
90L_10NL,3,90L_10NL_3_1,1,1750,"('s', 's', 'sk')",desluskan,desluskan
90L_10NL,3,90L_10NL_3_1,1,1750,"('s', 's', 'sk')",desluskan,desluskan
90L_10NL,3,90L_10NL_3_1,1,1750,"('s', 's', 'sk')",desluskan,desluskan
90L_10NL,3,90L_10NL_3_1,1,5250,"('s', 'sk', 'sk')",desluskan,desluskan
90L_10NL,3,90L_10NL_3_1,1,5250,"('s', 'sk', 'sk')",desluskan,desluskan
90L_10NL,3,90L_10NL_3_1,1,5250,"('s', 'sk', 'sk')",desluskan,desluskan
90L_10NL,3,90L_10NL_3_1,1,5250,"('s', 'sk', 'sk')",desluskan,desluskan
90L_10NL,3,90L_10NL_3_1,1,5250,"('s', 'sk', 'sk')",desluskan,desluskan
90L_10NL,3,90L_10NL_3_1,1,5250,"('s', 'sk', 'sk')",desluskan,desluskan
90L_10NL,3,90L_10NL_3_1,1,1750,"('s', 's', 'sk')",desluskan,desluskan
90L_10NL,3,90L_10NL_3_1,1,1750,"('s', 's', 'sk')",desluskan,desluskan
90L_10NL,3,90L_10NL_3_1,1,5250,"('s', 'sk', 'sk')",desluskan,desluskan
90L_10NL,3,90L_10NL_3_1,1,5250,"('s', 'sk', 'sk')",desluskan,desluskan
90L_10NL,3,90L_10NL_3_1,1,5250,"('s', 'sk', 'sk')",desluskan,desluskan
90L_10NL,3,90L_10NL_3_1,1,5250,"('s', 'sk', 'sk')",desluskan,desluskan
90L_10NL,3,90L_10NL_3_1,1,5250,"('s', 'sk', 'sk')",desluskan,desluskan
90L_10NL,3,90L_10NL_3_1,1,5250,"('s', 'sk', 'sk')",desluskan,desluskan
90L_10NL,3,90L_10NL_3_1,1,1750,"('s', 's', 'sk')",desluskan,desluskan
90L_10NL,3,90L_10NL_3_1,1,5250,"('s', 'sk', 'sk')",desluskan,desluskan
90L_10NL,3,90L_10NL_3_1,1,5250,"('s', 'sk', 'sk')",desluskan,desluskan
90L_10NL,3,90L_10NL_3_1,1,5250,"('s', 'sk', 'sk')",desluskan,desluskan
90L_10NL,3,90L_10NL_3_1,1,5250,"('s', 'sk', 'sk')",desluskan,desluskan
90L_10NL,3,90L_10NL_3_1,1,5250,"('s', 'sk', 'sk')",desluskan,desluskan
90L_10NL,3,90L_10NL_3_1,1,5250,"('s', 'sk', 'sk')",desluskan,desluskan
90L_10NL,3,90L_10NL_3_1,1,5250,"('s', 'sk', 'sk')",desluskan,desluskan
90L_10NL,3,90L_10NL_3_1,1,5250,"('s', 'sk', 'sk')",desluskan,desluskan
90L_10NL,3,90L_10NL_3_1,1,5250,"('s', 'sk', 'sk')",desluskan,desluskan
90L_10NL,3,90L_10NL_3_1,1,5250,"('s', 'sk', 'sk')",desluskan,desluskan
90L_10NL,3,90L_10NL_3_1,1,5250,"('s', 'sk', 'sk')",desluskan,desluskan
90L_10NL,3,90L_10NL_3_1,1,5250,"('s', 'sk', 'sk')",desluskan,desluskan
90L_10NL,3,90L_10NL_3_1,1,2625,"('sk', 'sk', 'sk')",desluskan,desluskan
90L_10NL,3,90L_10NL_3_1,1,2625,"('sk', 'sk', 'sk')",desluskan,desluskan
90L_10NL,3,90L_10NL_3_1,1,2625,"('sk', 'sk', 'sk')",desluskan,desluskan
90L_10NL,3,90L_10NL_3_1,1,2625,"('sk', 'sk', 'sk')",desluskan,desluskan
90L_10NL,3,90L_10NL_3_1,1,2625,"('sk', 'sk', 'sk')",desluskan,desluskan
90L_10NL,3,90L_10NL_3_1,1,2625,"('sk', 'sk', 'sk')",desluskan,desluskan
90L_10NL,3,90L_10NL_3_1,1,2625,"('sk', 'sk', 'sk')",desluskan,desluskan
90L_10NL,3,90L_10NL_3_1,1,2625,"('sk', 'sk', 'sk')",desluskan,desluskan
90L_10NL,3,90L_10NL_3_1,1,2625,"('sk', 'sk', 'sk')",desluskan,desluskan
90L_10NL,3,90L_10NL_3_1,1,2625,"('sk', 'sk', 'sk')",desluskan,desluskan
90L_10NL,3,90L_10NL_3_1,1,2625,"('sk', 'sk', 'sk')",desluskan,desluskan
90L_10NL,3,90L_10NL_3_1,1,2625,"('sk', 'sk', 'sk')",desluskan,desluskan
90L_10NL,3,90L_10NL_3_1,1,2625,"('sk', 'sk', 'sk')",desluskan,desluskan
90L_10NL,3,90L_10NL_3_1,1,2625,"('sk', 'sk', 'sk')",desluskan,desluskan
90L_10NL,3,90L_10NL_3_1,1,2625,"('sk', 'sk', 'sk')",desluskan,desluskan
90L_10NL,3,90L_10NL_3_1,1,1750,"('s', 's', 'sk')",desluskas,desluskas
90L_10NL,3,90L_10NL_3_1,1,1750,"('s', 's', 'sk')",desluskas,desluskas
90L_10NL,3,90L_10NL_3_1,1,1750,"('s', 's', 'sk')",desluskas,desluskas
90L_10NL,3,90L_10NL_3_1,1,1750,"('s', 's', 'sk')",desluskas,desluskas
90L_10NL,3,90L_10NL_3_1,1,5250,"('s', 'sk', 'sk')",desluskas,desluskas
90L_10NL,3,90L_10NL_3_1,1,5250,"('s', 'sk', 'sk')",desluskas,desluskas
90L_10NL,3,90L_10NL_3_1,1,5250,"('s', 'sk', 'sk')",desluskas,desluskas
90L_10NL,3,90L_10NL_3_1,1,5250,"('s', 'sk', 'sk')",desluskas,desluskas
90L_10NL,3,90L_10NL_3_1,1,5250,"('s', 'sk', 'sk')",desluskas,desluskas
90L_10NL,3,90L_10NL_3_1,1,5250,"('s', 'sk', 'sk')",desluskas,desluskas
90L_10NL,3,90L_10NL_3_1,1,1750,"('s', 's', 'sk')",desluskas,desluskas
90L_10NL,3,90L_10NL_3_1,1,1750,"('s', 's', 'sk')",desluskas,desluskas
90L_10NL,3,90L_10NL_3_1,1,1750,"('s', 's', 'sk')",desluskas,desluskas
90L_10NL,3,90L_10NL_3_1,1,5250,"('s', 'sk', 'sk')",desluskas,desluskas
90L_10NL,3,90L_10NL_3_1,1,5250,"('s', 'sk', 'sk')",desluskas,desluskas
90L_10NL,3,90L_10NL_3_1,1,5250,"('s', 'sk', 'sk')",desluskas,desluskas
90L_10NL,3,90L_10NL_3_1,1,5250,"('s', 'sk', 'sk')",desluskas,desluskas
90L_10NL,3,90L_10NL_3_1,1,5250,"('s', 'sk', 'sk')",desluskas,desluskas
90L_10NL,3,90L_10NL_3_1,1,5250,"('s', 'sk', 'sk')",desluskas,desluskas
90L_10NL,3,90L_10NL_3_1,1,1750,"('s', 's', 'sk')",desluskas,desluskas
90L_10NL,3,90L_10NL_3_1,1,1750,"('s', 's', 'sk')",desluskas,desluskas
90L_10NL,3,90L_10NL_3_1,1,5250,"('s', 'sk', 'sk')",desluskas,desluskas
90L_10NL,3,90L_10NL_3_1,1,5250,"('s', 'sk', 'sk')",desluskas,desluskas
90L_10NL,3,90L_10NL_3_1,1,5250,"('s', 'sk', 'sk')",desluskas,desluskas
90L_10NL,3,90L_10NL_3_1,1,5250,"('s', 'sk', 'sk')",desluskas,desluskas
90L_10NL,3,90L_10NL_3_1,1,5250,"('s', 'sk', 'sk')",desluskas,desluskas
90L_10NL,3,90L_10NL_3_1,1,5250,"('s', 'sk', 'sk')",desluskas,desluskas
90L_10NL,3,90L_10NL_3_1,1,1750,"('s', 's', 'sk')",desluskas,desluskas
90L_10NL,3,90L_10NL_3_1,1,5250,"('s', 'sk', 'sk')",desluskas,desluskas
90L_10NL,3,90L_10NL_3_1,1,5250,"('s', 'sk', 'sk')",desluskas,desluskas
90L_10NL,3,90L_10NL_3_1,1,5250,"('s', 'sk', 'sk')",desluskas,desluskas
90L_10NL,3,90L_10NL_3_1,1,5250,"('s', 'sk', 'sk')",desluskas,desluskas
90L_10NL,3,90L_10NL_3_1,1,5250,"('s', 'sk', 'sk')",desluskas,desluskas
90L_10NL,3,90L_10NL_3_1,1,5250,"('s', 'sk', 'sk')",desluskas,desluskas
90L_10NL,3,90L_10NL_3_1,1,5250,"('s', 'sk', 'sk')",desluskas,desluskas
90L_10NL,3,90L_10NL_3_1,1,5250,"('s', 'sk', 'sk')",desluskas,desluskas
90L_10NL,3,90L_10NL_3_1,1,5250,"('s', 'sk', 'sk')",desluskas,desluskas
90L_10NL,3,90L_10NL_3_1,1,5250,"('s', 'sk', 'sk')",desluskas,desluskas
90L_10NL,3,90L_10NL_3_1,1,5250,"('s', 'sk', 'sk')",desluskas,desluskas
90L_10NL,3,90L_10NL_3_1,1,5250,"('s', 'sk', 'sk')",desluskas,desluskas
90L_10NL,3,90L_10NL_3_1,1,2625,"('sk', 'sk', 'sk')",desluskas,desluskas
90L_10NL,3,90L_10NL_3_1,1,2625,"('sk', 'sk', 'sk')",desluskas,desluskas
90L_10NL,3,90L_10NL_3_1,1,2625,"('sk', 'sk', 'sk')",desluskas,desluskas
90L_10NL,3,90L_10NL_3_1,1,2625,"('sk', 'sk', 'sk')",desluskas,desluskas
90L_10NL,3,90L_10NL_3_1,1,2625,"('sk', 'sk', 'sk')",desluskas,desluskas
90L_10NL,3,90L_10NL_3_1,1,2625,"('sk', 'sk', 'sk')",desluskas,desluskas
90L_10NL,3,90L_10NL_3_1,1,2625,"('sk', 'sk', 'sk')",desluskas,desluskas
90L_10NL,3,90L_10NL_3_1,1,2625,"('sk', 'sk', 'sk')",desluskas,desluskas
90L_10NL,3,90L_10NL_3_1,1,2625,"('sk', 'sk', 'sk')",desluskas,desluskas
90L_10NL,3,90L_10NL_3_1,1,2625,"('sk', 'sk', 'sk')",desluskas,desluskas
90L_10NL,3,90L_10NL_3_1,1,2625,"('sk', 'sk', 'sk')",desluskas,desluskas
90L_10NL,3,90L_10NL_3_1,1,2625,"('sk', 'sk', 'sk')",desluskas,desluskas
90L_10NL,3,90L_10NL_3_1,1,2625,"('sk', 'sk', 'sk')",desluskas,desluskas
90L_10NL,3,90L_10NL_3_1,1,2625,"('sk', 'sk', 'sk')",desluskas,desluskas
90L_10NL,3,90L_10NL_3_1,1,2625,"('sk', 'sk', 'sk')",desluskas,desluskas
90L_10NL,3,90L_10NL_3_1,1,1750,"('s', 's', 'sk')",desluska,desluska
90L_10NL,3,90L_10NL_3_1,1,1750,"('s', 's', 'sk')",desluska,desluska
90L_10NL,3,90L_10NL_3_1,1,1750,"('s', 's', 'sk')",desluska,desluska
90L_10NL,3,90L_10NL_3_1,1,1750,"('s', 's', 'sk')",desluska,desluska
90L_10NL,3,90L_10NL_3_1,1,5250,"('s', 'sk', 'sk')",desluska,desluska
90L_10NL,3,90L_10NL_3_1,1,5250,"('s', 'sk', 'sk')",desluska,desluska
90L_10NL,3,90L_10NL_3_1,1,5250,"('s', 'sk', 'sk')",desluska,desluska
90L_10NL,3,90L_10NL_3_1,1,5250,"('s', 'sk', 'sk')",desluska,desluska
90L_10NL,3,90L_10NL_3_1,1,5250,"('s', 'sk', 'sk')",desluska,desluska
90L_10NL,3,90L_10NL_3_1,1,5250,"('s', 'sk', 'sk')",desluska,desluska
90L_10NL,3,90L_10NL_3_1,1,1750,"('s', 's', 'sk')",desluska,desluska
90L_10NL,3,90L_10NL_3_1,1,1750,"('s', 's', 'sk')",desluska,desluska
90L_10NL,3,90L_10NL_3_1,1,1750,"('s', 's', 'sk')",desluska,desluska
90L_10NL,3,90L_10NL_3_1,1,5250,"('s', 'sk', 'sk')",desluska,desluska
90L_10NL,3,90L_10NL_3_1,1,5250,"('s', 'sk', 'sk')",desluska,desluska
90L_10NL,3,90L_10NL_3_1,1,5250,"('s', 'sk', 'sk')",desluska,desluska
90L_10NL,3,90L_10NL_3_1,1,5250,"('s', 'sk', 'sk')",desluska,desluska
90L_10NL,3,90L_10NL_3_1,1,5250,"('s', 'sk', 'sk')",desluska,desluska
90L_10NL,3,90L_10NL_3_1,1,5250,"('s', 'sk', 'sk')",desluska,desluska
90L_10NL,3,90L_10NL_3_1,1,1750,"('s', 's', 'sk')",desluska,desluska
90L_10NL,3,90L_10NL_3_1,1,1750,"('s', 's', 'sk')",desluska,desluska
90L_10NL,3,90L_10NL_3_1,1,5250,"('s', 'sk', 'sk')",desluska,desluska
90L_10NL,3,90L_10NL_3_1,1,5250,"('s', 'sk', 'sk')",desluska,desluska
90L_10NL,3,90L_10NL_3_1,1,5250,"('s', 'sk', 'sk')",desluska,desluska
90L_10NL,3,90L_10NL_3_1,1,5250,"('s', 'sk', 'sk')",desluska,desluska
90L_10NL,3,90L_10NL_3_1,1,5250,"('s', 'sk', 'sk')",desluska,desluska
90L_10NL,3,90L_10NL_3_1,1,5250,"('s', 'sk', 'sk')",desluska,desluska
90L_10NL,3,90L_10NL_3_1,1,1750,"('s', 's', 'sk')",desluska,desluska
90L_10NL,3,90L_10NL_3_1,1,5250,"('s', 'sk', 'sk')",desluska,desluska
90L_10NL,3,90L_10NL_3_1,1,5250,"('s', 'sk', 'sk')",desluska,desluska
90L_10NL,3,90L_10NL_3_1,1,5250,"('s', 'sk', 'sk')",desluska,desluska
90L_10NL,3,90L_10NL_3_1,1,5250,"('s', 'sk', 'sk')",desluska,desluska
90L_10NL,3,90L_10NL_3_1,1,5250,"('s', 'sk', 'sk')",desluska,desluska
90L_10NL,3,90L_10NL_3_1,1,5250,"('s', 'sk', 'sk')",desluska,desluska
90L_10NL,3,90L_10NL_3_1,1,5250,"('s', 'sk', 'sk')",desluska,desluska
90L_10NL,3,90L_10NL_3_1,1,5250,"('s', 'sk', 'sk')",desluska,desluska
90L_10NL,3,90L_10NL_3_1,1,5250,"('s', 'sk', 'sk')",desluska,desluska
90L_10NL,3,90L_10NL_3_1,1,5250,"('s', 'sk', 'sk')",desluska,desluska
90L_10NL,3,90L_10NL_3_1,1,5250,"('s', 'sk', 'sk')",desluska,desluska
90L_10NL,3,90L_10NL_3_1,1,5250,"('s', 'sk', 'sk')",desluska,desluska
90L_10NL,3,90L_10NL_3_1,1,2625,"('sk', 'sk', 'sk')",desluska,desluska
90L_10NL,3,90L_10NL_3_1,1,2625,"('sk', 'sk', 'sk')",desluska,desluska
90L_10NL,3,90L_10NL_3_1,1,2625,"('sk', 'sk', 'sk')",desluska,desluska
90L_10NL,3,90L_10NL_3_1,1,2625,"('sk', 'sk', 'sk')",desluska,desluska
90L_10NL,3,90L_10NL_3_1,1,2625,"('sk', 'sk', 'sk')",desluska,desluska
90L_10NL,3,90L_10NL_3_1,1,2625,"('sk', 'sk', 'sk')",desluska,desluska
90L_10NL,3,90L_10NL_3_1,1,2625,"('sk', 'sk', 'sk')",desluska,desluska
90L_10NL,3,90L_10NL_3_1,1,2625,"('sk', 'sk', 'sk')",desluska,desluska
90L_10NL,3,90L_10NL_3_1,1,2625,"('sk', 'sk', 'sk')",desluska,desluska
90L_10NL,3,90L_10NL_3_1,1,2625,"('sk', 'sk', 'sk')",desluska,desluska
90L_10NL,3,90L_10NL_3_1,1,2625,"('sk', 'sk', 'sk')",desluska,desluska
90L_10NL,3,90L_10NL_3_1,1,2625,"('sk', 'sk', 'sk')",desluska,desluska
90L_10NL,3,90L_10NL_3_1,1,2625,"('sk', 'sk', 'sk')",desluska,desluska
90L_10NL,3,90L_10NL_3_1,1,2625,"('sk', 'sk', 'sk')",desluska,desluska
90L_10NL,3,90L_10NL_3_1,1,2625,"('sk', 'sk', 'sk')",desluska,desluska
90L_10NL,3,90L_10NL_3_1,1,1750,"('s', 's', 'sk')",desluska,desluska
90L_10NL,3,90L_10NL_3_1,1,1750,"('s', 's', 'sk')",desluska,desluska
90L_10NL,3,90L_10NL_3_1,1,1750,"('s', 's', 'sk')",desluska,desluska
90L_10NL,3,90L_10NL_3_1,1,1750,"('s', 's', 'sk')",desluska,desluska
90L_10NL,3,90L_10NL_3_1,1,5250,"('s', 'sk', 'sk')",desluska,desluska
90L_10NL,3,90L_10NL_3_1,1,5250,"('s', 'sk', 'sk')",desluska,desluska
90L_10NL,3,90L_10NL_3_1,1,5250,"('s', 'sk', 'sk')",desluska,desluska
90L_10NL,3,90L_10NL_3_1,1,5250,"('s', 'sk', 'sk')",desluska,desluska
90L_10NL,3,90L_10NL_3_1,1,5250,"('s', 'sk', 'sk')",desluska,desluska
90L_10NL,3,90L_10NL_3_1,1,5250,"('s', 'sk', 'sk')",desluska,desluska
90L_10NL,3,90L_10NL_3_1,1,1750,"('s', 's', 'sk')",desluska,desluska
90L_10NL,3,90L_10NL_3_1,1,1750,"('s', 's', 'sk')",desluska,desluska
90L_10NL,3,90L_10NL_3_1,1,1750,"('s', 's', 'sk')",desluska,desluska
90L_10NL,3,90L_10NL_3_1,1,5250,"('s', 'sk', 'sk')",desluska,desluska
90L_10NL,3,90L_10NL_3_1,1,5250,"('s', 'sk', 'sk')",desluska,desluska
90L_10NL,3,90L_10NL_3_1,1,5250,"('s', 'sk', 'sk')",desluska,desluska
90L_10NL,3,90L_10NL_3_1,1,5250,"('s', 'sk', 'sk')",desluska,desluska
90L_10NL,3,90L_10NL_3_1,1,5250,"('s', 'sk', 'sk')",desluska,desluska
90L_10NL,3,90L_10NL_3_1,1,5250,"('s', 'sk', 'sk')",desluska,desluska
90L_10NL,3,90L_10NL_3_1,1,1750,"('s', 's', 'sk')",desluska,desluska
90L_10NL,3,90L_10NL_3_1,1,1750,"('s', 's', 'sk')",desluska,desluska
90L_10NL,3,90L_10NL_3_1,1,5250,"('s', 'sk', 'sk')",desluska,desluska
90L_10NL,3,90L_10NL_3_1,1,5250,"('s', 'sk', 'sk')",desluska,desluska
90L_10NL,3,90L_10NL_3_1,1,5250,"('s', 'sk', 'sk')",desluska,desluska
90L_10NL,3,90L_10NL_3_1,1,5250,"('s', 'sk', 'sk')",desluska,desluska
90L_10NL,3,90L_10NL_3_1,1,5250,"('s', 'sk', 'sk')",desluska,desluska
90L_10NL,3,90L_10NL_3_1,1,5250,"('s', 'sk', 'sk')",desluska,desluska
90L_10NL,3,90L_10NL_3_1,1,1750,"('s', 's', 'sk')",desluska,desluska
90L_10NL,3,90L_10NL_3_1,1,5250,"('s', 'sk', 'sk')",desluska,desluska
90L_10NL,3,90L_10NL_3_1,1,5250,"('s', 'sk', 'sk')",desluska,desluska
90L_10NL,3,90L_10NL_3_1,1,5250,"('s', 'sk', 'sk')",desluska,desluska
90L_10NL,3,90L_10NL_3_1,1,5250,"('s', 'sk', 'sk')",desluska,desluska
90L_10NL,3,90L_10NL_3_1,1,5250,"('s', 'sk', 'sk')",desluska,desluska
90L_10NL,3,90L_10NL_3_1,1,5250,"('s', 'sk', 'sk')",desluska,desluska
90L_10NL,3,90L_10NL_3_1,1,5250,"('s', 'sk', 'sk')",desluska,desluska
90L_10NL,3,90L_10NL_3_1,1,5250,"('s', 'sk', 'sk')",desluska,desluska
90L_10NL,3,90L_10NL_3_1,1,5250,"('s', 'sk', 'sk')",desluska,desluska
90L_10NL,3,90L_10NL_3_1,1,5250,"('s', 'sk', 'sk')",desluska,desluska
90L_10NL,3,90L_10NL_3_1,1,5250,"('s', 'sk', 'sk')",desluska,desluska
90L_10NL,3,90L_10NL_3_1,1,5250,"('s', 'sk', 'sk')",desluska,desluska
90L_10NL,3,90L_10NL_3_1,1,2625,"('sk', 'sk', 'sk')",desluska,desluska
90L_10NL,3,90L_10NL_3_1,1,2625,"('sk', 'sk', 'sk')",desluska,desluska
90L_10NL,3,90L_10NL_3_1,1,2625,"('sk', 'sk', 'sk')",desluska,desluska
90L_10NL,3,90L_10NL_3_1,1,2625,"('sk', 'sk', 'sk')",desluska,desluska
90L_10NL,3,90L_10NL_3_1,1,2625,"('sk', 'sk', 'sk')",desluska,desluska
90L_10NL,3,90L_10NL_3_1,1,2625,"('sk', 'sk', 'sk')",desluska,desluska
90L_10NL,3,90L_10NL_3_1,1,2625,"('sk', 'sk', 'sk')",desluska,desluska
90L_10NL,3,90L_10NL_3_1,1,2625,"('sk', 'sk', 'sk')",desluska,desluska
90L_10NL,3,90L_10NL_3_1,1,2625,"('sk', 'sk', 'sk')",desluska,desluska
90L_10NL,3,90L_10NL_3_1,1,2625,"('sk', 'sk', 'sk')",desluska,desluska
90L_10NL,3,90L_10NL_3_1,1,2625,"('sk', 'sk', 'sk')",desluska,desluska
90L_10NL,3,90L_10NL_3_1,1,2625,"('sk', 'sk', 'sk')",desluska,desluska
90L_10NL,3,90L_10NL_3_1,1,2625,"('sk', 'sk', 'sk')",desluska,desluska
90L_10NL,3,90L_10NL_3_1,1,2625,"('sk', 'sk', 'sk')",desluska,desluska
90L_10NL,3,90L_10NL_3_1,1,2625,"('sk', 'sk', 'sk')",desluska,desluska
90L_10NL,3,90L_10NL_3_1,1,1750,"('s', 's', 'sk')",deslusko,deslusko
90L_10NL,3,90L_10NL_3_1,1,1750,"('s', 's', 'sk')",deslusko,deslusko
90L_10NL,3,90L_10NL_3_1,1,1750,"('s', 's', 'sk')",deslusko,deslusko
90L_10NL,3,90L_10NL_3_1,1,1750,"('s', 's', 'sk')",deslusko,deslusko
90L_10NL,3,90L_10NL_3_1,1,5250,"('s', 'sk', 'sk')",deslusko,deslusko
90L_10NL,3,90L_10NL_3_1,1,5250,"('s', 'sk', 'sk')",deslusko,deslusko
90L_10NL,3,90L_10NL_3_1,1,5250,"('s', 'sk', 'sk')",deslusko,deslusko
90L_10NL,3,90L_10NL_3_1,1,5250,"('s', 'sk', 'sk')",deslusko,deslusko
90L_10NL,3,90L_10NL_3_1,1,5250,"('s', 'sk', 'sk')",deslusko,deslusko
90L_10NL,3,90L_10NL_3_1,1,5250,"('s', 'sk', 'sk')",deslusko,deslusko
90L_10NL,3,90L_10NL_3_1,1,1750,"('s', 's', 'sk')",deslusko,deslusko
90L_10NL,3,90L_10NL_3_1,1,1750,"('s', 's', 'sk')",deslusko,deslusko
90L_10NL,3,90L_10NL_3_1,1,1750,"('s', 's', 'sk')",deslusko,deslusko
90L_10NL,3,90L_10NL_3_1,1,5250,"('s', 'sk', 'sk')",deslusko,deslusko
90L_10NL,3,90L_10NL_3_1,1,5250,"('s', 'sk', 'sk')",deslusko,deslusko
90L_10NL,3,90L_10NL_3_1,1,5250,"('s', 'sk', 'sk')",deslusko,deslusko
90L_10NL,3,90L_10NL_3_1,1,5250,"('s', 'sk', 'sk')",deslusko,deslusko
90L_10NL,3,90L_10NL_3_1,1,5250,"('s', 'sk', 'sk')",deslusko,deslusko
90L_10NL,3,90L_10NL_3_1,1,5250,"('s', 'sk', 'sk')",deslusko,deslusko
90L_10NL,3,90L_10NL_3_1,1,1750,"('s', 's', 'sk')",deslusko,deslusko
90L_10NL,3,90L_10NL_3_1,1,1750,"('s', 's', 'sk')",deslusko,deslusko
90L_10NL,3,90L_10NL_3_1,1,5250,"('s', 'sk', 'sk')",deslusko,deslusko
90L_10NL,3,90L_10NL_3_1,1,5250,"('s', 'sk', 'sk')",deslusko,deslusko
90L_10NL,3,90L_10NL_3_1,1,5250,"('s', 'sk', 'sk')",deslusko,deslusko
90L_10NL,3,90L_10NL_3_1,1,5250,"('s', 'sk', 'sk')",deslusko,deslusko
90L_10NL,3,90L_10NL_3_1,1,5250,"('s', 'sk', 'sk')",deslusko,deslusko
90L_10NL,3,90L_10NL_3_1,1,5250,"('s', 'sk', 'sk')",deslusko,deslusko
90L_10NL,3,90L_10NL_3_1,1,1750,"('s', 's', 'sk')",deslusko,deslusko
90L_10NL,3,90L_10NL_3_1,1,5250,"('s', 'sk', 'sk')",deslusko,deslusko
90L_10NL,3,90L_10NL_3_1,1,5250,"('s', 'sk', 'sk')",deslusko,deslusko
90L_10NL,3,90L_10NL_3_1,1,5250,"('s', 'sk', 'sk')",deslusko,deslusko
90L_10NL,3,90L_10NL_3_1,1,5250,"('s', 'sk', 'sk')",deslusko,deslusko
90L_10NL,3,90L_10NL_3_1,1,5250,"('s', 'sk', 'sk')",deslusko,deslusko
90L_10NL,3,90L_10NL_3_1,1,5250,"('s', 'sk', 'sk')",deslusko,deslusko
90L_10NL,3,90L_10NL_3_1,1,5250,"('s', 'sk', 'sk')",deslusko,deslusko
90L_10NL,3,90L_10NL_3_1,1,5250,"('s', 'sk', 'sk')",deslusko,deslusko
90L_10NL,3,90L_10NL_3_1,1,5250,"('s', 'sk', 'sk')",deslusko,deslusko
90L_10NL,3,90L_10NL_3_1,1,5250,"('s', 'sk', 'sk')",deslusko,deslusko
90L_10NL,3,90L_10NL_3_1,1,5250,"('s', 'sk', 'sk')",deslusko,deslusko
90L_10NL,3,90L_10NL_3_1,1,5250,"('s', 'sk', 'sk')",deslusko,deslusko
90L_10NL,3,90L_10NL_3_1,1,2625,"('sk', 'sk', 'sk')",deslusko,deslusko
90L_10NL,3,90L_10NL_3_1,1,2625,"('sk', 'sk', 'sk')",deslusko,deslusko
90L_10NL,3,90L_10NL_3_1,1,2625,"('sk', 'sk', 'sk')",deslusko,deslusko
90L_10NL,3,90L_10NL_3_1,1,2625,"('sk', 'sk', 'sk')",deslusko,deslusko
90L_10NL,3,90L_10NL_3_1,1,2625,"('sk', 'sk', 'sk')",deslusko,deslusko
90L_10NL,3,90L_10NL_3_1,1,2625,"('sk', 'sk', 'sk')",deslusko,deslusko
90L_10NL,3,90L_10NL_3_1,1,2625,"('sk', 'sk', 'sk')",deslusko,deslusko
90L_10NL,3,90L_10NL_3_1,1,2625,"('sk', 'sk', 'sk')",deslusko,deslusko
90L_10NL,3,90L_10NL_3_1,1,2625,"('sk', 'sk', 'sk')",deslusko,deslusko
90L_10NL,3,90L_10NL_3_1,1,2625,"('sk', 'sk', 'sk')",deslusko,deslusko
90L_10NL,3,90L_10NL_3_1,1,2625,"('sk', 'sk', 'sk')",deslusko,deslusko
90L_10NL,3,90L_10NL_3_1,1,2625,"('sk', 'sk', 'sk')",deslusko,deslusko
90L_10NL,3,90L_10NL_3_1,1,2625,"('sk', 'sk', 'sk')",deslusko,deslusko
90L_10NL,3,90L_10NL_3_1,1,2625,"('sk', 'sk', 'sk')",deslusko,deslusko
90L_10NL,3,90L_10NL_3_1,1,2625,"('sk', 'sk', 'sk')",deslusko,deslusko
90L_10NL,3,90L_10NL_3_1,1,1085,"('s', 's', 's')",lusen,lusen
90L_10NL,3,90L_10NL_3_1,1,1085,"('s', 's', 's')",lusen,lusen
90L_10NL,3,90L_10NL_3_1,1,1085,"('s', 's', 's')",lusen,lusen
90L_10NL,3,90L_10NL_3_1,1,3500,"('s', 'sk', 's')",lusen,lusen
90L_10NL,3,90L_10NL_3_1,1,3500,"('s', 'sk', 's')",lusen,lusen
90L_10NL,3,90L_10NL_3_1,1,3500,"('s', 'sk', 's')",lusen,lusen
90L_10NL,3,90L_10NL_3_1,1,3500,"('s', 'sk', 's')",lusen,lusen
90L_10NL,3,90L_10NL_3_1,1,3500,"('s', 'sk', 's')",lusen,lusen
90L_10NL,3,90L_10NL_3_1,1,3500,"('s', 'sk', 's')",lusen,lusen
90L_10NL,3,90L_10NL_3_1,1,3500,"('s', 'sk', 's')",lusen,lusen
90L_10NL,3,90L_10NL_3_1,1,1085,"('s', 's', 's')",lusen,lusen
90L_10NL,3,90L_10NL_3_1,1,1085,"('s', 's', 's')",lusen,lusen
90L_10NL,3,90L_10NL_3_1,1,3500,"('s', 'sk', 's')",lusen,lusen
90L_10NL,3,90L_10NL_3_1,1,3500,"('s', 'sk', 's')",lusen,lusen
90L_10NL,3,90L_10NL_3_1,1,3500,"('s', 'sk', 's')",lusen,lusen
90L_10NL,3,90L_10NL_3_1,1,3500,"('s', 'sk', 's')",lusen,lusen
90L_10NL,3,90L_10NL_3_1,1,3500,"('s', 'sk', 's')",lusen,lusen
90L_10NL,3,90L_10NL_3_1,1,3500,"('s', 'sk', 's')",lusen,lusen
90L_10NL,3,90L_10NL_3_1,1,3500,"('s', 'sk', 's')",lusen,lusen
90L_10NL,3,90L_10NL_3_1,1,1085,"('s', 's', 's')",lusen,lusen
90L_10NL,3,90L_10NL_3_1,1,3500,"('s', 'sk', 's')",lusen,lusen
90L_10NL,3,90L_10NL_3_1,1,3500,"('s', 'sk', 's')",lusen,lusen
90L_10NL,3,90L_10NL_3_1,1,3500,"('s', 'sk', 's')",lusen,lusen
90L_10NL,3,90L_10NL_3_1,1,3500,"('s', 'sk', 's')",lusen,lusen
90L_10NL,3,90L_10NL_3_1,1,3500,"('s', 'sk', 's')",lusen,lusen
90L_10NL,3,90L_10NL_3_1,1,3500,"('s', 'sk', 's')",lusen,lusen
90L_10NL,3,90L_10NL_3_1,1,3500,"('s', 'sk', 's')",lusen,lusen
90L_10NL,3,90L_10NL_3_1,1,3500,"('s', 'sk', 's')",lusen,lusen
90L_10NL,3,90L_10NL_3_1,1,3500,"('s', 'sk', 's')",lusen,lusen
90L_10NL,3,90L_10NL_3_1,1,3500,"('s', 'sk', 's')",lusen,lusen
90L_10NL,3,90L_10NL_3_1,1,3500,"('s', 'sk', 's')",lusen,lusen
90L_10NL,3,90L_10NL_3_1,1,3500,"('s', 'sk', 's')",lusen,lusen
90L_10NL,3,90L_10NL_3_1,1,3500,"('s', 'sk', 's')",lusen,lusen
90L_10NL,3,90L_10NL_3_1,1,3500,"('s', 'sk', 's')",lusen,lusen
90L_10NL,3,90L_10NL_3_1,1,2625,"('sk', 'sk', 's')",lusen,lusen
90L_10NL,3,90L_10NL_3_1,1,2625,"('sk', 'sk', 's')",lusen,lusen
90L_10NL,3,90L_10NL_3_1,1,2625,"('sk', 'sk', 's')",lusen,lusen
90L_10NL,3,90L_10NL_3_1,1,2625,"('sk', 'sk', 's')",lusen,lusen
90L_10NL,3,90L_10NL_3_1,1,2625,"('sk', 'sk', 's')",lusen,lusen
90L_10NL,3,90L_10NL_3_1,1,2625,"('sk', 'sk', 's')",lusen,lusen
90L_10NL,3,90L_10NL_3_1,1,2625,"('sk', 'sk', 's')",lusen,lusen
90L_10NL,3,90L_10NL_3_1,1,2625,"('sk', 'sk', 's')",lusen,lusen
90L_10NL,3,90L_10NL_3_1,1,2625,"('sk', 'sk', 's')",lusen,lusen
90L_10NL,3,90L_10NL_3_1,1,2625,"('sk', 'sk', 's')",lusen,lusen
90L_10NL,3,90L_10NL_3_1,1,2625,"('sk', 'sk', 's')",lusen,lusen
90L_10NL,3,90L_10NL_3_1,1,2625,"('sk', 'sk', 's')",lusen,lusen
90L_10NL,3,90L_10NL_3_1,1,2625,"('sk', 'sk', 's')",lusen,lusen
90L_10NL,3,90L_10NL_3_1,1,2625,"('sk', 'sk', 's')",lusen,lusen
90L_10NL,3,90L_10NL_3_1,1,2625,"('sk', 'sk', 's')",lusen,lusen
90L_10NL,3,90L_10NL_3_1,1,2625,"('sk', 'sk', 's')",lusen,lusen
90L_10NL,3,90L_10NL_3_1,1,2625,"('sk', 'sk', 's')",lusen,lusen
90L_10NL,3,90L_10NL_3_1,1,2625,"('sk', 'sk', 's')",lusen,lusen
90L_10NL,3,90L_10NL_3_1,1,2625,"('sk', 'sk', 's')",lusen,lusen
90L_10NL,3,90L_10NL_3_1,1,2625,"('sk', 'sk', 's')",lusen,lusen
90L_10NL,3,90L_10NL_3_1,1,2625,"('sk', 'sk', 's')",lusen,lusen
90L_10NL,3,90L_10NL_3_1,1,1085,"('s', 's', 's')",luses,luses
90L_10NL,3,90L_10NL_3_1,1,1085,"('s', 's', 's')",luses,luses
90L_10NL,3,90L_10NL_3_1,1,1085,"('s', 's', 's')",luses,luses
90L_10NL,3,90L_10NL_3_1,1,3500,"('s', 'sk', 's')",luses,luses
90L_10NL,3,90L_10NL_3_1,1,3500,"('s', 'sk', 's')",luses,luses
90L_10NL,3,90L_10NL_3_1,1,3500,"('s', 'sk', 's')",luses,luses
90L_10NL,3,90L_10NL_3_1,1,3500,"('s', 'sk', 's')",luses,luses
90L_10NL,3,90L_10NL_3_1,1,3500,"('s', 'sk', 's')",luses,luses
90L_10NL,3,90L_10NL_3_1,1,3500,"('s', 'sk', 's')",luses,luses
90L_10NL,3,90L_10NL_3_1,1,3500,"('s', 'sk', 's')",luses,luses
90L_10NL,3,90L_10NL_3_1,1,1085,"('s', 's', 's')",luses,luses
90L_10NL,3,90L_10NL_3_1,1,1085,"('s', 's', 's')",luses,luses
90L_10NL,3,90L_10NL_3_1,1,3500,"('s', 'sk', 's')",luses,luses
90L_10NL,3,90L_10NL_3_1,1,3500,"('s', 'sk', 's')",luses,luses
90L_10NL,3,90L_10NL_3_1,1,3500,"('s', 'sk', 's')",luses,luses
90L_10NL,3,90L_10NL_3_1,1,3500,"('s', 'sk', 's')",luses,luses
90L_10NL,3,90L_10NL_3_1,1,3500,"('s', 'sk', 's')",luses,luses
90L_10NL,3,90L_10NL_3_1,1,3500,"('s', 'sk', 's')",luses,luses
90L_10NL,3,90L_10NL_3_1,1,3500,"('s', 'sk', 's')",luses,luses
90L_10NL,3,90L_10NL_3_1,1,1085,"('s', 's', 's')",luses,luses
90L_10NL,3,90L_10NL_3_1,1,3500,"('s', 'sk', 's')",luses,luses
90L_10NL,3,90L_10NL_3_1,1,3500,"('s', 'sk', 's')",luses,luses
90L_10NL,3,90L_10NL_3_1,1,3500,"('s', 'sk', 's')",luses,luses
90L_10NL,3,90L_10NL_3_1,1,3500,"('s', 'sk', 's')",luses,luses
90L_10NL,3,90L_10NL_3_1,1,3500,"('s', 'sk', 's')",luses,luses
90L_10NL,3,90L_10NL_3_1,1,3500,"('s', 'sk', 's')",luses,luses
90L_10NL,3,90L_10NL_3_1,1,3500,"('s', 'sk', 's')",luses,luses
90L_10NL,3,90L_10NL_3_1,1,3500,"('s', 'sk', 's')",luses,luses
90L_10NL,3,90L_10NL_3_1,1,3500,"('s', 'sk', 's')",luses,luses
90L_10NL,3,90L_10NL_3_1,1,3500,"('s', 'sk', 's')",luses,luses
90L_10NL,3,90L_10NL_3_1,1,3500,"('s', 'sk', 's')",luses,luses
90L_10NL,3,90L_10NL_3_1,1,3500,"('s', 'sk', 's')",luses,luses
90L_10NL,3,90L_10NL_3_1,1,3500,"('s', 'sk', 's')",luses,luses
90L_10NL,3,90L_10NL_3_1,1,3500,"('s', 'sk', 's')",luses,luses
90L_10NL,3,90L_10NL_3_1,1,2625,"('sk', 'sk', 's')",luses,luses
90L_10NL,3,90L_10NL_3_1,1,2625,"('sk', 'sk', 's')",luses,luses
90L_10NL,3,90L_10NL_3_1,1,2625,"('sk', 'sk', 's')",luses,luses
90L_10NL,3,90L_10NL_3_1,1,2625,"('sk', 'sk', 's')",luses,luses
90L_10NL,3,90L_10NL_3_1,1,2625,"('sk', 'sk', 's')",luses,luses
90L_10NL,3,90L_10NL_3_1,1,2625,"('sk', 'sk', 's')",luses,luses
90L_10NL,3,90L_10NL_3_1,1,2625,"('sk', 'sk', 's')",luses,luses
90L_10NL,3,90L_10NL_3_1,1,2625,"('sk', 'sk', 's')",luses,luses
90L_10NL,3,90L_10NL_3_1,1,2625,"('sk', 'sk', 's')",luses,luses
90L_10NL,3,90L_10NL_3_1,1,2625,"('sk', 'sk', 's')",luses,luses
90L_10NL,3,90L_10NL_3_1,1,2625,"('sk', 'sk', 's')",luses,luses
90L_10NL,3,90L_10NL_3_1,1,2625,"('sk', 'sk', 's')",luses,luses
90L_10NL,3,90L_10NL_3_1,1,2625,"('sk', 'sk', 's')",luses,luses
90L_10NL,3,90L_10NL_3_1,1,2625,"('sk', 'sk', 's')",luses,luses
90L_10NL,3,90L_10NL_3_1,1,2625,"('sk', 'sk', 's')",luses,luses
90L_10NL,3,90L_10NL_3_1,1,2625,"('sk', 'sk', 's')",luses,luses
90L_10NL,3,90L_10NL_3_1,1,2625,"('sk', 'sk', 's')",luses,luses
90L_10NL,3,90L_10NL_3_1,1,2625,"('sk', 'sk', 's')",luses,luses
90L_10NL,3,90L_10NL_3_1,1,2625,"('sk', 'sk', 's')",luses,luses
90L_10NL,3,90L_10NL_3_1,1,2625,"('sk', 'sk', 's')",luses,luses
90L_10NL,3,90L_10NL_3_1,1,2625,"('sk', 'sk', 's')",luses,luses
90L_10NL,3,90L_10NL_3_1,1,1085,"('s', 's', 's')",luse,luse
90L_10NL,3,90L_10NL_3_1,1,1085,"('s', 's', 's')",luse,luse
90L_10NL,3,90L_10NL_3_1,1,1085,"('s', 's', 's')",luse,luse
90L_10NL,3,90L_10NL_3_1,1,3500,"('s', 'sk', 's')",luse,luse
90L_10NL,3,90L_10NL_3_1,1,3500,"('s', 'sk', 's')",luse,luse
90L_10NL,3,90L_10NL_3_1,1,3500,"('s', 'sk', 's')",luse,luse
90L_10NL,3,90L_10NL_3_1,1,3500,"('s', 'sk', 's')",luse,luse
90L_10NL,3,90L_10NL_3_1,1,3500,"('s', 'sk', 's')",luse,luse
90L_10NL,3,90L_10NL_3_1,1,3500,"('s', 'sk', 's')",luse,luse
90L_10NL,3,90L_10NL_3_1,1,3500,"('s', 'sk', 's')",luse,luse
90L_10NL,3,90L_10NL_3_1,1,1085,"('s', 's', 's')",luse,luse
90L_10NL,3,90L_10NL_3_1,1,1085,"('s', 's', 's')",luse,luse
90L_10NL,3,90L_10NL_3_1,1,3500,"('s', 'sk', 's')",luse,luse
90L_10NL,3,90L_10NL_3_1,1,3500,"('s', 'sk', 's')",luse,luse
90L_10NL,3,90L_10NL_3_1,1,3500,"('s', 'sk', 's')",luse,luse
90L_10NL,3,90L_10NL_3_1,1,3500,"('s', 'sk', 's')",luse,luse
90L_10NL,3,90L_10NL_3_1,1,3500,"('s', 'sk', 's')",luse,luse
90L_10NL,3,90L_10NL_3_1,1,3500,"('s', 'sk', 's')",luse,luse
90L_10NL,3,90L_10NL_3_1,1,3500,"('s', 'sk', 's')",luse,luse
90L_10NL,3,90L_10NL_3_1,1,1085,"('s', 's', 's')",luse,luse
90L_10NL,3,90L_10NL_3_1,1,3500,"('s', 'sk', 's')",luse,luse
90L_10NL,3,90L_10NL_3_1,1,3500,"('s', 'sk', 's')",luse,luse
90L_10NL,3,90L_10NL_3_1,1,3500,"('s', 'sk', 's')",luse,luse
90L_10NL,3,90L_10NL_3_1,1,3500,"('s', 'sk', 's')",luse,luse
90L_10NL,3,90L_10NL_3_1,1,3500,"('s', 'sk', 's')",luse,luse
90L_10NL,3,90L_10NL_3_1,1,3500,"('s', 'sk', 's')",luse,luse
90L_10NL,3,90L_10NL_3_1,1,3500,"('s', 'sk', 's')",luse,luse
90L_10NL,3,90L_10NL_3_1,1,3500,"('s', 'sk', 's')",luse,luse
90L_10NL,3,90L_10NL_3_1,1,3500,"('s', 'sk', 's')",luse,luse
90L_10NL,3,90L_10NL_3_1,1,3500,"('s', 'sk', 's')",luse,luse
90L_10NL,3,90L_10NL_3_1,1,3500,"('s', 'sk', 's')",luse,luse
90L_10NL,3,90L_10NL_3_1,1,3500,"('s', 'sk', 's')",luse,luse
90L_10NL,3,90L_10NL_3_1,1,3500,"('s', 'sk', 's')",luse,luse
90L_10NL,3,90L_10NL_3_1,1,3500,"('s', 'sk', 's')",luse,luse
90L_10NL,3,90L_10NL_3_1,1,2625,"('sk', 'sk', 's')",luse,luse
90L_10NL,3,90L_10NL_3_1,1,2625,"('sk', 'sk', 's')",luse,luse
90L_10NL,3,90L_10NL_3_1,1,2625,"('sk', 'sk', 's')",luse,luse
90L_10NL,3,90L_10NL_3_1,1,2625,"('sk', 'sk', 's')",luse,luse
90L_10NL,3,90L_10NL_3_1,1,2625,"('sk', 'sk', 's')",luse,luse
90L_10NL,3,90L_10NL_3_1,1,2625,"('sk', 'sk', 's')",luse,luse
90L_10NL,3,90L_10NL_3_1,1,2625,"('sk', 'sk', 's')",luse,luse
90L_10NL,3,90L_10NL_3_1,1,2625,"('sk', 'sk', 's')",luse,luse
90L_10NL,3,90L_10NL_3_1,1,2625,"('sk', 'sk', 's')",luse,luse
90L_10NL,3,90L_10NL_3_1,1,2625,"('sk', 'sk', 's')",luse,luse
90L_10NL,3,90L_10NL_3_1,1,2625,"('sk', 'sk', 's')",luse,luse
90L_10NL,3,90L_10NL_3_1,1,2625,"('sk', 'sk', 's')",luse,luse
90L_10NL,3,90L_10NL_3_1,1,2625,"('sk', 'sk', 's')",luse,luse
90L_10NL,3,90L_10NL_3_1,1,2625,"('sk', 'sk', 's')",luse,luse
90L_10NL,3,90L_10NL_3_1,1,2625,"('sk', 'sk', 's')",luse,luse
90L_10NL,3,90L_10NL_3_1,1,2625,"('sk', 'sk', 's')",luse,luse
90L_10NL,3,90L_10NL_3_1,1,2625,"('sk', 'sk', 's')",luse,luse
90L_10NL,3,90L_10NL_3_1,1,2625,"('sk', 'sk', 's')",luse,luse
90L_10NL,3,90L_10NL_3_1,1,2625,"('sk', 'sk', 's')",luse,luse
90L_10NL,3,90L_10NL_3_1,1,2625,"('sk', 'sk', 's')",luse,luse
90L_10NL,3,90L_10NL_3_1,1,2625,"('sk', 'sk', 's')",luse,luse
90L_10NL,3,90L_10NL_3_1,1,1085,"('s', 's', 's')",lusimos,lusimos
90L_10NL,3,90L_10NL_3_1,1,1085,"('s', 's', 's')",lusimos,lusimos
90L_10NL,3,90L_10NL_3_1,1,1085,"('s', 's', 's')",lusimos,lusimos
90L_10NL,3,90L_10NL_3_1,1,3500,"('s', 'sk', 's')",lusimos,lusimos
90L_10NL,3,90L_10NL_3_1,1,3500,"('s', 'sk', 's')",lusimos,lusimos
90L_10NL,3,90L_10NL_3_1,1,3500,"('s', 'sk', 's')",lusimos,lusimos
90L_10NL,3,90L_10NL_3_1,1,3500,"('s', 'sk', 's')",lusimos,lusimos
90L_10NL,3,90L_10NL_3_1,1,3500,"('s', 'sk', 's')",lusimos,lusimos
90L_10NL,3,90L_10NL_3_1,1,3500,"('s', 'sk', 's')",lusimos,lusimos
90L_10NL,3,90L_10NL_3_1,1,3500,"('s', 'sk', 's')",lusimos,lusimos
90L_10NL,3,90L_10NL_3_1,1,1085,"('s', 's', 's')",lusimos,lusimos
90L_10NL,3,90L_10NL_3_1,1,1085,"('s', 's', 's')",lusimos,lusimos
90L_10NL,3,90L_10NL_3_1,1,3500,"('s', 'sk', 's')",lusimos,lusimos
90L_10NL,3,90L_10NL_3_1,1,3500,"('s', 'sk', 's')",lusimos,lusimos
90L_10NL,3,90L_10NL_3_1,1,3500,"('s', 'sk', 's')",lusimos,lusimos
90L_10NL,3,90L_10NL_3_1,1,3500,"('s', 'sk', 's')",lusimos,lusimos
90L_10NL,3,90L_10NL_3_1,1,3500,"('s', 'sk', 's')",lusimos,lusimos
90L_10NL,3,90L_10NL_3_1,1,3500,"('s', 'sk', 's')",lusimos,lusimos
90L_10NL,3,90L_10NL_3_1,1,3500,"('s', 'sk', 's')",lusimos,lusimos
90L_10NL,3,90L_10NL_3_1,1,1085,"('s', 's', 's')",lusimos,lusimos
90L_10NL,3,90L_10NL_3_1,1,3500,"('s', 'sk', 's')",lusimos,lusimos
90L_10NL,3,90L_10NL_3_1,1,3500,"('s', 'sk', 's')",lusimos,lusimos
90L_10NL,3,90L_10NL_3_1,1,3500,"('s', 'sk', 's')",lusimos,lusimos
90L_10NL,3,90L_10NL_3_1,1,3500,"('s', 'sk', 's')",lusimos,lusimos
90L_10NL,3,90L_10NL_3_1,1,3500,"('s', 'sk', 's')",lusimos,lusimos
90L_10NL,3,90L_10NL_3_1,1,3500,"('s', 'sk', 's')",lusimos,lusimos
90L_10NL,3,90L_10NL_3_1,1,3500,"('s', 'sk', 's')",lusimos,lusimos
90L_10NL,3,90L_10NL_3_1,1,3500,"('s', 'sk', 's')",lusimos,lusimos
90L_10NL,3,90L_10NL_3_1,0,3500,"('s', 'sk', 's')",lusis,lusimos
90L_10NL,3,90L_10NL_3_1,1,3500,"('s', 'sk', 's')",lusimos,lusimos
90L_10NL,3,90L_10NL_3_1,1,3500,"('s', 'sk', 's')",lusimos,lusimos
90L_10NL,3,90L_10NL_3_1,1,3500,"('s', 'sk', 's')",lusimos,lusimos
90L_10NL,3,90L_10NL_3_1,1,3500,"('s', 'sk', 's')",lusimos,lusimos
90L_10NL,3,90L_10NL_3_1,1,3500,"('s', 'sk', 's')",lusimos,lusimos
90L_10NL,3,90L_10NL_3_1,1,2625,"('sk', 'sk', 's')",lusimos,lusimos
90L_10NL,3,90L_10NL_3_1,1,2625,"('sk', 'sk', 's')",lusimos,lusimos
90L_10NL,3,90L_10NL_3_1,1,2625,"('sk', 'sk', 's')",lusimos,lusimos
90L_10NL,3,90L_10NL_3_1,1,2625,"('sk', 'sk', 's')",lusimos,lusimos
90L_10NL,3,90L_10NL_3_1,1,2625,"('sk', 'sk', 's')",lusimos,lusimos
90L_10NL,3,90L_10NL_3_1,1,2625,"('sk', 'sk', 's')",lusimos,lusimos
90L_10NL,3,90L_10NL_3_1,1,2625,"('sk', 'sk', 's')",lusimos,lusimos
90L_10NL,3,90L_10NL_3_1,1,2625,"('sk', 'sk', 's')",lusimos,lusimos
90L_10NL,3,90L_10NL_3_1,1,2625,"('sk', 'sk', 's')",lusimos,lusimos
90L_10NL,3,90L_10NL_3_1,1,2625,"('sk', 'sk', 's')",lusimos,lusimos
90L_10NL,3,90L_10NL_3_1,1,2625,"('sk', 'sk', 's')",lusimos,lusimos
90L_10NL,3,90L_10NL_3_1,1,2625,"('sk', 'sk', 's')",lusimos,lusimos
90L_10NL,3,90L_10NL_3_1,1,2625,"('sk', 'sk', 's')",lusimos,lusimos
90L_10NL,3,90L_10NL_3_1,1,2625,"('sk', 'sk', 's')",lusimos,lusimos
90L_10NL,3,90L_10NL_3_1,1,2625,"('sk', 'sk', 's')",lusimos,lusimos
90L_10NL,3,90L_10NL_3_1,1,2625,"('sk', 'sk', 's')",lusimos,lusimos
90L_10NL,3,90L_10NL_3_1,1,2625,"('sk', 'sk', 's')",lusimos,lusimos
90L_10NL,3,90L_10NL_3_1,1,2625,"('sk', 'sk', 's')",lusimos,lusimos
90L_10NL,3,90L_10NL_3_1,1,2625,"('sk', 'sk', 's')",lusimos,lusimos
90L_10NL,3,90L_10NL_3_1,1,2625,"('sk', 'sk', 's')",lusimos,lusimos
90L_10NL,3,90L_10NL_3_1,1,2625,"('sk', 'sk', 's')",lusimos,lusimos
90L_10NL,3,90L_10NL_3_1,1,1085,"('s', 's', 's')",lusis,lusis
90L_10NL,3,90L_10NL_3_1,1,1085,"('s', 's', 's')",lusis,lusis
90L_10NL,3,90L_10NL_3_1,1,1085,"('s', 's', 's')",lusis,lusis
90L_10NL,3,90L_10NL_3_1,1,3500,"('s', 'sk', 's')",lusis,lusis
90L_10NL,3,90L_10NL_3_1,1,3500,"('s', 'sk', 's')",lusis,lusis
90L_10NL,3,90L_10NL_3_1,1,3500,"('s', 'sk', 's')",lusis,lusis
90L_10NL,3,90L_10NL_3_1,1,3500,"('s', 'sk', 's')",lusis,lusis
90L_10NL,3,90L_10NL_3_1,1,3500,"('s', 'sk', 's')",lusis,lusis
90L_10NL,3,90L_10NL_3_1,1,3500,"('s', 'sk', 's')",lusis,lusis
90L_10NL,3,90L_10NL_3_1,1,3500,"('s', 'sk', 's')",lusis,lusis
90L_10NL,3,90L_10NL_3_1,1,1085,"('s', 's', 's')",lusis,lusis
90L_10NL,3,90L_10NL_3_1,1,1085,"('s', 's', 's')",lusis,lusis
90L_10NL,3,90L_10NL_3_1,1,3500,"('s', 'sk', 's')",lusis,lusis
90L_10NL,3,90L_10NL_3_1,1,3500,"('s', 'sk', 's')",lusis,lusis
90L_10NL,3,90L_10NL_3_1,1,3500,"('s', 'sk', 's')",lusis,lusis
90L_10NL,3,90L_10NL_3_1,1,3500,"('s', 'sk', 's')",lusis,lusis
90L_10NL,3,90L_10NL_3_1,1,3500,"('s', 'sk', 's')",lusis,lusis
90L_10NL,3,90L_10NL_3_1,1,3500,"('s', 'sk', 's')",lusis,lusis
90L_10NL,3,90L_10NL_3_1,1,3500,"('s', 'sk', 's')",lusis,lusis
90L_10NL,3,90L_10NL_3_1,1,1085,"('s', 's', 's')",lusis,lusis
90L_10NL,3,90L_10NL_3_1,1,3500,"('s', 'sk', 's')",lusis,lusis
90L_10NL,3,90L_10NL_3_1,1,3500,"('s', 'sk', 's')",lusis,lusis
90L_10NL,3,90L_10NL_3_1,1,3500,"('s', 'sk', 's')",lusis,lusis
90L_10NL,3,90L_10NL_3_1,1,3500,"('s', 'sk', 's')",lusis,lusis
90L_10NL,3,90L_10NL_3_1,1,3500,"('s', 'sk', 's')",lusis,lusis
90L_10NL,3,90L_10NL_3_1,1,3500,"('s', 'sk', 's')",lusis,lusis
90L_10NL,3,90L_10NL_3_1,1,3500,"('s', 'sk', 's')",lusis,lusis
90L_10NL,3,90L_10NL_3_1,1,3500,"('s', 'sk', 's')",lusis,lusis
90L_10NL,3,90L_10NL_3_1,1,3500,"('s', 'sk', 's')",lusis,lusis
90L_10NL,3,90L_10NL_3_1,1,3500,"('s', 'sk', 's')",lusis,lusis
90L_10NL,3,90L_10NL_3_1,1,3500,"('s', 'sk', 's')",lusis,lusis
90L_10NL,3,90L_10NL_3_1,1,3500,"('s', 'sk', 's')",lusis,lusis
90L_10NL,3,90L_10NL_3_1,1,3500,"('s', 'sk', 's')",lusis,lusis
90L_10NL,3,90L_10NL_3_1,1,3500,"('s', 'sk', 's')",lusis,lusis
90L_10NL,3,90L_10NL_3_1,1,2625,"('sk', 'sk', 's')",lusis,lusis
90L_10NL,3,90L_10NL_3_1,1,2625,"('sk', 'sk', 's')",lusis,lusis
90L_10NL,3,90L_10NL_3_1,1,2625,"('sk', 'sk', 's')",lusis,lusis
90L_10NL,3,90L_10NL_3_1,1,2625,"('sk', 'sk', 's')",lusis,lusis
90L_10NL,3,90L_10NL_3_1,1,2625,"('sk', 'sk', 's')",lusis,lusis
90L_10NL,3,90L_10NL_3_1,1,2625,"('sk', 'sk', 's')",lusis,lusis
90L_10NL,3,90L_10NL_3_1,1,2625,"('sk', 'sk', 's')",lusis,lusis
90L_10NL,3,90L_10NL_3_1,1,2625,"('sk', 'sk', 's')",lusis,lusis
90L_10NL,3,90L_10NL_3_1,1,2625,"('sk', 'sk', 's')",lusis,lusis
90L_10NL,3,90L_10NL_3_1,1,2625,"('sk', 'sk', 's')",lusis,lusis
90L_10NL,3,90L_10NL_3_1,1,2625,"('sk', 'sk', 's')",lusis,lusis
90L_10NL,3,90L_10NL_3_1,1,2625,"('sk', 'sk', 's')",lusis,lusis
90L_10NL,3,90L_10NL_3_1,1,2625,"('sk', 'sk', 's')",lusis,lusis
90L_10NL,3,90L_10NL_3_1,1,2625,"('sk', 'sk', 's')",lusis,lusis
90L_10NL,3,90L_10NL_3_1,1,2625,"('sk', 'sk', 's')",lusis,lusis
90L_10NL,3,90L_10NL_3_1,1,2625,"('sk', 'sk', 's')",lusis,lusis
90L_10NL,3,90L_10NL_3_1,1,2625,"('sk', 'sk', 's')",lusis,lusis
90L_10NL,3,90L_10NL_3_1,1,2625,"('sk', 'sk', 's')",lusis,lusis
90L_10NL,3,90L_10NL_3_1,1,2625,"('sk', 'sk', 's')",lusis,lusis
90L_10NL,3,90L_10NL_3_1,1,2625,"('sk', 'sk', 's')",lusis,lusis
90L_10NL,3,90L_10NL_3_1,1,2625,"('sk', 'sk', 's')",lusis,lusis
90L_10NL,3,90L_10NL_3_1,1,1750,"('s', 's', 'sk')",luskajs,luskajs
90L_10NL,3,90L_10NL_3_1,1,1750,"('s', 's', 'sk')",luskajs,luskajs
90L_10NL,3,90L_10NL_3_1,1,1750,"('s', 's', 'sk')",luskajs,luskajs
90L_10NL,3,90L_10NL_3_1,1,1750,"('s', 's', 'sk')",luskajs,luskajs
90L_10NL,3,90L_10NL_3_1,1,5250,"('s', 'sk', 'sk')",luskajs,luskajs
90L_10NL,3,90L_10NL_3_1,1,5250,"('s', 'sk', 'sk')",luskajs,luskajs
90L_10NL,3,90L_10NL_3_1,1,5250,"('s', 'sk', 'sk')",luskajs,luskajs
90L_10NL,3,90L_10NL_3_1,1,5250,"('s', 'sk', 'sk')",luskajs,luskajs
90L_10NL,3,90L_10NL_3_1,1,5250,"('s', 'sk', 'sk')",luskajs,luskajs
90L_10NL,3,90L_10NL_3_1,1,5250,"('s', 'sk', 'sk')",luskajs,luskajs
90L_10NL,3,90L_10NL_3_1,1,1750,"('s', 's', 'sk')",luskajs,luskajs
90L_10NL,3,90L_10NL_3_1,1,1750,"('s', 's', 'sk')",luskajs,luskajs
90L_10NL,3,90L_10NL_3_1,1,1750,"('s', 's', 'sk')",luskajs,luskajs
90L_10NL,3,90L_10NL_3_1,1,5250,"('s', 'sk', 'sk')",luskajs,luskajs
90L_10NL,3,90L_10NL_3_1,1,5250,"('s', 'sk', 'sk')",luskajs,luskajs
90L_10NL,3,90L_10NL_3_1,1,5250,"('s', 'sk', 'sk')",luskajs,luskajs
90L_10NL,3,90L_10NL_3_1,1,5250,"('s', 'sk', 'sk')",luskajs,luskajs
90L_10NL,3,90L_10NL_3_1,1,5250,"('s', 'sk', 'sk')",luskajs,luskajs
90L_10NL,3,90L_10NL_3_1,1,5250,"('s', 'sk', 'sk')",luskajs,luskajs
90L_10NL,3,90L_10NL_3_1,1,1750,"('s', 's', 'sk')",luskajs,luskajs
90L_10NL,3,90L_10NL_3_1,1,1750,"('s', 's', 'sk')",luskajs,luskajs
90L_10NL,3,90L_10NL_3_1,1,5250,"('s', 'sk', 'sk')",luskajs,luskajs
90L_10NL,3,90L_10NL_3_1,1,5250,"('s', 'sk', 'sk')",luskajs,luskajs
90L_10NL,3,90L_10NL_3_1,1,5250,"('s', 'sk', 'sk')",luskajs,luskajs
90L_10NL,3,90L_10NL_3_1,1,5250,"('s', 'sk', 'sk')",luskajs,luskajs
90L_10NL,3,90L_10NL_3_1,1,5250,"('s', 'sk', 'sk')",luskajs,luskajs
90L_10NL,3,90L_10NL_3_1,1,5250,"('s', 'sk', 'sk')",luskajs,luskajs
90L_10NL,3,90L_10NL_3_1,1,1750,"('s', 's', 'sk')",luskajs,luskajs
90L_10NL,3,90L_10NL_3_1,1,5250,"('s', 'sk', 'sk')",luskajs,luskajs
90L_10NL,3,90L_10NL_3_1,1,5250,"('s', 'sk', 'sk')",luskajs,luskajs
90L_10NL,3,90L_10NL_3_1,1,5250,"('s', 'sk', 'sk')",luskajs,luskajs
90L_10NL,3,90L_10NL_3_1,1,5250,"('s', 'sk', 'sk')",luskajs,luskajs
90L_10NL,3,90L_10NL_3_1,1,5250,"('s', 'sk', 'sk')",luskajs,luskajs
90L_10NL,3,90L_10NL_3_1,1,5250,"('s', 'sk', 'sk')",luskajs,luskajs
90L_10NL,3,90L_10NL_3_1,1,5250,"('s', 'sk', 'sk')",luskajs,luskajs
90L_10NL,3,90L_10NL_3_1,1,5250,"('s', 'sk', 'sk')",luskajs,luskajs
90L_10NL,3,90L_10NL_3_1,1,5250,"('s', 'sk', 'sk')",luskajs,luskajs
90L_10NL,3,90L_10NL_3_1,1,5250,"('s', 'sk', 'sk')",luskajs,luskajs
90L_10NL,3,90L_10NL_3_1,1,5250,"('s', 'sk', 'sk')",luskajs,luskajs
90L_10NL,3,90L_10NL_3_1,1,5250,"('s', 'sk', 'sk')",luskajs,luskajs
90L_10NL,3,90L_10NL_3_1,1,2625,"('sk', 'sk', 'sk')",luskajs,luskajs
90L_10NL,3,90L_10NL_3_1,1,2625,"('sk', 'sk', 'sk')",luskajs,luskajs
90L_10NL,3,90L_10NL_3_1,1,2625,"('sk', 'sk', 'sk')",luskajs,luskajs
90L_10NL,3,90L_10NL_3_1,1,2625,"('sk', 'sk', 'sk')",luskajs,luskajs
90L_10NL,3,90L_10NL_3_1,1,2625,"('sk', 'sk', 'sk')",luskajs,luskajs
90L_10NL,3,90L_10NL_3_1,1,2625,"('sk', 'sk', 'sk')",luskajs,luskajs
90L_10NL,3,90L_10NL_3_1,1,2625,"('sk', 'sk', 'sk')",luskajs,luskajs
90L_10NL,3,90L_10NL_3_1,1,2625,"('sk', 'sk', 'sk')",luskajs,luskajs
90L_10NL,3,90L_10NL_3_1,1,2625,"('sk', 'sk', 'sk')",luskajs,luskajs
90L_10NL,3,90L_10NL_3_1,1,2625,"('sk', 'sk', 'sk')",luskajs,luskajs
90L_10NL,3,90L_10NL_3_1,1,2625,"('sk', 'sk', 'sk')",luskajs,luskajs
90L_10NL,3,90L_10NL_3_1,1,2625,"('sk', 'sk', 'sk')",luskajs,luskajs
90L_10NL,3,90L_10NL_3_1,1,2625,"('sk', 'sk', 'sk')",luskajs,luskajs
90L_10NL,3,90L_10NL_3_1,1,2625,"('sk', 'sk', 'sk')",luskajs,luskajs
90L_10NL,3,90L_10NL_3_1,1,2625,"('sk', 'sk', 'sk')",luskajs,luskajs
90L_10NL,3,90L_10NL_3_1,1,1750,"('s', 's', 'sk')",luskamos,luskamos
90L_10NL,3,90L_10NL_3_1,1,1750,"('s', 's', 'sk')",luskamos,luskamos
90L_10NL,3,90L_10NL_3_1,1,1750,"('s', 's', 'sk')",luskamos,luskamos
90L_10NL,3,90L_10NL_3_1,1,1750,"('s', 's', 'sk')",luskamos,luskamos
90L_10NL,3,90L_10NL_3_1,1,5250,"('s', 'sk', 'sk')",luskamos,luskamos
90L_10NL,3,90L_10NL_3_1,1,5250,"('s', 'sk', 'sk')",luskamos,luskamos
90L_10NL,3,90L_10NL_3_1,1,5250,"('s', 'sk', 'sk')",luskamos,luskamos
90L_10NL,3,90L_10NL_3_1,1,5250,"('s', 'sk', 'sk')",luskamos,luskamos
90L_10NL,3,90L_10NL_3_1,1,5250,"('s', 'sk', 'sk')",luskamos,luskamos
90L_10NL,3,90L_10NL_3_1,1,5250,"('s', 'sk', 'sk')",luskamos,luskamos
90L_10NL,3,90L_10NL_3_1,1,1750,"('s', 's', 'sk')",luskamos,luskamos
90L_10NL,3,90L_10NL_3_1,1,1750,"('s', 's', 'sk')",luskamos,luskamos
90L_10NL,3,90L_10NL_3_1,1,1750,"('s', 's', 'sk')",luskamos,luskamos
90L_10NL,3,90L_10NL_3_1,1,5250,"('s', 'sk', 'sk')",luskamos,luskamos
90L_10NL,3,90L_10NL_3_1,1,5250,"('s', 'sk', 'sk')",luskamos,luskamos
90L_10NL,3,90L_10NL_3_1,1,5250,"('s', 'sk', 'sk')",luskamos,luskamos
90L_10NL,3,90L_10NL_3_1,1,5250,"('s', 'sk', 'sk')",luskamos,luskamos
90L_10NL,3,90L_10NL_3_1,1,5250,"('s', 'sk', 'sk')",luskamos,luskamos
90L_10NL,3,90L_10NL_3_1,1,5250,"('s', 'sk', 'sk')",luskamos,luskamos
90L_10NL,3,90L_10NL_3_1,1,1750,"('s', 's', 'sk')",luskamos,luskamos
90L_10NL,3,90L_10NL_3_1,1,1750,"('s', 's', 'sk')",luskamos,luskamos
90L_10NL,3,90L_10NL_3_1,1,5250,"('s', 'sk', 'sk')",luskamos,luskamos
90L_10NL,3,90L_10NL_3_1,1,5250,"('s', 'sk', 'sk')",luskamos,luskamos
90L_10NL,3,90L_10NL_3_1,1,5250,"('s', 'sk', 'sk')",luskamos,luskamos
90L_10NL,3,90L_10NL_3_1,1,5250,"('s', 'sk', 'sk')",luskamos,luskamos
90L_10NL,3,90L_10NL_3_1,1,5250,"('s', 'sk', 'sk')",luskamos,luskamos
90L_10NL,3,90L_10NL_3_1,1,5250,"('s', 'sk', 'sk')",luskamos,luskamos
90L_10NL,3,90L_10NL_3_1,1,1750,"('s', 's', 'sk')",luskamos,luskamos
90L_10NL,3,90L_10NL_3_1,1,5250,"('s', 'sk', 'sk')",luskamos,luskamos
90L_10NL,3,90L_10NL_3_1,1,5250,"('s', 'sk', 'sk')",luskamos,luskamos
90L_10NL,3,90L_10NL_3_1,1,5250,"('s', 'sk', 'sk')",luskamos,luskamos
90L_10NL,3,90L_10NL_3_1,1,5250,"('s', 'sk', 'sk')",luskamos,luskamos
90L_10NL,3,90L_10NL_3_1,1,5250,"('s', 'sk', 'sk')",luskamos,luskamos
90L_10NL,3,90L_10NL_3_1,1,5250,"('s', 'sk', 'sk')",luskamos,luskamos
90L_10NL,3,90L_10NL_3_1,1,5250,"('s', 'sk', 'sk')",luskamos,luskamos
90L_10NL,3,90L_10NL_3_1,1,5250,"('s', 'sk', 'sk')",luskamos,luskamos
90L_10NL,3,90L_10NL_3_1,1,5250,"('s', 'sk', 'sk')",luskamos,luskamos
90L_10NL,3,90L_10NL_3_1,1,5250,"('s', 'sk', 'sk')",luskamos,luskamos
90L_10NL,3,90L_10NL_3_1,1,5250,"('s', 'sk', 'sk')",luskamos,luskamos
90L_10NL,3,90L_10NL_3_1,1,5250,"('s', 'sk', 'sk')",luskamos,luskamos
90L_10NL,3,90L_10NL_3_1,1,2625,"('sk', 'sk', 'sk')",luskamos,luskamos
90L_10NL,3,90L_10NL_3_1,1,2625,"('sk', 'sk', 'sk')",luskamos,luskamos
90L_10NL,3,90L_10NL_3_1,1,2625,"('sk', 'sk', 'sk')",luskamos,luskamos
90L_10NL,3,90L_10NL_3_1,1,2625,"('sk', 'sk', 'sk')",luskamos,luskamos
90L_10NL,3,90L_10NL_3_1,1,2625,"('sk', 'sk', 'sk')",luskamos,luskamos
90L_10NL,3,90L_10NL_3_1,1,2625,"('sk', 'sk', 'sk')",luskamos,luskamos
90L_10NL,3,90L_10NL_3_1,1,2625,"('sk', 'sk', 'sk')",luskamos,luskamos
90L_10NL,3,90L_10NL_3_1,1,2625,"('sk', 'sk', 'sk')",luskamos,luskamos
90L_10NL,3,90L_10NL_3_1,1,2625,"('sk', 'sk', 'sk')",luskamos,luskamos
90L_10NL,3,90L_10NL_3_1,1,2625,"('sk', 'sk', 'sk')",luskamos,luskamos
90L_10NL,3,90L_10NL_3_1,1,2625,"('sk', 'sk', 'sk')",luskamos,luskamos
90L_10NL,3,90L_10NL_3_1,1,2625,"('sk', 'sk', 'sk')",luskamos,luskamos
90L_10NL,3,90L_10NL_3_1,1,2625,"('sk', 'sk', 'sk')",luskamos,luskamos
90L_10NL,3,90L_10NL_3_1,1,2625,"('sk', 'sk', 'sk')",luskamos,luskamos
90L_10NL,3,90L_10NL_3_1,1,2625,"('sk', 'sk', 'sk')",luskamos,luskamos
90L_10NL,3,90L_10NL_3_1,1,1750,"('s', 's', 'sk')",luskan,luskan
90L_10NL,3,90L_10NL_3_1,1,1750,"('s', 's', 'sk')",luskan,luskan
90L_10NL,3,90L_10NL_3_1,1,1750,"('s', 's', 'sk')",luskan,luskan
90L_10NL,3,90L_10NL_3_1,1,1750,"('s', 's', 'sk')",luskan,luskan
90L_10NL,3,90L_10NL_3_1,1,5250,"('s', 'sk', 'sk')",luskan,luskan
90L_10NL,3,90L_10NL_3_1,1,5250,"('s', 'sk', 'sk')",luskan,luskan
90L_10NL,3,90L_10NL_3_1,1,5250,"('s', 'sk', 'sk')",luskan,luskan
90L_10NL,3,90L_10NL_3_1,1,5250,"('s', 'sk', 'sk')",luskan,luskan
90L_10NL,3,90L_10NL_3_1,1,5250,"('s', 'sk', 'sk')",luskan,luskan
90L_10NL,3,90L_10NL_3_1,1,5250,"('s', 'sk', 'sk')",luskan,luskan
90L_10NL,3,90L_10NL_3_1,1,1750,"('s', 's', 'sk')",luskan,luskan
90L_10NL,3,90L_10NL_3_1,1,1750,"('s', 's', 'sk')",luskan,luskan
90L_10NL,3,90L_10NL_3_1,1,1750,"('s', 's', 'sk')",luskan,luskan
90L_10NL,3,90L_10NL_3_1,1,5250,"('s', 'sk', 'sk')",luskan,luskan
90L_10NL,3,90L_10NL_3_1,1,5250,"('s', 'sk', 'sk')",luskan,luskan
90L_10NL,3,90L_10NL_3_1,1,5250,"('s', 'sk', 'sk')",luskan,luskan
90L_10NL,3,90L_10NL_3_1,1,5250,"('s', 'sk', 'sk')",luskan,luskan
90L_10NL,3,90L_10NL_3_1,1,5250,"('s', 'sk', 'sk')",luskan,luskan
90L_10NL,3,90L_10NL_3_1,1,5250,"('s', 'sk', 'sk')",luskan,luskan
90L_10NL,3,90L_10NL_3_1,1,1750,"('s', 's', 'sk')",luskan,luskan
90L_10NL,3,90L_10NL_3_1,1,1750,"('s', 's', 'sk')",luskan,luskan
90L_10NL,3,90L_10NL_3_1,1,5250,"('s', 'sk', 'sk')",luskan,luskan
90L_10NL,3,90L_10NL_3_1,1,5250,"('s', 'sk', 'sk')",luskan,luskan
90L_10NL,3,90L_10NL_3_1,1,5250,"('s', 'sk', 'sk')",luskan,luskan
90L_10NL,3,90L_10NL_3_1,1,5250,"('s', 'sk', 'sk')",luskan,luskan
90L_10NL,3,90L_10NL_3_1,1,5250,"('s', 'sk', 'sk')",luskan,luskan
90L_10NL,3,90L_10NL_3_1,1,5250,"('s', 'sk', 'sk')",luskan,luskan
90L_10NL,3,90L_10NL_3_1,1,1750,"('s', 's', 'sk')",luskan,luskan
90L_10NL,3,90L_10NL_3_1,1,5250,"('s', 'sk', 'sk')",luskan,luskan
90L_10NL,3,90L_10NL_3_1,1,5250,"('s', 'sk', 'sk')",luskan,luskan
90L_10NL,3,90L_10NL_3_1,1,5250,"('s', 'sk', 'sk')",luskan,luskan
90L_10NL,3,90L_10NL_3_1,1,5250,"('s', 'sk', 'sk')",luskan,luskan
90L_10NL,3,90L_10NL_3_1,1,5250,"('s', 'sk', 'sk')",luskan,luskan
90L_10NL,3,90L_10NL_3_1,1,5250,"('s', 'sk', 'sk')",luskan,luskan
90L_10NL,3,90L_10NL_3_1,1,5250,"('s', 'sk', 'sk')",luskan,luskan
90L_10NL,3,90L_10NL_3_1,1,5250,"('s', 'sk', 'sk')",luskan,luskan
90L_10NL,3,90L_10NL_3_1,1,5250,"('s', 'sk', 'sk')",luskan,luskan
90L_10NL,3,90L_10NL_3_1,1,5250,"('s', 'sk', 'sk')",luskan,luskan
90L_10NL,3,90L_10NL_3_1,1,5250,"('s', 'sk', 'sk')",luskan,luskan
90L_10NL,3,90L_10NL_3_1,1,5250,"('s', 'sk', 'sk')",luskan,luskan
90L_10NL,3,90L_10NL_3_1,1,2625,"('sk', 'sk', 'sk')",luskan,luskan
90L_10NL,3,90L_10NL_3_1,1,2625,"('sk', 'sk', 'sk')",luskan,luskan
90L_10NL,3,90L_10NL_3_1,1,2625,"('sk', 'sk', 'sk')",luskan,luskan
90L_10NL,3,90L_10NL_3_1,1,2625,"('sk', 'sk', 'sk')",luskan,luskan
90L_10NL,3,90L_10NL_3_1,1,2625,"('sk', 'sk', 'sk')",luskan,luskan
90L_10NL,3,90L_10NL_3_1,1,2625,"('sk', 'sk', 'sk')",luskan,luskan
90L_10NL,3,90L_10NL_3_1,1,2625,"('sk', 'sk', 'sk')",luskan,luskan
90L_10NL,3,90L_10NL_3_1,1,2625,"('sk', 'sk', 'sk')",luskan,luskan
90L_10NL,3,90L_10NL_3_1,1,2625,"('sk', 'sk', 'sk')",luskan,luskan
90L_10NL,3,90L_10NL_3_1,1,2625,"('sk', 'sk', 'sk')",luskan,luskan
90L_10NL,3,90L_10NL_3_1,1,2625,"('sk', 'sk', 'sk')",luskan,luskan
90L_10NL,3,90L_10NL_3_1,1,2625,"('sk', 'sk', 'sk')",luskan,luskan
90L_10NL,3,90L_10NL_3_1,1,2625,"('sk', 'sk', 'sk')",luskan,luskan
90L_10NL,3,90L_10NL_3_1,1,2625,"('sk', 'sk', 'sk')",luskan,luskan
90L_10NL,3,90L_10NL_3_1,1,2625,"('sk', 'sk', 'sk')",luskan,luskan
90L_10NL,3,90L_10NL_3_1,1,1750,"('s', 's', 'sk')",luskas,luskas
90L_10NL,3,90L_10NL_3_1,1,1750,"('s', 's', 'sk')",luskas,luskas
90L_10NL,3,90L_10NL_3_1,1,1750,"('s', 's', 'sk')",luskas,luskas
90L_10NL,3,90L_10NL_3_1,1,1750,"('s', 's', 'sk')",luskas,luskas
90L_10NL,3,90L_10NL_3_1,1,5250,"('s', 'sk', 'sk')",luskas,luskas
90L_10NL,3,90L_10NL_3_1,1,5250,"('s', 'sk', 'sk')",luskas,luskas
90L_10NL,3,90L_10NL_3_1,1,5250,"('s', 'sk', 'sk')",luskas,luskas
90L_10NL,3,90L_10NL_3_1,1,5250,"('s', 'sk', 'sk')",luskas,luskas
90L_10NL,3,90L_10NL_3_1,1,5250,"('s', 'sk', 'sk')",luskas,luskas
90L_10NL,3,90L_10NL_3_1,1,5250,"('s', 'sk', 'sk')",luskas,luskas
90L_10NL,3,90L_10NL_3_1,1,1750,"('s', 's', 'sk')",luskas,luskas
90L_10NL,3,90L_10NL_3_1,1,1750,"('s', 's', 'sk')",luskas,luskas
90L_10NL,3,90L_10NL_3_1,1,1750,"('s', 's', 'sk')",luskas,luskas
90L_10NL,3,90L_10NL_3_1,1,5250,"('s', 'sk', 'sk')",luskas,luskas
90L_10NL,3,90L_10NL_3_1,1,5250,"('s', 'sk', 'sk')",luskas,luskas
90L_10NL,3,90L_10NL_3_1,1,5250,"('s', 'sk', 'sk')",luskas,luskas
90L_10NL,3,90L_10NL_3_1,1,5250,"('s', 'sk', 'sk')",luskas,luskas
90L_10NL,3,90L_10NL_3_1,1,5250,"('s', 'sk', 'sk')",luskas,luskas
90L_10NL,3,90L_10NL_3_1,1,5250,"('s', 'sk', 'sk')",luskas,luskas
90L_10NL,3,90L_10NL_3_1,1,1750,"('s', 's', 'sk')",luskas,luskas
90L_10NL,3,90L_10NL_3_1,1,1750,"('s', 's', 'sk')",luskas,luskas
90L_10NL,3,90L_10NL_3_1,1,5250,"('s', 'sk', 'sk')",luskas,luskas
90L_10NL,3,90L_10NL_3_1,1,5250,"('s', 'sk', 'sk')",luskas,luskas
90L_10NL,3,90L_10NL_3_1,1,5250,"('s', 'sk', 'sk')",luskas,luskas
90L_10NL,3,90L_10NL_3_1,1,5250,"('s', 'sk', 'sk')",luskas,luskas
90L_10NL,3,90L_10NL_3_1,1,5250,"('s', 'sk', 'sk')",luskas,luskas
90L_10NL,3,90L_10NL_3_1,1,5250,"('s', 'sk', 'sk')",luskas,luskas
90L_10NL,3,90L_10NL_3_1,1,1750,"('s', 's', 'sk')",luskas,luskas
90L_10NL,3,90L_10NL_3_1,1,5250,"('s', 'sk', 'sk')",luskas,luskas
90L_10NL,3,90L_10NL_3_1,1,5250,"('s', 'sk', 'sk')",luskas,luskas
90L_10NL,3,90L_10NL_3_1,1,5250,"('s', 'sk', 'sk')",luskas,luskas
90L_10NL,3,90L_10NL_3_1,1,5250,"('s', 'sk', 'sk')",luskas,luskas
90L_10NL,3,90L_10NL_3_1,1,5250,"('s', 'sk', 'sk')",luskas,luskas
90L_10NL,3,90L_10NL_3_1,1,5250,"('s', 'sk', 'sk')",luskas,luskas
90L_10NL,3,90L_10NL_3_1,1,5250,"('s', 'sk', 'sk')",luskas,luskas
90L_10NL,3,90L_10NL_3_1,1,5250,"('s', 'sk', 'sk')",luskas,luskas
90L_10NL,3,90L_10NL_3_1,1,5250,"('s', 'sk', 'sk')",luskas,luskas
90L_10NL,3,90L_10NL_3_1,1,5250,"('s', 'sk', 'sk')",luskas,luskas
90L_10NL,3,90L_10NL_3_1,1,5250,"('s', 'sk', 'sk')",luskas,luskas
90L_10NL,3,90L_10NL_3_1,1,5250,"('s', 'sk', 'sk')",luskas,luskas
90L_10NL,3,90L_10NL_3_1,1,2625,"('sk', 'sk', 'sk')",luskas,luskas
90L_10NL,3,90L_10NL_3_1,1,2625,"('sk', 'sk', 'sk')",luskas,luskas
90L_10NL,3,90L_10NL_3_1,1,2625,"('sk', 'sk', 'sk')",luskas,luskas
90L_10NL,3,90L_10NL_3_1,1,2625,"('sk', 'sk', 'sk')",luskas,luskas
90L_10NL,3,90L_10NL_3_1,1,2625,"('sk', 'sk', 'sk')",luskas,luskas
90L_10NL,3,90L_10NL_3_1,1,2625,"('sk', 'sk', 'sk')",luskas,luskas
90L_10NL,3,90L_10NL_3_1,1,2625,"('sk', 'sk', 'sk')",luskas,luskas
90L_10NL,3,90L_10NL_3_1,1,2625,"('sk', 'sk', 'sk')",luskas,luskas
90L_10NL,3,90L_10NL_3_1,1,2625,"('sk', 'sk', 'sk')",luskas,luskas
90L_10NL,3,90L_10NL_3_1,1,2625,"('sk', 'sk', 'sk')",luskas,luskas
90L_10NL,3,90L_10NL_3_1,1,2625,"('sk', 'sk', 'sk')",luskas,luskas
90L_10NL,3,90L_10NL_3_1,1,2625,"('sk', 'sk', 'sk')",luskas,luskas
90L_10NL,3,90L_10NL_3_1,1,2625,"('sk', 'sk', 'sk')",luskas,luskas
90L_10NL,3,90L_10NL_3_1,1,2625,"('sk', 'sk', 'sk')",luskas,luskas
90L_10NL,3,90L_10NL_3_1,1,2625,"('sk', 'sk', 'sk')",luskas,luskas
90L_10NL,3,90L_10NL_3_1,1,1750,"('s', 's', 'sk')",luska,luska
90L_10NL,3,90L_10NL_3_1,1,1750,"('s', 's', 'sk')",luska,luska
90L_10NL,3,90L_10NL_3_1,1,1750,"('s', 's', 'sk')",luska,luska
90L_10NL,3,90L_10NL_3_1,1,1750,"('s', 's', 'sk')",luska,luska
90L_10NL,3,90L_10NL_3_1,1,5250,"('s', 'sk', 'sk')",luska,luska
90L_10NL,3,90L_10NL_3_1,1,5250,"('s', 'sk', 'sk')",luska,luska
90L_10NL,3,90L_10NL_3_1,1,5250,"('s', 'sk', 'sk')",luska,luska
90L_10NL,3,90L_10NL_3_1,1,5250,"('s', 'sk', 'sk')",luska,luska
90L_10NL,3,90L_10NL_3_1,1,5250,"('s', 'sk', 'sk')",luska,luska
90L_10NL,3,90L_10NL_3_1,1,5250,"('s', 'sk', 'sk')",luska,luska
90L_10NL,3,90L_10NL_3_1,1,1750,"('s', 's', 'sk')",luska,luska
90L_10NL,3,90L_10NL_3_1,1,1750,"('s', 's', 'sk')",luska,luska
90L_10NL,3,90L_10NL_3_1,1,1750,"('s', 's', 'sk')",luska,luska
90L_10NL,3,90L_10NL_3_1,1,5250,"('s', 'sk', 'sk')",luska,luska
90L_10NL,3,90L_10NL_3_1,1,5250,"('s', 'sk', 'sk')",luska,luska
90L_10NL,3,90L_10NL_3_1,1,5250,"('s', 'sk', 'sk')",luska,luska
90L_10NL,3,90L_10NL_3_1,1,5250,"('s', 'sk', 'sk')",luska,luska
90L_10NL,3,90L_10NL_3_1,1,5250,"('s', 'sk', 'sk')",luska,luska
90L_10NL,3,90L_10NL_3_1,1,5250,"('s', 'sk', 'sk')",luska,luska
90L_10NL,3,90L_10NL_3_1,1,1750,"('s', 's', 'sk')",luska,luska
90L_10NL,3,90L_10NL_3_1,1,1750,"('s', 's', 'sk')",luska,luska
90L_10NL,3,90L_10NL_3_1,1,5250,"('s', 'sk', 'sk')",luska,luska
90L_10NL,3,90L_10NL_3_1,1,5250,"('s', 'sk', 'sk')",luska,luska
90L_10NL,3,90L_10NL_3_1,1,5250,"('s', 'sk', 'sk')",luska,luska
90L_10NL,3,90L_10NL_3_1,1,5250,"('s', 'sk', 'sk')",luska,luska
90L_10NL,3,90L_10NL_3_1,1,5250,"('s', 'sk', 'sk')",luska,luska
90L_10NL,3,90L_10NL_3_1,1,5250,"('s', 'sk', 'sk')",luska,luska
90L_10NL,3,90L_10NL_3_1,1,1750,"('s', 's', 'sk')",luska,luska
90L_10NL,3,90L_10NL_3_1,1,5250,"('s', 'sk', 'sk')",luska,luska
90L_10NL,3,90L_10NL_3_1,1,5250,"('s', 'sk', 'sk')",luska,luska
90L_10NL,3,90L_10NL_3_1,1,5250,"('s', 'sk', 'sk')",luska,luska
90L_10NL,3,90L_10NL_3_1,1,5250,"('s', 'sk', 'sk')",luska,luska
90L_10NL,3,90L_10NL_3_1,1,5250,"('s', 'sk', 'sk')",luska,luska
90L_10NL,3,90L_10NL_3_1,1,5250,"('s', 'sk', 'sk')",luska,luska
90L_10NL,3,90L_10NL_3_1,1,5250,"('s', 'sk', 'sk')",luska,luska
90L_10NL,3,90L_10NL_3_1,1,5250,"('s', 'sk', 'sk')",luska,luska
90L_10NL,3,90L_10NL_3_1,1,5250,"('s', 'sk', 'sk')",luska,luska
90L_10NL,3,90L_10NL_3_1,1,5250,"('s', 'sk', 'sk')",luska,luska
90L_10NL,3,90L_10NL_3_1,1,5250,"('s', 'sk', 'sk')",luska,luska
90L_10NL,3,90L_10NL_3_1,1,5250,"('s', 'sk', 'sk')",luska,luska
90L_10NL,3,90L_10NL_3_1,1,2625,"('sk', 'sk', 'sk')",luska,luska
90L_10NL,3,90L_10NL_3_1,1,2625,"('sk', 'sk', 'sk')",luska,luska
90L_10NL,3,90L_10NL_3_1,1,2625,"('sk', 'sk', 'sk')",luska,luska
90L_10NL,3,90L_10NL_3_1,1,2625,"('sk', 'sk', 'sk')",luska,luska
90L_10NL,3,90L_10NL_3_1,1,2625,"('sk', 'sk', 'sk')",luska,luska
90L_10NL,3,90L_10NL_3_1,1,2625,"('sk', 'sk', 'sk')",luska,luska
90L_10NL,3,90L_10NL_3_1,1,2625,"('sk', 'sk', 'sk')",luska,luska
90L_10NL,3,90L_10NL_3_1,1,2625,"('sk', 'sk', 'sk')",luska,luska
90L_10NL,3,90L_10NL_3_1,1,2625,"('sk', 'sk', 'sk')",luska,luska
90L_10NL,3,90L_10NL_3_1,1,2625,"('sk', 'sk', 'sk')",luska,luska
90L_10NL,3,90L_10NL_3_1,1,2625,"('sk', 'sk', 'sk')",luska,luska
90L_10NL,3,90L_10NL_3_1,1,2625,"('sk', 'sk', 'sk')",luska,luska
90L_10NL,3,90L_10NL_3_1,1,2625,"('sk', 'sk', 'sk')",luska,luska
90L_10NL,3,90L_10NL_3_1,1,2625,"('sk', 'sk', 'sk')",luska,luska
90L_10NL,3,90L_10NL_3_1,1,2625,"('sk', 'sk', 'sk')",luska,luska
90L_10NL,3,90L_10NL_3_1,1,1750,"('s', 's', 'sk')",luska,luska
90L_10NL,3,90L_10NL_3_1,1,1750,"('s', 's', 'sk')",luska,luska
90L_10NL,3,90L_10NL_3_1,1,1750,"('s', 's', 'sk')",luska,luska
90L_10NL,3,90L_10NL_3_1,1,1750,"('s', 's', 'sk')",luska,luska
90L_10NL,3,90L_10NL_3_1,1,5250,"('s', 'sk', 'sk')",luska,luska
90L_10NL,3,90L_10NL_3_1,1,5250,"('s', 'sk', 'sk')",luska,luska
90L_10NL,3,90L_10NL_3_1,1,5250,"('s', 'sk', 'sk')",luska,luska
90L_10NL,3,90L_10NL_3_1,1,5250,"('s', 'sk', 'sk')",luska,luska
90L_10NL,3,90L_10NL_3_1,1,5250,"('s', 'sk', 'sk')",luska,luska
90L_10NL,3,90L_10NL_3_1,1,5250,"('s', 'sk', 'sk')",luska,luska
90L_10NL,3,90L_10NL_3_1,1,1750,"('s', 's', 'sk')",luska,luska
90L_10NL,3,90L_10NL_3_1,1,1750,"('s', 's', 'sk')",luska,luska
90L_10NL,3,90L_10NL_3_1,1,1750,"('s', 's', 'sk')",luska,luska
90L_10NL,3,90L_10NL_3_1,1,5250,"('s', 'sk', 'sk')",luska,luska
90L_10NL,3,90L_10NL_3_1,1,5250,"('s', 'sk', 'sk')",luska,luska
90L_10NL,3,90L_10NL_3_1,1,5250,"('s', 'sk', 'sk')",luska,luska
90L_10NL,3,90L_10NL_3_1,1,5250,"('s', 'sk', 'sk')",luska,luska
90L_10NL,3,90L_10NL_3_1,1,5250,"('s', 'sk', 'sk')",luska,luska
90L_10NL,3,90L_10NL_3_1,1,5250,"('s', 'sk', 'sk')",luska,luska
90L_10NL,3,90L_10NL_3_1,1,1750,"('s', 's', 'sk')",luska,luska
90L_10NL,3,90L_10NL_3_1,1,1750,"('s', 's', 'sk')",luska,luska
90L_10NL,3,90L_10NL_3_1,1,5250,"('s', 'sk', 'sk')",luska,luska
90L_10NL,3,90L_10NL_3_1,1,5250,"('s', 'sk', 'sk')",luska,luska
90L_10NL,3,90L_10NL_3_1,1,5250,"('s', 'sk', 'sk')",luska,luska
90L_10NL,3,90L_10NL_3_1,1,5250,"('s', 'sk', 'sk')",luska,luska
90L_10NL,3,90L_10NL_3_1,1,5250,"('s', 'sk', 'sk')",luska,luska
90L_10NL,3,90L_10NL_3_1,1,5250,"('s', 'sk', 'sk')",luska,luska
90L_10NL,3,90L_10NL_3_1,1,1750,"('s', 's', 'sk')",luska,luska
90L_10NL,3,90L_10NL_3_1,1,5250,"('s', 'sk', 'sk')",luska,luska
90L_10NL,3,90L_10NL_3_1,1,5250,"('s', 'sk', 'sk')",luska,luska
90L_10NL,3,90L_10NL_3_1,1,5250,"('s', 'sk', 'sk')",luska,luska
90L_10NL,3,90L_10NL_3_1,1,5250,"('s', 'sk', 'sk')",luska,luska
90L_10NL,3,90L_10NL_3_1,1,5250,"('s', 'sk', 'sk')",luska,luska
90L_10NL,3,90L_10NL_3_1,1,5250,"('s', 'sk', 'sk')",luska,luska
90L_10NL,3,90L_10NL_3_1,1,5250,"('s', 'sk', 'sk')",luska,luska
90L_10NL,3,90L_10NL_3_1,1,5250,"('s', 'sk', 'sk')",luska,luska
90L_10NL,3,90L_10NL_3_1,1,5250,"('s', 'sk', 'sk')",luska,luska
90L_10NL,3,90L_10NL_3_1,1,5250,"('s', 'sk', 'sk')",luska,luska
90L_10NL,3,90L_10NL_3_1,1,5250,"('s', 'sk', 'sk')",luska,luska
90L_10NL,3,90L_10NL_3_1,1,5250,"('s', 'sk', 'sk')",luska,luska
90L_10NL,3,90L_10NL_3_1,1,2625,"('sk', 'sk', 'sk')",luska,luska
90L_10NL,3,90L_10NL_3_1,1,2625,"('sk', 'sk', 'sk')",luska,luska
90L_10NL,3,90L_10NL_3_1,1,2625,"('sk', 'sk', 'sk')",luska,luska
90L_10NL,3,90L_10NL_3_1,1,2625,"('sk', 'sk', 'sk')",luska,luska
90L_10NL,3,90L_10NL_3_1,1,2625,"('sk', 'sk', 'sk')",luska,luska
90L_10NL,3,90L_10NL_3_1,1,2625,"('sk', 'sk', 'sk')",luska,luska
90L_10NL,3,90L_10NL_3_1,1,2625,"('sk', 'sk', 'sk')",luska,luska
90L_10NL,3,90L_10NL_3_1,1,2625,"('sk', 'sk', 'sk')",luska,luska
90L_10NL,3,90L_10NL_3_1,1,2625,"('sk', 'sk', 'sk')",luska,luska
90L_10NL,3,90L_10NL_3_1,1,2625,"('sk', 'sk', 'sk')",luska,luska
90L_10NL,3,90L_10NL_3_1,1,2625,"('sk', 'sk', 'sk')",luska,luska
90L_10NL,3,90L_10NL_3_1,1,2625,"('sk', 'sk', 'sk')",luska,luska
90L_10NL,3,90L_10NL_3_1,1,2625,"('sk', 'sk', 'sk')",luska,luska
90L_10NL,3,90L_10NL_3_1,1,2625,"('sk', 'sk', 'sk')",luska,luska
90L_10NL,3,90L_10NL_3_1,1,2625,"('sk', 'sk', 'sk')",luska,luska
90L_10NL,3,90L_10NL_3_1,1,1750,"('s', 's', 'sk')",lusko,lusko
90L_10NL,3,90L_10NL_3_1,1,1750,"('s', 's', 'sk')",lusko,lusko
90L_10NL,3,90L_10NL_3_1,1,1750,"('s', 's', 'sk')",lusko,lusko
90L_10NL,3,90L_10NL_3_1,1,1750,"('s', 's', 'sk')",lusko,lusko
90L_10NL,3,90L_10NL_3_1,1,5250,"('s', 'sk', 'sk')",lusko,lusko
90L_10NL,3,90L_10NL_3_1,1,5250,"('s', 'sk', 'sk')",lusko,lusko
90L_10NL,3,90L_10NL_3_1,1,5250,"('s', 'sk', 'sk')",lusko,lusko
90L_10NL,3,90L_10NL_3_1,1,5250,"('s', 'sk', 'sk')",lusko,lusko
90L_10NL,3,90L_10NL_3_1,1,5250,"('s', 'sk', 'sk')",lusko,lusko
90L_10NL,3,90L_10NL_3_1,1,5250,"('s', 'sk', 'sk')",lusko,lusko
90L_10NL,3,90L_10NL_3_1,1,1750,"('s', 's', 'sk')",lusko,lusko
90L_10NL,3,90L_10NL_3_1,1,1750,"('s', 's', 'sk')",lusko,lusko
90L_10NL,3,90L_10NL_3_1,1,1750,"('s', 's', 'sk')",lusko,lusko
90L_10NL,3,90L_10NL_3_1,1,5250,"('s', 'sk', 'sk')",lusko,lusko
90L_10NL,3,90L_10NL_3_1,1,5250,"('s', 'sk', 'sk')",lusko,lusko
90L_10NL,3,90L_10NL_3_1,1,5250,"('s', 'sk', 'sk')",lusko,lusko
90L_10NL,3,90L_10NL_3_1,1,5250,"('s', 'sk', 'sk')",lusko,lusko
90L_10NL,3,90L_10NL_3_1,1,5250,"('s', 'sk', 'sk')",lusko,lusko
90L_10NL,3,90L_10NL_3_1,1,5250,"('s', 'sk', 'sk')",lusko,lusko
90L_10NL,3,90L_10NL_3_1,1,1750,"('s', 's', 'sk')",lusko,lusko
90L_10NL,3,90L_10NL_3_1,1,1750,"('s', 's', 'sk')",lusko,lusko
90L_10NL,3,90L_10NL_3_1,1,5250,"('s', 'sk', 'sk')",lusko,lusko
90L_10NL,3,90L_10NL_3_1,1,5250,"('s', 'sk', 'sk')",lusko,lusko
90L_10NL,3,90L_10NL_3_1,1,5250,"('s', 'sk', 'sk')",lusko,lusko
90L_10NL,3,90L_10NL_3_1,1,5250,"('s', 'sk', 'sk')",lusko,lusko
90L_10NL,3,90L_10NL_3_1,1,5250,"('s', 'sk', 'sk')",lusko,lusko
90L_10NL,3,90L_10NL_3_1,1,5250,"('s', 'sk', 'sk')",lusko,lusko
90L_10NL,3,90L_10NL_3_1,1,1750,"('s', 's', 'sk')",lusko,lusko
90L_10NL,3,90L_10NL_3_1,1,5250,"('s', 'sk', 'sk')",lusko,lusko
90L_10NL,3,90L_10NL_3_1,1,5250,"('s', 'sk', 'sk')",lusko,lusko
90L_10NL,3,90L_10NL_3_1,1,5250,"('s', 'sk', 'sk')",lusko,lusko
90L_10NL,3,90L_10NL_3_1,1,5250,"('s', 'sk', 'sk')",lusko,lusko
90L_10NL,3,90L_10NL_3_1,1,5250,"('s', 'sk', 'sk')",lusko,lusko
90L_10NL,3,90L_10NL_3_1,1,5250,"('s', 'sk', 'sk')",lusko,lusko
90L_10NL,3,90L_10NL_3_1,1,5250,"('s', 'sk', 'sk')",lusko,lusko
90L_10NL,3,90L_10NL_3_1,1,5250,"('s', 'sk', 'sk')",lusko,lusko
90L_10NL,3,90L_10NL_3_1,1,5250,"('s', 'sk', 'sk')",lusko,lusko
90L_10NL,3,90L_10NL_3_1,1,5250,"('s', 'sk', 'sk')",lusko,lusko
90L_10NL,3,90L_10NL_3_1,1,5250,"('s', 'sk', 'sk')",lusko,lusko
90L_10NL,3,90L_10NL_3_1,1,5250,"('s', 'sk', 'sk')",lusko,lusko
90L_10NL,3,90L_10NL_3_1,1,2625,"('sk', 'sk', 'sk')",lusko,lusko
90L_10NL,3,90L_10NL_3_1,1,2625,"('sk', 'sk', 'sk')",lusko,lusko
90L_10NL,3,90L_10NL_3_1,1,2625,"('sk', 'sk', 'sk')",lusko,lusko
90L_10NL,3,90L_10NL_3_1,1,2625,"('sk', 'sk', 'sk')",lusko,lusko
90L_10NL,3,90L_10NL_3_1,1,2625,"('sk', 'sk', 'sk')",lusko,lusko
90L_10NL,3,90L_10NL_3_1,1,2625,"('sk', 'sk', 'sk')",lusko,lusko
90L_10NL,3,90L_10NL_3_1,1,2625,"('sk', 'sk', 'sk')",lusko,lusko
90L_10NL,3,90L_10NL_3_1,1,2625,"('sk', 'sk', 'sk')",lusko,lusko
90L_10NL,3,90L_10NL_3_1,1,2625,"('sk', 'sk', 'sk')",lusko,lusko
90L_10NL,3,90L_10NL_3_1,1,2625,"('sk', 'sk', 'sk')",lusko,lusko
90L_10NL,3,90L_10NL_3_1,1,2625,"('sk', 'sk', 'sk')",lusko,lusko
90L_10NL,3,90L_10NL_3_1,1,2625,"('sk', 'sk', 'sk')",lusko,lusko
90L_10NL,3,90L_10NL_3_1,1,2625,"('sk', 'sk', 'sk')",lusko,lusko
90L_10NL,3,90L_10NL_3_1,1,2625,"('sk', 'sk', 'sk')",lusko,lusko
90L_10NL,3,90L_10NL_3_1,1,2625,"('sk', 'sk', 'sk')",lusko,lusko
90L_10NL,3,90L_10NL_3_1,1,1320,"('ns', 'ns', 'ns')",unsen,unsen
90L_10NL,3,90L_10NL_3_1,1,1320,"('ns', 'ns', 'ns')",unsen,unsen
90L_10NL,3,90L_10NL_3_1,1,1320,"('ns', 'ns', 'ns')",unsen,unsen
90L_10NL,3,90L_10NL_3_1,1,1320,"('ns', 'ns', 'ns')",unsen,unsen
90L_10NL,3,90L_10NL_3_1,1,1320,"('ns', 'ns', 'ns')",unsen,unsen
90L_10NL,3,90L_10NL_3_1,1,1320,"('ns', 'ns', 'ns')",unsen,unsen
90L_10NL,3,90L_10NL_3_1,1,1320,"('ns', 'ns', 'ns')",unsen,unsen
90L_10NL,3,90L_10NL_3_1,1,1320,"('ns', 'ns', 'ns')",unsen,unsen
90L_10NL,3,90L_10NL_3_1,1,1320,"('ns', 'ns', 'ns')",unsen,unsen
90L_10NL,3,90L_10NL_3_1,1,1320,"('ns', 'ns', 'ns')",unsen,unsen
90L_10NL,3,90L_10NL_3_1,1,1320,"('ns', 'ns', 'ns')",unsen,unsen
90L_10NL,3,90L_10NL_3_1,1,1320,"('ns', 'ns', 'ns')",unsen,unsen
90L_10NL,3,90L_10NL_3_1,1,1320,"('ns', 'ns', 'ns')",unsen,unsen
90L_10NL,3,90L_10NL_3_1,1,1320,"('ns', 'ns', 'ns')",unsen,unsen
90L_10NL,3,90L_10NL_3_1,1,1320,"('ns', 'ns', 'ns')",unsen,unsen
90L_10NL,3,90L_10NL_3_1,1,1320,"('ns', 'ns', 'ns')",unsen,unsen
90L_10NL,3,90L_10NL_3_1,1,1320,"('ns', 'ns', 'ns')",unsen,unsen
90L_10NL,3,90L_10NL_3_1,1,1320,"('ns', 'ns', 'ns')",unsen,unsen
90L_10NL,3,90L_10NL_3_1,1,1320,"('ns', 'ns', 'ns')",unsen,unsen
90L_10NL,3,90L_10NL_3_1,1,1320,"('ns', 'ns', 'ns')",unsen,unsen
90L_10NL,3,90L_10NL_3_1,1,1320,"('ns', 'ns', 'ns')",unsen,unsen
90L_10NL,3,90L_10NL_3_1,1,1320,"('ns', 'ns', 'ns')",unsen,unsen
90L_10NL,3,90L_10NL_3_1,1,1320,"('ns', 'ns', 'ns')",unsen,unsen
90L_10NL,3,90L_10NL_3_1,1,1320,"('ns', 'ns', 'ns')",unsen,unsen
90L_10NL,3,90L_10NL_3_1,1,1320,"('ns', 'ns', 'ns')",unsen,unsen
90L_10NL,3,90L_10NL_3_1,1,1320,"('ns', 'ns', 'ns')",unsen,unsen
90L_10NL,3,90L_10NL_3_1,1,1320,"('ns', 'ns', 'ns')",unsen,unsen
90L_10NL,3,90L_10NL_3_1,1,1320,"('ns', 'ns', 'ns')",unsen,unsen
90L_10NL,3,90L_10NL_3_1,1,1320,"('ns', 'ns', 'ns')",unsen,unsen
90L_10NL,3,90L_10NL_3_1,1,1320,"('ns', 'ns', 'ns')",unsen,unsen
90L_10NL,3,90L_10NL_3_1,1,1320,"('ns', 'ns', 'ns')",unsen,unsen
90L_10NL,3,90L_10NL_3_1,1,1320,"('ns', 'ns', 'ns')",unsen,unsen
90L_10NL,3,90L_10NL_3_1,1,1320,"('ns', 'ns', 'ns')",unsen,unsen
90L_10NL,3,90L_10NL_3_1,1,1320,"('ns', 'ns', 'ns')",unsen,unsen
90L_10NL,3,90L_10NL_3_1,1,1320,"('ns', 'ns', 'ns')",unsen,unsen
90L_10NL,3,90L_10NL_3_1,1,1320,"('ns', 'ns', 'ns')",unsen,unsen
90L_10NL,3,90L_10NL_3_1,1,1320,"('ns', 'ns', 'ns')",unsen,unsen
90L_10NL,3,90L_10NL_3_1,1,1320,"('ns', 'ns', 'ns')",unsen,unsen
90L_10NL,3,90L_10NL_3_1,1,1320,"('ns', 'ns', 'ns')",unsen,unsen
90L_10NL,3,90L_10NL_3_1,1,1320,"('ns', 'ns', 'ns')",unsen,unsen
90L_10NL,3,90L_10NL_3_1,1,1320,"('ns', 'ns', 'ns')",unsen,unsen
90L_10NL,3,90L_10NL_3_1,1,1320,"('ns', 'ns', 'ns')",unsen,unsen
90L_10NL,3,90L_10NL_3_1,1,1320,"('ns', 'ns', 'ns')",unsen,unsen
90L_10NL,3,90L_10NL_3_1,1,1320,"('ns', 'ns', 'ns')",unsen,unsen
90L_10NL,3,90L_10NL_3_1,1,1320,"('ns', 'ns', 'ns')",unsen,unsen
90L_10NL,3,90L_10NL_3_1,1,1320,"('ns', 'ns', 'ns')",unsen,unsen
90L_10NL,3,90L_10NL_3_1,1,1320,"('ns', 'ns', 'ns')",unsen,unsen
90L_10NL,3,90L_10NL_3_1,1,1320,"('ns', 'ns', 'ns')",unsen,unsen
90L_10NL,3,90L_10NL_3_1,1,1320,"('ns', 'ns', 'ns')",unsen,unsen
90L_10NL,3,90L_10NL_3_1,1,1320,"('ns', 'ns', 'ns')",unsen,unsen
90L_10NL,3,90L_10NL_3_1,1,1320,"('ns', 'ns', 'ns')",unsen,unsen
90L_10NL,3,90L_10NL_3_1,1,1320,"('ns', 'ns', 'ns')",unsen,unsen
90L_10NL,3,90L_10NL_3_1,1,1320,"('ns', 'ns', 'ns')",unsen,unsen
90L_10NL,3,90L_10NL_3_1,1,1320,"('ns', 'ns', 'ns')",unsen,unsen
90L_10NL,3,90L_10NL_3_1,1,1320,"('ns', 'ns', 'ns')",unsen,unsen
90L_10NL,3,90L_10NL_3_1,1,1320,"('ns', 'ns', 'ns')",unses,unses
90L_10NL,3,90L_10NL_3_1,1,1320,"('ns', 'ns', 'ns')",unses,unses
90L_10NL,3,90L_10NL_3_1,1,1320,"('ns', 'ns', 'ns')",unses,unses
90L_10NL,3,90L_10NL_3_1,1,1320,"('ns', 'ns', 'ns')",unses,unses
90L_10NL,3,90L_10NL_3_1,1,1320,"('ns', 'ns', 'ns')",unses,unses
90L_10NL,3,90L_10NL_3_1,1,1320,"('ns', 'ns', 'ns')",unses,unses
90L_10NL,3,90L_10NL_3_1,1,1320,"('ns', 'ns', 'ns')",unses,unses
90L_10NL,3,90L_10NL_3_1,1,1320,"('ns', 'ns', 'ns')",unses,unses
90L_10NL,3,90L_10NL_3_1,1,1320,"('ns', 'ns', 'ns')",unses,unses
90L_10NL,3,90L_10NL_3_1,1,1320,"('ns', 'ns', 'ns')",unses,unses
90L_10NL,3,90L_10NL_3_1,1,1320,"('ns', 'ns', 'ns')",unses,unses
90L_10NL,3,90L_10NL_3_1,1,1320,"('ns', 'ns', 'ns')",unses,unses
90L_10NL,3,90L_10NL_3_1,1,1320,"('ns', 'ns', 'ns')",unses,unses
90L_10NL,3,90L_10NL_3_1,1,1320,"('ns', 'ns', 'ns')",unses,unses
90L_10NL,3,90L_10NL_3_1,1,1320,"('ns', 'ns', 'ns')",unses,unses
90L_10NL,3,90L_10NL_3_1,1,1320,"('ns', 'ns', 'ns')",unses,unses
90L_10NL,3,90L_10NL_3_1,1,1320,"('ns', 'ns', 'ns')",unses,unses
90L_10NL,3,90L_10NL_3_1,1,1320,"('ns', 'ns', 'ns')",unses,unses
90L_10NL,3,90L_10NL_3_1,1,1320,"('ns', 'ns', 'ns')",unses,unses
90L_10NL,3,90L_10NL_3_1,1,1320,"('ns', 'ns', 'ns')",unses,unses
90L_10NL,3,90L_10NL_3_1,1,1320,"('ns', 'ns', 'ns')",unses,unses
90L_10NL,3,90L_10NL_3_1,1,1320,"('ns', 'ns', 'ns')",unses,unses
90L_10NL,3,90L_10NL_3_1,1,1320,"('ns', 'ns', 'ns')",unses,unses
90L_10NL,3,90L_10NL_3_1,1,1320,"('ns', 'ns', 'ns')",unses,unses
90L_10NL,3,90L_10NL_3_1,1,1320,"('ns', 'ns', 'ns')",unses,unses
90L_10NL,3,90L_10NL_3_1,1,1320,"('ns', 'ns', 'ns')",unses,unses
90L_10NL,3,90L_10NL_3_1,1,1320,"('ns', 'ns', 'ns')",unses,unses
90L_10NL,3,90L_10NL_3_1,1,1320,"('ns', 'ns', 'ns')",unses,unses
90L_10NL,3,90L_10NL_3_1,1,1320,"('ns', 'ns', 'ns')",unses,unses
90L_10NL,3,90L_10NL_3_1,1,1320,"('ns', 'ns', 'ns')",unses,unses
90L_10NL,3,90L_10NL_3_1,1,1320,"('ns', 'ns', 'ns')",unses,unses
90L_10NL,3,90L_10NL_3_1,1,1320,"('ns', 'ns', 'ns')",unses,unses
90L_10NL,3,90L_10NL_3_1,1,1320,"('ns', 'ns', 'ns')",unses,unses
90L_10NL,3,90L_10NL_3_1,1,1320,"('ns', 'ns', 'ns')",unses,unses
90L_10NL,3,90L_10NL_3_1,1,1320,"('ns', 'ns', 'ns')",unses,unses
90L_10NL,3,90L_10NL_3_1,1,1320,"('ns', 'ns', 'ns')",unses,unses
90L_10NL,3,90L_10NL_3_1,1,1320,"('ns', 'ns', 'ns')",unses,unses
90L_10NL,3,90L_10NL_3_1,1,1320,"('ns', 'ns', 'ns')",unses,unses
90L_10NL,3,90L_10NL_3_1,1,1320,"('ns', 'ns', 'ns')",unses,unses
90L_10NL,3,90L_10NL_3_1,1,1320,"('ns', 'ns', 'ns')",unses,unses
90L_10NL,3,90L_10NL_3_1,1,1320,"('ns', 'ns', 'ns')",unses,unses
90L_10NL,3,90L_10NL_3_1,1,1320,"('ns', 'ns', 'ns')",unses,unses
90L_10NL,3,90L_10NL_3_1,1,1320,"('ns', 'ns', 'ns')",unses,unses
90L_10NL,3,90L_10NL_3_1,1,1320,"('ns', 'ns', 'ns')",unses,unses
90L_10NL,3,90L_10NL_3_1,1,1320,"('ns', 'ns', 'ns')",unses,unses
90L_10NL,3,90L_10NL_3_1,1,1320,"('ns', 'ns', 'ns')",unses,unses
90L_10NL,3,90L_10NL_3_1,1,1320,"('ns', 'ns', 'ns')",unses,unses
90L_10NL,3,90L_10NL_3_1,0,1320,"('ns', 'ns', 'ns')",unsas,unses
90L_10NL,3,90L_10NL_3_1,1,1320,"('ns', 'ns', 'ns')",unses,unses
90L_10NL,3,90L_10NL_3_1,0,1320,"('ns', 'ns', 'ns')",unsas,unses
90L_10NL,3,90L_10NL_3_1,0,1320,"('ns', 'ns', 'ns')",unsas,unses
90L_10NL,3,90L_10NL_3_1,1,1320,"('ns', 'ns', 'ns')",unses,unses
90L_10NL,3,90L_10NL_3_1,1,1320,"('ns', 'ns', 'ns')",unses,unses
90L_10NL,3,90L_10NL_3_1,1,1320,"('ns', 'ns', 'ns')",unses,unses
90L_10NL,3,90L_10NL_3_1,1,1320,"('ns', 'ns', 'ns')",unses,unses
90L_10NL,3,90L_10NL_3_1,1,1320,"('ns', 'ns', 'ns')",unse,unse
90L_10NL,3,90L_10NL_3_1,1,1320,"('ns', 'ns', 'ns')",unse,unse
90L_10NL,3,90L_10NL_3_1,1,1320,"('ns', 'ns', 'ns')",unse,unse
90L_10NL,3,90L_10NL_3_1,1,1320,"('ns', 'ns', 'ns')",unse,unse
90L_10NL,3,90L_10NL_3_1,1,1320,"('ns', 'ns', 'ns')",unse,unse
90L_10NL,3,90L_10NL_3_1,1,1320,"('ns', 'ns', 'ns')",unse,unse
90L_10NL,3,90L_10NL_3_1,1,1320,"('ns', 'ns', 'ns')",unse,unse
90L_10NL,3,90L_10NL_3_1,1,1320,"('ns', 'ns', 'ns')",unse,unse
90L_10NL,3,90L_10NL_3_1,1,1320,"('ns', 'ns', 'ns')",unse,unse
90L_10NL,3,90L_10NL_3_1,1,1320,"('ns', 'ns', 'ns')",unse,unse
90L_10NL,3,90L_10NL_3_1,1,1320,"('ns', 'ns', 'ns')",unse,unse
90L_10NL,3,90L_10NL_3_1,1,1320,"('ns', 'ns', 'ns')",unse,unse
90L_10NL,3,90L_10NL_3_1,1,1320,"('ns', 'ns', 'ns')",unse,unse
90L_10NL,3,90L_10NL_3_1,1,1320,"('ns', 'ns', 'ns')",unse,unse
90L_10NL,3,90L_10NL_3_1,1,1320,"('ns', 'ns', 'ns')",unse,unse
90L_10NL,3,90L_10NL_3_1,1,1320,"('ns', 'ns', 'ns')",unse,unse
90L_10NL,3,90L_10NL_3_1,1,1320,"('ns', 'ns', 'ns')",unse,unse
90L_10NL,3,90L_10NL_3_1,1,1320,"('ns', 'ns', 'ns')",unse,unse
90L_10NL,3,90L_10NL_3_1,1,1320,"('ns', 'ns', 'ns')",unse,unse
90L_10NL,3,90L_10NL_3_1,1,1320,"('ns', 'ns', 'ns')",unse,unse
90L_10NL,3,90L_10NL_3_1,1,1320,"('ns', 'ns', 'ns')",unse,unse
90L_10NL,3,90L_10NL_3_1,1,1320,"('ns', 'ns', 'ns')",unse,unse
90L_10NL,3,90L_10NL_3_1,1,1320,"('ns', 'ns', 'ns')",unse,unse
90L_10NL,3,90L_10NL_3_1,1,1320,"('ns', 'ns', 'ns')",unse,unse
90L_10NL,3,90L_10NL_3_1,1,1320,"('ns', 'ns', 'ns')",unse,unse
90L_10NL,3,90L_10NL_3_1,1,1320,"('ns', 'ns', 'ns')",unse,unse
90L_10NL,3,90L_10NL_3_1,1,1320,"('ns', 'ns', 'ns')",unse,unse
90L_10NL,3,90L_10NL_3_1,1,1320,"('ns', 'ns', 'ns')",unse,unse
90L_10NL,3,90L_10NL_3_1,1,1320,"('ns', 'ns', 'ns')",unse,unse
90L_10NL,3,90L_10NL_3_1,1,1320,"('ns', 'ns', 'ns')",unse,unse
90L_10NL,3,90L_10NL_3_1,1,1320,"('ns', 'ns', 'ns')",unse,unse
90L_10NL,3,90L_10NL_3_1,1,1320,"('ns', 'ns', 'ns')",unse,unse
90L_10NL,3,90L_10NL_3_1,1,1320,"('ns', 'ns', 'ns')",unse,unse
90L_10NL,3,90L_10NL_3_1,1,1320,"('ns', 'ns', 'ns')",unse,unse
90L_10NL,3,90L_10NL_3_1,1,1320,"('ns', 'ns', 'ns')",unse,unse
90L_10NL,3,90L_10NL_3_1,1,1320,"('ns', 'ns', 'ns')",unse,unse
90L_10NL,3,90L_10NL_3_1,1,1320,"('ns', 'ns', 'ns')",unse,unse
90L_10NL,3,90L_10NL_3_1,1,1320,"('ns', 'ns', 'ns')",unse,unse
90L_10NL,3,90L_10NL_3_1,1,1320,"('ns', 'ns', 'ns')",unse,unse
90L_10NL,3,90L_10NL_3_1,1,1320,"('ns', 'ns', 'ns')",unse,unse
90L_10NL,3,90L_10NL_3_1,1,1320,"('ns', 'ns', 'ns')",unse,unse
90L_10NL,3,90L_10NL_3_1,1,1320,"('ns', 'ns', 'ns')",unse,unse
90L_10NL,3,90L_10NL_3_1,1,1320,"('ns', 'ns', 'ns')",unse,unse
90L_10NL,3,90L_10NL_3_1,1,1320,"('ns', 'ns', 'ns')",unse,unse
90L_10NL,3,90L_10NL_3_1,1,1320,"('ns', 'ns', 'ns')",unse,unse
90L_10NL,3,90L_10NL_3_1,1,1320,"('ns', 'ns', 'ns')",unse,unse
90L_10NL,3,90L_10NL_3_1,1,1320,"('ns', 'ns', 'ns')",unse,unse
90L_10NL,3,90L_10NL_3_1,1,1320,"('ns', 'ns', 'ns')",unse,unse
90L_10NL,3,90L_10NL_3_1,1,1320,"('ns', 'ns', 'ns')",unse,unse
90L_10NL,3,90L_10NL_3_1,1,1320,"('ns', 'ns', 'ns')",unse,unse
90L_10NL,3,90L_10NL_3_1,1,1320,"('ns', 'ns', 'ns')",unse,unse
90L_10NL,3,90L_10NL_3_1,1,1320,"('ns', 'ns', 'ns')",unse,unse
90L_10NL,3,90L_10NL_3_1,1,1320,"('ns', 'ns', 'ns')",unse,unse
90L_10NL,3,90L_10NL_3_1,1,1320,"('ns', 'ns', 'ns')",unse,unse
90L_10NL,3,90L_10NL_3_1,1,1320,"('ns', 'ns', 'ns')",unse,unse
90L_10NL,3,90L_10NL_3_1,1,1320,"('ns', 'ns', 'ns')",unsimos,unsimos
90L_10NL,3,90L_10NL_3_1,1,1320,"('ns', 'ns', 'ns')",unsimos,unsimos
90L_10NL,3,90L_10NL_3_1,1,1320,"('ns', 'ns', 'ns')",unsimos,unsimos
90L_10NL,3,90L_10NL_3_1,1,1320,"('ns', 'ns', 'ns')",unsimos,unsimos
90L_10NL,3,90L_10NL_3_1,1,1320,"('ns', 'ns', 'ns')",unsimos,unsimos
90L_10NL,3,90L_10NL_3_1,1,1320,"('ns', 'ns', 'ns')",unsimos,unsimos
90L_10NL,3,90L_10NL_3_1,1,1320,"('ns', 'ns', 'ns')",unsimos,unsimos
90L_10NL,3,90L_10NL_3_1,1,1320,"('ns', 'ns', 'ns')",unsimos,unsimos
90L_10NL,3,90L_10NL_3_1,1,1320,"('ns', 'ns', 'ns')",unsimos,unsimos
90L_10NL,3,90L_10NL_3_1,1,1320,"('ns', 'ns', 'ns')",unsimos,unsimos
90L_10NL,3,90L_10NL_3_1,1,1320,"('ns', 'ns', 'ns')",unsimos,unsimos
90L_10NL,3,90L_10NL_3_1,1,1320,"('ns', 'ns', 'ns')",unsimos,unsimos
90L_10NL,3,90L_10NL_3_1,1,1320,"('ns', 'ns', 'ns')",unsimos,unsimos
90L_10NL,3,90L_10NL_3_1,1,1320,"('ns', 'ns', 'ns')",unsimos,unsimos
90L_10NL,3,90L_10NL_3_1,1,1320,"('ns', 'ns', 'ns')",unsimos,unsimos
90L_10NL,3,90L_10NL_3_1,1,1320,"('ns', 'ns', 'ns')",unsimos,unsimos
90L_10NL,3,90L_10NL_3_1,1,1320,"('ns', 'ns', 'ns')",unsimos,unsimos
90L_10NL,3,90L_10NL_3_1,1,1320,"('ns', 'ns', 'ns')",unsimos,unsimos
90L_10NL,3,90L_10NL_3_1,1,1320,"('ns', 'ns', 'ns')",unsimos,unsimos
90L_10NL,3,90L_10NL_3_1,1,1320,"('ns', 'ns', 'ns')",unsimos,unsimos
90L_10NL,3,90L_10NL_3_1,1,1320,"('ns', 'ns', 'ns')",unsimos,unsimos
90L_10NL,3,90L_10NL_3_1,1,1320,"('ns', 'ns', 'ns')",unsimos,unsimos
90L_10NL,3,90L_10NL_3_1,1,1320,"('ns', 'ns', 'ns')",unsimos,unsimos
90L_10NL,3,90L_10NL_3_1,1,1320,"('ns', 'ns', 'ns')",unsimos,unsimos
90L_10NL,3,90L_10NL_3_1,1,1320,"('ns', 'ns', 'ns')",unsimos,unsimos
90L_10NL,3,90L_10NL_3_1,1,1320,"('ns', 'ns', 'ns')",unsimos,unsimos
90L_10NL,3,90L_10NL_3_1,1,1320,"('ns', 'ns', 'ns')",unsimos,unsimos
90L_10NL,3,90L_10NL_3_1,1,1320,"('ns', 'ns', 'ns')",unsimos,unsimos
90L_10NL,3,90L_10NL_3_1,0,1320,"('ns', 'ns', 'ns')",unsisamos,unsimos
90L_10NL,3,90L_10NL_3_1,1,1320,"('ns', 'ns', 'ns')",unsimos,unsimos
90L_10NL,3,90L_10NL_3_1,1,1320,"('ns', 'ns', 'ns')",unsimos,unsimos
90L_10NL,3,90L_10NL_3_1,1,1320,"('ns', 'ns', 'ns')",unsimos,unsimos
90L_10NL,3,90L_10NL_3_1,1,1320,"('ns', 'ns', 'ns')",unsimos,unsimos
90L_10NL,3,90L_10NL_3_1,1,1320,"('ns', 'ns', 'ns')",unsimos,unsimos
90L_10NL,3,90L_10NL_3_1,1,1320,"('ns', 'ns', 'ns')",unsimos,unsimos
90L_10NL,3,90L_10NL_3_1,1,1320,"('ns', 'ns', 'ns')",unsimos,unsimos
90L_10NL,3,90L_10NL_3_1,1,1320,"('ns', 'ns', 'ns')",unsimos,unsimos
90L_10NL,3,90L_10NL_3_1,1,1320,"('ns', 'ns', 'ns')",unsimos,unsimos
90L_10NL,3,90L_10NL_3_1,1,1320,"('ns', 'ns', 'ns')",unsimos,unsimos
90L_10NL,3,90L_10NL_3_1,1,1320,"('ns', 'ns', 'ns')",unsimos,unsimos
90L_10NL,3,90L_10NL_3_1,1,1320,"('ns', 'ns', 'ns')",unsimos,unsimos
90L_10NL,3,90L_10NL_3_1,1,1320,"('ns', 'ns', 'ns')",unsimos,unsimos
90L_10NL,3,90L_10NL_3_1,1,1320,"('ns', 'ns', 'ns')",unsimos,unsimos
90L_10NL,3,90L_10NL_3_1,1,1320,"('ns', 'ns', 'ns')",unsimos,unsimos
90L_10NL,3,90L_10NL_3_1,1,1320,"('ns', 'ns', 'ns')",unsimos,unsimos
90L_10NL,3,90L_10NL_3_1,1,1320,"('ns', 'ns', 'ns')",unsimos,unsimos
90L_10NL,3,90L_10NL_3_1,1,1320,"('ns', 'ns', 'ns')",unsimos,unsimos
90L_10NL,3,90L_10NL_3_1,1,1320,"('ns', 'ns', 'ns')",unsimos,unsimos
90L_10NL,3,90L_10NL_3_1,1,1320,"('ns', 'ns', 'ns')",unsimos,unsimos
90L_10NL,3,90L_10NL_3_1,1,1320,"('ns', 'ns', 'ns')",unsimos,unsimos
90L_10NL,3,90L_10NL_3_1,1,1320,"('ns', 'ns', 'ns')",unsimos,unsimos
90L_10NL,3,90L_10NL_3_1,1,1320,"('ns', 'ns', 'ns')",unsimos,unsimos
90L_10NL,3,90L_10NL_3_1,1,1320,"('ns', 'ns', 'ns')",unsimos,unsimos
90L_10NL,3,90L_10NL_3_1,1,1320,"('ns', 'ns', 'ns')",unsimos,unsimos
90L_10NL,3,90L_10NL_3_1,1,1320,"('ns', 'ns', 'ns')",unsimos,unsimos
90L_10NL,3,90L_10NL_3_1,1,1320,"('ns', 'ns', 'ns')",unsis,unsis
90L_10NL,3,90L_10NL_3_1,1,1320,"('ns', 'ns', 'ns')",unsis,unsis
90L_10NL,3,90L_10NL_3_1,1,1320,"('ns', 'ns', 'ns')",unsis,unsis
90L_10NL,3,90L_10NL_3_1,1,1320,"('ns', 'ns', 'ns')",unsis,unsis
90L_10NL,3,90L_10NL_3_1,1,1320,"('ns', 'ns', 'ns')",unsis,unsis
90L_10NL,3,90L_10NL_3_1,1,1320,"('ns', 'ns', 'ns')",unsis,unsis
90L_10NL,3,90L_10NL_3_1,1,1320,"('ns', 'ns', 'ns')",unsis,unsis
90L_10NL,3,90L_10NL_3_1,1,1320,"('ns', 'ns', 'ns')",unsis,unsis
90L_10NL,3,90L_10NL_3_1,1,1320,"('ns', 'ns', 'ns')",unsis,unsis
90L_10NL,3,90L_10NL_3_1,1,1320,"('ns', 'ns', 'ns')",unsis,unsis
90L_10NL,3,90L_10NL_3_1,1,1320,"('ns', 'ns', 'ns')",unsis,unsis
90L_10NL,3,90L_10NL_3_1,1,1320,"('ns', 'ns', 'ns')",unsis,unsis
90L_10NL,3,90L_10NL_3_1,1,1320,"('ns', 'ns', 'ns')",unsis,unsis
90L_10NL,3,90L_10NL_3_1,1,1320,"('ns', 'ns', 'ns')",unsis,unsis
90L_10NL,3,90L_10NL_3_1,1,1320,"('ns', 'ns', 'ns')",unsis,unsis
90L_10NL,3,90L_10NL_3_1,1,1320,"('ns', 'ns', 'ns')",unsis,unsis
90L_10NL,3,90L_10NL_3_1,1,1320,"('ns', 'ns', 'ns')",unsis,unsis
90L_10NL,3,90L_10NL_3_1,1,1320,"('ns', 'ns', 'ns')",unsis,unsis
90L_10NL,3,90L_10NL_3_1,1,1320,"('ns', 'ns', 'ns')",unsis,unsis
90L_10NL,3,90L_10NL_3_1,1,1320,"('ns', 'ns', 'ns')",unsis,unsis
90L_10NL,3,90L_10NL_3_1,1,1320,"('ns', 'ns', 'ns')",unsis,unsis
90L_10NL,3,90L_10NL_3_1,1,1320,"('ns', 'ns', 'ns')",unsis,unsis
90L_10NL,3,90L_10NL_3_1,1,1320,"('ns', 'ns', 'ns')",unsis,unsis
90L_10NL,3,90L_10NL_3_1,1,1320,"('ns', 'ns', 'ns')",unsis,unsis
90L_10NL,3,90L_10NL_3_1,1,1320,"('ns', 'ns', 'ns')",unsis,unsis
90L_10NL,3,90L_10NL_3_1,1,1320,"('ns', 'ns', 'ns')",unsis,unsis
90L_10NL,3,90L_10NL_3_1,1,1320,"('ns', 'ns', 'ns')",unsis,unsis
90L_10NL,3,90L_10NL_3_1,1,1320,"('ns', 'ns', 'ns')",unsis,unsis
90L_10NL,3,90L_10NL_3_1,1,1320,"('ns', 'ns', 'ns')",unsis,unsis
90L_10NL,3,90L_10NL_3_1,1,1320,"('ns', 'ns', 'ns')",unsis,unsis
90L_10NL,3,90L_10NL_3_1,1,1320,"('ns', 'ns', 'ns')",unsis,unsis
90L_10NL,3,90L_10NL_3_1,1,1320,"('ns', 'ns', 'ns')",unsis,unsis
90L_10NL,3,90L_10NL_3_1,1,1320,"('ns', 'ns', 'ns')",unsis,unsis
90L_10NL,3,90L_10NL_3_1,1,1320,"('ns', 'ns', 'ns')",unsis,unsis
90L_10NL,3,90L_10NL_3_1,1,1320,"('ns', 'ns', 'ns')",unsis,unsis
90L_10NL,3,90L_10NL_3_1,1,1320,"('ns', 'ns', 'ns')",unsis,unsis
90L_10NL,3,90L_10NL_3_1,1,1320,"('ns', 'ns', 'ns')",unsis,unsis
90L_10NL,3,90L_10NL_3_1,1,1320,"('ns', 'ns', 'ns')",unsis,unsis
90L_10NL,3,90L_10NL_3_1,1,1320,"('ns', 'ns', 'ns')",unsis,unsis
90L_10NL,3,90L_10NL_3_1,1,1320,"('ns', 'ns', 'ns')",unsis,unsis
90L_10NL,3,90L_10NL_3_1,1,1320,"('ns', 'ns', 'ns')",unsis,unsis
90L_10NL,3,90L_10NL_3_1,1,1320,"('ns', 'ns', 'ns')",unsis,unsis
90L_10NL,3,90L_10NL_3_1,1,1320,"('ns', 'ns', 'ns')",unsis,unsis
90L_10NL,3,90L_10NL_3_1,1,1320,"('ns', 'ns', 'ns')",unsis,unsis
90L_10NL,3,90L_10NL_3_1,1,1320,"('ns', 'ns', 'ns')",unsis,unsis
90L_10NL,3,90L_10NL_3_1,1,1320,"('ns', 'ns', 'ns')",unsis,unsis
90L_10NL,3,90L_10NL_3_1,1,1320,"('ns', 'ns', 'ns')",unsis,unsis
90L_10NL,3,90L_10NL_3_1,1,1320,"('ns', 'ns', 'ns')",unsis,unsis
90L_10NL,3,90L_10NL_3_1,1,1320,"('ns', 'ns', 'ns')",unsis,unsis
90L_10NL,3,90L_10NL_3_1,1,1320,"('ns', 'ns', 'ns')",unsis,unsis
90L_10NL,3,90L_10NL_3_1,1,1320,"('ns', 'ns', 'ns')",unsis,unsis
90L_10NL,3,90L_10NL_3_1,1,1320,"('ns', 'ns', 'ns')",unsis,unsis
90L_10NL,3,90L_10NL_3_1,1,1320,"('ns', 'ns', 'ns')",unsis,unsis
90L_10NL,3,90L_10NL_3_1,1,1320,"('ns', 'ns', 'ns')",unsis,unsis
90L_10NL,3,90L_10NL_3_1,1,1320,"('ns', 'ns', 'ns')",unsis,unsis
90L_10NL,3,90L_10NL_3_1,1,1320,"('ns', 'ns', 'ns')",unsajs,unsajs
90L_10NL,3,90L_10NL_3_1,1,1320,"('ns', 'ns', 'ns')",unsajs,unsajs
90L_10NL,3,90L_10NL_3_1,1,1320,"('ns', 'ns', 'ns')",unsajs,unsajs
90L_10NL,3,90L_10NL_3_1,1,1320,"('ns', 'ns', 'ns')",unsajs,unsajs
90L_10NL,3,90L_10NL_3_1,1,1320,"('ns', 'ns', 'ns')",unsajs,unsajs
90L_10NL,3,90L_10NL_3_1,1,1320,"('ns', 'ns', 'ns')",unsajs,unsajs
90L_10NL,3,90L_10NL_3_1,1,1320,"('ns', 'ns', 'ns')",unsajs,unsajs
90L_10NL,3,90L_10NL_3_1,1,1320,"('ns', 'ns', 'ns')",unsajs,unsajs
90L_10NL,3,90L_10NL_3_1,1,1320,"('ns', 'ns', 'ns')",unsajs,unsajs
90L_10NL,3,90L_10NL_3_1,1,1320,"('ns', 'ns', 'ns')",unsajs,unsajs
90L_10NL,3,90L_10NL_3_1,1,1320,"('ns', 'ns', 'ns')",unsajs,unsajs
90L_10NL,3,90L_10NL_3_1,1,1320,"('ns', 'ns', 'ns')",unsajs,unsajs
90L_10NL,3,90L_10NL_3_1,1,1320,"('ns', 'ns', 'ns')",unsajs,unsajs
90L_10NL,3,90L_10NL_3_1,1,1320,"('ns', 'ns', 'ns')",unsajs,unsajs
90L_10NL,3,90L_10NL_3_1,1,1320,"('ns', 'ns', 'ns')",unsajs,unsajs
90L_10NL,3,90L_10NL_3_1,1,1320,"('ns', 'ns', 'ns')",unsajs,unsajs
90L_10NL,3,90L_10NL_3_1,1,1320,"('ns', 'ns', 'ns')",unsajs,unsajs
90L_10NL,3,90L_10NL_3_1,1,1320,"('ns', 'ns', 'ns')",unsajs,unsajs
90L_10NL,3,90L_10NL_3_1,1,1320,"('ns', 'ns', 'ns')",unsajs,unsajs
90L_10NL,3,90L_10NL_3_1,1,1320,"('ns', 'ns', 'ns')",unsajs,unsajs
90L_10NL,3,90L_10NL_3_1,1,1320,"('ns', 'ns', 'ns')",unsajs,unsajs
90L_10NL,3,90L_10NL_3_1,1,1320,"('ns', 'ns', 'ns')",unsajs,unsajs
90L_10NL,3,90L_10NL_3_1,1,1320,"('ns', 'ns', 'ns')",unsajs,unsajs
90L_10NL,3,90L_10NL_3_1,1,1320,"('ns', 'ns', 'ns')",unsajs,unsajs
90L_10NL,3,90L_10NL_3_1,1,1320,"('ns', 'ns', 'ns')",unsajs,unsajs
90L_10NL,3,90L_10NL_3_1,1,1320,"('ns', 'ns', 'ns')",unsajs,unsajs
90L_10NL,3,90L_10NL_3_1,1,1320,"('ns', 'ns', 'ns')",unsajs,unsajs
90L_10NL,3,90L_10NL_3_1,0,1320,"('ns', 'ns', 'ns')",unsisejs,unsajs
90L_10NL,3,90L_10NL_3_1,1,1320,"('ns', 'ns', 'ns')",unsajs,unsajs
90L_10NL,3,90L_10NL_3_1,1,1320,"('ns', 'ns', 'ns')",unsajs,unsajs
90L_10NL,3,90L_10NL_3_1,1,1320,"('ns', 'ns', 'ns')",unsajs,unsajs
90L_10NL,3,90L_10NL_3_1,1,1320,"('ns', 'ns', 'ns')",unsajs,unsajs
90L_10NL,3,90L_10NL_3_1,1,1320,"('ns', 'ns', 'ns')",unsajs,unsajs
90L_10NL,3,90L_10NL_3_1,1,1320,"('ns', 'ns', 'ns')",unsajs,unsajs
90L_10NL,3,90L_10NL_3_1,1,1320,"('ns', 'ns', 'ns')",unsajs,unsajs
90L_10NL,3,90L_10NL_3_1,1,1320,"('ns', 'ns', 'ns')",unsajs,unsajs
90L_10NL,3,90L_10NL_3_1,1,1320,"('ns', 'ns', 'ns')",unsajs,unsajs
90L_10NL,3,90L_10NL_3_1,1,1320,"('ns', 'ns', 'ns')",unsajs,unsajs
90L_10NL,3,90L_10NL_3_1,1,1320,"('ns', 'ns', 'ns')",unsajs,unsajs
90L_10NL,3,90L_10NL_3_1,1,1320,"('ns', 'ns', 'ns')",unsajs,unsajs
90L_10NL,3,90L_10NL_3_1,0,1320,"('ns', 'ns', 'ns')",unsajɡajs,unsajs
90L_10NL,3,90L_10NL_3_1,1,1320,"('ns', 'ns', 'ns')",unsajs,unsajs
90L_10NL,3,90L_10NL_3_1,1,1320,"('ns', 'ns', 'ns')",unsajs,unsajs
90L_10NL,3,90L_10NL_3_1,0,1320,"('ns', 'ns', 'ns')",unsajɡajs,unsajs
90L_10NL,3,90L_10NL_3_1,1,1320,"('ns', 'ns', 'ns')",unsajs,unsajs
90L_10NL,3,90L_10NL_3_1,1,1320,"('ns', 'ns', 'ns')",unsajs,unsajs
90L_10NL,3,90L_10NL_3_1,1,1320,"('ns', 'ns', 'ns')",unsajs,unsajs
90L_10NL,3,90L_10NL_3_1,1,1320,"('ns', 'ns', 'ns')",unsajs,unsajs
90L_10NL,3,90L_10NL_3_1,1,1320,"('ns', 'ns', 'ns')",unsajs,unsajs
90L_10NL,3,90L_10NL_3_1,1,1320,"('ns', 'ns', 'ns')",unsajs,unsajs
90L_10NL,3,90L_10NL_3_1,1,1320,"('ns', 'ns', 'ns')",unsajs,unsajs
90L_10NL,3,90L_10NL_3_1,1,1320,"('ns', 'ns', 'ns')",unsajs,unsajs
90L_10NL,3,90L_10NL_3_1,1,1320,"('ns', 'ns', 'ns')",unsajs,unsajs
90L_10NL,3,90L_10NL_3_1,1,1320,"('ns', 'ns', 'ns')",unsajs,unsajs
90L_10NL,3,90L_10NL_3_1,1,1320,"('ns', 'ns', 'ns')",unsajs,unsajs
90L_10NL,3,90L_10NL_3_1,1,1320,"('ns', 'ns', 'ns')",unsamos,unsamos
90L_10NL,3,90L_10NL_3_1,1,1320,"('ns', 'ns', 'ns')",unsamos,unsamos
90L_10NL,3,90L_10NL_3_1,1,1320,"('ns', 'ns', 'ns')",unsamos,unsamos
90L_10NL,3,90L_10NL_3_1,1,1320,"('ns', 'ns', 'ns')",unsamos,unsamos
90L_10NL,3,90L_10NL_3_1,1,1320,"('ns', 'ns', 'ns')",unsamos,unsamos
90L_10NL,3,90L_10NL_3_1,1,1320,"('ns', 'ns', 'ns')",unsamos,unsamos
90L_10NL,3,90L_10NL_3_1,1,1320,"('ns', 'ns', 'ns')",unsamos,unsamos
90L_10NL,3,90L_10NL_3_1,1,1320,"('ns', 'ns', 'ns')",unsamos,unsamos
90L_10NL,3,90L_10NL_3_1,1,1320,"('ns', 'ns', 'ns')",unsamos,unsamos
90L_10NL,3,90L_10NL_3_1,1,1320,"('ns', 'ns', 'ns')",unsamos,unsamos
90L_10NL,3,90L_10NL_3_1,1,1320,"('ns', 'ns', 'ns')",unsamos,unsamos
90L_10NL,3,90L_10NL_3_1,1,1320,"('ns', 'ns', 'ns')",unsamos,unsamos
90L_10NL,3,90L_10NL_3_1,1,1320,"('ns', 'ns', 'ns')",unsamos,unsamos
90L_10NL,3,90L_10NL_3_1,1,1320,"('ns', 'ns', 'ns')",unsamos,unsamos
90L_10NL,3,90L_10NL_3_1,1,1320,"('ns', 'ns', 'ns')",unsamos,unsamos
90L_10NL,3,90L_10NL_3_1,1,1320,"('ns', 'ns', 'ns')",unsamos,unsamos
90L_10NL,3,90L_10NL_3_1,1,1320,"('ns', 'ns', 'ns')",unsamos,unsamos
90L_10NL,3,90L_10NL_3_1,1,1320,"('ns', 'ns', 'ns')",unsamos,unsamos
90L_10NL,3,90L_10NL_3_1,1,1320,"('ns', 'ns', 'ns')",unsamos,unsamos
90L_10NL,3,90L_10NL_3_1,1,1320,"('ns', 'ns', 'ns')",unsamos,unsamos
90L_10NL,3,90L_10NL_3_1,1,1320,"('ns', 'ns', 'ns')",unsamos,unsamos
90L_10NL,3,90L_10NL_3_1,1,1320,"('ns', 'ns', 'ns')",unsamos,unsamos
90L_10NL,3,90L_10NL_3_1,1,1320,"('ns', 'ns', 'ns')",unsamos,unsamos
90L_10NL,3,90L_10NL_3_1,1,1320,"('ns', 'ns', 'ns')",unsamos,unsamos
90L_10NL,3,90L_10NL_3_1,1,1320,"('ns', 'ns', 'ns')",unsamos,unsamos
90L_10NL,3,90L_10NL_3_1,1,1320,"('ns', 'ns', 'ns')",unsamos,unsamos
90L_10NL,3,90L_10NL_3_1,1,1320,"('ns', 'ns', 'ns')",unsamos,unsamos
90L_10NL,3,90L_10NL_3_1,0,1320,"('ns', 'ns', 'ns')",unsisemos,unsamos
90L_10NL,3,90L_10NL_3_1,0,1320,"('ns', 'ns', 'ns')",unsisemos,unsamos
90L_10NL,3,90L_10NL_3_1,1,1320,"('ns', 'ns', 'ns')",unsamos,unsamos
90L_10NL,3,90L_10NL_3_1,1,1320,"('ns', 'ns', 'ns')",unsamos,unsamos
90L_10NL,3,90L_10NL_3_1,1,1320,"('ns', 'ns', 'ns')",unsamos,unsamos
90L_10NL,3,90L_10NL_3_1,1,1320,"('ns', 'ns', 'ns')",unsamos,unsamos
90L_10NL,3,90L_10NL_3_1,1,1320,"('ns', 'ns', 'ns')",unsamos,unsamos
90L_10NL,3,90L_10NL_3_1,1,1320,"('ns', 'ns', 'ns')",unsamos,unsamos
90L_10NL,3,90L_10NL_3_1,1,1320,"('ns', 'ns', 'ns')",unsamos,unsamos
90L_10NL,3,90L_10NL_3_1,1,1320,"('ns', 'ns', 'ns')",unsamos,unsamos
90L_10NL,3,90L_10NL_3_1,1,1320,"('ns', 'ns', 'ns')",unsamos,unsamos
90L_10NL,3,90L_10NL_3_1,1,1320,"('ns', 'ns', 'ns')",unsamos,unsamos
90L_10NL,3,90L_10NL_3_1,1,1320,"('ns', 'ns', 'ns')",unsamos,unsamos
90L_10NL,3,90L_10NL_3_1,1,1320,"('ns', 'ns', 'ns')",unsamos,unsamos
90L_10NL,3,90L_10NL_3_1,1,1320,"('ns', 'ns', 'ns')",unsamos,unsamos
90L_10NL,3,90L_10NL_3_1,1,1320,"('ns', 'ns', 'ns')",unsamos,unsamos
90L_10NL,3,90L_10NL_3_1,1,1320,"('ns', 'ns', 'ns')",unsamos,unsamos
90L_10NL,3,90L_10NL_3_1,1,1320,"('ns', 'ns', 'ns')",unsamos,unsamos
90L_10NL,3,90L_10NL_3_1,1,1320,"('ns', 'ns', 'ns')",unsamos,unsamos
90L_10NL,3,90L_10NL_3_1,1,1320,"('ns', 'ns', 'ns')",unsamos,unsamos
90L_10NL,3,90L_10NL_3_1,1,1320,"('ns', 'ns', 'ns')",unsamos,unsamos
90L_10NL,3,90L_10NL_3_1,1,1320,"('ns', 'ns', 'ns')",unsamos,unsamos
90L_10NL,3,90L_10NL_3_1,1,1320,"('ns', 'ns', 'ns')",unsamos,unsamos
90L_10NL,3,90L_10NL_3_1,1,1320,"('ns', 'ns', 'ns')",unsamos,unsamos
90L_10NL,3,90L_10NL_3_1,1,1320,"('ns', 'ns', 'ns')",unsamos,unsamos
90L_10NL,3,90L_10NL_3_1,1,1320,"('ns', 'ns', 'ns')",unsamos,unsamos
90L_10NL,3,90L_10NL_3_1,1,1320,"('ns', 'ns', 'ns')",unsamos,unsamos
90L_10NL,3,90L_10NL_3_1,1,1320,"('ns', 'ns', 'ns')",unsamos,unsamos
90L_10NL,3,90L_10NL_3_1,1,1320,"('ns', 'ns', 'ns')",unsan,unsan
90L_10NL,3,90L_10NL_3_1,1,1320,"('ns', 'ns', 'ns')",unsan,unsan
90L_10NL,3,90L_10NL_3_1,1,1320,"('ns', 'ns', 'ns')",unsan,unsan
90L_10NL,3,90L_10NL_3_1,1,1320,"('ns', 'ns', 'ns')",unsan,unsan
90L_10NL,3,90L_10NL_3_1,1,1320,"('ns', 'ns', 'ns')",unsan,unsan
90L_10NL,3,90L_10NL_3_1,1,1320,"('ns', 'ns', 'ns')",unsan,unsan
90L_10NL,3,90L_10NL_3_1,1,1320,"('ns', 'ns', 'ns')",unsan,unsan
90L_10NL,3,90L_10NL_3_1,1,1320,"('ns', 'ns', 'ns')",unsan,unsan
90L_10NL,3,90L_10NL_3_1,1,1320,"('ns', 'ns', 'ns')",unsan,unsan
90L_10NL,3,90L_10NL_3_1,1,1320,"('ns', 'ns', 'ns')",unsan,unsan
90L_10NL,3,90L_10NL_3_1,1,1320,"('ns', 'ns', 'ns')",unsan,unsan
90L_10NL,3,90L_10NL_3_1,1,1320,"('ns', 'ns', 'ns')",unsan,unsan
90L_10NL,3,90L_10NL_3_1,1,1320,"('ns', 'ns', 'ns')",unsan,unsan
90L_10NL,3,90L_10NL_3_1,1,1320,"('ns', 'ns', 'ns')",unsan,unsan
90L_10NL,3,90L_10NL_3_1,1,1320,"('ns', 'ns', 'ns')",unsan,unsan
90L_10NL,3,90L_10NL_3_1,1,1320,"('ns', 'ns', 'ns')",unsan,unsan
90L_10NL,3,90L_10NL_3_1,1,1320,"('ns', 'ns', 'ns')",unsan,unsan
90L_10NL,3,90L_10NL_3_1,1,1320,"('ns', 'ns', 'ns')",unsan,unsan
90L_10NL,3,90L_10NL_3_1,1,1320,"('ns', 'ns', 'ns')",unsan,unsan
90L_10NL,3,90L_10NL_3_1,1,1320,"('ns', 'ns', 'ns')",unsan,unsan
90L_10NL,3,90L_10NL_3_1,1,1320,"('ns', 'ns', 'ns')",unsan,unsan
90L_10NL,3,90L_10NL_3_1,1,1320,"('ns', 'ns', 'ns')",unsan,unsan
90L_10NL,3,90L_10NL_3_1,1,1320,"('ns', 'ns', 'ns')",unsan,unsan
90L_10NL,3,90L_10NL_3_1,1,1320,"('ns', 'ns', 'ns')",unsan,unsan
90L_10NL,3,90L_10NL_3_1,1,1320,"('ns', 'ns', 'ns')",unsan,unsan
90L_10NL,3,90L_10NL_3_1,1,1320,"('ns', 'ns', 'ns')",unsan,unsan
90L_10NL,3,90L_10NL_3_1,1,1320,"('ns', 'ns', 'ns')",unsan,unsan
90L_10NL,3,90L_10NL_3_1,1,1320,"('ns', 'ns', 'ns')",unsan,unsan
90L_10NL,3,90L_10NL_3_1,1,1320,"('ns', 'ns', 'ns')",unsan,unsan
90L_10NL,3,90L_10NL_3_1,1,1320,"('ns', 'ns', 'ns')",unsan,unsan
90L_10NL,3,90L_10NL_3_1,1,1320,"('ns', 'ns', 'ns')",unsan,unsan
90L_10NL,3,90L_10NL_3_1,1,1320,"('ns', 'ns', 'ns')",unsan,unsan
90L_10NL,3,90L_10NL_3_1,1,1320,"('ns', 'ns', 'ns')",unsan,unsan
90L_10NL,3,90L_10NL_3_1,1,1320,"('ns', 'ns', 'ns')",unsan,unsan
90L_10NL,3,90L_10NL_3_1,1,1320,"('ns', 'ns', 'ns')",unsan,unsan
90L_10NL,3,90L_10NL_3_1,1,1320,"('ns', 'ns', 'ns')",unsan,unsan
90L_10NL,3,90L_10NL_3_1,1,1320,"('ns', 'ns', 'ns')",unsan,unsan
90L_10NL,3,90L_10NL_3_1,1,1320,"('ns', 'ns', 'ns')",unsan,unsan
90L_10NL,3,90L_10NL_3_1,1,1320,"('ns', 'ns', 'ns')",unsan,unsan
90L_10NL,3,90L_10NL_3_1,1,1320,"('ns', 'ns', 'ns')",unsan,unsan
90L_10NL,3,90L_10NL_3_1,1,1320,"('ns', 'ns', 'ns')",unsan,unsan
90L_10NL,3,90L_10NL_3_1,1,1320,"('ns', 'ns', 'ns')",unsan,unsan
90L_10NL,3,90L_10NL_3_1,1,1320,"('ns', 'ns', 'ns')",unsan,unsan
90L_10NL,3,90L_10NL_3_1,1,1320,"('ns', 'ns', 'ns')",unsan,unsan
90L_10NL,3,90L_10NL_3_1,1,1320,"('ns', 'ns', 'ns')",unsan,unsan
90L_10NL,3,90L_10NL_3_1,1,1320,"('ns', 'ns', 'ns')",unsan,unsan
90L_10NL,3,90L_10NL_3_1,1,1320,"('ns', 'ns', 'ns')",unsan,unsan
90L_10NL,3,90L_10NL_3_1,1,1320,"('ns', 'ns', 'ns')",unsan,unsan
90L_10NL,3,90L_10NL_3_1,1,1320,"('ns', 'ns', 'ns')",unsan,unsan
90L_10NL,3,90L_10NL_3_1,1,1320,"('ns', 'ns', 'ns')",unsan,unsan
90L_10NL,3,90L_10NL_3_1,1,1320,"('ns', 'ns', 'ns')",unsan,unsan
90L_10NL,3,90L_10NL_3_1,1,1320,"('ns', 'ns', 'ns')",unsan,unsan
90L_10NL,3,90L_10NL_3_1,1,1320,"('ns', 'ns', 'ns')",unsan,unsan
90L_10NL,3,90L_10NL_3_1,1,1320,"('ns', 'ns', 'ns')",unsan,unsan
90L_10NL,3,90L_10NL_3_1,1,1320,"('ns', 'ns', 'ns')",unsan,unsan
90L_10NL,3,90L_10NL_3_1,1,1320,"('ns', 'ns', 'ns')",unsas,unsas
90L_10NL,3,90L_10NL_3_1,1,1320,"('ns', 'ns', 'ns')",unsas,unsas
90L_10NL,3,90L_10NL_3_1,1,1320,"('ns', 'ns', 'ns')",unsas,unsas
90L_10NL,3,90L_10NL_3_1,1,1320,"('ns', 'ns', 'ns')",unsas,unsas
90L_10NL,3,90L_10NL_3_1,1,1320,"('ns', 'ns', 'ns')",unsas,unsas
90L_10NL,3,90L_10NL_3_1,1,1320,"('ns', 'ns', 'ns')",unsas,unsas
90L_10NL,3,90L_10NL_3_1,1,1320,"('ns', 'ns', 'ns')",unsas,unsas
90L_10NL,3,90L_10NL_3_1,1,1320,"('ns', 'ns', 'ns')",unsas,unsas
90L_10NL,3,90L_10NL_3_1,1,1320,"('ns', 'ns', 'ns')",unsas,unsas
90L_10NL,3,90L_10NL_3_1,1,1320,"('ns', 'ns', 'ns')",unsas,unsas
90L_10NL,3,90L_10NL_3_1,1,1320,"('ns', 'ns', 'ns')",unsas,unsas
90L_10NL,3,90L_10NL_3_1,1,1320,"('ns', 'ns', 'ns')",unsas,unsas
90L_10NL,3,90L_10NL_3_1,1,1320,"('ns', 'ns', 'ns')",unsas,unsas
90L_10NL,3,90L_10NL_3_1,1,1320,"('ns', 'ns', 'ns')",unsas,unsas
90L_10NL,3,90L_10NL_3_1,1,1320,"('ns', 'ns', 'ns')",unsas,unsas
90L_10NL,3,90L_10NL_3_1,1,1320,"('ns', 'ns', 'ns')",unsas,unsas
90L_10NL,3,90L_10NL_3_1,1,1320,"('ns', 'ns', 'ns')",unsas,unsas
90L_10NL,3,90L_10NL_3_1,1,1320,"('ns', 'ns', 'ns')",unsas,unsas
90L_10NL,3,90L_10NL_3_1,1,1320,"('ns', 'ns', 'ns')",unsas,unsas
90L_10NL,3,90L_10NL_3_1,1,1320,"('ns', 'ns', 'ns')",unsas,unsas
90L_10NL,3,90L_10NL_3_1,1,1320,"('ns', 'ns', 'ns')",unsas,unsas
90L_10NL,3,90L_10NL_3_1,1,1320,"('ns', 'ns', 'ns')",unsas,unsas
90L_10NL,3,90L_10NL_3_1,1,1320,"('ns', 'ns', 'ns')",unsas,unsas
90L_10NL,3,90L_10NL_3_1,1,1320,"('ns', 'ns', 'ns')",unsas,unsas
90L_10NL,3,90L_10NL_3_1,1,1320,"('ns', 'ns', 'ns')",unsas,unsas
90L_10NL,3,90L_10NL_3_1,1,1320,"('ns', 'ns', 'ns')",unsas,unsas
90L_10NL,3,90L_10NL_3_1,1,1320,"('ns', 'ns', 'ns')",unsas,unsas
90L_10NL,3,90L_10NL_3_1,1,1320,"('ns', 'ns', 'ns')",unsas,unsas
90L_10NL,3,90L_10NL_3_1,1,1320,"('ns', 'ns', 'ns')",unsas,unsas
90L_10NL,3,90L_10NL_3_1,1,1320,"('ns', 'ns', 'ns')",unsas,unsas
90L_10NL,3,90L_10NL_3_1,1,1320,"('ns', 'ns', 'ns')",unsas,unsas
90L_10NL,3,90L_10NL_3_1,1,1320,"('ns', 'ns', 'ns')",unsas,unsas
90L_10NL,3,90L_10NL_3_1,1,1320,"('ns', 'ns', 'ns')",unsas,unsas
90L_10NL,3,90L_10NL_3_1,1,1320,"('ns', 'ns', 'ns')",unsas,unsas
90L_10NL,3,90L_10NL_3_1,1,1320,"('ns', 'ns', 'ns')",unsas,unsas
90L_10NL,3,90L_10NL_3_1,1,1320,"('ns', 'ns', 'ns')",unsas,unsas
90L_10NL,3,90L_10NL_3_1,1,1320,"('ns', 'ns', 'ns')",unsas,unsas
90L_10NL,3,90L_10NL_3_1,1,1320,"('ns', 'ns', 'ns')",unsas,unsas
90L_10NL,3,90L_10NL_3_1,1,1320,"('ns', 'ns', 'ns')",unsas,unsas
90L_10NL,3,90L_10NL_3_1,1,1320,"('ns', 'ns', 'ns')",unsas,unsas
90L_10NL,3,90L_10NL_3_1,1,1320,"('ns', 'ns', 'ns')",unsas,unsas
90L_10NL,3,90L_10NL_3_1,1,1320,"('ns', 'ns', 'ns')",unsas,unsas
90L_10NL,3,90L_10NL_3_1,1,1320,"('ns', 'ns', 'ns')",unsas,unsas
90L_10NL,3,90L_10NL_3_1,1,1320,"('ns', 'ns', 'ns')",unsas,unsas
90L_10NL,3,90L_10NL_3_1,1,1320,"('ns', 'ns', 'ns')",unsas,unsas
90L_10NL,3,90L_10NL_3_1,1,1320,"('ns', 'ns', 'ns')",unsas,unsas
90L_10NL,3,90L_10NL_3_1,1,1320,"('ns', 'ns', 'ns')",unsas,unsas
90L_10NL,3,90L_10NL_3_1,1,1320,"('ns', 'ns', 'ns')",unsas,unsas
90L_10NL,3,90L_10NL_3_1,1,1320,"('ns', 'ns', 'ns')",unsas,unsas
90L_10NL,3,90L_10NL_3_1,1,1320,"('ns', 'ns', 'ns')",unsas,unsas
90L_10NL,3,90L_10NL_3_1,1,1320,"('ns', 'ns', 'ns')",unsas,unsas
90L_10NL,3,90L_10NL_3_1,1,1320,"('ns', 'ns', 'ns')",unsas,unsas
90L_10NL,3,90L_10NL_3_1,1,1320,"('ns', 'ns', 'ns')",unsas,unsas
90L_10NL,3,90L_10NL_3_1,1,1320,"('ns', 'ns', 'ns')",unsas,unsas
90L_10NL,3,90L_10NL_3_1,1,1320,"('ns', 'ns', 'ns')",unsas,unsas
90L_10NL,3,90L_10NL_3_1,1,1320,"('ns', 'ns', 'ns')",unsa,unsa
90L_10NL,3,90L_10NL_3_1,1,1320,"('ns', 'ns', 'ns')",unsa,unsa
90L_10NL,3,90L_10NL_3_1,1,1320,"('ns', 'ns', 'ns')",unsa,unsa
90L_10NL,3,90L_10NL_3_1,1,1320,"('ns', 'ns', 'ns')",unsa,unsa
90L_10NL,3,90L_10NL_3_1,1,1320,"('ns', 'ns', 'ns')",unsa,unsa
90L_10NL,3,90L_10NL_3_1,1,1320,"('ns', 'ns', 'ns')",unsa,unsa
90L_10NL,3,90L_10NL_3_1,1,1320,"('ns', 'ns', 'ns')",unsa,unsa
90L_10NL,3,90L_10NL_3_1,1,1320,"('ns', 'ns', 'ns')",unsa,unsa
90L_10NL,3,90L_10NL_3_1,1,1320,"('ns', 'ns', 'ns')",unsa,unsa
90L_10NL,3,90L_10NL_3_1,1,1320,"('ns', 'ns', 'ns')",unsa,unsa
90L_10NL,3,90L_10NL_3_1,1,1320,"('ns', 'ns', 'ns')",unsa,unsa
90L_10NL,3,90L_10NL_3_1,1,1320,"('ns', 'ns', 'ns')",unsa,unsa
90L_10NL,3,90L_10NL_3_1,1,1320,"('ns', 'ns', 'ns')",unsa,unsa
90L_10NL,3,90L_10NL_3_1,1,1320,"('ns', 'ns', 'ns')",unsa,unsa
90L_10NL,3,90L_10NL_3_1,1,1320,"('ns', 'ns', 'ns')",unsa,unsa
90L_10NL,3,90L_10NL_3_1,1,1320,"('ns', 'ns', 'ns')",unsa,unsa
90L_10NL,3,90L_10NL_3_1,1,1320,"('ns', 'ns', 'ns')",unsa,unsa
90L_10NL,3,90L_10NL_3_1,1,1320,"('ns', 'ns', 'ns')",unsa,unsa
90L_10NL,3,90L_10NL_3_1,1,1320,"('ns', 'ns', 'ns')",unsa,unsa
90L_10NL,3,90L_10NL_3_1,1,1320,"('ns', 'ns', 'ns')",unsa,unsa
90L_10NL,3,90L_10NL_3_1,1,1320,"('ns', 'ns', 'ns')",unsa,unsa
90L_10NL,3,90L_10NL_3_1,1,1320,"('ns', 'ns', 'ns')",unsa,unsa
90L_10NL,3,90L_10NL_3_1,1,1320,"('ns', 'ns', 'ns')",unsa,unsa
90L_10NL,3,90L_10NL_3_1,1,1320,"('ns', 'ns', 'ns')",unsa,unsa
90L_10NL,3,90L_10NL_3_1,1,1320,"('ns', 'ns', 'ns')",unsa,unsa
90L_10NL,3,90L_10NL_3_1,1,1320,"('ns', 'ns', 'ns')",unsa,unsa
90L_10NL,3,90L_10NL_3_1,1,1320,"('ns', 'ns', 'ns')",unsa,unsa
90L_10NL,3,90L_10NL_3_1,1,1320,"('ns', 'ns', 'ns')",unsa,unsa
90L_10NL,3,90L_10NL_3_1,1,1320,"('ns', 'ns', 'ns')",unsa,unsa
90L_10NL,3,90L_10NL_3_1,1,1320,"('ns', 'ns', 'ns')",unsa,unsa
90L_10NL,3,90L_10NL_3_1,1,1320,"('ns', 'ns', 'ns')",unsa,unsa
90L_10NL,3,90L_10NL_3_1,1,1320,"('ns', 'ns', 'ns')",unsa,unsa
90L_10NL,3,90L_10NL_3_1,1,1320,"('ns', 'ns', 'ns')",unsa,unsa
90L_10NL,3,90L_10NL_3_1,1,1320,"('ns', 'ns', 'ns')",unsa,unsa
90L_10NL,3,90L_10NL_3_1,1,1320,"('ns', 'ns', 'ns')",unsa,unsa
90L_10NL,3,90L_10NL_3_1,1,1320,"('ns', 'ns', 'ns')",unsa,unsa
90L_10NL,3,90L_10NL_3_1,1,1320,"('ns', 'ns', 'ns')",unsa,unsa
90L_10NL,3,90L_10NL_3_1,1,1320,"('ns', 'ns', 'ns')",unsa,unsa
90L_10NL,3,90L_10NL_3_1,1,1320,"('ns', 'ns', 'ns')",unsa,unsa
90L_10NL,3,90L_10NL_3_1,1,1320,"('ns', 'ns', 'ns')",unsa,unsa
90L_10NL,3,90L_10NL_3_1,1,1320,"('ns', 'ns', 'ns')",unsa,unsa
90L_10NL,3,90L_10NL_3_1,1,1320,"('ns', 'ns', 'ns')",unsa,unsa
90L_10NL,3,90L_10NL_3_1,1,1320,"('ns', 'ns', 'ns')",unsa,unsa
90L_10NL,3,90L_10NL_3_1,1,1320,"('ns', 'ns', 'ns')",unsa,unsa
90L_10NL,3,90L_10NL_3_1,1,1320,"('ns', 'ns', 'ns')",unsa,unsa
90L_10NL,3,90L_10NL_3_1,1,1320,"('ns', 'ns', 'ns')",unsa,unsa
90L_10NL,3,90L_10NL_3_1,1,1320,"('ns', 'ns', 'ns')",unsa,unsa
90L_10NL,3,90L_10NL_3_1,1,1320,"('ns', 'ns', 'ns')",unsa,unsa
90L_10NL,3,90L_10NL_3_1,1,1320,"('ns', 'ns', 'ns')",unsa,unsa
90L_10NL,3,90L_10NL_3_1,1,1320,"('ns', 'ns', 'ns')",unsa,unsa
90L_10NL,3,90L_10NL_3_1,1,1320,"('ns', 'ns', 'ns')",unsa,unsa
90L_10NL,3,90L_10NL_3_1,1,1320,"('ns', 'ns', 'ns')",unsa,unsa
90L_10NL,3,90L_10NL_3_1,1,1320,"('ns', 'ns', 'ns')",unsa,unsa
90L_10NL,3,90L_10NL_3_1,1,1320,"('ns', 'ns', 'ns')",unsa,unsa
90L_10NL,3,90L_10NL_3_1,1,1320,"('ns', 'ns', 'ns')",unsa,unsa
90L_10NL,3,90L_10NL_3_1,1,1320,"('ns', 'ns', 'ns')",unsa,unsa
90L_10NL,3,90L_10NL_3_1,1,1320,"('ns', 'ns', 'ns')",unsa,unsa
90L_10NL,3,90L_10NL_3_1,1,1320,"('ns', 'ns', 'ns')",unsa,unsa
90L_10NL,3,90L_10NL_3_1,1,1320,"('ns', 'ns', 'ns')",unsa,unsa
90L_10NL,3,90L_10NL_3_1,1,1320,"('ns', 'ns', 'ns')",unsa,unsa
90L_10NL,3,90L_10NL_3_1,1,1320,"('ns', 'ns', 'ns')",unsa,unsa
90L_10NL,3,90L_10NL_3_1,1,1320,"('ns', 'ns', 'ns')",unsa,unsa
90L_10NL,3,90L_10NL_3_1,1,1320,"('ns', 'ns', 'ns')",unsa,unsa
90L_10NL,3,90L_10NL_3_1,1,1320,"('ns', 'ns', 'ns')",unsa,unsa
90L_10NL,3,90L_10NL_3_1,1,1320,"('ns', 'ns', 'ns')",unsa,unsa
90L_10NL,3,90L_10NL_3_1,1,1320,"('ns', 'ns', 'ns')",unsa,unsa
90L_10NL,3,90L_10NL_3_1,1,1320,"('ns', 'ns', 'ns')",unsa,unsa
90L_10NL,3,90L_10NL_3_1,1,1320,"('ns', 'ns', 'ns')",unsa,unsa
90L_10NL,3,90L_10NL_3_1,1,1320,"('ns', 'ns', 'ns')",unsa,unsa
90L_10NL,3,90L_10NL_3_1,1,1320,"('ns', 'ns', 'ns')",unsa,unsa
90L_10NL,3,90L_10NL_3_1,1,1320,"('ns', 'ns', 'ns')",unsa,unsa
90L_10NL,3,90L_10NL_3_1,1,1320,"('ns', 'ns', 'ns')",unsa,unsa
90L_10NL,3,90L_10NL_3_1,1,1320,"('ns', 'ns', 'ns')",unsa,unsa
90L_10NL,3,90L_10NL_3_1,1,1320,"('ns', 'ns', 'ns')",unsa,unsa
90L_10NL,3,90L_10NL_3_1,1,1320,"('ns', 'ns', 'ns')",unsa,unsa
90L_10NL,3,90L_10NL_3_1,1,1320,"('ns', 'ns', 'ns')",unsa,unsa
90L_10NL,3,90L_10NL_3_1,1,1320,"('ns', 'ns', 'ns')",unsa,unsa
90L_10NL,3,90L_10NL_3_1,1,1320,"('ns', 'ns', 'ns')",unsa,unsa
90L_10NL,3,90L_10NL_3_1,1,1320,"('ns', 'ns', 'ns')",unsa,unsa
90L_10NL,3,90L_10NL_3_1,1,1320,"('ns', 'ns', 'ns')",unsa,unsa
90L_10NL,3,90L_10NL_3_1,1,1320,"('ns', 'ns', 'ns')",unsa,unsa
90L_10NL,3,90L_10NL_3_1,1,1320,"('ns', 'ns', 'ns')",unsa,unsa
90L_10NL,3,90L_10NL_3_1,1,1320,"('ns', 'ns', 'ns')",unsa,unsa
90L_10NL,3,90L_10NL_3_1,1,1320,"('ns', 'ns', 'ns')",unsa,unsa
90L_10NL,3,90L_10NL_3_1,1,1320,"('ns', 'ns', 'ns')",unsa,unsa
90L_10NL,3,90L_10NL_3_1,1,1320,"('ns', 'ns', 'ns')",unsa,unsa
90L_10NL,3,90L_10NL_3_1,1,1320,"('ns', 'ns', 'ns')",unsa,unsa
90L_10NL,3,90L_10NL_3_1,1,1320,"('ns', 'ns', 'ns')",unsa,unsa
90L_10NL,3,90L_10NL_3_1,1,1320,"('ns', 'ns', 'ns')",unsa,unsa
90L_10NL,3,90L_10NL_3_1,1,1320,"('ns', 'ns', 'ns')",unsa,unsa
90L_10NL,3,90L_10NL_3_1,1,1320,"('ns', 'ns', 'ns')",unsa,unsa
90L_10NL,3,90L_10NL_3_1,1,1320,"('ns', 'ns', 'ns')",unsa,unsa
90L_10NL,3,90L_10NL_3_1,1,1320,"('ns', 'ns', 'ns')",unsa,unsa
90L_10NL,3,90L_10NL_3_1,1,1320,"('ns', 'ns', 'ns')",unsa,unsa
90L_10NL,3,90L_10NL_3_1,1,1320,"('ns', 'ns', 'ns')",unsa,unsa
90L_10NL,3,90L_10NL_3_1,1,1320,"('ns', 'ns', 'ns')",unsa,unsa
90L_10NL,3,90L_10NL_3_1,1,1320,"('ns', 'ns', 'ns')",unsa,unsa
90L_10NL,3,90L_10NL_3_1,1,1320,"('ns', 'ns', 'ns')",unsa,unsa
90L_10NL,3,90L_10NL_3_1,1,1320,"('ns', 'ns', 'ns')",unsa,unsa
90L_10NL,3,90L_10NL_3_1,1,1320,"('ns', 'ns', 'ns')",unsa,unsa
90L_10NL,3,90L_10NL_3_1,1,1320,"('ns', 'ns', 'ns')",unsa,unsa
90L_10NL,3,90L_10NL_3_1,1,1320,"('ns', 'ns', 'ns')",unsa,unsa
90L_10NL,3,90L_10NL_3_1,1,1320,"('ns', 'ns', 'ns')",unsa,unsa
90L_10NL,3,90L_10NL_3_1,1,1320,"('ns', 'ns', 'ns')",unsa,unsa
90L_10NL,3,90L_10NL_3_1,1,1320,"('ns', 'ns', 'ns')",unsa,unsa
90L_10NL,3,90L_10NL_3_1,1,1320,"('ns', 'ns', 'ns')",unsa,unsa
90L_10NL,3,90L_10NL_3_1,1,1320,"('ns', 'ns', 'ns')",unsa,unsa
90L_10NL,3,90L_10NL_3_1,1,1320,"('ns', 'ns', 'ns')",unsa,unsa
90L_10NL,3,90L_10NL_3_1,1,1320,"('ns', 'ns', 'ns')",unsa,unsa
90L_10NL,3,90L_10NL_3_1,1,1320,"('ns', 'ns', 'ns')",unsa,unsa
90L_10NL,3,90L_10NL_3_1,1,1320,"('ns', 'ns', 'ns')",unso,unso
90L_10NL,3,90L_10NL_3_1,1,1320,"('ns', 'ns', 'ns')",unso,unso
90L_10NL,3,90L_10NL_3_1,1,1320,"('ns', 'ns', 'ns')",unso,unso
90L_10NL,3,90L_10NL_3_1,1,1320,"('ns', 'ns', 'ns')",unso,unso
90L_10NL,3,90L_10NL_3_1,1,1320,"('ns', 'ns', 'ns')",unso,unso
90L_10NL,3,90L_10NL_3_1,1,1320,"('ns', 'ns', 'ns')",unso,unso
90L_10NL,3,90L_10NL_3_1,1,1320,"('ns', 'ns', 'ns')",unso,unso
90L_10NL,3,90L_10NL_3_1,1,1320,"('ns', 'ns', 'ns')",unso,unso
90L_10NL,3,90L_10NL_3_1,1,1320,"('ns', 'ns', 'ns')",unso,unso
90L_10NL,3,90L_10NL_3_1,1,1320,"('ns', 'ns', 'ns')",unso,unso
90L_10NL,3,90L_10NL_3_1,1,1320,"('ns', 'ns', 'ns')",unso,unso
90L_10NL,3,90L_10NL_3_1,1,1320,"('ns', 'ns', 'ns')",unso,unso
90L_10NL,3,90L_10NL_3_1,1,1320,"('ns', 'ns', 'ns')",unso,unso
90L_10NL,3,90L_10NL_3_1,1,1320,"('ns', 'ns', 'ns')",unso,unso
90L_10NL,3,90L_10NL_3_1,1,1320,"('ns', 'ns', 'ns')",unso,unso
90L_10NL,3,90L_10NL_3_1,1,1320,"('ns', 'ns', 'ns')",unso,unso
90L_10NL,3,90L_10NL_3_1,1,1320,"('ns', 'ns', 'ns')",unso,unso
90L_10NL,3,90L_10NL_3_1,1,1320,"('ns', 'ns', 'ns')",unso,unso
90L_10NL,3,90L_10NL_3_1,1,1320,"('ns', 'ns', 'ns')",unso,unso
90L_10NL,3,90L_10NL_3_1,1,1320,"('ns', 'ns', 'ns')",unso,unso
90L_10NL,3,90L_10NL_3_1,1,1320,"('ns', 'ns', 'ns')",unso,unso
90L_10NL,3,90L_10NL_3_1,1,1320,"('ns', 'ns', 'ns')",unso,unso
90L_10NL,3,90L_10NL_3_1,1,1320,"('ns', 'ns', 'ns')",unso,unso
90L_10NL,3,90L_10NL_3_1,1,1320,"('ns', 'ns', 'ns')",unso,unso
90L_10NL,3,90L_10NL_3_1,1,1320,"('ns', 'ns', 'ns')",unso,unso
90L_10NL,3,90L_10NL_3_1,1,1320,"('ns', 'ns', 'ns')",unso,unso
90L_10NL,3,90L_10NL_3_1,1,1320,"('ns', 'ns', 'ns')",unso,unso
90L_10NL,3,90L_10NL_3_1,1,1320,"('ns', 'ns', 'ns')",unso,unso
90L_10NL,3,90L_10NL_3_1,1,1320,"('ns', 'ns', 'ns')",unso,unso
90L_10NL,3,90L_10NL_3_1,1,1320,"('ns', 'ns', 'ns')",unso,unso
90L_10NL,3,90L_10NL_3_1,1,1320,"('ns', 'ns', 'ns')",unso,unso
90L_10NL,3,90L_10NL_3_1,1,1320,"('ns', 'ns', 'ns')",unso,unso
90L_10NL,3,90L_10NL_3_1,1,1320,"('ns', 'ns', 'ns')",unso,unso
90L_10NL,3,90L_10NL_3_1,1,1320,"('ns', 'ns', 'ns')",unso,unso
90L_10NL,3,90L_10NL_3_1,1,1320,"('ns', 'ns', 'ns')",unso,unso
90L_10NL,3,90L_10NL_3_1,1,1320,"('ns', 'ns', 'ns')",unso,unso
90L_10NL,3,90L_10NL_3_1,1,1320,"('ns', 'ns', 'ns')",unso,unso
90L_10NL,3,90L_10NL_3_1,1,1320,"('ns', 'ns', 'ns')",unso,unso
90L_10NL,3,90L_10NL_3_1,1,1320,"('ns', 'ns', 'ns')",unso,unso
90L_10NL,3,90L_10NL_3_1,1,1320,"('ns', 'ns', 'ns')",unso,unso
90L_10NL,3,90L_10NL_3_1,1,1320,"('ns', 'ns', 'ns')",unso,unso
90L_10NL,3,90L_10NL_3_1,1,1320,"('ns', 'ns', 'ns')",unso,unso
90L_10NL,3,90L_10NL_3_1,1,1320,"('ns', 'ns', 'ns')",unso,unso
90L_10NL,3,90L_10NL_3_1,1,1320,"('ns', 'ns', 'ns')",unso,unso
90L_10NL,3,90L_10NL_3_1,1,1320,"('ns', 'ns', 'ns')",unso,unso
90L_10NL,3,90L_10NL_3_1,1,1320,"('ns', 'ns', 'ns')",unso,unso
90L_10NL,3,90L_10NL_3_1,1,1320,"('ns', 'ns', 'ns')",unso,unso
90L_10NL,3,90L_10NL_3_1,1,1320,"('ns', 'ns', 'ns')",unso,unso
90L_10NL,3,90L_10NL_3_1,1,1320,"('ns', 'ns', 'ns')",unso,unso
90L_10NL,3,90L_10NL_3_1,1,1320,"('ns', 'ns', 'ns')",unso,unso
90L_10NL,3,90L_10NL_3_1,1,1320,"('ns', 'ns', 'ns')",unso,unso
90L_10NL,3,90L_10NL_3_1,1,1320,"('ns', 'ns', 'ns')",unso,unso
90L_10NL,3,90L_10NL_3_1,1,1320,"('ns', 'ns', 'ns')",unso,unso
90L_10NL,3,90L_10NL_3_1,1,1320,"('ns', 'ns', 'ns')",unso,unso
90L_10NL,3,90L_10NL_3_1,1,1320,"('ns', 'ns', 'ns')",unso,unso
90L_10NL,3,90L_10NL_3_1,1,1085,"('s', 's', 's')",despaɾesejs,despaɾesejs
90L_10NL,3,90L_10NL_3_1,1,1085,"('s', 's', 's')",despaɾesejs,despaɾesejs
90L_10NL,3,90L_10NL_3_1,1,1085,"('s', 's', 's')",despaɾesejs,despaɾesejs
90L_10NL,3,90L_10NL_3_1,1,3500,"('s', 'sk', 's')",despaɾesejs,despaɾesejs
90L_10NL,3,90L_10NL_3_1,1,3500,"('s', 'sk', 's')",despaɾesejs,despaɾesejs
90L_10NL,3,90L_10NL_3_1,1,3500,"('s', 'sk', 's')",despaɾesejs,despaɾesejs
90L_10NL,3,90L_10NL_3_1,1,3500,"('s', 'sk', 's')",despaɾesejs,despaɾesejs
90L_10NL,3,90L_10NL_3_1,1,3500,"('s', 'sk', 's')",despaɾesejs,despaɾesejs
90L_10NL,3,90L_10NL_3_1,1,3500,"('s', 'sk', 's')",despaɾesejs,despaɾesejs
90L_10NL,3,90L_10NL_3_1,1,3500,"('s', 'sk', 's')",despaɾesejs,despaɾesejs
90L_10NL,3,90L_10NL_3_1,1,1085,"('s', 's', 's')",despaɾesejs,despaɾesejs
90L_10NL,3,90L_10NL_3_1,1,1085,"('s', 's', 's')",despaɾesejs,despaɾesejs
90L_10NL,3,90L_10NL_3_1,1,3500,"('s', 'sk', 's')",despaɾesejs,despaɾesejs
90L_10NL,3,90L_10NL_3_1,1,3500,"('s', 'sk', 's')",despaɾesejs,despaɾesejs
90L_10NL,3,90L_10NL_3_1,1,3500,"('s', 'sk', 's')",despaɾesejs,despaɾesejs
90L_10NL,3,90L_10NL_3_1,1,3500,"('s', 'sk', 's')",despaɾesejs,despaɾesejs
90L_10NL,3,90L_10NL_3_1,1,3500,"('s', 'sk', 's')",despaɾesejs,despaɾesejs
90L_10NL,3,90L_10NL_3_1,1,3500,"('s', 'sk', 's')",despaɾesejs,despaɾesejs
90L_10NL,3,90L_10NL_3_1,1,3500,"('s', 'sk', 's')",despaɾesejs,despaɾesejs
90L_10NL,3,90L_10NL_3_1,1,1085,"('s', 's', 's')",despaɾesejs,despaɾesejs
90L_10NL,3,90L_10NL_3_1,1,3500,"('s', 'sk', 's')",despaɾesejs,despaɾesejs
90L_10NL,3,90L_10NL_3_1,1,3500,"('s', 'sk', 's')",despaɾesejs,despaɾesejs
90L_10NL,3,90L_10NL_3_1,1,3500,"('s', 'sk', 's')",despaɾesejs,despaɾesejs
90L_10NL,3,90L_10NL_3_1,1,3500,"('s', 'sk', 's')",despaɾesejs,despaɾesejs
90L_10NL,3,90L_10NL_3_1,1,3500,"('s', 'sk', 's')",despaɾesejs,despaɾesejs
90L_10NL,3,90L_10NL_3_1,1,3500,"('s', 'sk', 's')",despaɾesejs,despaɾesejs
90L_10NL,3,90L_10NL_3_1,1,3500,"('s', 'sk', 's')",despaɾesejs,despaɾesejs
90L_10NL,3,90L_10NL_3_1,1,3500,"('s', 'sk', 's')",despaɾesejs,despaɾesejs
90L_10NL,3,90L_10NL_3_1,1,3500,"('s', 'sk', 's')",despaɾesejs,despaɾesejs
90L_10NL,3,90L_10NL_3_1,1,3500,"('s', 'sk', 's')",despaɾesejs,despaɾesejs
90L_10NL,3,90L_10NL_3_1,1,3500,"('s', 'sk', 's')",despaɾesejs,despaɾesejs
90L_10NL,3,90L_10NL_3_1,1,3500,"('s', 'sk', 's')",despaɾesejs,despaɾesejs
90L_10NL,3,90L_10NL_3_1,1,3500,"('s', 'sk', 's')",despaɾesejs,despaɾesejs
90L_10NL,3,90L_10NL_3_1,1,3500,"('s', 'sk', 's')",despaɾesejs,despaɾesejs
90L_10NL,3,90L_10NL_3_1,1,2625,"('sk', 'sk', 's')",despaɾesejs,despaɾesejs
90L_10NL,3,90L_10NL_3_1,1,2625,"('sk', 'sk', 's')",despaɾesejs,despaɾesejs
90L_10NL,3,90L_10NL_3_1,1,2625,"('sk', 'sk', 's')",despaɾesejs,despaɾesejs
90L_10NL,3,90L_10NL_3_1,1,2625,"('sk', 'sk', 's')",despaɾesejs,despaɾesejs
90L_10NL,3,90L_10NL_3_1,1,2625,"('sk', 'sk', 's')",despaɾesejs,despaɾesejs
90L_10NL,3,90L_10NL_3_1,1,2625,"('sk', 'sk', 's')",despaɾesejs,despaɾesejs
90L_10NL,3,90L_10NL_3_1,1,2625,"('sk', 'sk', 's')",despaɾesejs,despaɾesejs
90L_10NL,3,90L_10NL_3_1,1,2625,"('sk', 'sk', 's')",despaɾesejs,despaɾesejs
90L_10NL,3,90L_10NL_3_1,1,2625,"('sk', 'sk', 's')",despaɾesejs,despaɾesejs
90L_10NL,3,90L_10NL_3_1,1,2625,"('sk', 'sk', 's')",despaɾesejs,despaɾesejs
90L_10NL,3,90L_10NL_3_1,1,2625,"('sk', 'sk', 's')",despaɾesejs,despaɾesejs
90L_10NL,3,90L_10NL_3_1,1,2625,"('sk', 'sk', 's')",despaɾesejs,despaɾesejs
90L_10NL,3,90L_10NL_3_1,1,2625,"('sk', 'sk', 's')",despaɾesejs,despaɾesejs
90L_10NL,3,90L_10NL_3_1,1,2625,"('sk', 'sk', 's')",despaɾesejs,despaɾesejs
90L_10NL,3,90L_10NL_3_1,1,2625,"('sk', 'sk', 's')",despaɾesejs,despaɾesejs
90L_10NL,3,90L_10NL_3_1,1,2625,"('sk', 'sk', 's')",despaɾesejs,despaɾesejs
90L_10NL,3,90L_10NL_3_1,1,2625,"('sk', 'sk', 's')",despaɾesejs,despaɾesejs
90L_10NL,3,90L_10NL_3_1,1,2625,"('sk', 'sk', 's')",despaɾesejs,despaɾesejs
90L_10NL,3,90L_10NL_3_1,1,2625,"('sk', 'sk', 's')",despaɾesejs,despaɾesejs
90L_10NL,3,90L_10NL_3_1,1,2625,"('sk', 'sk', 's')",despaɾesejs,despaɾesejs
90L_10NL,3,90L_10NL_3_1,1,2625,"('sk', 'sk', 's')",despaɾesejs,despaɾesejs
90L_10NL,3,90L_10NL_3_1,1,1085,"('s', 's', 's')",despaɾesemos,despaɾesemos
90L_10NL,3,90L_10NL_3_1,1,1085,"('s', 's', 's')",despaɾesemos,despaɾesemos
90L_10NL,3,90L_10NL_3_1,1,1085,"('s', 's', 's')",despaɾesemos,despaɾesemos
90L_10NL,3,90L_10NL_3_1,1,3500,"('s', 'sk', 's')",despaɾesemos,despaɾesemos
90L_10NL,3,90L_10NL_3_1,1,3500,"('s', 'sk', 's')",despaɾesemos,despaɾesemos
90L_10NL,3,90L_10NL_3_1,1,3500,"('s', 'sk', 's')",despaɾesemos,despaɾesemos
90L_10NL,3,90L_10NL_3_1,1,3500,"('s', 'sk', 's')",despaɾesemos,despaɾesemos
90L_10NL,3,90L_10NL_3_1,1,3500,"('s', 'sk', 's')",despaɾesemos,despaɾesemos
90L_10NL,3,90L_10NL_3_1,1,3500,"('s', 'sk', 's')",despaɾesemos,despaɾesemos
90L_10NL,3,90L_10NL_3_1,1,3500,"('s', 'sk', 's')",despaɾesemos,despaɾesemos
90L_10NL,3,90L_10NL_3_1,1,1085,"('s', 's', 's')",despaɾesemos,despaɾesemos
90L_10NL,3,90L_10NL_3_1,1,1085,"('s', 's', 's')",despaɾesemos,despaɾesemos
90L_10NL,3,90L_10NL_3_1,1,3500,"('s', 'sk', 's')",despaɾesemos,despaɾesemos
90L_10NL,3,90L_10NL_3_1,1,3500,"('s', 'sk', 's')",despaɾesemos,despaɾesemos
90L_10NL,3,90L_10NL_3_1,1,3500,"('s', 'sk', 's')",despaɾesemos,despaɾesemos
90L_10NL,3,90L_10NL_3_1,1,3500,"('s', 'sk', 's')",despaɾesemos,despaɾesemos
90L_10NL,3,90L_10NL_3_1,1,3500,"('s', 'sk', 's')",despaɾesemos,despaɾesemos
90L_10NL,3,90L_10NL_3_1,1,3500,"('s', 'sk', 's')",despaɾesemos,despaɾesemos
90L_10NL,3,90L_10NL_3_1,1,3500,"('s', 'sk', 's')",despaɾesemos,despaɾesemos
90L_10NL,3,90L_10NL_3_1,1,1085,"('s', 's', 's')",despaɾesemos,despaɾesemos
90L_10NL,3,90L_10NL_3_1,1,3500,"('s', 'sk', 's')",despaɾesemos,despaɾesemos
90L_10NL,3,90L_10NL_3_1,1,3500,"('s', 'sk', 's')",despaɾesemos,despaɾesemos
90L_10NL,3,90L_10NL_3_1,1,3500,"('s', 'sk', 's')",despaɾesemos,despaɾesemos
90L_10NL,3,90L_10NL_3_1,1,3500,"('s', 'sk', 's')",despaɾesemos,despaɾesemos
90L_10NL,3,90L_10NL_3_1,1,3500,"('s', 'sk', 's')",despaɾesemos,despaɾesemos
90L_10NL,3,90L_10NL_3_1,1,3500,"('s', 'sk', 's')",despaɾesemos,despaɾesemos
90L_10NL,3,90L_10NL_3_1,1,3500,"('s', 'sk', 's')",despaɾesemos,despaɾesemos
90L_10NL,3,90L_10NL_3_1,1,3500,"('s', 'sk', 's')",despaɾesemos,despaɾesemos
90L_10NL,3,90L_10NL_3_1,1,3500,"('s', 'sk', 's')",despaɾesemos,despaɾesemos
90L_10NL,3,90L_10NL_3_1,1,3500,"('s', 'sk', 's')",despaɾesemos,despaɾesemos
90L_10NL,3,90L_10NL_3_1,1,3500,"('s', 'sk', 's')",despaɾesemos,despaɾesemos
90L_10NL,3,90L_10NL_3_1,1,3500,"('s', 'sk', 's')",despaɾesemos,despaɾesemos
90L_10NL,3,90L_10NL_3_1,1,3500,"('s', 'sk', 's')",despaɾesemos,despaɾesemos
90L_10NL,3,90L_10NL_3_1,1,3500,"('s', 'sk', 's')",despaɾesemos,despaɾesemos
90L_10NL,3,90L_10NL_3_1,1,2625,"('sk', 'sk', 's')",despaɾesemos,despaɾesemos
90L_10NL,3,90L_10NL_3_1,1,2625,"('sk', 'sk', 's')",despaɾesemos,despaɾesemos
90L_10NL,3,90L_10NL_3_1,1,2625,"('sk', 'sk', 's')",despaɾesemos,despaɾesemos
90L_10NL,3,90L_10NL_3_1,1,2625,"('sk', 'sk', 's')",despaɾesemos,despaɾesemos
90L_10NL,3,90L_10NL_3_1,1,2625,"('sk', 'sk', 's')",despaɾesemos,despaɾesemos
90L_10NL,3,90L_10NL_3_1,1,2625,"('sk', 'sk', 's')",despaɾesemos,despaɾesemos
90L_10NL,3,90L_10NL_3_1,1,2625,"('sk', 'sk', 's')",despaɾesemos,despaɾesemos
90L_10NL,3,90L_10NL_3_1,1,2625,"('sk', 'sk', 's')",despaɾesemos,despaɾesemos
90L_10NL,3,90L_10NL_3_1,1,2625,"('sk', 'sk', 's')",despaɾesemos,despaɾesemos
90L_10NL,3,90L_10NL_3_1,1,2625,"('sk', 'sk', 's')",despaɾesemos,despaɾesemos
90L_10NL,3,90L_10NL_3_1,1,2625,"('sk', 'sk', 's')",despaɾesemos,despaɾesemos
90L_10NL,3,90L_10NL_3_1,1,2625,"('sk', 'sk', 's')",despaɾesemos,despaɾesemos
90L_10NL,3,90L_10NL_3_1,1,2625,"('sk', 'sk', 's')",despaɾesemos,despaɾesemos
90L_10NL,3,90L_10NL_3_1,1,2625,"('sk', 'sk', 's')",despaɾesemos,despaɾesemos
90L_10NL,3,90L_10NL_3_1,1,2625,"('sk', 'sk', 's')",despaɾesemos,despaɾesemos
90L_10NL,3,90L_10NL_3_1,1,2625,"('sk', 'sk', 's')",despaɾesemos,despaɾesemos
90L_10NL,3,90L_10NL_3_1,1,2625,"('sk', 'sk', 's')",despaɾesemos,despaɾesemos
90L_10NL,3,90L_10NL_3_1,1,2625,"('sk', 'sk', 's')",despaɾesemos,despaɾesemos
90L_10NL,3,90L_10NL_3_1,1,2625,"('sk', 'sk', 's')",despaɾesemos,despaɾesemos
90L_10NL,3,90L_10NL_3_1,1,2625,"('sk', 'sk', 's')",despaɾesemos,despaɾesemos
90L_10NL,3,90L_10NL_3_1,1,2625,"('sk', 'sk', 's')",despaɾesemos,despaɾesemos
90L_10NL,3,90L_10NL_3_1,1,1085,"('s', 's', 's')",despaɾesen,despaɾesen
90L_10NL,3,90L_10NL_3_1,1,1085,"('s', 's', 's')",despaɾesen,despaɾesen
90L_10NL,3,90L_10NL_3_1,1,1085,"('s', 's', 's')",despaɾesen,despaɾesen
90L_10NL,3,90L_10NL_3_1,1,3500,"('s', 'sk', 's')",despaɾesen,despaɾesen
90L_10NL,3,90L_10NL_3_1,1,3500,"('s', 'sk', 's')",despaɾesen,despaɾesen
90L_10NL,3,90L_10NL_3_1,1,3500,"('s', 'sk', 's')",despaɾesen,despaɾesen
90L_10NL,3,90L_10NL_3_1,1,3500,"('s', 'sk', 's')",despaɾesen,despaɾesen
90L_10NL,3,90L_10NL_3_1,1,3500,"('s', 'sk', 's')",despaɾesen,despaɾesen
90L_10NL,3,90L_10NL_3_1,1,3500,"('s', 'sk', 's')",despaɾesen,despaɾesen
90L_10NL,3,90L_10NL_3_1,1,3500,"('s', 'sk', 's')",despaɾesen,despaɾesen
90L_10NL,3,90L_10NL_3_1,1,1085,"('s', 's', 's')",despaɾesen,despaɾesen
90L_10NL,3,90L_10NL_3_1,1,1085,"('s', 's', 's')",despaɾesen,despaɾesen
90L_10NL,3,90L_10NL_3_1,1,3500,"('s', 'sk', 's')",despaɾesen,despaɾesen
90L_10NL,3,90L_10NL_3_1,1,3500,"('s', 'sk', 's')",despaɾesen,despaɾesen
90L_10NL,3,90L_10NL_3_1,1,3500,"('s', 'sk', 's')",despaɾesen,despaɾesen
90L_10NL,3,90L_10NL_3_1,1,3500,"('s', 'sk', 's')",despaɾesen,despaɾesen
90L_10NL,3,90L_10NL_3_1,1,3500,"('s', 'sk', 's')",despaɾesen,despaɾesen
90L_10NL,3,90L_10NL_3_1,1,3500,"('s', 'sk', 's')",despaɾesen,despaɾesen
90L_10NL,3,90L_10NL_3_1,1,3500,"('s', 'sk', 's')",despaɾesen,despaɾesen
90L_10NL,3,90L_10NL_3_1,1,1085,"('s', 's', 's')",despaɾesen,despaɾesen
90L_10NL,3,90L_10NL_3_1,1,3500,"('s', 'sk', 's')",despaɾesen,despaɾesen
90L_10NL,3,90L_10NL_3_1,1,3500,"('s', 'sk', 's')",despaɾesen,despaɾesen
90L_10NL,3,90L_10NL_3_1,1,3500,"('s', 'sk', 's')",despaɾesen,despaɾesen
90L_10NL,3,90L_10NL_3_1,1,3500,"('s', 'sk', 's')",despaɾesen,despaɾesen
90L_10NL,3,90L_10NL_3_1,1,3500,"('s', 'sk', 's')",despaɾesen,despaɾesen
90L_10NL,3,90L_10NL_3_1,1,3500,"('s', 'sk', 's')",despaɾesen,despaɾesen
90L_10NL,3,90L_10NL_3_1,1,3500,"('s', 'sk', 's')",despaɾesen,despaɾesen
90L_10NL,3,90L_10NL_3_1,1,3500,"('s', 'sk', 's')",despaɾesen,despaɾesen
90L_10NL,3,90L_10NL_3_1,1,3500,"('s', 'sk', 's')",despaɾesen,despaɾesen
90L_10NL,3,90L_10NL_3_1,1,3500,"('s', 'sk', 's')",despaɾesen,despaɾesen
90L_10NL,3,90L_10NL_3_1,1,3500,"('s', 'sk', 's')",despaɾesen,despaɾesen
90L_10NL,3,90L_10NL_3_1,1,3500,"('s', 'sk', 's')",despaɾesen,despaɾesen
90L_10NL,3,90L_10NL_3_1,1,3500,"('s', 'sk', 's')",despaɾesen,despaɾesen
90L_10NL,3,90L_10NL_3_1,1,3500,"('s', 'sk', 's')",despaɾesen,despaɾesen
90L_10NL,3,90L_10NL_3_1,1,2625,"('sk', 'sk', 's')",despaɾesen,despaɾesen
90L_10NL,3,90L_10NL_3_1,1,2625,"('sk', 'sk', 's')",despaɾesen,despaɾesen
90L_10NL,3,90L_10NL_3_1,1,2625,"('sk', 'sk', 's')",despaɾesen,despaɾesen
90L_10NL,3,90L_10NL_3_1,1,2625,"('sk', 'sk', 's')",despaɾesen,despaɾesen
90L_10NL,3,90L_10NL_3_1,1,2625,"('sk', 'sk', 's')",despaɾesen,despaɾesen
90L_10NL,3,90L_10NL_3_1,1,2625,"('sk', 'sk', 's')",despaɾesen,despaɾesen
90L_10NL,3,90L_10NL_3_1,1,2625,"('sk', 'sk', 's')",despaɾesen,despaɾesen
90L_10NL,3,90L_10NL_3_1,1,2625,"('sk', 'sk', 's')",despaɾesen,despaɾesen
90L_10NL,3,90L_10NL_3_1,1,2625,"('sk', 'sk', 's')",despaɾesen,despaɾesen
90L_10NL,3,90L_10NL_3_1,1,2625,"('sk', 'sk', 's')",despaɾesen,despaɾesen
90L_10NL,3,90L_10NL_3_1,1,2625,"('sk', 'sk', 's')",despaɾesen,despaɾesen
90L_10NL,3,90L_10NL_3_1,1,2625,"('sk', 'sk', 's')",despaɾesen,despaɾesen
90L_10NL,3,90L_10NL_3_1,1,2625,"('sk', 'sk', 's')",despaɾesen,despaɾesen
90L_10NL,3,90L_10NL_3_1,1,2625,"('sk', 'sk', 's')",despaɾesen,despaɾesen
90L_10NL,3,90L_10NL_3_1,1,2625,"('sk', 'sk', 's')",despaɾesen,despaɾesen
90L_10NL,3,90L_10NL_3_1,1,2625,"('sk', 'sk', 's')",despaɾesen,despaɾesen
90L_10NL,3,90L_10NL_3_1,1,2625,"('sk', 'sk', 's')",despaɾesen,despaɾesen
90L_10NL,3,90L_10NL_3_1,1,2625,"('sk', 'sk', 's')",despaɾesen,despaɾesen
90L_10NL,3,90L_10NL_3_1,1,2625,"('sk', 'sk', 's')",despaɾesen,despaɾesen
90L_10NL,3,90L_10NL_3_1,1,2625,"('sk', 'sk', 's')",despaɾesen,despaɾesen
90L_10NL,3,90L_10NL_3_1,1,2625,"('sk', 'sk', 's')",despaɾesen,despaɾesen
90L_10NL,3,90L_10NL_3_1,1,1085,"('s', 's', 's')",despaɾeses,despaɾeses
90L_10NL,3,90L_10NL_3_1,1,1085,"('s', 's', 's')",despaɾeses,despaɾeses
90L_10NL,3,90L_10NL_3_1,1,1085,"('s', 's', 's')",despaɾeses,despaɾeses
90L_10NL,3,90L_10NL_3_1,1,3500,"('s', 'sk', 's')",despaɾeses,despaɾeses
90L_10NL,3,90L_10NL_3_1,1,3500,"('s', 'sk', 's')",despaɾeses,despaɾeses
90L_10NL,3,90L_10NL_3_1,1,3500,"('s', 'sk', 's')",despaɾeses,despaɾeses
90L_10NL,3,90L_10NL_3_1,1,3500,"('s', 'sk', 's')",despaɾeses,despaɾeses
90L_10NL,3,90L_10NL_3_1,1,3500,"('s', 'sk', 's')",despaɾeses,despaɾeses
90L_10NL,3,90L_10NL_3_1,1,3500,"('s', 'sk', 's')",despaɾeses,despaɾeses
90L_10NL,3,90L_10NL_3_1,1,3500,"('s', 'sk', 's')",despaɾeses,despaɾeses
90L_10NL,3,90L_10NL_3_1,1,1085,"('s', 's', 's')",despaɾeses,despaɾeses
90L_10NL,3,90L_10NL_3_1,1,1085,"('s', 's', 's')",despaɾeses,despaɾeses
90L_10NL,3,90L_10NL_3_1,1,3500,"('s', 'sk', 's')",despaɾeses,despaɾeses
90L_10NL,3,90L_10NL_3_1,1,3500,"('s', 'sk', 's')",despaɾeses,despaɾeses
90L_10NL,3,90L_10NL_3_1,1,3500,"('s', 'sk', 's')",despaɾeses,despaɾeses
90L_10NL,3,90L_10NL_3_1,1,3500,"('s', 'sk', 's')",despaɾeses,despaɾeses
90L_10NL,3,90L_10NL_3_1,1,3500,"('s', 'sk', 's')",despaɾeses,despaɾeses
90L_10NL,3,90L_10NL_3_1,1,3500,"('s', 'sk', 's')",despaɾeses,despaɾeses
90L_10NL,3,90L_10NL_3_1,1,3500,"('s', 'sk', 's')",despaɾeses,despaɾeses
90L_10NL,3,90L_10NL_3_1,1,1085,"('s', 's', 's')",despaɾeses,despaɾeses
90L_10NL,3,90L_10NL_3_1,1,3500,"('s', 'sk', 's')",despaɾeses,despaɾeses
90L_10NL,3,90L_10NL_3_1,1,3500,"('s', 'sk', 's')",despaɾeses,despaɾeses
90L_10NL,3,90L_10NL_3_1,1,3500,"('s', 'sk', 's')",despaɾeses,despaɾeses
90L_10NL,3,90L_10NL_3_1,1,3500,"('s', 'sk', 's')",despaɾeses,despaɾeses
90L_10NL,3,90L_10NL_3_1,1,3500,"('s', 'sk', 's')",despaɾeses,despaɾeses
90L_10NL,3,90L_10NL_3_1,1,3500,"('s', 'sk', 's')",despaɾeses,despaɾeses
90L_10NL,3,90L_10NL_3_1,1,3500,"('s', 'sk', 's')",despaɾeses,despaɾeses
90L_10NL,3,90L_10NL_3_1,1,3500,"('s', 'sk', 's')",despaɾeses,despaɾeses
90L_10NL,3,90L_10NL_3_1,1,3500,"('s', 'sk', 's')",despaɾeses,despaɾeses
90L_10NL,3,90L_10NL_3_1,1,3500,"('s', 'sk', 's')",despaɾeses,despaɾeses
90L_10NL,3,90L_10NL_3_1,1,3500,"('s', 'sk', 's')",despaɾeses,despaɾeses
90L_10NL,3,90L_10NL_3_1,1,3500,"('s', 'sk', 's')",despaɾeses,despaɾeses
90L_10NL,3,90L_10NL_3_1,1,3500,"('s', 'sk', 's')",despaɾeses,despaɾeses
90L_10NL,3,90L_10NL_3_1,1,3500,"('s', 'sk', 's')",despaɾeses,despaɾeses
90L_10NL,3,90L_10NL_3_1,1,2625,"('sk', 'sk', 's')",despaɾeses,despaɾeses
90L_10NL,3,90L_10NL_3_1,1,2625,"('sk', 'sk', 's')",despaɾeses,despaɾeses
90L_10NL,3,90L_10NL_3_1,1,2625,"('sk', 'sk', 's')",despaɾeses,despaɾeses
90L_10NL,3,90L_10NL_3_1,1,2625,"('sk', 'sk', 's')",despaɾeses,despaɾeses
90L_10NL,3,90L_10NL_3_1,1,2625,"('sk', 'sk', 's')",despaɾeses,despaɾeses
90L_10NL,3,90L_10NL_3_1,1,2625,"('sk', 'sk', 's')",despaɾeses,despaɾeses
90L_10NL,3,90L_10NL_3_1,1,2625,"('sk', 'sk', 's')",despaɾeses,despaɾeses
90L_10NL,3,90L_10NL_3_1,1,2625,"('sk', 'sk', 's')",despaɾeses,despaɾeses
90L_10NL,3,90L_10NL_3_1,1,2625,"('sk', 'sk', 's')",despaɾeses,despaɾeses
90L_10NL,3,90L_10NL_3_1,1,2625,"('sk', 'sk', 's')",despaɾeses,despaɾeses
90L_10NL,3,90L_10NL_3_1,1,2625,"('sk', 'sk', 's')",despaɾeses,despaɾeses
90L_10NL,3,90L_10NL_3_1,1,2625,"('sk', 'sk', 's')",despaɾeses,despaɾeses
90L_10NL,3,90L_10NL_3_1,1,2625,"('sk', 'sk', 's')",despaɾeses,despaɾeses
90L_10NL,3,90L_10NL_3_1,1,2625,"('sk', 'sk', 's')",despaɾeses,despaɾeses
90L_10NL,3,90L_10NL_3_1,1,2625,"('sk', 'sk', 's')",despaɾeses,despaɾeses
90L_10NL,3,90L_10NL_3_1,1,2625,"('sk', 'sk', 's')",despaɾeses,despaɾeses
90L_10NL,3,90L_10NL_3_1,1,2625,"('sk', 'sk', 's')",despaɾeses,despaɾeses
90L_10NL,3,90L_10NL_3_1,1,2625,"('sk', 'sk', 's')",despaɾeses,despaɾeses
90L_10NL,3,90L_10NL_3_1,1,2625,"('sk', 'sk', 's')",despaɾeses,despaɾeses
90L_10NL,3,90L_10NL_3_1,1,2625,"('sk', 'sk', 's')",despaɾeses,despaɾeses
90L_10NL,3,90L_10NL_3_1,1,2625,"('sk', 'sk', 's')",despaɾeses,despaɾeses
90L_10NL,3,90L_10NL_3_1,1,1085,"('s', 's', 's')",despaɾese,despaɾese
90L_10NL,3,90L_10NL_3_1,1,1085,"('s', 's', 's')",despaɾese,despaɾese
90L_10NL,3,90L_10NL_3_1,1,1085,"('s', 's', 's')",despaɾese,despaɾese
90L_10NL,3,90L_10NL_3_1,1,3500,"('s', 'sk', 's')",despaɾese,despaɾese
90L_10NL,3,90L_10NL_3_1,1,3500,"('s', 'sk', 's')",despaɾese,despaɾese
90L_10NL,3,90L_10NL_3_1,1,3500,"('s', 'sk', 's')",despaɾese,despaɾese
90L_10NL,3,90L_10NL_3_1,1,3500,"('s', 'sk', 's')",despaɾese,despaɾese
90L_10NL,3,90L_10NL_3_1,1,3500,"('s', 'sk', 's')",despaɾese,despaɾese
90L_10NL,3,90L_10NL_3_1,1,3500,"('s', 'sk', 's')",despaɾese,despaɾese
90L_10NL,3,90L_10NL_3_1,1,3500,"('s', 'sk', 's')",despaɾese,despaɾese
90L_10NL,3,90L_10NL_3_1,1,1085,"('s', 's', 's')",despaɾese,despaɾese
90L_10NL,3,90L_10NL_3_1,1,1085,"('s', 's', 's')",despaɾese,despaɾese
90L_10NL,3,90L_10NL_3_1,1,3500,"('s', 'sk', 's')",despaɾese,despaɾese
90L_10NL,3,90L_10NL_3_1,1,3500,"('s', 'sk', 's')",despaɾese,despaɾese
90L_10NL,3,90L_10NL_3_1,1,3500,"('s', 'sk', 's')",despaɾese,despaɾese
90L_10NL,3,90L_10NL_3_1,1,3500,"('s', 'sk', 's')",despaɾese,despaɾese
90L_10NL,3,90L_10NL_3_1,1,3500,"('s', 'sk', 's')",despaɾese,despaɾese
90L_10NL,3,90L_10NL_3_1,1,3500,"('s', 'sk', 's')",despaɾese,despaɾese
90L_10NL,3,90L_10NL_3_1,1,3500,"('s', 'sk', 's')",despaɾese,despaɾese
90L_10NL,3,90L_10NL_3_1,1,1085,"('s', 's', 's')",despaɾese,despaɾese
90L_10NL,3,90L_10NL_3_1,1,3500,"('s', 'sk', 's')",despaɾese,despaɾese
90L_10NL,3,90L_10NL_3_1,1,3500,"('s', 'sk', 's')",despaɾese,despaɾese
90L_10NL,3,90L_10NL_3_1,1,3500,"('s', 'sk', 's')",despaɾese,despaɾese
90L_10NL,3,90L_10NL_3_1,1,3500,"('s', 'sk', 's')",despaɾese,despaɾese
90L_10NL,3,90L_10NL_3_1,1,3500,"('s', 'sk', 's')",despaɾese,despaɾese
90L_10NL,3,90L_10NL_3_1,1,3500,"('s', 'sk', 's')",despaɾese,despaɾese
90L_10NL,3,90L_10NL_3_1,1,3500,"('s', 'sk', 's')",despaɾese,despaɾese
90L_10NL,3,90L_10NL_3_1,1,3500,"('s', 'sk', 's')",despaɾese,despaɾese
90L_10NL,3,90L_10NL_3_1,1,3500,"('s', 'sk', 's')",despaɾese,despaɾese
90L_10NL,3,90L_10NL_3_1,1,3500,"('s', 'sk', 's')",despaɾese,despaɾese
90L_10NL,3,90L_10NL_3_1,1,3500,"('s', 'sk', 's')",despaɾese,despaɾese
90L_10NL,3,90L_10NL_3_1,1,3500,"('s', 'sk', 's')",despaɾese,despaɾese
90L_10NL,3,90L_10NL_3_1,1,3500,"('s', 'sk', 's')",despaɾese,despaɾese
90L_10NL,3,90L_10NL_3_1,1,3500,"('s', 'sk', 's')",despaɾese,despaɾese
90L_10NL,3,90L_10NL_3_1,1,2625,"('sk', 'sk', 's')",despaɾese,despaɾese
90L_10NL,3,90L_10NL_3_1,1,2625,"('sk', 'sk', 's')",despaɾese,despaɾese
90L_10NL,3,90L_10NL_3_1,1,2625,"('sk', 'sk', 's')",despaɾese,despaɾese
90L_10NL,3,90L_10NL_3_1,1,2625,"('sk', 'sk', 's')",despaɾese,despaɾese
90L_10NL,3,90L_10NL_3_1,1,2625,"('sk', 'sk', 's')",despaɾese,despaɾese
90L_10NL,3,90L_10NL_3_1,1,2625,"('sk', 'sk', 's')",despaɾese,despaɾese
90L_10NL,3,90L_10NL_3_1,1,2625,"('sk', 'sk', 's')",despaɾese,despaɾese
90L_10NL,3,90L_10NL_3_1,1,2625,"('sk', 'sk', 's')",despaɾese,despaɾese
90L_10NL,3,90L_10NL_3_1,1,2625,"('sk', 'sk', 's')",despaɾese,despaɾese
90L_10NL,3,90L_10NL_3_1,1,2625,"('sk', 'sk', 's')",despaɾese,despaɾese
90L_10NL,3,90L_10NL_3_1,1,2625,"('sk', 'sk', 's')",despaɾese,despaɾese
90L_10NL,3,90L_10NL_3_1,1,2625,"('sk', 'sk', 's')",despaɾese,despaɾese
90L_10NL,3,90L_10NL_3_1,1,2625,"('sk', 'sk', 's')",despaɾese,despaɾese
90L_10NL,3,90L_10NL_3_1,1,2625,"('sk', 'sk', 's')",despaɾese,despaɾese
90L_10NL,3,90L_10NL_3_1,1,2625,"('sk', 'sk', 's')",despaɾese,despaɾese
90L_10NL,3,90L_10NL_3_1,1,2625,"('sk', 'sk', 's')",despaɾese,despaɾese
90L_10NL,3,90L_10NL_3_1,1,2625,"('sk', 'sk', 's')",despaɾese,despaɾese
90L_10NL,3,90L_10NL_3_1,1,2625,"('sk', 'sk', 's')",despaɾese,despaɾese
90L_10NL,3,90L_10NL_3_1,1,2625,"('sk', 'sk', 's')",despaɾese,despaɾese
90L_10NL,3,90L_10NL_3_1,1,2625,"('sk', 'sk', 's')",despaɾese,despaɾese
90L_10NL,3,90L_10NL_3_1,1,2625,"('sk', 'sk', 's')",despaɾese,despaɾese
90L_10NL,3,90L_10NL_3_1,1,1750,"('s', 's', 'sk')",despaɾeskajs,despaɾeskajs
90L_10NL,3,90L_10NL_3_1,1,1750,"('s', 's', 'sk')",despaɾeskajs,despaɾeskajs
90L_10NL,3,90L_10NL_3_1,1,1750,"('s', 's', 'sk')",despaɾeskajs,despaɾeskajs
90L_10NL,3,90L_10NL_3_1,1,1750,"('s', 's', 'sk')",despaɾeskajs,despaɾeskajs
90L_10NL,3,90L_10NL_3_1,1,5250,"('s', 'sk', 'sk')",despaɾeskajs,despaɾeskajs
90L_10NL,3,90L_10NL_3_1,1,5250,"('s', 'sk', 'sk')",despaɾeskajs,despaɾeskajs
90L_10NL,3,90L_10NL_3_1,1,5250,"('s', 'sk', 'sk')",despaɾeskajs,despaɾeskajs
90L_10NL,3,90L_10NL_3_1,1,5250,"('s', 'sk', 'sk')",despaɾeskajs,despaɾeskajs
90L_10NL,3,90L_10NL_3_1,1,5250,"('s', 'sk', 'sk')",despaɾeskajs,despaɾeskajs
90L_10NL,3,90L_10NL_3_1,1,5250,"('s', 'sk', 'sk')",despaɾeskajs,despaɾeskajs
90L_10NL,3,90L_10NL_3_1,1,1750,"('s', 's', 'sk')",despaɾeskajs,despaɾeskajs
90L_10NL,3,90L_10NL_3_1,1,1750,"('s', 's', 'sk')",despaɾeskajs,despaɾeskajs
90L_10NL,3,90L_10NL_3_1,1,1750,"('s', 's', 'sk')",despaɾeskajs,despaɾeskajs
90L_10NL,3,90L_10NL_3_1,1,5250,"('s', 'sk', 'sk')",despaɾeskajs,despaɾeskajs
90L_10NL,3,90L_10NL_3_1,1,5250,"('s', 'sk', 'sk')",despaɾeskajs,despaɾeskajs
90L_10NL,3,90L_10NL_3_1,1,5250,"('s', 'sk', 'sk')",despaɾeskajs,despaɾeskajs
90L_10NL,3,90L_10NL_3_1,1,5250,"('s', 'sk', 'sk')",despaɾeskajs,despaɾeskajs
90L_10NL,3,90L_10NL_3_1,1,5250,"('s', 'sk', 'sk')",despaɾeskajs,despaɾeskajs
90L_10NL,3,90L_10NL_3_1,1,5250,"('s', 'sk', 'sk')",despaɾeskajs,despaɾeskajs
90L_10NL,3,90L_10NL_3_1,1,1750,"('s', 's', 'sk')",despaɾeskajs,despaɾeskajs
90L_10NL,3,90L_10NL_3_1,1,1750,"('s', 's', 'sk')",despaɾeskajs,despaɾeskajs
90L_10NL,3,90L_10NL_3_1,1,5250,"('s', 'sk', 'sk')",despaɾeskajs,despaɾeskajs
90L_10NL,3,90L_10NL_3_1,1,5250,"('s', 'sk', 'sk')",despaɾeskajs,despaɾeskajs
90L_10NL,3,90L_10NL_3_1,1,5250,"('s', 'sk', 'sk')",despaɾeskajs,despaɾeskajs
90L_10NL,3,90L_10NL_3_1,1,5250,"('s', 'sk', 'sk')",despaɾeskajs,despaɾeskajs
90L_10NL,3,90L_10NL_3_1,1,5250,"('s', 'sk', 'sk')",despaɾeskajs,despaɾeskajs
90L_10NL,3,90L_10NL_3_1,1,5250,"('s', 'sk', 'sk')",despaɾeskajs,despaɾeskajs
90L_10NL,3,90L_10NL_3_1,1,1750,"('s', 's', 'sk')",despaɾeskajs,despaɾeskajs
90L_10NL,3,90L_10NL_3_1,1,5250,"('s', 'sk', 'sk')",despaɾeskajs,despaɾeskajs
90L_10NL,3,90L_10NL_3_1,1,5250,"('s', 'sk', 'sk')",despaɾeskajs,despaɾeskajs
90L_10NL,3,90L_10NL_3_1,1,5250,"('s', 'sk', 'sk')",despaɾeskajs,despaɾeskajs
90L_10NL,3,90L_10NL_3_1,1,5250,"('s', 'sk', 'sk')",despaɾeskajs,despaɾeskajs
90L_10NL,3,90L_10NL_3_1,1,5250,"('s', 'sk', 'sk')",despaɾeskajs,despaɾeskajs
90L_10NL,3,90L_10NL_3_1,1,5250,"('s', 'sk', 'sk')",despaɾeskajs,despaɾeskajs
90L_10NL,3,90L_10NL_3_1,1,5250,"('s', 'sk', 'sk')",despaɾeskajs,despaɾeskajs
90L_10NL,3,90L_10NL_3_1,1,5250,"('s', 'sk', 'sk')",despaɾeskajs,despaɾeskajs
90L_10NL,3,90L_10NL_3_1,1,5250,"('s', 'sk', 'sk')",despaɾeskajs,despaɾeskajs
90L_10NL,3,90L_10NL_3_1,1,5250,"('s', 'sk', 'sk')",despaɾeskajs,despaɾeskajs
90L_10NL,3,90L_10NL_3_1,1,5250,"('s', 'sk', 'sk')",despaɾeskajs,despaɾeskajs
90L_10NL,3,90L_10NL_3_1,1,5250,"('s', 'sk', 'sk')",despaɾeskajs,despaɾeskajs
90L_10NL,3,90L_10NL_3_1,1,2625,"('sk', 'sk', 'sk')",despaɾeskajs,despaɾeskajs
90L_10NL,3,90L_10NL_3_1,1,2625,"('sk', 'sk', 'sk')",despaɾeskajs,despaɾeskajs
90L_10NL,3,90L_10NL_3_1,1,2625,"('sk', 'sk', 'sk')",despaɾeskajs,despaɾeskajs
90L_10NL,3,90L_10NL_3_1,1,2625,"('sk', 'sk', 'sk')",despaɾeskajs,despaɾeskajs
90L_10NL,3,90L_10NL_3_1,1,2625,"('sk', 'sk', 'sk')",despaɾeskajs,despaɾeskajs
90L_10NL,3,90L_10NL_3_1,1,2625,"('sk', 'sk', 'sk')",despaɾeskajs,despaɾeskajs
90L_10NL,3,90L_10NL_3_1,1,2625,"('sk', 'sk', 'sk')",despaɾeskajs,despaɾeskajs
90L_10NL,3,90L_10NL_3_1,1,2625,"('sk', 'sk', 'sk')",despaɾeskajs,despaɾeskajs
90L_10NL,3,90L_10NL_3_1,1,2625,"('sk', 'sk', 'sk')",despaɾeskajs,despaɾeskajs
90L_10NL,3,90L_10NL_3_1,1,2625,"('sk', 'sk', 'sk')",despaɾeskajs,despaɾeskajs
90L_10NL,3,90L_10NL_3_1,1,2625,"('sk', 'sk', 'sk')",despaɾeskajs,despaɾeskajs
90L_10NL,3,90L_10NL_3_1,1,2625,"('sk', 'sk', 'sk')",despaɾeskajs,despaɾeskajs
90L_10NL,3,90L_10NL_3_1,1,2625,"('sk', 'sk', 'sk')",despaɾeskajs,despaɾeskajs
90L_10NL,3,90L_10NL_3_1,1,2625,"('sk', 'sk', 'sk')",despaɾeskajs,despaɾeskajs
90L_10NL,3,90L_10NL_3_1,1,2625,"('sk', 'sk', 'sk')",despaɾeskajs,despaɾeskajs
90L_10NL,3,90L_10NL_3_1,1,1750,"('s', 's', 'sk')",despaɾeskamos,despaɾeskamos
90L_10NL,3,90L_10NL_3_1,1,1750,"('s', 's', 'sk')",despaɾeskamos,despaɾeskamos
90L_10NL,3,90L_10NL_3_1,1,1750,"('s', 's', 'sk')",despaɾeskamos,despaɾeskamos
90L_10NL,3,90L_10NL_3_1,1,1750,"('s', 's', 'sk')",despaɾeskamos,despaɾeskamos
90L_10NL,3,90L_10NL_3_1,1,5250,"('s', 'sk', 'sk')",despaɾeskamos,despaɾeskamos
90L_10NL,3,90L_10NL_3_1,1,5250,"('s', 'sk', 'sk')",despaɾeskamos,despaɾeskamos
90L_10NL,3,90L_10NL_3_1,1,5250,"('s', 'sk', 'sk')",despaɾeskamos,despaɾeskamos
90L_10NL,3,90L_10NL_3_1,1,5250,"('s', 'sk', 'sk')",despaɾeskamos,despaɾeskamos
90L_10NL,3,90L_10NL_3_1,1,5250,"('s', 'sk', 'sk')",despaɾeskamos,despaɾeskamos
90L_10NL,3,90L_10NL_3_1,1,5250,"('s', 'sk', 'sk')",despaɾeskamos,despaɾeskamos
90L_10NL,3,90L_10NL_3_1,1,1750,"('s', 's', 'sk')",despaɾeskamos,despaɾeskamos
90L_10NL,3,90L_10NL_3_1,1,1750,"('s', 's', 'sk')",despaɾeskamos,despaɾeskamos
90L_10NL,3,90L_10NL_3_1,1,1750,"('s', 's', 'sk')",despaɾeskamos,despaɾeskamos
90L_10NL,3,90L_10NL_3_1,1,5250,"('s', 'sk', 'sk')",despaɾeskamos,despaɾeskamos
90L_10NL,3,90L_10NL_3_1,1,5250,"('s', 'sk', 'sk')",despaɾeskamos,despaɾeskamos
90L_10NL,3,90L_10NL_3_1,1,5250,"('s', 'sk', 'sk')",despaɾeskamos,despaɾeskamos
90L_10NL,3,90L_10NL_3_1,1,5250,"('s', 'sk', 'sk')",despaɾeskamos,despaɾeskamos
90L_10NL,3,90L_10NL_3_1,1,5250,"('s', 'sk', 'sk')",despaɾeskamos,despaɾeskamos
90L_10NL,3,90L_10NL_3_1,1,5250,"('s', 'sk', 'sk')",despaɾeskamos,despaɾeskamos
90L_10NL,3,90L_10NL_3_1,1,1750,"('s', 's', 'sk')",despaɾeskamos,despaɾeskamos
90L_10NL,3,90L_10NL_3_1,1,1750,"('s', 's', 'sk')",despaɾeskamos,despaɾeskamos
90L_10NL,3,90L_10NL_3_1,1,5250,"('s', 'sk', 'sk')",despaɾeskamos,despaɾeskamos
90L_10NL,3,90L_10NL_3_1,1,5250,"('s', 'sk', 'sk')",despaɾeskamos,despaɾeskamos
90L_10NL,3,90L_10NL_3_1,1,5250,"('s', 'sk', 'sk')",despaɾeskamos,despaɾeskamos
90L_10NL,3,90L_10NL_3_1,1,5250,"('s', 'sk', 'sk')",despaɾeskamos,despaɾeskamos
90L_10NL,3,90L_10NL_3_1,1,5250,"('s', 'sk', 'sk')",despaɾeskamos,despaɾeskamos
90L_10NL,3,90L_10NL_3_1,1,5250,"('s', 'sk', 'sk')",despaɾeskamos,despaɾeskamos
90L_10NL,3,90L_10NL_3_1,1,1750,"('s', 's', 'sk')",despaɾeskamos,despaɾeskamos
90L_10NL,3,90L_10NL_3_1,1,5250,"('s', 'sk', 'sk')",despaɾeskamos,despaɾeskamos
90L_10NL,3,90L_10NL_3_1,1,5250,"('s', 'sk', 'sk')",despaɾeskamos,despaɾeskamos
90L_10NL,3,90L_10NL_3_1,1,5250,"('s', 'sk', 'sk')",despaɾeskamos,despaɾeskamos
90L_10NL,3,90L_10NL_3_1,1,5250,"('s', 'sk', 'sk')",despaɾeskamos,despaɾeskamos
90L_10NL,3,90L_10NL_3_1,1,5250,"('s', 'sk', 'sk')",despaɾeskamos,despaɾeskamos
90L_10NL,3,90L_10NL_3_1,1,5250,"('s', 'sk', 'sk')",despaɾeskamos,despaɾeskamos
90L_10NL,3,90L_10NL_3_1,1,5250,"('s', 'sk', 'sk')",despaɾeskamos,despaɾeskamos
90L_10NL,3,90L_10NL_3_1,1,5250,"('s', 'sk', 'sk')",despaɾeskamos,despaɾeskamos
90L_10NL,3,90L_10NL_3_1,1,5250,"('s', 'sk', 'sk')",despaɾeskamos,despaɾeskamos
90L_10NL,3,90L_10NL_3_1,1,5250,"('s', 'sk', 'sk')",despaɾeskamos,despaɾeskamos
90L_10NL,3,90L_10NL_3_1,1,5250,"('s', 'sk', 'sk')",despaɾeskamos,despaɾeskamos
90L_10NL,3,90L_10NL_3_1,1,5250,"('s', 'sk', 'sk')",despaɾeskamos,despaɾeskamos
90L_10NL,3,90L_10NL_3_1,1,2625,"('sk', 'sk', 'sk')",despaɾeskamos,despaɾeskamos
90L_10NL,3,90L_10NL_3_1,1,2625,"('sk', 'sk', 'sk')",despaɾeskamos,despaɾeskamos
90L_10NL,3,90L_10NL_3_1,1,2625,"('sk', 'sk', 'sk')",despaɾeskamos,despaɾeskamos
90L_10NL,3,90L_10NL_3_1,1,2625,"('sk', 'sk', 'sk')",despaɾeskamos,despaɾeskamos
90L_10NL,3,90L_10NL_3_1,1,2625,"('sk', 'sk', 'sk')",despaɾeskamos,despaɾeskamos
90L_10NL,3,90L_10NL_3_1,1,2625,"('sk', 'sk', 'sk')",despaɾeskamos,despaɾeskamos
90L_10NL,3,90L_10NL_3_1,1,2625,"('sk', 'sk', 'sk')",despaɾeskamos,despaɾeskamos
90L_10NL,3,90L_10NL_3_1,1,2625,"('sk', 'sk', 'sk')",despaɾeskamos,despaɾeskamos
90L_10NL,3,90L_10NL_3_1,1,2625,"('sk', 'sk', 'sk')",despaɾeskamos,despaɾeskamos
90L_10NL,3,90L_10NL_3_1,1,2625,"('sk', 'sk', 'sk')",despaɾeskamos,despaɾeskamos
90L_10NL,3,90L_10NL_3_1,1,2625,"('sk', 'sk', 'sk')",despaɾeskamos,despaɾeskamos
90L_10NL,3,90L_10NL_3_1,1,2625,"('sk', 'sk', 'sk')",despaɾeskamos,despaɾeskamos
90L_10NL,3,90L_10NL_3_1,1,2625,"('sk', 'sk', 'sk')",despaɾeskamos,despaɾeskamos
90L_10NL,3,90L_10NL_3_1,1,2625,"('sk', 'sk', 'sk')",despaɾeskamos,despaɾeskamos
90L_10NL,3,90L_10NL_3_1,1,2625,"('sk', 'sk', 'sk')",despaɾeskamos,despaɾeskamos
90L_10NL,3,90L_10NL_3_1,1,1750,"('s', 's', 'sk')",despaɾeskan,despaɾeskan
90L_10NL,3,90L_10NL_3_1,1,1750,"('s', 's', 'sk')",despaɾeskan,despaɾeskan
90L_10NL,3,90L_10NL_3_1,1,1750,"('s', 's', 'sk')",despaɾeskan,despaɾeskan
90L_10NL,3,90L_10NL_3_1,1,1750,"('s', 's', 'sk')",despaɾeskan,despaɾeskan
90L_10NL,3,90L_10NL_3_1,1,5250,"('s', 'sk', 'sk')",despaɾeskan,despaɾeskan
90L_10NL,3,90L_10NL_3_1,1,5250,"('s', 'sk', 'sk')",despaɾeskan,despaɾeskan
90L_10NL,3,90L_10NL_3_1,1,5250,"('s', 'sk', 'sk')",despaɾeskan,despaɾeskan
90L_10NL,3,90L_10NL_3_1,1,5250,"('s', 'sk', 'sk')",despaɾeskan,despaɾeskan
90L_10NL,3,90L_10NL_3_1,1,5250,"('s', 'sk', 'sk')",despaɾeskan,despaɾeskan
90L_10NL,3,90L_10NL_3_1,1,5250,"('s', 'sk', 'sk')",despaɾeskan,despaɾeskan
90L_10NL,3,90L_10NL_3_1,1,1750,"('s', 's', 'sk')",despaɾeskan,despaɾeskan
90L_10NL,3,90L_10NL_3_1,1,1750,"('s', 's', 'sk')",despaɾeskan,despaɾeskan
90L_10NL,3,90L_10NL_3_1,1,1750,"('s', 's', 'sk')",despaɾeskan,despaɾeskan
90L_10NL,3,90L_10NL_3_1,1,5250,"('s', 'sk', 'sk')",despaɾeskan,despaɾeskan
90L_10NL,3,90L_10NL_3_1,1,5250,"('s', 'sk', 'sk')",despaɾeskan,despaɾeskan
90L_10NL,3,90L_10NL_3_1,1,5250,"('s', 'sk', 'sk')",despaɾeskan,despaɾeskan
90L_10NL,3,90L_10NL_3_1,1,5250,"('s', 'sk', 'sk')",despaɾeskan,despaɾeskan
90L_10NL,3,90L_10NL_3_1,1,5250,"('s', 'sk', 'sk')",despaɾeskan,despaɾeskan
90L_10NL,3,90L_10NL_3_1,1,5250,"('s', 'sk', 'sk')",despaɾeskan,despaɾeskan
90L_10NL,3,90L_10NL_3_1,1,1750,"('s', 's', 'sk')",despaɾeskan,despaɾeskan
90L_10NL,3,90L_10NL_3_1,1,1750,"('s', 's', 'sk')",despaɾeskan,despaɾeskan
90L_10NL,3,90L_10NL_3_1,1,5250,"('s', 'sk', 'sk')",despaɾeskan,despaɾeskan
90L_10NL,3,90L_10NL_3_1,1,5250,"('s', 'sk', 'sk')",despaɾeskan,despaɾeskan
90L_10NL,3,90L_10NL_3_1,1,5250,"('s', 'sk', 'sk')",despaɾeskan,despaɾeskan
90L_10NL,3,90L_10NL_3_1,1,5250,"('s', 'sk', 'sk')",despaɾeskan,despaɾeskan
90L_10NL,3,90L_10NL_3_1,1,5250,"('s', 'sk', 'sk')",despaɾeskan,despaɾeskan
90L_10NL,3,90L_10NL_3_1,1,5250,"('s', 'sk', 'sk')",despaɾeskan,despaɾeskan
90L_10NL,3,90L_10NL_3_1,1,1750,"('s', 's', 'sk')",despaɾeskan,despaɾeskan
90L_10NL,3,90L_10NL_3_1,1,5250,"('s', 'sk', 'sk')",despaɾeskan,despaɾeskan
90L_10NL,3,90L_10NL_3_1,1,5250,"('s', 'sk', 'sk')",despaɾeskan,despaɾeskan
90L_10NL,3,90L_10NL_3_1,1,5250,"('s', 'sk', 'sk')",despaɾeskan,despaɾeskan
90L_10NL,3,90L_10NL_3_1,1,5250,"('s', 'sk', 'sk')",despaɾeskan,despaɾeskan
90L_10NL,3,90L_10NL_3_1,1,5250,"('s', 'sk', 'sk')",despaɾeskan,despaɾeskan
90L_10NL,3,90L_10NL_3_1,1,5250,"('s', 'sk', 'sk')",despaɾeskan,despaɾeskan
90L_10NL,3,90L_10NL_3_1,1,5250,"('s', 'sk', 'sk')",despaɾeskan,despaɾeskan
90L_10NL,3,90L_10NL_3_1,1,5250,"('s', 'sk', 'sk')",despaɾeskan,despaɾeskan
90L_10NL,3,90L_10NL_3_1,1,5250,"('s', 'sk', 'sk')",despaɾeskan,despaɾeskan
90L_10NL,3,90L_10NL_3_1,1,5250,"('s', 'sk', 'sk')",despaɾeskan,despaɾeskan
90L_10NL,3,90L_10NL_3_1,1,5250,"('s', 'sk', 'sk')",despaɾeskan,despaɾeskan
90L_10NL,3,90L_10NL_3_1,1,5250,"('s', 'sk', 'sk')",despaɾeskan,despaɾeskan
90L_10NL,3,90L_10NL_3_1,1,2625,"('sk', 'sk', 'sk')",despaɾeskan,despaɾeskan
90L_10NL,3,90L_10NL_3_1,1,2625,"('sk', 'sk', 'sk')",despaɾeskan,despaɾeskan
90L_10NL,3,90L_10NL_3_1,1,2625,"('sk', 'sk', 'sk')",despaɾeskan,despaɾeskan
90L_10NL,3,90L_10NL_3_1,1,2625,"('sk', 'sk', 'sk')",despaɾeskan,despaɾeskan
90L_10NL,3,90L_10NL_3_1,1,2625,"('sk', 'sk', 'sk')",despaɾeskan,despaɾeskan
90L_10NL,3,90L_10NL_3_1,1,2625,"('sk', 'sk', 'sk')",despaɾeskan,despaɾeskan
90L_10NL,3,90L_10NL_3_1,1,2625,"('sk', 'sk', 'sk')",despaɾeskan,despaɾeskan
90L_10NL,3,90L_10NL_3_1,1,2625,"('sk', 'sk', 'sk')",despaɾeskan,despaɾeskan
90L_10NL,3,90L_10NL_3_1,1,2625,"('sk', 'sk', 'sk')",despaɾeskan,despaɾeskan
90L_10NL,3,90L_10NL_3_1,1,2625,"('sk', 'sk', 'sk')",despaɾeskan,despaɾeskan
90L_10NL,3,90L_10NL_3_1,1,2625,"('sk', 'sk', 'sk')",despaɾeskan,despaɾeskan
90L_10NL,3,90L_10NL_3_1,1,2625,"('sk', 'sk', 'sk')",despaɾeskan,despaɾeskan
90L_10NL,3,90L_10NL_3_1,1,2625,"('sk', 'sk', 'sk')",despaɾeskan,despaɾeskan
90L_10NL,3,90L_10NL_3_1,1,2625,"('sk', 'sk', 'sk')",despaɾeskan,despaɾeskan
90L_10NL,3,90L_10NL_3_1,1,2625,"('sk', 'sk', 'sk')",despaɾeskan,despaɾeskan
90L_10NL,3,90L_10NL_3_1,1,1750,"('s', 's', 'sk')",despaɾeskas,despaɾeskas
90L_10NL,3,90L_10NL_3_1,1,1750,"('s', 's', 'sk')",despaɾeskas,despaɾeskas
90L_10NL,3,90L_10NL_3_1,1,1750,"('s', 's', 'sk')",despaɾeskas,despaɾeskas
90L_10NL,3,90L_10NL_3_1,1,1750,"('s', 's', 'sk')",despaɾeskas,despaɾeskas
90L_10NL,3,90L_10NL_3_1,1,5250,"('s', 'sk', 'sk')",despaɾeskas,despaɾeskas
90L_10NL,3,90L_10NL_3_1,1,5250,"('s', 'sk', 'sk')",despaɾeskas,despaɾeskas
90L_10NL,3,90L_10NL_3_1,1,5250,"('s', 'sk', 'sk')",despaɾeskas,despaɾeskas
90L_10NL,3,90L_10NL_3_1,1,5250,"('s', 'sk', 'sk')",despaɾeskas,despaɾeskas
90L_10NL,3,90L_10NL_3_1,1,5250,"('s', 'sk', 'sk')",despaɾeskas,despaɾeskas
90L_10NL,3,90L_10NL_3_1,1,5250,"('s', 'sk', 'sk')",despaɾeskas,despaɾeskas
90L_10NL,3,90L_10NL_3_1,1,1750,"('s', 's', 'sk')",despaɾeskas,despaɾeskas
90L_10NL,3,90L_10NL_3_1,1,1750,"('s', 's', 'sk')",despaɾeskas,despaɾeskas
90L_10NL,3,90L_10NL_3_1,1,1750,"('s', 's', 'sk')",despaɾeskas,despaɾeskas
90L_10NL,3,90L_10NL_3_1,1,5250,"('s', 'sk', 'sk')",despaɾeskas,despaɾeskas
90L_10NL,3,90L_10NL_3_1,1,5250,"('s', 'sk', 'sk')",despaɾeskas,despaɾeskas
90L_10NL,3,90L_10NL_3_1,1,5250,"('s', 'sk', 'sk')",despaɾeskas,despaɾeskas
90L_10NL,3,90L_10NL_3_1,1,5250,"('s', 'sk', 'sk')",despaɾeskas,despaɾeskas
90L_10NL,3,90L_10NL_3_1,1,5250,"('s', 'sk', 'sk')",despaɾeskas,despaɾeskas
90L_10NL,3,90L_10NL_3_1,1,5250,"('s', 'sk', 'sk')",despaɾeskas,despaɾeskas
90L_10NL,3,90L_10NL_3_1,1,1750,"('s', 's', 'sk')",despaɾeskas,despaɾeskas
90L_10NL,3,90L_10NL_3_1,1,1750,"('s', 's', 'sk')",despaɾeskas,despaɾeskas
90L_10NL,3,90L_10NL_3_1,1,5250,"('s', 'sk', 'sk')",despaɾeskas,despaɾeskas
90L_10NL,3,90L_10NL_3_1,1,5250,"('s', 'sk', 'sk')",despaɾeskas,despaɾeskas
90L_10NL,3,90L_10NL_3_1,1,5250,"('s', 'sk', 'sk')",despaɾeskas,despaɾeskas
90L_10NL,3,90L_10NL_3_1,1,5250,"('s', 'sk', 'sk')",despaɾeskas,despaɾeskas
90L_10NL,3,90L_10NL_3_1,1,5250,"('s', 'sk', 'sk')",despaɾeskas,despaɾeskas
90L_10NL,3,90L_10NL_3_1,1,5250,"('s', 'sk', 'sk')",despaɾeskas,despaɾeskas
90L_10NL,3,90L_10NL_3_1,1,1750,"('s', 's', 'sk')",despaɾeskas,despaɾeskas
90L_10NL,3,90L_10NL_3_1,1,5250,"('s', 'sk', 'sk')",despaɾeskas,despaɾeskas
90L_10NL,3,90L_10NL_3_1,1,5250,"('s', 'sk', 'sk')",despaɾeskas,despaɾeskas
90L_10NL,3,90L_10NL_3_1,1,5250,"('s', 'sk', 'sk')",despaɾeskas,despaɾeskas
90L_10NL,3,90L_10NL_3_1,1,5250,"('s', 'sk', 'sk')",despaɾeskas,despaɾeskas
90L_10NL,3,90L_10NL_3_1,1,5250,"('s', 'sk', 'sk')",despaɾeskas,despaɾeskas
90L_10NL,3,90L_10NL_3_1,1,5250,"('s', 'sk', 'sk')",despaɾeskas,despaɾeskas
90L_10NL,3,90L_10NL_3_1,1,5250,"('s', 'sk', 'sk')",despaɾeskas,despaɾeskas
90L_10NL,3,90L_10NL_3_1,1,5250,"('s', 'sk', 'sk')",despaɾeskas,despaɾeskas
90L_10NL,3,90L_10NL_3_1,1,5250,"('s', 'sk', 'sk')",despaɾeskas,despaɾeskas
90L_10NL,3,90L_10NL_3_1,1,5250,"('s', 'sk', 'sk')",despaɾeskas,despaɾeskas
90L_10NL,3,90L_10NL_3_1,1,5250,"('s', 'sk', 'sk')",despaɾeskas,despaɾeskas
90L_10NL,3,90L_10NL_3_1,1,5250,"('s', 'sk', 'sk')",despaɾeskas,despaɾeskas
90L_10NL,3,90L_10NL_3_1,1,2625,"('sk', 'sk', 'sk')",despaɾeskas,despaɾeskas
90L_10NL,3,90L_10NL_3_1,1,2625,"('sk', 'sk', 'sk')",despaɾeskas,despaɾeskas
90L_10NL,3,90L_10NL_3_1,1,2625,"('sk', 'sk', 'sk')",despaɾeskas,despaɾeskas
90L_10NL,3,90L_10NL_3_1,1,2625,"('sk', 'sk', 'sk')",despaɾeskas,despaɾeskas
90L_10NL,3,90L_10NL_3_1,1,2625,"('sk', 'sk', 'sk')",despaɾeskas,despaɾeskas
90L_10NL,3,90L_10NL_3_1,1,2625,"('sk', 'sk', 'sk')",despaɾeskas,despaɾeskas
90L_10NL,3,90L_10NL_3_1,1,2625,"('sk', 'sk', 'sk')",despaɾeskas,despaɾeskas
90L_10NL,3,90L_10NL_3_1,1,2625,"('sk', 'sk', 'sk')",despaɾeskas,despaɾeskas
90L_10NL,3,90L_10NL_3_1,1,2625,"('sk', 'sk', 'sk')",despaɾeskas,despaɾeskas
90L_10NL,3,90L_10NL_3_1,1,2625,"('sk', 'sk', 'sk')",despaɾeskas,despaɾeskas
90L_10NL,3,90L_10NL_3_1,1,2625,"('sk', 'sk', 'sk')",despaɾeskas,despaɾeskas
90L_10NL,3,90L_10NL_3_1,1,2625,"('sk', 'sk', 'sk')",despaɾeskas,despaɾeskas
90L_10NL,3,90L_10NL_3_1,1,2625,"('sk', 'sk', 'sk')",despaɾeskas,despaɾeskas
90L_10NL,3,90L_10NL_3_1,1,2625,"('sk', 'sk', 'sk')",despaɾeskas,despaɾeskas
90L_10NL,3,90L_10NL_3_1,1,2625,"('sk', 'sk', 'sk')",despaɾeskas,despaɾeskas
90L_10NL,3,90L_10NL_3_1,1,1750,"('s', 's', 'sk')",despaɾeska,despaɾeska
90L_10NL,3,90L_10NL_3_1,1,1750,"('s', 's', 'sk')",despaɾeska,despaɾeska
90L_10NL,3,90L_10NL_3_1,1,1750,"('s', 's', 'sk')",despaɾeska,despaɾeska
90L_10NL,3,90L_10NL_3_1,1,1750,"('s', 's', 'sk')",despaɾeska,despaɾeska
90L_10NL,3,90L_10NL_3_1,1,5250,"('s', 'sk', 'sk')",despaɾeska,despaɾeska
90L_10NL,3,90L_10NL_3_1,1,5250,"('s', 'sk', 'sk')",despaɾeska,despaɾeska
90L_10NL,3,90L_10NL_3_1,1,5250,"('s', 'sk', 'sk')",despaɾeska,despaɾeska
90L_10NL,3,90L_10NL_3_1,1,5250,"('s', 'sk', 'sk')",despaɾeska,despaɾeska
90L_10NL,3,90L_10NL_3_1,1,5250,"('s', 'sk', 'sk')",despaɾeska,despaɾeska
90L_10NL,3,90L_10NL_3_1,1,5250,"('s', 'sk', 'sk')",despaɾeska,despaɾeska
90L_10NL,3,90L_10NL_3_1,1,1750,"('s', 's', 'sk')",despaɾeska,despaɾeska
90L_10NL,3,90L_10NL_3_1,1,1750,"('s', 's', 'sk')",despaɾeska,despaɾeska
90L_10NL,3,90L_10NL_3_1,1,1750,"('s', 's', 'sk')",despaɾeska,despaɾeska
90L_10NL,3,90L_10NL_3_1,1,5250,"('s', 'sk', 'sk')",despaɾeska,despaɾeska
90L_10NL,3,90L_10NL_3_1,1,5250,"('s', 'sk', 'sk')",despaɾeska,despaɾeska
90L_10NL,3,90L_10NL_3_1,1,5250,"('s', 'sk', 'sk')",despaɾeska,despaɾeska
90L_10NL,3,90L_10NL_3_1,1,5250,"('s', 'sk', 'sk')",despaɾeska,despaɾeska
90L_10NL,3,90L_10NL_3_1,1,5250,"('s', 'sk', 'sk')",despaɾeska,despaɾeska
90L_10NL,3,90L_10NL_3_1,1,5250,"('s', 'sk', 'sk')",despaɾeska,despaɾeska
90L_10NL,3,90L_10NL_3_1,1,1750,"('s', 's', 'sk')",despaɾeska,despaɾeska
90L_10NL,3,90L_10NL_3_1,1,1750,"('s', 's', 'sk')",despaɾeska,despaɾeska
90L_10NL,3,90L_10NL_3_1,1,5250,"('s', 'sk', 'sk')",despaɾeska,despaɾeska
90L_10NL,3,90L_10NL_3_1,1,5250,"('s', 'sk', 'sk')",despaɾeska,despaɾeska
90L_10NL,3,90L_10NL_3_1,1,5250,"('s', 'sk', 'sk')",despaɾeska,despaɾeska
90L_10NL,3,90L_10NL_3_1,1,5250,"('s', 'sk', 'sk')",despaɾeska,despaɾeska
90L_10NL,3,90L_10NL_3_1,1,5250,"('s', 'sk', 'sk')",despaɾeska,despaɾeska
90L_10NL,3,90L_10NL_3_1,1,5250,"('s', 'sk', 'sk')",despaɾeska,despaɾeska
90L_10NL,3,90L_10NL_3_1,1,1750,"('s', 's', 'sk')",despaɾeska,despaɾeska
90L_10NL,3,90L_10NL_3_1,1,5250,"('s', 'sk', 'sk')",despaɾeska,despaɾeska
90L_10NL,3,90L_10NL_3_1,1,5250,"('s', 'sk', 'sk')",despaɾeska,despaɾeska
90L_10NL,3,90L_10NL_3_1,1,5250,"('s', 'sk', 'sk')",despaɾeska,despaɾeska
90L_10NL,3,90L_10NL_3_1,1,5250,"('s', 'sk', 'sk')",despaɾeska,despaɾeska
90L_10NL,3,90L_10NL_3_1,1,5250,"('s', 'sk', 'sk')",despaɾeska,despaɾeska
90L_10NL,3,90L_10NL_3_1,1,5250,"('s', 'sk', 'sk')",despaɾeska,despaɾeska
90L_10NL,3,90L_10NL_3_1,1,5250,"('s', 'sk', 'sk')",despaɾeska,despaɾeska
90L_10NL,3,90L_10NL_3_1,1,5250,"('s', 'sk', 'sk')",despaɾeska,despaɾeska
90L_10NL,3,90L_10NL_3_1,1,5250,"('s', 'sk', 'sk')",despaɾeska,despaɾeska
90L_10NL,3,90L_10NL_3_1,1,5250,"('s', 'sk', 'sk')",despaɾeska,despaɾeska
90L_10NL,3,90L_10NL_3_1,1,5250,"('s', 'sk', 'sk')",despaɾeska,despaɾeska
90L_10NL,3,90L_10NL_3_1,1,5250,"('s', 'sk', 'sk')",despaɾeska,despaɾeska
90L_10NL,3,90L_10NL_3_1,1,2625,"('sk', 'sk', 'sk')",despaɾeska,despaɾeska
90L_10NL,3,90L_10NL_3_1,1,2625,"('sk', 'sk', 'sk')",despaɾeska,despaɾeska
90L_10NL,3,90L_10NL_3_1,1,2625,"('sk', 'sk', 'sk')",despaɾeska,despaɾeska
90L_10NL,3,90L_10NL_3_1,1,2625,"('sk', 'sk', 'sk')",despaɾeska,despaɾeska
90L_10NL,3,90L_10NL_3_1,1,2625,"('sk', 'sk', 'sk')",despaɾeska,despaɾeska
90L_10NL,3,90L_10NL_3_1,1,2625,"('sk', 'sk', 'sk')",despaɾeska,despaɾeska
90L_10NL,3,90L_10NL_3_1,1,2625,"('sk', 'sk', 'sk')",despaɾeska,despaɾeska
90L_10NL,3,90L_10NL_3_1,1,2625,"('sk', 'sk', 'sk')",despaɾeska,despaɾeska
90L_10NL,3,90L_10NL_3_1,1,2625,"('sk', 'sk', 'sk')",despaɾeska,despaɾeska
90L_10NL,3,90L_10NL_3_1,1,2625,"('sk', 'sk', 'sk')",despaɾeska,despaɾeska
90L_10NL,3,90L_10NL_3_1,1,2625,"('sk', 'sk', 'sk')",despaɾeska,despaɾeska
90L_10NL,3,90L_10NL_3_1,1,2625,"('sk', 'sk', 'sk')",despaɾeska,despaɾeska
90L_10NL,3,90L_10NL_3_1,1,2625,"('sk', 'sk', 'sk')",despaɾeska,despaɾeska
90L_10NL,3,90L_10NL_3_1,1,2625,"('sk', 'sk', 'sk')",despaɾeska,despaɾeska
90L_10NL,3,90L_10NL_3_1,1,2625,"('sk', 'sk', 'sk')",despaɾeska,despaɾeska
90L_10NL,3,90L_10NL_3_1,1,1750,"('s', 's', 'sk')",despaɾeska,despaɾeska
90L_10NL,3,90L_10NL_3_1,1,1750,"('s', 's', 'sk')",despaɾeska,despaɾeska
90L_10NL,3,90L_10NL_3_1,1,1750,"('s', 's', 'sk')",despaɾeska,despaɾeska
90L_10NL,3,90L_10NL_3_1,1,1750,"('s', 's', 'sk')",despaɾeska,despaɾeska
90L_10NL,3,90L_10NL_3_1,1,5250,"('s', 'sk', 'sk')",despaɾeska,despaɾeska
90L_10NL,3,90L_10NL_3_1,1,5250,"('s', 'sk', 'sk')",despaɾeska,despaɾeska
90L_10NL,3,90L_10NL_3_1,1,5250,"('s', 'sk', 'sk')",despaɾeska,despaɾeska
90L_10NL,3,90L_10NL_3_1,1,5250,"('s', 'sk', 'sk')",despaɾeska,despaɾeska
90L_10NL,3,90L_10NL_3_1,1,5250,"('s', 'sk', 'sk')",despaɾeska,despaɾeska
90L_10NL,3,90L_10NL_3_1,1,5250,"('s', 'sk', 'sk')",despaɾeska,despaɾeska
90L_10NL,3,90L_10NL_3_1,1,1750,"('s', 's', 'sk')",despaɾeska,despaɾeska
90L_10NL,3,90L_10NL_3_1,1,1750,"('s', 's', 'sk')",despaɾeska,despaɾeska
90L_10NL,3,90L_10NL_3_1,1,1750,"('s', 's', 'sk')",despaɾeska,despaɾeska
90L_10NL,3,90L_10NL_3_1,1,5250,"('s', 'sk', 'sk')",despaɾeska,despaɾeska
90L_10NL,3,90L_10NL_3_1,1,5250,"('s', 'sk', 'sk')",despaɾeska,despaɾeska
90L_10NL,3,90L_10NL_3_1,1,5250,"('s', 'sk', 'sk')",despaɾeska,despaɾeska
90L_10NL,3,90L_10NL_3_1,1,5250,"('s', 'sk', 'sk')",despaɾeska,despaɾeska
90L_10NL,3,90L_10NL_3_1,1,5250,"('s', 'sk', 'sk')",despaɾeska,despaɾeska
90L_10NL,3,90L_10NL_3_1,1,5250,"('s', 'sk', 'sk')",despaɾeska,despaɾeska
90L_10NL,3,90L_10NL_3_1,1,1750,"('s', 's', 'sk')",despaɾeska,despaɾeska
90L_10NL,3,90L_10NL_3_1,1,1750,"('s', 's', 'sk')",despaɾeska,despaɾeska
90L_10NL,3,90L_10NL_3_1,1,5250,"('s', 'sk', 'sk')",despaɾeska,despaɾeska
90L_10NL,3,90L_10NL_3_1,1,5250,"('s', 'sk', 'sk')",despaɾeska,despaɾeska
90L_10NL,3,90L_10NL_3_1,1,5250,"('s', 'sk', 'sk')",despaɾeska,despaɾeska
90L_10NL,3,90L_10NL_3_1,1,5250,"('s', 'sk', 'sk')",despaɾeska,despaɾeska
90L_10NL,3,90L_10NL_3_1,1,5250,"('s', 'sk', 'sk')",despaɾeska,despaɾeska
90L_10NL,3,90L_10NL_3_1,1,5250,"('s', 'sk', 'sk')",despaɾeska,despaɾeska
90L_10NL,3,90L_10NL_3_1,1,1750,"('s', 's', 'sk')",despaɾeska,despaɾeska
90L_10NL,3,90L_10NL_3_1,1,5250,"('s', 'sk', 'sk')",despaɾeska,despaɾeska
90L_10NL,3,90L_10NL_3_1,1,5250,"('s', 'sk', 'sk')",despaɾeska,despaɾeska
90L_10NL,3,90L_10NL_3_1,1,5250,"('s', 'sk', 'sk')",despaɾeska,despaɾeska
90L_10NL,3,90L_10NL_3_1,1,5250,"('s', 'sk', 'sk')",despaɾeska,despaɾeska
90L_10NL,3,90L_10NL_3_1,1,5250,"('s', 'sk', 'sk')",despaɾeska,despaɾeska
90L_10NL,3,90L_10NL_3_1,1,5250,"('s', 'sk', 'sk')",despaɾeska,despaɾeska
90L_10NL,3,90L_10NL_3_1,1,5250,"('s', 'sk', 'sk')",despaɾeska,despaɾeska
90L_10NL,3,90L_10NL_3_1,1,5250,"('s', 'sk', 'sk')",despaɾeska,despaɾeska
90L_10NL,3,90L_10NL_3_1,1,5250,"('s', 'sk', 'sk')",despaɾeska,despaɾeska
90L_10NL,3,90L_10NL_3_1,1,5250,"('s', 'sk', 'sk')",despaɾeska,despaɾeska
90L_10NL,3,90L_10NL_3_1,1,5250,"('s', 'sk', 'sk')",despaɾeska,despaɾeska
90L_10NL,3,90L_10NL_3_1,1,5250,"('s', 'sk', 'sk')",despaɾeska,despaɾeska
90L_10NL,3,90L_10NL_3_1,1,2625,"('sk', 'sk', 'sk')",despaɾeska,despaɾeska
90L_10NL,3,90L_10NL_3_1,1,2625,"('sk', 'sk', 'sk')",despaɾeska,despaɾeska
90L_10NL,3,90L_10NL_3_1,1,2625,"('sk', 'sk', 'sk')",despaɾeska,despaɾeska
90L_10NL,3,90L_10NL_3_1,1,2625,"('sk', 'sk', 'sk')",despaɾeska,despaɾeska
90L_10NL,3,90L_10NL_3_1,1,2625,"('sk', 'sk', 'sk')",despaɾeska,despaɾeska
90L_10NL,3,90L_10NL_3_1,1,2625,"('sk', 'sk', 'sk')",despaɾeska,despaɾeska
90L_10NL,3,90L_10NL_3_1,1,2625,"('sk', 'sk', 'sk')",despaɾeska,despaɾeska
90L_10NL,3,90L_10NL_3_1,1,2625,"('sk', 'sk', 'sk')",despaɾeska,despaɾeska
90L_10NL,3,90L_10NL_3_1,1,2625,"('sk', 'sk', 'sk')",despaɾeska,despaɾeska
90L_10NL,3,90L_10NL_3_1,1,2625,"('sk', 'sk', 'sk')",despaɾeska,despaɾeska
90L_10NL,3,90L_10NL_3_1,1,2625,"('sk', 'sk', 'sk')",despaɾeska,despaɾeska
90L_10NL,3,90L_10NL_3_1,1,2625,"('sk', 'sk', 'sk')",despaɾeska,despaɾeska
90L_10NL,3,90L_10NL_3_1,1,2625,"('sk', 'sk', 'sk')",despaɾeska,despaɾeska
90L_10NL,3,90L_10NL_3_1,1,2625,"('sk', 'sk', 'sk')",despaɾeska,despaɾeska
90L_10NL,3,90L_10NL_3_1,1,2625,"('sk', 'sk', 'sk')",despaɾeska,despaɾeska
90L_10NL,3,90L_10NL_3_1,1,1750,"('s', 's', 'sk')",despaɾesko,despaɾesko
90L_10NL,3,90L_10NL_3_1,1,1750,"('s', 's', 'sk')",despaɾesko,despaɾesko
90L_10NL,3,90L_10NL_3_1,1,1750,"('s', 's', 'sk')",despaɾesko,despaɾesko
90L_10NL,3,90L_10NL_3_1,1,1750,"('s', 's', 'sk')",despaɾesko,despaɾesko
90L_10NL,3,90L_10NL_3_1,1,5250,"('s', 'sk', 'sk')",despaɾesko,despaɾesko
90L_10NL,3,90L_10NL_3_1,1,5250,"('s', 'sk', 'sk')",despaɾesko,despaɾesko
90L_10NL,3,90L_10NL_3_1,1,5250,"('s', 'sk', 'sk')",despaɾesko,despaɾesko
90L_10NL,3,90L_10NL_3_1,1,5250,"('s', 'sk', 'sk')",despaɾesko,despaɾesko
90L_10NL,3,90L_10NL_3_1,1,5250,"('s', 'sk', 'sk')",despaɾesko,despaɾesko
90L_10NL,3,90L_10NL_3_1,1,5250,"('s', 'sk', 'sk')",despaɾesko,despaɾesko
90L_10NL,3,90L_10NL_3_1,1,1750,"('s', 's', 'sk')",despaɾesko,despaɾesko
90L_10NL,3,90L_10NL_3_1,1,1750,"('s', 's', 'sk')",despaɾesko,despaɾesko
90L_10NL,3,90L_10NL_3_1,1,1750,"('s', 's', 'sk')",despaɾesko,despaɾesko
90L_10NL,3,90L_10NL_3_1,1,5250,"('s', 'sk', 'sk')",despaɾesko,despaɾesko
90L_10NL,3,90L_10NL_3_1,1,5250,"('s', 'sk', 'sk')",despaɾesko,despaɾesko
90L_10NL,3,90L_10NL_3_1,1,5250,"('s', 'sk', 'sk')",despaɾesko,despaɾesko
90L_10NL,3,90L_10NL_3_1,1,5250,"('s', 'sk', 'sk')",despaɾesko,despaɾesko
90L_10NL,3,90L_10NL_3_1,1,5250,"('s', 'sk', 'sk')",despaɾesko,despaɾesko
90L_10NL,3,90L_10NL_3_1,1,5250,"('s', 'sk', 'sk')",despaɾesko,despaɾesko
90L_10NL,3,90L_10NL_3_1,1,1750,"('s', 's', 'sk')",despaɾesko,despaɾesko
90L_10NL,3,90L_10NL_3_1,1,1750,"('s', 's', 'sk')",despaɾesko,despaɾesko
90L_10NL,3,90L_10NL_3_1,1,5250,"('s', 'sk', 'sk')",despaɾesko,despaɾesko
90L_10NL,3,90L_10NL_3_1,1,5250,"('s', 'sk', 'sk')",despaɾesko,despaɾesko
90L_10NL,3,90L_10NL_3_1,1,5250,"('s', 'sk', 'sk')",despaɾesko,despaɾesko
90L_10NL,3,90L_10NL_3_1,1,5250,"('s', 'sk', 'sk')",despaɾesko,despaɾesko
90L_10NL,3,90L_10NL_3_1,1,5250,"('s', 'sk', 'sk')",despaɾesko,despaɾesko
90L_10NL,3,90L_10NL_3_1,1,5250,"('s', 'sk', 'sk')",despaɾesko,despaɾesko
90L_10NL,3,90L_10NL_3_1,1,1750,"('s', 's', 'sk')",despaɾesko,despaɾesko
90L_10NL,3,90L_10NL_3_1,1,5250,"('s', 'sk', 'sk')",despaɾesko,despaɾesko
90L_10NL,3,90L_10NL_3_1,1,5250,"('s', 'sk', 'sk')",despaɾesko,despaɾesko
90L_10NL,3,90L_10NL_3_1,1,5250,"('s', 'sk', 'sk')",despaɾesko,despaɾesko
90L_10NL,3,90L_10NL_3_1,1,5250,"('s', 'sk', 'sk')",despaɾesko,despaɾesko
90L_10NL,3,90L_10NL_3_1,1,5250,"('s', 'sk', 'sk')",despaɾesko,despaɾesko
90L_10NL,3,90L_10NL_3_1,1,5250,"('s', 'sk', 'sk')",despaɾesko,despaɾesko
90L_10NL,3,90L_10NL_3_1,1,5250,"('s', 'sk', 'sk')",despaɾesko,despaɾesko
90L_10NL,3,90L_10NL_3_1,1,5250,"('s', 'sk', 'sk')",despaɾesko,despaɾesko
90L_10NL,3,90L_10NL_3_1,1,5250,"('s', 'sk', 'sk')",despaɾesko,despaɾesko
90L_10NL,3,90L_10NL_3_1,1,5250,"('s', 'sk', 'sk')",despaɾesko,despaɾesko
90L_10NL,3,90L_10NL_3_1,1,5250,"('s', 'sk', 'sk')",despaɾesko,despaɾesko
90L_10NL,3,90L_10NL_3_1,1,5250,"('s', 'sk', 'sk')",despaɾesko,despaɾesko
90L_10NL,3,90L_10NL_3_1,1,2625,"('sk', 'sk', 'sk')",despaɾesko,despaɾesko
90L_10NL,3,90L_10NL_3_1,1,2625,"('sk', 'sk', 'sk')",despaɾesko,despaɾesko
90L_10NL,3,90L_10NL_3_1,1,2625,"('sk', 'sk', 'sk')",despaɾesko,despaɾesko
90L_10NL,3,90L_10NL_3_1,1,2625,"('sk', 'sk', 'sk')",despaɾesko,despaɾesko
90L_10NL,3,90L_10NL_3_1,1,2625,"('sk', 'sk', 'sk')",despaɾesko,despaɾesko
90L_10NL,3,90L_10NL_3_1,1,2625,"('sk', 'sk', 'sk')",despaɾesko,despaɾesko
90L_10NL,3,90L_10NL_3_1,1,2625,"('sk', 'sk', 'sk')",despaɾesko,despaɾesko
90L_10NL,3,90L_10NL_3_1,1,2625,"('sk', 'sk', 'sk')",despaɾesko,despaɾesko
90L_10NL,3,90L_10NL_3_1,1,2625,"('sk', 'sk', 'sk')",despaɾesko,despaɾesko
90L_10NL,3,90L_10NL_3_1,1,2625,"('sk', 'sk', 'sk')",despaɾesko,despaɾesko
90L_10NL,3,90L_10NL_3_1,1,2625,"('sk', 'sk', 'sk')",despaɾesko,despaɾesko
90L_10NL,3,90L_10NL_3_1,1,2625,"('sk', 'sk', 'sk')",despaɾesko,despaɾesko
90L_10NL,3,90L_10NL_3_1,1,2625,"('sk', 'sk', 'sk')",despaɾesko,despaɾesko
90L_10NL,3,90L_10NL_3_1,1,2625,"('sk', 'sk', 'sk')",despaɾesko,despaɾesko
90L_10NL,3,90L_10NL_3_1,1,2625,"('sk', 'sk', 'sk')",despaɾesko,despaɾesko
90L_10NL,3,90L_10NL_3_1,1,1085,"('s', 's', 's')",deskosajs,deskosajs
90L_10NL,3,90L_10NL_3_1,1,1085,"('s', 's', 's')",deskosajs,deskosajs
90L_10NL,3,90L_10NL_3_1,1,1085,"('s', 's', 's')",deskosajs,deskosajs
90L_10NL,3,90L_10NL_3_1,1,1085,"('s', 's', 's')",deskosajs,deskosajs
90L_10NL,3,90L_10NL_3_1,1,1085,"('s', 's', 's')",deskosajs,deskosajs
90L_10NL,3,90L_10NL_3_1,1,1085,"('s', 's', 's')",deskosajs,deskosajs
90L_10NL,3,90L_10NL_3_1,1,1085,"('s', 's', 's')",deskosajs,deskosajs
90L_10NL,3,90L_10NL_3_1,1,1085,"('s', 's', 's')",deskosajs,deskosajs
90L_10NL,3,90L_10NL_3_1,1,1085,"('s', 's', 's')",deskosajs,deskosajs
90L_10NL,3,90L_10NL_3_1,1,1085,"('s', 's', 's')",deskosajs,deskosajs
90L_10NL,3,90L_10NL_3_1,1,1085,"('s', 's', 's')",deskosajs,deskosajs
90L_10NL,3,90L_10NL_3_1,1,1085,"('s', 's', 's')",deskosajs,deskosajs
90L_10NL,3,90L_10NL_3_1,1,1085,"('s', 's', 's')",deskosajs,deskosajs
90L_10NL,3,90L_10NL_3_1,1,1085,"('s', 's', 's')",deskosajs,deskosajs
90L_10NL,3,90L_10NL_3_1,1,1085,"('s', 's', 's')",deskosajs,deskosajs
90L_10NL,3,90L_10NL_3_1,1,1085,"('s', 's', 's')",deskosajs,deskosajs
90L_10NL,3,90L_10NL_3_1,1,1085,"('s', 's', 's')",deskosajs,deskosajs
90L_10NL,3,90L_10NL_3_1,1,1085,"('s', 's', 's')",deskosajs,deskosajs
90L_10NL,3,90L_10NL_3_1,1,1085,"('s', 's', 's')",deskosajs,deskosajs
90L_10NL,3,90L_10NL_3_1,1,1085,"('s', 's', 's')",deskosajs,deskosajs
90L_10NL,3,90L_10NL_3_1,1,1085,"('s', 's', 's')",deskosajs,deskosajs
90L_10NL,3,90L_10NL_3_1,1,1085,"('s', 's', 's')",deskosajs,deskosajs
90L_10NL,3,90L_10NL_3_1,1,1085,"('s', 's', 's')",deskosajs,deskosajs
90L_10NL,3,90L_10NL_3_1,1,1085,"('s', 's', 's')",deskosajs,deskosajs
90L_10NL,3,90L_10NL_3_1,1,1085,"('s', 's', 's')",deskosajs,deskosajs
90L_10NL,3,90L_10NL_3_1,1,1085,"('s', 's', 's')",deskosajs,deskosajs
90L_10NL,3,90L_10NL_3_1,1,1085,"('s', 's', 's')",deskosajs,deskosajs
90L_10NL,3,90L_10NL_3_1,1,1085,"('s', 's', 's')",deskosajs,deskosajs
90L_10NL,3,90L_10NL_3_1,1,1085,"('s', 's', 's')",deskosajs,deskosajs
90L_10NL,3,90L_10NL_3_1,1,1085,"('s', 's', 's')",deskosajs,deskosajs
90L_10NL,3,90L_10NL_3_1,1,1085,"('s', 's', 's')",deskosajs,deskosajs
90L_10NL,3,90L_10NL_3_1,1,1085,"('s', 's', 's')",deskosajs,deskosajs
90L_10NL,3,90L_10NL_3_1,1,1085,"('s', 's', 's')",deskosajs,deskosajs
90L_10NL,3,90L_10NL_3_1,1,1085,"('s', 's', 's')",deskosajs,deskosajs
90L_10NL,3,90L_10NL_3_1,1,1085,"('s', 's', 's')",deskosajs,deskosajs
90L_10NL,3,90L_10NL_3_1,1,1085,"('s', 's', 's')",deskosajs,deskosajs
90L_10NL,3,90L_10NL_3_1,1,1085,"('s', 's', 's')",deskosajs,deskosajs
90L_10NL,3,90L_10NL_3_1,1,1085,"('s', 's', 's')",deskosajs,deskosajs
90L_10NL,3,90L_10NL_3_1,1,1085,"('s', 's', 's')",deskosajs,deskosajs
90L_10NL,3,90L_10NL_3_1,1,1085,"('s', 's', 's')",deskosajs,deskosajs
90L_10NL,3,90L_10NL_3_1,1,1085,"('s', 's', 's')",deskosajs,deskosajs
90L_10NL,3,90L_10NL_3_1,1,1085,"('s', 's', 's')",deskosajs,deskosajs
90L_10NL,3,90L_10NL_3_1,1,1085,"('s', 's', 's')",deskosajs,deskosajs
90L_10NL,3,90L_10NL_3_1,1,1085,"('s', 's', 's')",deskosajs,deskosajs
90L_10NL,3,90L_10NL_3_1,1,1085,"('s', 's', 's')",deskosajs,deskosajs
90L_10NL,3,90L_10NL_3_1,1,1085,"('s', 's', 's')",deskosajs,deskosajs
90L_10NL,3,90L_10NL_3_1,1,1085,"('s', 's', 's')",deskosajs,deskosajs
90L_10NL,3,90L_10NL_3_1,1,1085,"('s', 's', 's')",deskosajs,deskosajs
90L_10NL,3,90L_10NL_3_1,1,1085,"('s', 's', 's')",deskosajs,deskosajs
90L_10NL,3,90L_10NL_3_1,1,1085,"('s', 's', 's')",deskosajs,deskosajs
90L_10NL,3,90L_10NL_3_1,1,1085,"('s', 's', 's')",deskosajs,deskosajs
90L_10NL,3,90L_10NL_3_1,1,1085,"('s', 's', 's')",deskosajs,deskosajs
90L_10NL,3,90L_10NL_3_1,1,1085,"('s', 's', 's')",deskosajs,deskosajs
90L_10NL,3,90L_10NL_3_1,1,1085,"('s', 's', 's')",deskosajs,deskosajs
90L_10NL,3,90L_10NL_3_1,1,1085,"('s', 's', 's')",deskosajs,deskosajs
90L_10NL,3,90L_10NL_3_1,1,1085,"('s', 's', 's')",deskosamos,deskosamos
90L_10NL,3,90L_10NL_3_1,1,1085,"('s', 's', 's')",deskosamos,deskosamos
90L_10NL,3,90L_10NL_3_1,1,1085,"('s', 's', 's')",deskosamos,deskosamos
90L_10NL,3,90L_10NL_3_1,1,1085,"('s', 's', 's')",deskosamos,deskosamos
90L_10NL,3,90L_10NL_3_1,1,1085,"('s', 's', 's')",deskosamos,deskosamos
90L_10NL,3,90L_10NL_3_1,1,1085,"('s', 's', 's')",deskosamos,deskosamos
90L_10NL,3,90L_10NL_3_1,1,1085,"('s', 's', 's')",deskosamos,deskosamos
90L_10NL,3,90L_10NL_3_1,1,1085,"('s', 's', 's')",deskosamos,deskosamos
90L_10NL,3,90L_10NL_3_1,1,1085,"('s', 's', 's')",deskosamos,deskosamos
90L_10NL,3,90L_10NL_3_1,1,1085,"('s', 's', 's')",deskosamos,deskosamos
90L_10NL,3,90L_10NL_3_1,1,1085,"('s', 's', 's')",deskosamos,deskosamos
90L_10NL,3,90L_10NL_3_1,1,1085,"('s', 's', 's')",deskosamos,deskosamos
90L_10NL,3,90L_10NL_3_1,1,1085,"('s', 's', 's')",deskosamos,deskosamos
90L_10NL,3,90L_10NL_3_1,1,1085,"('s', 's', 's')",deskosamos,deskosamos
90L_10NL,3,90L_10NL_3_1,1,1085,"('s', 's', 's')",deskosamos,deskosamos
90L_10NL,3,90L_10NL_3_1,1,1085,"('s', 's', 's')",deskosamos,deskosamos
90L_10NL,3,90L_10NL_3_1,1,1085,"('s', 's', 's')",deskosamos,deskosamos
90L_10NL,3,90L_10NL_3_1,1,1085,"('s', 's', 's')",deskosamos,deskosamos
90L_10NL,3,90L_10NL_3_1,1,1085,"('s', 's', 's')",deskosamos,deskosamos
90L_10NL,3,90L_10NL_3_1,1,1085,"('s', 's', 's')",deskosamos,deskosamos
90L_10NL,3,90L_10NL_3_1,1,1085,"('s', 's', 's')",deskosamos,deskosamos
90L_10NL,3,90L_10NL_3_1,1,1085,"('s', 's', 's')",deskosamos,deskosamos
90L_10NL,3,90L_10NL_3_1,1,1085,"('s', 's', 's')",deskosamos,deskosamos
90L_10NL,3,90L_10NL_3_1,1,1085,"('s', 's', 's')",deskosamos,deskosamos
90L_10NL,3,90L_10NL_3_1,1,1085,"('s', 's', 's')",deskosamos,deskosamos
90L_10NL,3,90L_10NL_3_1,1,1085,"('s', 's', 's')",deskosamos,deskosamos
90L_10NL,3,90L_10NL_3_1,1,1085,"('s', 's', 's')",deskosamos,deskosamos
90L_10NL,3,90L_10NL_3_1,1,1085,"('s', 's', 's')",deskosamos,deskosamos
90L_10NL,3,90L_10NL_3_1,1,1085,"('s', 's', 's')",deskosamos,deskosamos
90L_10NL,3,90L_10NL_3_1,1,1085,"('s', 's', 's')",deskosamos,deskosamos
90L_10NL,3,90L_10NL_3_1,1,1085,"('s', 's', 's')",deskosamos,deskosamos
90L_10NL,3,90L_10NL_3_1,1,1085,"('s', 's', 's')",deskosamos,deskosamos
90L_10NL,3,90L_10NL_3_1,1,1085,"('s', 's', 's')",deskosamos,deskosamos
90L_10NL,3,90L_10NL_3_1,1,1085,"('s', 's', 's')",deskosamos,deskosamos
90L_10NL,3,90L_10NL_3_1,1,1085,"('s', 's', 's')",deskosamos,deskosamos
90L_10NL,3,90L_10NL_3_1,1,1085,"('s', 's', 's')",deskosamos,deskosamos
90L_10NL,3,90L_10NL_3_1,1,1085,"('s', 's', 's')",deskosamos,deskosamos
90L_10NL,3,90L_10NL_3_1,1,1085,"('s', 's', 's')",deskosamos,deskosamos
90L_10NL,3,90L_10NL_3_1,1,1085,"('s', 's', 's')",deskosamos,deskosamos
90L_10NL,3,90L_10NL_3_1,1,1085,"('s', 's', 's')",deskosamos,deskosamos
90L_10NL,3,90L_10NL_3_1,1,1085,"('s', 's', 's')",deskosamos,deskosamos
90L_10NL,3,90L_10NL_3_1,1,1085,"('s', 's', 's')",deskosamos,deskosamos
90L_10NL,3,90L_10NL_3_1,1,1085,"('s', 's', 's')",deskosamos,deskosamos
90L_10NL,3,90L_10NL_3_1,1,1085,"('s', 's', 's')",deskosamos,deskosamos
90L_10NL,3,90L_10NL_3_1,1,1085,"('s', 's', 's')",deskosamos,deskosamos
90L_10NL,3,90L_10NL_3_1,1,1085,"('s', 's', 's')",deskosamos,deskosamos
90L_10NL,3,90L_10NL_3_1,1,1085,"('s', 's', 's')",deskosamos,deskosamos
90L_10NL,3,90L_10NL_3_1,1,1085,"('s', 's', 's')",deskosamos,deskosamos
90L_10NL,3,90L_10NL_3_1,1,1085,"('s', 's', 's')",deskosamos,deskosamos
90L_10NL,3,90L_10NL_3_1,1,1085,"('s', 's', 's')",deskosamos,deskosamos
90L_10NL,3,90L_10NL_3_1,1,1085,"('s', 's', 's')",deskosamos,deskosamos
90L_10NL,3,90L_10NL_3_1,1,1085,"('s', 's', 's')",deskosamos,deskosamos
90L_10NL,3,90L_10NL_3_1,1,1085,"('s', 's', 's')",deskosamos,deskosamos
90L_10NL,3,90L_10NL_3_1,1,1085,"('s', 's', 's')",deskosamos,deskosamos
90L_10NL,3,90L_10NL_3_1,1,1085,"('s', 's', 's')",deskosamos,deskosamos
90L_10NL,3,90L_10NL_3_1,1,1085,"('s', 's', 's')",deskwesan,deskwesan
90L_10NL,3,90L_10NL_3_1,1,1085,"('s', 's', 's')",deskwesan,deskwesan
90L_10NL,3,90L_10NL_3_1,1,1085,"('s', 's', 's')",deskwesan,deskwesan
90L_10NL,3,90L_10NL_3_1,1,1085,"('s', 's', 's')",deskwesan,deskwesan
90L_10NL,3,90L_10NL_3_1,1,1085,"('s', 's', 's')",deskwesan,deskwesan
90L_10NL,3,90L_10NL_3_1,1,1085,"('s', 's', 's')",deskwesan,deskwesan
90L_10NL,3,90L_10NL_3_1,1,1085,"('s', 's', 's')",deskwesan,deskwesan
90L_10NL,3,90L_10NL_3_1,1,1085,"('s', 's', 's')",deskwesan,deskwesan
90L_10NL,3,90L_10NL_3_1,1,1085,"('s', 's', 's')",deskwesan,deskwesan
90L_10NL,3,90L_10NL_3_1,1,1085,"('s', 's', 's')",deskwesan,deskwesan
90L_10NL,3,90L_10NL_3_1,1,1085,"('s', 's', 's')",deskwesan,deskwesan
90L_10NL,3,90L_10NL_3_1,1,1085,"('s', 's', 's')",deskwesan,deskwesan
90L_10NL,3,90L_10NL_3_1,1,1085,"('s', 's', 's')",deskwesan,deskwesan
90L_10NL,3,90L_10NL_3_1,1,1085,"('s', 's', 's')",deskwesan,deskwesan
90L_10NL,3,90L_10NL_3_1,1,1085,"('s', 's', 's')",deskwesan,deskwesan
90L_10NL,3,90L_10NL_3_1,1,1085,"('s', 's', 's')",deskwesan,deskwesan
90L_10NL,3,90L_10NL_3_1,1,1085,"('s', 's', 's')",deskwesan,deskwesan
90L_10NL,3,90L_10NL_3_1,1,1085,"('s', 's', 's')",deskwesan,deskwesan
90L_10NL,3,90L_10NL_3_1,1,1085,"('s', 's', 's')",deskwesan,deskwesan
90L_10NL,3,90L_10NL_3_1,1,1085,"('s', 's', 's')",deskwesan,deskwesan
90L_10NL,3,90L_10NL_3_1,1,1085,"('s', 's', 's')",deskwesan,deskwesan
90L_10NL,3,90L_10NL_3_1,1,1085,"('s', 's', 's')",deskwesan,deskwesan
90L_10NL,3,90L_10NL_3_1,1,1085,"('s', 's', 's')",deskwesan,deskwesan
90L_10NL,3,90L_10NL_3_1,1,1085,"('s', 's', 's')",deskwesan,deskwesan
90L_10NL,3,90L_10NL_3_1,1,1085,"('s', 's', 's')",deskwesan,deskwesan
90L_10NL,3,90L_10NL_3_1,1,1085,"('s', 's', 's')",deskwesan,deskwesan
90L_10NL,3,90L_10NL_3_1,1,1085,"('s', 's', 's')",deskwesan,deskwesan
90L_10NL,3,90L_10NL_3_1,1,1085,"('s', 's', 's')",deskwesan,deskwesan
90L_10NL,3,90L_10NL_3_1,1,1085,"('s', 's', 's')",deskwesan,deskwesan
90L_10NL,3,90L_10NL_3_1,1,1085,"('s', 's', 's')",deskwesan,deskwesan
90L_10NL,3,90L_10NL_3_1,1,1085,"('s', 's', 's')",deskwesan,deskwesan
90L_10NL,3,90L_10NL_3_1,1,1085,"('s', 's', 's')",deskwesan,deskwesan
90L_10NL,3,90L_10NL_3_1,1,1085,"('s', 's', 's')",deskwesan,deskwesan
90L_10NL,3,90L_10NL_3_1,1,1085,"('s', 's', 's')",deskwesan,deskwesan
90L_10NL,3,90L_10NL_3_1,1,1085,"('s', 's', 's')",deskwesan,deskwesan
90L_10NL,3,90L_10NL_3_1,1,1085,"('s', 's', 's')",deskwesan,deskwesan
90L_10NL,3,90L_10NL_3_1,1,1085,"('s', 's', 's')",deskwesan,deskwesan
90L_10NL,3,90L_10NL_3_1,1,1085,"('s', 's', 's')",deskwesan,deskwesan
90L_10NL,3,90L_10NL_3_1,1,1085,"('s', 's', 's')",deskwesan,deskwesan
90L_10NL,3,90L_10NL_3_1,1,1085,"('s', 's', 's')",deskwesan,deskwesan
90L_10NL,3,90L_10NL_3_1,1,1085,"('s', 's', 's')",deskwesan,deskwesan
90L_10NL,3,90L_10NL_3_1,1,1085,"('s', 's', 's')",deskwesan,deskwesan
90L_10NL,3,90L_10NL_3_1,1,1085,"('s', 's', 's')",deskwesan,deskwesan
90L_10NL,3,90L_10NL_3_1,1,1085,"('s', 's', 's')",deskwesan,deskwesan
90L_10NL,3,90L_10NL_3_1,1,1085,"('s', 's', 's')",deskwesan,deskwesan
90L_10NL,3,90L_10NL_3_1,1,1085,"('s', 's', 's')",deskwesan,deskwesan
90L_10NL,3,90L_10NL_3_1,1,1085,"('s', 's', 's')",deskwesan,deskwesan
90L_10NL,3,90L_10NL_3_1,1,1085,"('s', 's', 's')",deskwesan,deskwesan
90L_10NL,3,90L_10NL_3_1,1,1085,"('s', 's', 's')",deskwesan,deskwesan
90L_10NL,3,90L_10NL_3_1,0,1085,"('s', 's', 's')",deskweskan,deskwesan
90L_10NL,3,90L_10NL_3_1,0,1085,"('s', 's', 's')",deskweskan,deskwesan
90L_10NL,3,90L_10NL_3_1,1,1085,"('s', 's', 's')",deskwesan,deskwesan
90L_10NL,3,90L_10NL_3_1,0,1085,"('s', 's', 's')",deskweskan,deskwesan
90L_10NL,3,90L_10NL_3_1,1,1085,"('s', 's', 's')",deskwesan,deskwesan
90L_10NL,3,90L_10NL_3_1,1,1085,"('s', 's', 's')",deskwesan,deskwesan
90L_10NL,3,90L_10NL_3_1,1,1085,"('s', 's', 's')",deskosejs,deskosejs
90L_10NL,3,90L_10NL_3_1,1,1085,"('s', 's', 's')",deskosejs,deskosejs
90L_10NL,3,90L_10NL_3_1,1,1085,"('s', 's', 's')",deskosejs,deskosejs
90L_10NL,3,90L_10NL_3_1,1,1085,"('s', 's', 's')",deskosejs,deskosejs
90L_10NL,3,90L_10NL_3_1,1,1085,"('s', 's', 's')",deskosejs,deskosejs
90L_10NL,3,90L_10NL_3_1,1,1085,"('s', 's', 's')",deskosejs,deskosejs
90L_10NL,3,90L_10NL_3_1,1,1085,"('s', 's', 's')",deskosejs,deskosejs
90L_10NL,3,90L_10NL_3_1,1,1085,"('s', 's', 's')",deskosejs,deskosejs
90L_10NL,3,90L_10NL_3_1,1,1085,"('s', 's', 's')",deskosejs,deskosejs
90L_10NL,3,90L_10NL_3_1,1,1085,"('s', 's', 's')",deskosejs,deskosejs
90L_10NL,3,90L_10NL_3_1,1,1085,"('s', 's', 's')",deskosejs,deskosejs
90L_10NL,3,90L_10NL_3_1,1,1085,"('s', 's', 's')",deskosejs,deskosejs
90L_10NL,3,90L_10NL_3_1,1,1085,"('s', 's', 's')",deskosejs,deskosejs
90L_10NL,3,90L_10NL_3_1,1,1085,"('s', 's', 's')",deskosejs,deskosejs
90L_10NL,3,90L_10NL_3_1,1,1085,"('s', 's', 's')",deskosejs,deskosejs
90L_10NL,3,90L_10NL_3_1,1,1085,"('s', 's', 's')",deskosejs,deskosejs
90L_10NL,3,90L_10NL_3_1,1,1085,"('s', 's', 's')",deskosejs,deskosejs
90L_10NL,3,90L_10NL_3_1,1,1085,"('s', 's', 's')",deskosejs,deskosejs
90L_10NL,3,90L_10NL_3_1,1,1085,"('s', 's', 's')",deskosejs,deskosejs
90L_10NL,3,90L_10NL_3_1,1,1085,"('s', 's', 's')",deskosejs,deskosejs
90L_10NL,3,90L_10NL_3_1,1,1085,"('s', 's', 's')",deskosejs,deskosejs
90L_10NL,3,90L_10NL_3_1,1,1085,"('s', 's', 's')",deskosejs,deskosejs
90L_10NL,3,90L_10NL_3_1,1,1085,"('s', 's', 's')",deskosejs,deskosejs
90L_10NL,3,90L_10NL_3_1,1,1085,"('s', 's', 's')",deskosejs,deskosejs
90L_10NL,3,90L_10NL_3_1,1,1085,"('s', 's', 's')",deskosejs,deskosejs
90L_10NL,3,90L_10NL_3_1,1,1085,"('s', 's', 's')",deskosejs,deskosejs
90L_10NL,3,90L_10NL_3_1,1,1085,"('s', 's', 's')",deskosejs,deskosejs
90L_10NL,3,90L_10NL_3_1,1,1085,"('s', 's', 's')",deskosejs,deskosejs
90L_10NL,3,90L_10NL_3_1,1,1085,"('s', 's', 's')",deskosejs,deskosejs
90L_10NL,3,90L_10NL_3_1,1,1085,"('s', 's', 's')",deskosejs,deskosejs
90L_10NL,3,90L_10NL_3_1,1,1085,"('s', 's', 's')",deskosejs,deskosejs
90L_10NL,3,90L_10NL_3_1,1,1085,"('s', 's', 's')",deskosejs,deskosejs
90L_10NL,3,90L_10NL_3_1,1,1085,"('s', 's', 's')",deskosejs,deskosejs
90L_10NL,3,90L_10NL_3_1,1,1085,"('s', 's', 's')",deskosejs,deskosejs
90L_10NL,3,90L_10NL_3_1,1,1085,"('s', 's', 's')",deskosejs,deskosejs
90L_10NL,3,90L_10NL_3_1,1,1085,"('s', 's', 's')",deskosejs,deskosejs
90L_10NL,3,90L_10NL_3_1,1,1085,"('s', 's', 's')",deskosejs,deskosejs
90L_10NL,3,90L_10NL_3_1,1,1085,"('s', 's', 's')",deskosejs,deskosejs
90L_10NL,3,90L_10NL_3_1,1,1085,"('s', 's', 's')",deskosejs,deskosejs
90L_10NL,3,90L_10NL_3_1,1,1085,"('s', 's', 's')",deskosejs,deskosejs
90L_10NL,3,90L_10NL_3_1,1,1085,"('s', 's', 's')",deskosejs,deskosejs
90L_10NL,3,90L_10NL_3_1,1,1085,"('s', 's', 's')",deskosejs,deskosejs
90L_10NL,3,90L_10NL_3_1,1,1085,"('s', 's', 's')",deskosejs,deskosejs
90L_10NL,3,90L_10NL_3_1,1,1085,"('s', 's', 's')",deskosejs,deskosejs
90L_10NL,3,90L_10NL_3_1,1,1085,"('s', 's', 's')",deskosejs,deskosejs
90L_10NL,3,90L_10NL_3_1,1,1085,"('s', 's', 's')",deskosejs,deskosejs
90L_10NL,3,90L_10NL_3_1,1,1085,"('s', 's', 's')",deskosejs,deskosejs
90L_10NL,3,90L_10NL_3_1,1,1085,"('s', 's', 's')",deskosejs,deskosejs
90L_10NL,3,90L_10NL_3_1,1,1085,"('s', 's', 's')",deskosejs,deskosejs
90L_10NL,3,90L_10NL_3_1,1,1085,"('s', 's', 's')",deskosejs,deskosejs
90L_10NL,3,90L_10NL_3_1,1,1085,"('s', 's', 's')",deskosejs,deskosejs
90L_10NL,3,90L_10NL_3_1,1,1085,"('s', 's', 's')",deskosejs,deskosejs
90L_10NL,3,90L_10NL_3_1,1,1085,"('s', 's', 's')",deskosejs,deskosejs
90L_10NL,3,90L_10NL_3_1,1,1085,"('s', 's', 's')",deskosejs,deskosejs
90L_10NL,3,90L_10NL_3_1,1,1085,"('s', 's', 's')",deskosejs,deskosejs
90L_10NL,3,90L_10NL_3_1,1,1085,"('s', 's', 's')",deskosemos,deskosemos
90L_10NL,3,90L_10NL_3_1,1,1085,"('s', 's', 's')",deskosemos,deskosemos
90L_10NL,3,90L_10NL_3_1,1,1085,"('s', 's', 's')",deskosemos,deskosemos
90L_10NL,3,90L_10NL_3_1,1,1085,"('s', 's', 's')",deskosemos,deskosemos
90L_10NL,3,90L_10NL_3_1,1,1085,"('s', 's', 's')",deskosemos,deskosemos
90L_10NL,3,90L_10NL_3_1,1,1085,"('s', 's', 's')",deskosemos,deskosemos
90L_10NL,3,90L_10NL_3_1,1,1085,"('s', 's', 's')",deskosemos,deskosemos
90L_10NL,3,90L_10NL_3_1,1,1085,"('s', 's', 's')",deskosemos,deskosemos
90L_10NL,3,90L_10NL_3_1,1,1085,"('s', 's', 's')",deskosemos,deskosemos
90L_10NL,3,90L_10NL_3_1,1,1085,"('s', 's', 's')",deskosemos,deskosemos
90L_10NL,3,90L_10NL_3_1,1,1085,"('s', 's', 's')",deskosemos,deskosemos
90L_10NL,3,90L_10NL_3_1,1,1085,"('s', 's', 's')",deskosemos,deskosemos
90L_10NL,3,90L_10NL_3_1,1,1085,"('s', 's', 's')",deskosemos,deskosemos
90L_10NL,3,90L_10NL_3_1,1,1085,"('s', 's', 's')",deskosemos,deskosemos
90L_10NL,3,90L_10NL_3_1,1,1085,"('s', 's', 's')",deskosemos,deskosemos
90L_10NL,3,90L_10NL_3_1,1,1085,"('s', 's', 's')",deskosemos,deskosemos
90L_10NL,3,90L_10NL_3_1,1,1085,"('s', 's', 's')",deskosemos,deskosemos
90L_10NL,3,90L_10NL_3_1,1,1085,"('s', 's', 's')",deskosemos,deskosemos
90L_10NL,3,90L_10NL_3_1,1,1085,"('s', 's', 's')",deskosemos,deskosemos
90L_10NL,3,90L_10NL_3_1,1,1085,"('s', 's', 's')",deskosemos,deskosemos
90L_10NL,3,90L_10NL_3_1,1,1085,"('s', 's', 's')",deskosemos,deskosemos
90L_10NL,3,90L_10NL_3_1,1,1085,"('s', 's', 's')",deskosemos,deskosemos
90L_10NL,3,90L_10NL_3_1,1,1085,"('s', 's', 's')",deskosemos,deskosemos
90L_10NL,3,90L_10NL_3_1,1,1085,"('s', 's', 's')",deskosemos,deskosemos
90L_10NL,3,90L_10NL_3_1,1,1085,"('s', 's', 's')",deskosemos,deskosemos
90L_10NL,3,90L_10NL_3_1,1,1085,"('s', 's', 's')",deskosemos,deskosemos
90L_10NL,3,90L_10NL_3_1,1,1085,"('s', 's', 's')",deskosemos,deskosemos
90L_10NL,3,90L_10NL_3_1,1,1085,"('s', 's', 's')",deskosemos,deskosemos
90L_10NL,3,90L_10NL_3_1,1,1085,"('s', 's', 's')",deskosemos,deskosemos
90L_10NL,3,90L_10NL_3_1,1,1085,"('s', 's', 's')",deskosemos,deskosemos
90L_10NL,3,90L_10NL_3_1,1,1085,"('s', 's', 's')",deskosemos,deskosemos
90L_10NL,3,90L_10NL_3_1,1,1085,"('s', 's', 's')",deskosemos,deskosemos
90L_10NL,3,90L_10NL_3_1,1,1085,"('s', 's', 's')",deskosemos,deskosemos
90L_10NL,3,90L_10NL_3_1,1,1085,"('s', 's', 's')",deskosemos,deskosemos
90L_10NL,3,90L_10NL_3_1,1,1085,"('s', 's', 's')",deskosemos,deskosemos
90L_10NL,3,90L_10NL_3_1,1,1085,"('s', 's', 's')",deskosemos,deskosemos
90L_10NL,3,90L_10NL_3_1,1,1085,"('s', 's', 's')",deskosemos,deskosemos
90L_10NL,3,90L_10NL_3_1,1,1085,"('s', 's', 's')",deskosemos,deskosemos
90L_10NL,3,90L_10NL_3_1,1,1085,"('s', 's', 's')",deskosemos,deskosemos
90L_10NL,3,90L_10NL_3_1,1,1085,"('s', 's', 's')",deskosemos,deskosemos
90L_10NL,3,90L_10NL_3_1,1,1085,"('s', 's', 's')",deskosemos,deskosemos
90L_10NL,3,90L_10NL_3_1,1,1085,"('s', 's', 's')",deskosemos,deskosemos
90L_10NL,3,90L_10NL_3_1,1,1085,"('s', 's', 's')",deskosemos,deskosemos
90L_10NL,3,90L_10NL_3_1,1,1085,"('s', 's', 's')",deskosemos,deskosemos
90L_10NL,3,90L_10NL_3_1,1,1085,"('s', 's', 's')",deskosemos,deskosemos
90L_10NL,3,90L_10NL_3_1,1,1085,"('s', 's', 's')",deskosemos,deskosemos
90L_10NL,3,90L_10NL_3_1,1,1085,"('s', 's', 's')",deskosemos,deskosemos
90L_10NL,3,90L_10NL_3_1,1,1085,"('s', 's', 's')",deskosemos,deskosemos
90L_10NL,3,90L_10NL_3_1,1,1085,"('s', 's', 's')",deskosemos,deskosemos
90L_10NL,3,90L_10NL_3_1,1,1085,"('s', 's', 's')",deskosemos,deskosemos
90L_10NL,3,90L_10NL_3_1,1,1085,"('s', 's', 's')",deskosemos,deskosemos
90L_10NL,3,90L_10NL_3_1,1,1085,"('s', 's', 's')",deskosemos,deskosemos
90L_10NL,3,90L_10NL_3_1,1,1085,"('s', 's', 's')",deskosemos,deskosemos
90L_10NL,3,90L_10NL_3_1,1,1085,"('s', 's', 's')",deskosemos,deskosemos
90L_10NL,3,90L_10NL_3_1,1,1085,"('s', 's', 's')",deskosemos,deskosemos
90L_10NL,3,90L_10NL_3_1,1,672,"('n', 'nɡ', 'n')",ɾetenejs,ɾetenejs
90L_10NL,3,90L_10NL_3_1,1,672,"('n', 'nɡ', 'n')",ɾetenejs,ɾetenejs
90L_10NL,3,90L_10NL_3_1,1,672,"('n', 'nɡ', 'n')",ɾetenejs,ɾetenejs
90L_10NL,3,90L_10NL_3_1,1,672,"('n', 'nɡ', 'n')",ɾetenejs,ɾetenejs
90L_10NL,3,90L_10NL_3_1,1,672,"('n', 'nɡ', 'n')",ɾetenejs,ɾetenejs
90L_10NL,3,90L_10NL_3_1,1,672,"('n', 'nɡ', 'n')",ɾetenejs,ɾetenejs
90L_10NL,3,90L_10NL_3_1,1,672,"('n', 'nɡ', 'n')",ɾetenejs,ɾetenejs
90L_10NL,3,90L_10NL_3_1,1,300,"('n', 'n', 'n')",ɾetenejs,ɾetenejs
90L_10NL,3,90L_10NL_3_1,1,300,"('n', 'n', 'n')",ɾetenejs,ɾetenejs
90L_10NL,3,90L_10NL_3_1,1,300,"('n', 'n', 'n')",ɾetenejs,ɾetenejs
90L_10NL,3,90L_10NL_3_1,1,1050,"('nɡ', 'nɡ', 'n')",ɾetenejs,ɾetenejs
90L_10NL,3,90L_10NL_3_1,1,1050,"('nɡ', 'nɡ', 'n')",ɾetenejs,ɾetenejs
90L_10NL,3,90L_10NL_3_1,1,1050,"('nɡ', 'nɡ', 'n')",ɾetenejs,ɾetenejs
90L_10NL,3,90L_10NL_3_1,1,1050,"('nɡ', 'nɡ', 'n')",ɾetenejs,ɾetenejs
90L_10NL,3,90L_10NL_3_1,1,1050,"('nɡ', 'nɡ', 'n')",ɾetenejs,ɾetenejs
90L_10NL,3,90L_10NL_3_1,1,1050,"('nɡ', 'nɡ', 'n')",ɾetenejs,ɾetenejs
90L_10NL,3,90L_10NL_3_1,1,728,"('nɡ', 'n', 'n')",ɾetenejs,ɾetenejs
90L_10NL,3,90L_10NL_3_1,1,728,"('nɡ', 'n', 'n')",ɾetenejs,ɾetenejs
90L_10NL,3,90L_10NL_3_1,1,728,"('nɡ', 'n', 'n')",ɾetenejs,ɾetenejs
90L_10NL,3,90L_10NL_3_1,1,1050,"('nɡ', 'nɡ', 'n')",ɾetenejs,ɾetenejs
90L_10NL,3,90L_10NL_3_1,1,1050,"('nɡ', 'nɡ', 'n')",ɾetenejs,ɾetenejs
90L_10NL,3,90L_10NL_3_1,1,1050,"('nɡ', 'nɡ', 'n')",ɾetenejs,ɾetenejs
90L_10NL,3,90L_10NL_3_1,1,1050,"('nɡ', 'nɡ', 'n')",ɾetenejs,ɾetenejs
90L_10NL,3,90L_10NL_3_1,1,1050,"('nɡ', 'nɡ', 'n')",ɾetenejs,ɾetenejs
90L_10NL,3,90L_10NL_3_1,1,728,"('nɡ', 'n', 'n')",ɾetenejs,ɾetenejs
90L_10NL,3,90L_10NL_3_1,1,728,"('nɡ', 'n', 'n')",ɾetenejs,ɾetenejs
90L_10NL,3,90L_10NL_3_1,1,728,"('nɡ', 'n', 'n')",ɾetenejs,ɾetenejs
90L_10NL,3,90L_10NL_3_1,1,1050,"('nɡ', 'nɡ', 'n')",ɾetenejs,ɾetenejs
90L_10NL,3,90L_10NL_3_1,1,1050,"('nɡ', 'nɡ', 'n')",ɾetenejs,ɾetenejs
90L_10NL,3,90L_10NL_3_1,1,1050,"('nɡ', 'nɡ', 'n')",ɾetenejs,ɾetenejs
90L_10NL,3,90L_10NL_3_1,1,1050,"('nɡ', 'nɡ', 'n')",ɾetenejs,ɾetenejs
90L_10NL,3,90L_10NL_3_1,1,728,"('nɡ', 'n', 'n')",ɾetenejs,ɾetenejs
90L_10NL,3,90L_10NL_3_1,1,728,"('nɡ', 'n', 'n')",ɾetenejs,ɾetenejs
90L_10NL,3,90L_10NL_3_1,1,728,"('nɡ', 'n', 'n')",ɾetenejs,ɾetenejs
90L_10NL,3,90L_10NL_3_1,1,1050,"('nɡ', 'nɡ', 'n')",ɾetenejs,ɾetenejs
90L_10NL,3,90L_10NL_3_1,1,1050,"('nɡ', 'nɡ', 'n')",ɾetenejs,ɾetenejs
90L_10NL,3,90L_10NL_3_1,1,1050,"('nɡ', 'nɡ', 'n')",ɾetenejs,ɾetenejs
90L_10NL,3,90L_10NL_3_1,1,728,"('nɡ', 'n', 'n')",ɾetenejs,ɾetenejs
90L_10NL,3,90L_10NL_3_1,1,728,"('nɡ', 'n', 'n')",ɾetenejs,ɾetenejs
90L_10NL,3,90L_10NL_3_1,1,728,"('nɡ', 'n', 'n')",ɾetenejs,ɾetenejs
90L_10NL,3,90L_10NL_3_1,1,1050,"('nɡ', 'nɡ', 'n')",ɾetenejs,ɾetenejs
90L_10NL,3,90L_10NL_3_1,1,1050,"('nɡ', 'nɡ', 'n')",ɾetenejs,ɾetenejs
90L_10NL,3,90L_10NL_3_1,1,728,"('nɡ', 'n', 'n')",ɾetenejs,ɾetenejs
90L_10NL,3,90L_10NL_3_1,1,728,"('nɡ', 'n', 'n')",ɾetenejs,ɾetenejs
90L_10NL,3,90L_10NL_3_1,1,728,"('nɡ', 'n', 'n')",ɾetenejs,ɾetenejs
90L_10NL,3,90L_10NL_3_1,1,1050,"('nɡ', 'nɡ', 'n')",ɾetenejs,ɾetenejs
90L_10NL,3,90L_10NL_3_1,1,728,"('nɡ', 'n', 'n')",ɾetenejs,ɾetenejs
90L_10NL,3,90L_10NL_3_1,1,728,"('nɡ', 'n', 'n')",ɾetenejs,ɾetenejs
90L_10NL,3,90L_10NL_3_1,1,728,"('nɡ', 'n', 'n')",ɾetenejs,ɾetenejs
90L_10NL,3,90L_10NL_3_1,1,728,"('nɡ', 'n', 'n')",ɾetenejs,ɾetenejs
90L_10NL,3,90L_10NL_3_1,1,728,"('nɡ', 'n', 'n')",ɾetenejs,ɾetenejs
90L_10NL,3,90L_10NL_3_1,1,728,"('nɡ', 'n', 'n')",ɾetenejs,ɾetenejs
90L_10NL,3,90L_10NL_3_1,1,300,"('n', 'n', 'n')",ɾetenejs,ɾetenejs
90L_10NL,3,90L_10NL_3_1,1,300,"('n', 'n', 'n')",ɾetenejs,ɾetenejs
90L_10NL,3,90L_10NL_3_1,1,300,"('n', 'n', 'n')",ɾetenejs,ɾetenejs
90L_10NL,3,90L_10NL_3_1,1,672,"('n', 'nɡ', 'n')",ɾetenemos,ɾetenemos
90L_10NL,3,90L_10NL_3_1,1,672,"('n', 'nɡ', 'n')",ɾetenemos,ɾetenemos
90L_10NL,3,90L_10NL_3_1,1,672,"('n', 'nɡ', 'n')",ɾetenemos,ɾetenemos
90L_10NL,3,90L_10NL_3_1,1,672,"('n', 'nɡ', 'n')",ɾetenemos,ɾetenemos
90L_10NL,3,90L_10NL_3_1,1,672,"('n', 'nɡ', 'n')",ɾetenemos,ɾetenemos
90L_10NL,3,90L_10NL_3_1,1,672,"('n', 'nɡ', 'n')",ɾetenemos,ɾetenemos
90L_10NL,3,90L_10NL_3_1,1,672,"('n', 'nɡ', 'n')",ɾetenemos,ɾetenemos
90L_10NL,3,90L_10NL_3_1,1,300,"('n', 'n', 'n')",ɾetenemos,ɾetenemos
90L_10NL,3,90L_10NL_3_1,1,300,"('n', 'n', 'n')",ɾetenemos,ɾetenemos
90L_10NL,3,90L_10NL_3_1,1,300,"('n', 'n', 'n')",ɾetenemos,ɾetenemos
90L_10NL,3,90L_10NL_3_1,1,1050,"('nɡ', 'nɡ', 'n')",ɾetenemos,ɾetenemos
90L_10NL,3,90L_10NL_3_1,1,1050,"('nɡ', 'nɡ', 'n')",ɾetenemos,ɾetenemos
90L_10NL,3,90L_10NL_3_1,1,1050,"('nɡ', 'nɡ', 'n')",ɾetenemos,ɾetenemos
90L_10NL,3,90L_10NL_3_1,1,1050,"('nɡ', 'nɡ', 'n')",ɾetenemos,ɾetenemos
90L_10NL,3,90L_10NL_3_1,1,1050,"('nɡ', 'nɡ', 'n')",ɾetenemos,ɾetenemos
90L_10NL,3,90L_10NL_3_1,1,1050,"('nɡ', 'nɡ', 'n')",ɾetenemos,ɾetenemos
90L_10NL,3,90L_10NL_3_1,1,728,"('nɡ', 'n', 'n')",ɾetenemos,ɾetenemos
90L_10NL,3,90L_10NL_3_1,1,728,"('nɡ', 'n', 'n')",ɾetenemos,ɾetenemos
90L_10NL,3,90L_10NL_3_1,1,728,"('nɡ', 'n', 'n')",ɾetenemos,ɾetenemos
90L_10NL,3,90L_10NL_3_1,1,1050,"('nɡ', 'nɡ', 'n')",ɾetenemos,ɾetenemos
90L_10NL,3,90L_10NL_3_1,1,1050,"('nɡ', 'nɡ', 'n')",ɾetenemos,ɾetenemos
90L_10NL,3,90L_10NL_3_1,1,1050,"('nɡ', 'nɡ', 'n')",ɾetenemos,ɾetenemos
90L_10NL,3,90L_10NL_3_1,1,1050,"('nɡ', 'nɡ', 'n')",ɾetenemos,ɾetenemos
90L_10NL,3,90L_10NL_3_1,1,1050,"('nɡ', 'nɡ', 'n')",ɾetenemos,ɾetenemos
90L_10NL,3,90L_10NL_3_1,1,728,"('nɡ', 'n', 'n')",ɾetenemos,ɾetenemos
90L_10NL,3,90L_10NL_3_1,1,728,"('nɡ', 'n', 'n')",ɾetenemos,ɾetenemos
90L_10NL,3,90L_10NL_3_1,1,728,"('nɡ', 'n', 'n')",ɾetenemos,ɾetenemos
90L_10NL,3,90L_10NL_3_1,1,1050,"('nɡ', 'nɡ', 'n')",ɾetenemos,ɾetenemos
90L_10NL,3,90L_10NL_3_1,1,1050,"('nɡ', 'nɡ', 'n')",ɾetenemos,ɾetenemos
90L_10NL,3,90L_10NL_3_1,1,1050,"('nɡ', 'nɡ', 'n')",ɾetenemos,ɾetenemos
90L_10NL,3,90L_10NL_3_1,1,1050,"('nɡ', 'nɡ', 'n')",ɾetenemos,ɾetenemos
90L_10NL,3,90L_10NL_3_1,1,728,"('nɡ', 'n', 'n')",ɾetenemos,ɾetenemos
90L_10NL,3,90L_10NL_3_1,1,728,"('nɡ', 'n', 'n')",ɾetenemos,ɾetenemos
90L_10NL,3,90L_10NL_3_1,1,728,"('nɡ', 'n', 'n')",ɾetenemos,ɾetenemos
90L_10NL,3,90L_10NL_3_1,1,1050,"('nɡ', 'nɡ', 'n')",ɾetenemos,ɾetenemos
90L_10NL,3,90L_10NL_3_1,1,1050,"('nɡ', 'nɡ', 'n')",ɾetenemos,ɾetenemos
90L_10NL,3,90L_10NL_3_1,1,1050,"('nɡ', 'nɡ', 'n')",ɾetenemos,ɾetenemos
90L_10NL,3,90L_10NL_3_1,1,728,"('nɡ', 'n', 'n')",ɾetenemos,ɾetenemos
90L_10NL,3,90L_10NL_3_1,1,728,"('nɡ', 'n', 'n')",ɾetenemos,ɾetenemos
90L_10NL,3,90L_10NL_3_1,1,728,"('nɡ', 'n', 'n')",ɾetenemos,ɾetenemos
90L_10NL,3,90L_10NL_3_1,1,1050,"('nɡ', 'nɡ', 'n')",ɾetenemos,ɾetenemos
90L_10NL,3,90L_10NL_3_1,1,1050,"('nɡ', 'nɡ', 'n')",ɾetenemos,ɾetenemos
90L_10NL,3,90L_10NL_3_1,1,728,"('nɡ', 'n', 'n')",ɾetenemos,ɾetenemos
90L_10NL,3,90L_10NL_3_1,1,728,"('nɡ', 'n', 'n')",ɾetenemos,ɾetenemos
90L_10NL,3,90L_10NL_3_1,1,728,"('nɡ', 'n', 'n')",ɾetenemos,ɾetenemos
90L_10NL,3,90L_10NL_3_1,1,1050,"('nɡ', 'nɡ', 'n')",ɾetenemos,ɾetenemos
90L_10NL,3,90L_10NL_3_1,1,728,"('nɡ', 'n', 'n')",ɾetenemos,ɾetenemos
90L_10NL,3,90L_10NL_3_1,1,728,"('nɡ', 'n', 'n')",ɾetenemos,ɾetenemos
90L_10NL,3,90L_10NL_3_1,1,728,"('nɡ', 'n', 'n')",ɾetenemos,ɾetenemos
90L_10NL,3,90L_10NL_3_1,1,728,"('nɡ', 'n', 'n')",ɾetenemos,ɾetenemos
90L_10NL,3,90L_10NL_3_1,1,728,"('nɡ', 'n', 'n')",ɾetenemos,ɾetenemos
90L_10NL,3,90L_10NL_3_1,1,728,"('nɡ', 'n', 'n')",ɾetenemos,ɾetenemos
90L_10NL,3,90L_10NL_3_1,1,300,"('n', 'n', 'n')",ɾetenemos,ɾetenemos
90L_10NL,3,90L_10NL_3_1,1,300,"('n', 'n', 'n')",ɾetenemos,ɾetenemos
90L_10NL,3,90L_10NL_3_1,1,300,"('n', 'n', 'n')",ɾetenemos,ɾetenemos
90L_10NL,3,90L_10NL_3_1,1,700,"('n', 'n', 'nɡ')",ɾetenɡajs,ɾetenɡajs
90L_10NL,3,90L_10NL_3_1,1,1008,"('n', 'nɡ', 'nɡ')",ɾetenɡajs,ɾetenɡajs
90L_10NL,3,90L_10NL_3_1,1,1008,"('n', 'nɡ', 'nɡ')",ɾetenɡajs,ɾetenɡajs
90L_10NL,3,90L_10NL_3_1,1,1008,"('n', 'nɡ', 'nɡ')",ɾetenɡajs,ɾetenɡajs
90L_10NL,3,90L_10NL_3_1,1,1008,"('n', 'nɡ', 'nɡ')",ɾetenɡajs,ɾetenɡajs
90L_10NL,3,90L_10NL_3_1,1,1008,"('n', 'nɡ', 'nɡ')",ɾetenɡajs,ɾetenɡajs
90L_10NL,3,90L_10NL_3_1,1,1008,"('n', 'nɡ', 'nɡ')",ɾetenɡajs,ɾetenɡajs
90L_10NL,3,90L_10NL_3_1,1,700,"('n', 'n', 'nɡ')",ɾetenɡajs,ɾetenɡajs
90L_10NL,3,90L_10NL_3_1,1,700,"('n', 'n', 'nɡ')",ɾetenɡajs,ɾetenɡajs
90L_10NL,3,90L_10NL_3_1,1,700,"('n', 'n', 'nɡ')",ɾetenɡajs,ɾetenɡajs
90L_10NL,3,90L_10NL_3_1,1,1008,"('n', 'nɡ', 'nɡ')",ɾetenɡajs,ɾetenɡajs
90L_10NL,3,90L_10NL_3_1,1,1008,"('n', 'nɡ', 'nɡ')",ɾetenɡajs,ɾetenɡajs
90L_10NL,3,90L_10NL_3_1,1,1008,"('n', 'nɡ', 'nɡ')",ɾetenɡajs,ɾetenɡajs
90L_10NL,3,90L_10NL_3_1,1,1008,"('n', 'nɡ', 'nɡ')",ɾetenɡajs,ɾetenɡajs
90L_10NL,3,90L_10NL_3_1,1,1008,"('n', 'nɡ', 'nɡ')",ɾetenɡajs,ɾetenɡajs
90L_10NL,3,90L_10NL_3_1,1,1008,"('n', 'nɡ', 'nɡ')",ɾetenɡajs,ɾetenɡajs
90L_10NL,3,90L_10NL_3_1,1,700,"('n', 'n', 'nɡ')",ɾetenɡajs,ɾetenɡajs
90L_10NL,3,90L_10NL_3_1,1,700,"('n', 'n', 'nɡ')",ɾetenɡajs,ɾetenɡajs
90L_10NL,3,90L_10NL_3_1,1,700,"('n', 'n', 'nɡ')",ɾetenɡajs,ɾetenɡajs
90L_10NL,3,90L_10NL_3_1,1,1050,"('nɡ', 'nɡ', 'nɡ')",ɾetenɡajs,ɾetenɡajs
90L_10NL,3,90L_10NL_3_1,1,1050,"('nɡ', 'nɡ', 'nɡ')",ɾetenɡajs,ɾetenɡajs
90L_10NL,3,90L_10NL_3_1,1,1050,"('nɡ', 'nɡ', 'nɡ')",ɾetenɡajs,ɾetenɡajs
90L_10NL,3,90L_10NL_3_1,1,1050,"('nɡ', 'nɡ', 'nɡ')",ɾetenɡajs,ɾetenɡajs
90L_10NL,3,90L_10NL_3_1,1,1050,"('nɡ', 'nɡ', 'nɡ')",ɾetenɡajs,ɾetenɡajs
90L_10NL,3,90L_10NL_3_1,1,1092,"('nɡ', 'n', 'nɡ')",ɾetenɡajs,ɾetenɡajs
90L_10NL,3,90L_10NL_3_1,1,1092,"('nɡ', 'n', 'nɡ')",ɾetenɡajs,ɾetenɡajs
90L_10NL,3,90L_10NL_3_1,1,1092,"('nɡ', 'n', 'nɡ')",ɾetenɡajs,ɾetenɡajs
90L_10NL,3,90L_10NL_3_1,1,1050,"('nɡ', 'nɡ', 'nɡ')",ɾetenɡajs,ɾetenɡajs
90L_10NL,3,90L_10NL_3_1,1,1050,"('nɡ', 'nɡ', 'nɡ')",ɾetenɡajs,ɾetenɡajs
90L_10NL,3,90L_10NL_3_1,1,1050,"('nɡ', 'nɡ', 'nɡ')",ɾetenɡajs,ɾetenɡajs
90L_10NL,3,90L_10NL_3_1,1,1050,"('nɡ', 'nɡ', 'nɡ')",ɾetenɡajs,ɾetenɡajs
90L_10NL,3,90L_10NL_3_1,1,1092,"('nɡ', 'n', 'nɡ')",ɾetenɡajs,ɾetenɡajs
90L_10NL,3,90L_10NL_3_1,1,1092,"('nɡ', 'n', 'nɡ')",ɾetenɡajs,ɾetenɡajs
90L_10NL,3,90L_10NL_3_1,1,1092,"('nɡ', 'n', 'nɡ')",ɾetenɡajs,ɾetenɡajs
90L_10NL,3,90L_10NL_3_1,1,1050,"('nɡ', 'nɡ', 'nɡ')",ɾetenɡajs,ɾetenɡajs
90L_10NL,3,90L_10NL_3_1,1,1050,"('nɡ', 'nɡ', 'nɡ')",ɾetenɡajs,ɾetenɡajs
90L_10NL,3,90L_10NL_3_1,1,1050,"('nɡ', 'nɡ', 'nɡ')",ɾetenɡajs,ɾetenɡajs
90L_10NL,3,90L_10NL_3_1,1,1092,"('nɡ', 'n', 'nɡ')",ɾetenɡajs,ɾetenɡajs
90L_10NL,3,90L_10NL_3_1,1,1092,"('nɡ', 'n', 'nɡ')",ɾetenɡajs,ɾetenɡajs
90L_10NL,3,90L_10NL_3_1,1,1092,"('nɡ', 'n', 'nɡ')",ɾetenɡajs,ɾetenɡajs
90L_10NL,3,90L_10NL_3_1,1,1050,"('nɡ', 'nɡ', 'nɡ')",ɾetenɡajs,ɾetenɡajs
90L_10NL,3,90L_10NL_3_1,1,1050,"('nɡ', 'nɡ', 'nɡ')",ɾetenɡajs,ɾetenɡajs
90L_10NL,3,90L_10NL_3_1,1,1092,"('nɡ', 'n', 'nɡ')",ɾetenɡajs,ɾetenɡajs
90L_10NL,3,90L_10NL_3_1,1,1092,"('nɡ', 'n', 'nɡ')",ɾetenɡajs,ɾetenɡajs
90L_10NL,3,90L_10NL_3_1,1,1092,"('nɡ', 'n', 'nɡ')",ɾetenɡajs,ɾetenɡajs
90L_10NL,3,90L_10NL_3_1,1,1050,"('nɡ', 'nɡ', 'nɡ')",ɾetenɡajs,ɾetenɡajs
90L_10NL,3,90L_10NL_3_1,1,1092,"('nɡ', 'n', 'nɡ')",ɾetenɡajs,ɾetenɡajs
90L_10NL,3,90L_10NL_3_1,1,1092,"('nɡ', 'n', 'nɡ')",ɾetenɡajs,ɾetenɡajs
90L_10NL,3,90L_10NL_3_1,1,1092,"('nɡ', 'n', 'nɡ')",ɾetenɡajs,ɾetenɡajs
90L_10NL,3,90L_10NL_3_1,1,1092,"('nɡ', 'n', 'nɡ')",ɾetenɡajs,ɾetenɡajs
90L_10NL,3,90L_10NL_3_1,1,1092,"('nɡ', 'n', 'nɡ')",ɾetenɡajs,ɾetenɡajs
90L_10NL,3,90L_10NL_3_1,1,1092,"('nɡ', 'n', 'nɡ')",ɾetenɡajs,ɾetenɡajs
90L_10NL,3,90L_10NL_3_1,1,700,"('n', 'n', 'nɡ')",ɾetenɡajs,ɾetenɡajs
90L_10NL,3,90L_10NL_3_1,1,700,"('n', 'n', 'nɡ')",ɾetenɡajs,ɾetenɡajs
90L_10NL,3,90L_10NL_3_1,1,700,"('n', 'n', 'nɡ')",ɾetenɡajs,ɾetenɡajs
90L_10NL,3,90L_10NL_3_1,1,700,"('n', 'n', 'nɡ')",ɾetenɡamos,ɾetenɡamos
90L_10NL,3,90L_10NL_3_1,1,1008,"('n', 'nɡ', 'nɡ')",ɾetenɡamos,ɾetenɡamos
90L_10NL,3,90L_10NL_3_1,1,1008,"('n', 'nɡ', 'nɡ')",ɾetenɡamos,ɾetenɡamos
90L_10NL,3,90L_10NL_3_1,1,1008,"('n', 'nɡ', 'nɡ')",ɾetenɡamos,ɾetenɡamos
90L_10NL,3,90L_10NL_3_1,1,1008,"('n', 'nɡ', 'nɡ')",ɾetenɡamos,ɾetenɡamos
90L_10NL,3,90L_10NL_3_1,1,1008,"('n', 'nɡ', 'nɡ')",ɾetenɡamos,ɾetenɡamos
90L_10NL,3,90L_10NL_3_1,1,1008,"('n', 'nɡ', 'nɡ')",ɾetenɡamos,ɾetenɡamos
90L_10NL,3,90L_10NL_3_1,1,700,"('n', 'n', 'nɡ')",ɾetenɡamos,ɾetenɡamos
90L_10NL,3,90L_10NL_3_1,1,700,"('n', 'n', 'nɡ')",ɾetenɡamos,ɾetenɡamos
90L_10NL,3,90L_10NL_3_1,1,700,"('n', 'n', 'nɡ')",ɾetenɡamos,ɾetenɡamos
90L_10NL,3,90L_10NL_3_1,1,1008,"('n', 'nɡ', 'nɡ')",ɾetenɡamos,ɾetenɡamos
90L_10NL,3,90L_10NL_3_1,1,1008,"('n', 'nɡ', 'nɡ')",ɾetenɡamos,ɾetenɡamos
90L_10NL,3,90L_10NL_3_1,1,1008,"('n', 'nɡ', 'nɡ')",ɾetenɡamos,ɾetenɡamos
90L_10NL,3,90L_10NL_3_1,1,1008,"('n', 'nɡ', 'nɡ')",ɾetenɡamos,ɾetenɡamos
90L_10NL,3,90L_10NL_3_1,1,1008,"('n', 'nɡ', 'nɡ')",ɾetenɡamos,ɾetenɡamos
90L_10NL,3,90L_10NL_3_1,1,1008,"('n', 'nɡ', 'nɡ')",ɾetenɡamos,ɾetenɡamos
90L_10NL,3,90L_10NL_3_1,1,700,"('n', 'n', 'nɡ')",ɾetenɡamos,ɾetenɡamos
90L_10NL,3,90L_10NL_3_1,1,700,"('n', 'n', 'nɡ')",ɾetenɡamos,ɾetenɡamos
90L_10NL,3,90L_10NL_3_1,1,700,"('n', 'n', 'nɡ')",ɾetenɡamos,ɾetenɡamos
90L_10NL,3,90L_10NL_3_1,1,1050,"('nɡ', 'nɡ', 'nɡ')",ɾetenɡamos,ɾetenɡamos
90L_10NL,3,90L_10NL_3_1,1,1050,"('nɡ', 'nɡ', 'nɡ')",ɾetenɡamos,ɾetenɡamos
90L_10NL,3,90L_10NL_3_1,1,1050,"('nɡ', 'nɡ', 'nɡ')",ɾetenɡamos,ɾetenɡamos
90L_10NL,3,90L_10NL_3_1,1,1050,"('nɡ', 'nɡ', 'nɡ')",ɾetenɡamos,ɾetenɡamos
90L_10NL,3,90L_10NL_3_1,1,1050,"('nɡ', 'nɡ', 'nɡ')",ɾetenɡamos,ɾetenɡamos
90L_10NL,3,90L_10NL_3_1,1,1092,"('nɡ', 'n', 'nɡ')",ɾetenɡamos,ɾetenɡamos
90L_10NL,3,90L_10NL_3_1,1,1092,"('nɡ', 'n', 'nɡ')",ɾetenɡamos,ɾetenɡamos
90L_10NL,3,90L_10NL_3_1,1,1092,"('nɡ', 'n', 'nɡ')",ɾetenɡamos,ɾetenɡamos
90L_10NL,3,90L_10NL_3_1,1,1050,"('nɡ', 'nɡ', 'nɡ')",ɾetenɡamos,ɾetenɡamos
90L_10NL,3,90L_10NL_3_1,1,1050,"('nɡ', 'nɡ', 'nɡ')",ɾetenɡamos,ɾetenɡamos
90L_10NL,3,90L_10NL_3_1,1,1050,"('nɡ', 'nɡ', 'nɡ')",ɾetenɡamos,ɾetenɡamos
90L_10NL,3,90L_10NL_3_1,1,1050,"('nɡ', 'nɡ', 'nɡ')",ɾetenɡamos,ɾetenɡamos
90L_10NL,3,90L_10NL_3_1,1,1092,"('nɡ', 'n', 'nɡ')",ɾetenɡamos,ɾetenɡamos
90L_10NL,3,90L_10NL_3_1,1,1092,"('nɡ', 'n', 'nɡ')",ɾetenɡamos,ɾetenɡamos
90L_10NL,3,90L_10NL_3_1,1,1092,"('nɡ', 'n', 'nɡ')",ɾetenɡamos,ɾetenɡamos
90L_10NL,3,90L_10NL_3_1,1,1050,"('nɡ', 'nɡ', 'nɡ')",ɾetenɡamos,ɾetenɡamos
90L_10NL,3,90L_10NL_3_1,1,1050,"('nɡ', 'nɡ', 'nɡ')",ɾetenɡamos,ɾetenɡamos
90L_10NL,3,90L_10NL_3_1,1,1050,"('nɡ', 'nɡ', 'nɡ')",ɾetenɡamos,ɾetenɡamos
90L_10NL,3,90L_10NL_3_1,1,1092,"('nɡ', 'n', 'nɡ')",ɾetenɡamos,ɾetenɡamos
90L_10NL,3,90L_10NL_3_1,1,1092,"('nɡ', 'n', 'nɡ')",ɾetenɡamos,ɾetenɡamos
90L_10NL,3,90L_10NL_3_1,1,1092,"('nɡ', 'n', 'nɡ')",ɾetenɡamos,ɾetenɡamos
90L_10NL,3,90L_10NL_3_1,1,1050,"('nɡ', 'nɡ', 'nɡ')",ɾetenɡamos,ɾetenɡamos
90L_10NL,3,90L_10NL_3_1,1,1050,"('nɡ', 'nɡ', 'nɡ')",ɾetenɡamos,ɾetenɡamos
90L_10NL,3,90L_10NL_3_1,1,1092,"('nɡ', 'n', 'nɡ')",ɾetenɡamos,ɾetenɡamos
90L_10NL,3,90L_10NL_3_1,1,1092,"('nɡ', 'n', 'nɡ')",ɾetenɡamos,ɾetenɡamos
90L_10NL,3,90L_10NL_3_1,1,1092,"('nɡ', 'n', 'nɡ')",ɾetenɡamos,ɾetenɡamos
90L_10NL,3,90L_10NL_3_1,1,1050,"('nɡ', 'nɡ', 'nɡ')",ɾetenɡamos,ɾetenɡamos
90L_10NL,3,90L_10NL_3_1,1,1092,"('nɡ', 'n', 'nɡ')",ɾetenɡamos,ɾetenɡamos
90L_10NL,3,90L_10NL_3_1,1,1092,"('nɡ', 'n', 'nɡ')",ɾetenɡamos,ɾetenɡamos
90L_10NL,3,90L_10NL_3_1,1,1092,"('nɡ', 'n', 'nɡ')",ɾetenɡamos,ɾetenɡamos
90L_10NL,3,90L_10NL_3_1,1,1092,"('nɡ', 'n', 'nɡ')",ɾetenɡamos,ɾetenɡamos
90L_10NL,3,90L_10NL_3_1,1,1092,"('nɡ', 'n', 'nɡ')",ɾetenɡamos,ɾetenɡamos
90L_10NL,3,90L_10NL_3_1,1,1092,"('nɡ', 'n', 'nɡ')",ɾetenɡamos,ɾetenɡamos
90L_10NL,3,90L_10NL_3_1,1,700,"('n', 'n', 'nɡ')",ɾetenɡamos,ɾetenɡamos
90L_10NL,3,90L_10NL_3_1,1,700,"('n', 'n', 'nɡ')",ɾetenɡamos,ɾetenɡamos
90L_10NL,3,90L_10NL_3_1,1,700,"('n', 'n', 'nɡ')",ɾetenɡamos,ɾetenɡamos
90L_10NL,3,90L_10NL_3_1,1,700,"('n', 'n', 'nɡ')",ɾetenɡan,ɾetenɡan
90L_10NL,3,90L_10NL_3_1,1,1008,"('n', 'nɡ', 'nɡ')",ɾetenɡan,ɾetenɡan
90L_10NL,3,90L_10NL_3_1,1,1008,"('n', 'nɡ', 'nɡ')",ɾetenɡan,ɾetenɡan
90L_10NL,3,90L_10NL_3_1,1,1008,"('n', 'nɡ', 'nɡ')",ɾetenɡan,ɾetenɡan
90L_10NL,3,90L_10NL_3_1,1,1008,"('n', 'nɡ', 'nɡ')",ɾetenɡan,ɾetenɡan
90L_10NL,3,90L_10NL_3_1,1,1008,"('n', 'nɡ', 'nɡ')",ɾetenɡan,ɾetenɡan
90L_10NL,3,90L_10NL_3_1,1,1008,"('n', 'nɡ', 'nɡ')",ɾetenɡan,ɾetenɡan
90L_10NL,3,90L_10NL_3_1,1,700,"('n', 'n', 'nɡ')",ɾetenɡan,ɾetenɡan
90L_10NL,3,90L_10NL_3_1,1,700,"('n', 'n', 'nɡ')",ɾetenɡan,ɾetenɡan
90L_10NL,3,90L_10NL_3_1,1,700,"('n', 'n', 'nɡ')",ɾetenɡan,ɾetenɡan
90L_10NL,3,90L_10NL_3_1,1,1008,"('n', 'nɡ', 'nɡ')",ɾetenɡan,ɾetenɡan
90L_10NL,3,90L_10NL_3_1,1,1008,"('n', 'nɡ', 'nɡ')",ɾetenɡan,ɾetenɡan
90L_10NL,3,90L_10NL_3_1,1,1008,"('n', 'nɡ', 'nɡ')",ɾetenɡan,ɾetenɡan
90L_10NL,3,90L_10NL_3_1,1,1008,"('n', 'nɡ', 'nɡ')",ɾetenɡan,ɾetenɡan
90L_10NL,3,90L_10NL_3_1,1,1008,"('n', 'nɡ', 'nɡ')",ɾetenɡan,ɾetenɡan
90L_10NL,3,90L_10NL_3_1,1,1008,"('n', 'nɡ', 'nɡ')",ɾetenɡan,ɾetenɡan
90L_10NL,3,90L_10NL_3_1,1,700,"('n', 'n', 'nɡ')",ɾetenɡan,ɾetenɡan
90L_10NL,3,90L_10NL_3_1,1,700,"('n', 'n', 'nɡ')",ɾetenɡan,ɾetenɡan
90L_10NL,3,90L_10NL_3_1,1,700,"('n', 'n', 'nɡ')",ɾetenɡan,ɾetenɡan
90L_10NL,3,90L_10NL_3_1,1,1050,"('nɡ', 'nɡ', 'nɡ')",ɾetenɡan,ɾetenɡan
90L_10NL,3,90L_10NL_3_1,1,1050,"('nɡ', 'nɡ', 'nɡ')",ɾetenɡan,ɾetenɡan
90L_10NL,3,90L_10NL_3_1,1,1050,"('nɡ', 'nɡ', 'nɡ')",ɾetenɡan,ɾetenɡan
90L_10NL,3,90L_10NL_3_1,1,1050,"('nɡ', 'nɡ', 'nɡ')",ɾetenɡan,ɾetenɡan
90L_10NL,3,90L_10NL_3_1,1,1050,"('nɡ', 'nɡ', 'nɡ')",ɾetenɡan,ɾetenɡan
90L_10NL,3,90L_10NL_3_1,1,1092,"('nɡ', 'n', 'nɡ')",ɾetenɡan,ɾetenɡan
90L_10NL,3,90L_10NL_3_1,1,1092,"('nɡ', 'n', 'nɡ')",ɾetenɡan,ɾetenɡan
90L_10NL,3,90L_10NL_3_1,1,1092,"('nɡ', 'n', 'nɡ')",ɾetenɡan,ɾetenɡan
90L_10NL,3,90L_10NL_3_1,1,1050,"('nɡ', 'nɡ', 'nɡ')",ɾetenɡan,ɾetenɡan
90L_10NL,3,90L_10NL_3_1,1,1050,"('nɡ', 'nɡ', 'nɡ')",ɾetenɡan,ɾetenɡan
90L_10NL,3,90L_10NL_3_1,1,1050,"('nɡ', 'nɡ', 'nɡ')",ɾetenɡan,ɾetenɡan
90L_10NL,3,90L_10NL_3_1,1,1050,"('nɡ', 'nɡ', 'nɡ')",ɾetenɡan,ɾetenɡan
90L_10NL,3,90L_10NL_3_1,1,1092,"('nɡ', 'n', 'nɡ')",ɾetenɡan,ɾetenɡan
90L_10NL,3,90L_10NL_3_1,1,1092,"('nɡ', 'n', 'nɡ')",ɾetenɡan,ɾetenɡan
90L_10NL,3,90L_10NL_3_1,1,1092,"('nɡ', 'n', 'nɡ')",ɾetenɡan,ɾetenɡan
90L_10NL,3,90L_10NL_3_1,1,1050,"('nɡ', 'nɡ', 'nɡ')",ɾetenɡan,ɾetenɡan
90L_10NL,3,90L_10NL_3_1,1,1050,"('nɡ', 'nɡ', 'nɡ')",ɾetenɡan,ɾetenɡan
90L_10NL,3,90L_10NL_3_1,1,1050,"('nɡ', 'nɡ', 'nɡ')",ɾetenɡan,ɾetenɡan
90L_10NL,3,90L_10NL_3_1,1,1092,"('nɡ', 'n', 'nɡ')",ɾetenɡan,ɾetenɡan
90L_10NL,3,90L_10NL_3_1,1,1092,"('nɡ', 'n', 'nɡ')",ɾetenɡan,ɾetenɡan
90L_10NL,3,90L_10NL_3_1,1,1092,"('nɡ', 'n', 'nɡ')",ɾetenɡan,ɾetenɡan
90L_10NL,3,90L_10NL_3_1,1,1050,"('nɡ', 'nɡ', 'nɡ')",ɾetenɡan,ɾetenɡan
90L_10NL,3,90L_10NL_3_1,1,1050,"('nɡ', 'nɡ', 'nɡ')",ɾetenɡan,ɾetenɡan
90L_10NL,3,90L_10NL_3_1,1,1092,"('nɡ', 'n', 'nɡ')",ɾetenɡan,ɾetenɡan
90L_10NL,3,90L_10NL_3_1,1,1092,"('nɡ', 'n', 'nɡ')",ɾetenɡan,ɾetenɡan
90L_10NL,3,90L_10NL_3_1,1,1092,"('nɡ', 'n', 'nɡ')",ɾetenɡan,ɾetenɡan
90L_10NL,3,90L_10NL_3_1,1,1050,"('nɡ', 'nɡ', 'nɡ')",ɾetenɡan,ɾetenɡan
90L_10NL,3,90L_10NL_3_1,1,1092,"('nɡ', 'n', 'nɡ')",ɾetenɡan,ɾetenɡan
90L_10NL,3,90L_10NL_3_1,1,1092,"('nɡ', 'n', 'nɡ')",ɾetenɡan,ɾetenɡan
90L_10NL,3,90L_10NL_3_1,1,1092,"('nɡ', 'n', 'nɡ')",ɾetenɡan,ɾetenɡan
90L_10NL,3,90L_10NL_3_1,1,1092,"('nɡ', 'n', 'nɡ')",ɾetenɡan,ɾetenɡan
90L_10NL,3,90L_10NL_3_1,1,1092,"('nɡ', 'n', 'nɡ')",ɾetenɡan,ɾetenɡan
90L_10NL,3,90L_10NL_3_1,1,1092,"('nɡ', 'n', 'nɡ')",ɾetenɡan,ɾetenɡan
90L_10NL,3,90L_10NL_3_1,1,700,"('n', 'n', 'nɡ')",ɾetenɡan,ɾetenɡan
90L_10NL,3,90L_10NL_3_1,1,700,"('n', 'n', 'nɡ')",ɾetenɡan,ɾetenɡan
90L_10NL,3,90L_10NL_3_1,1,700,"('n', 'n', 'nɡ')",ɾetenɡan,ɾetenɡan
90L_10NL,3,90L_10NL_3_1,1,700,"('n', 'n', 'nɡ')",ɾetenɡas,ɾetenɡas
90L_10NL,3,90L_10NL_3_1,1,1008,"('n', 'nɡ', 'nɡ')",ɾetenɡas,ɾetenɡas
90L_10NL,3,90L_10NL_3_1,1,1008,"('n', 'nɡ', 'nɡ')",ɾetenɡas,ɾetenɡas
90L_10NL,3,90L_10NL_3_1,1,1008,"('n', 'nɡ', 'nɡ')",ɾetenɡas,ɾetenɡas
90L_10NL,3,90L_10NL_3_1,1,1008,"('n', 'nɡ', 'nɡ')",ɾetenɡas,ɾetenɡas
90L_10NL,3,90L_10NL_3_1,1,1008,"('n', 'nɡ', 'nɡ')",ɾetenɡas,ɾetenɡas
90L_10NL,3,90L_10NL_3_1,1,1008,"('n', 'nɡ', 'nɡ')",ɾetenɡas,ɾetenɡas
90L_10NL,3,90L_10NL_3_1,1,700,"('n', 'n', 'nɡ')",ɾetenɡas,ɾetenɡas
90L_10NL,3,90L_10NL_3_1,1,700,"('n', 'n', 'nɡ')",ɾetenɡas,ɾetenɡas
90L_10NL,3,90L_10NL_3_1,1,700,"('n', 'n', 'nɡ')",ɾetenɡas,ɾetenɡas
90L_10NL,3,90L_10NL_3_1,1,1008,"('n', 'nɡ', 'nɡ')",ɾetenɡas,ɾetenɡas
90L_10NL,3,90L_10NL_3_1,1,1008,"('n', 'nɡ', 'nɡ')",ɾetenɡas,ɾetenɡas
90L_10NL,3,90L_10NL_3_1,1,1008,"('n', 'nɡ', 'nɡ')",ɾetenɡas,ɾetenɡas
90L_10NL,3,90L_10NL_3_1,1,1008,"('n', 'nɡ', 'nɡ')",ɾetenɡas,ɾetenɡas
90L_10NL,3,90L_10NL_3_1,1,1008,"('n', 'nɡ', 'nɡ')",ɾetenɡas,ɾetenɡas
90L_10NL,3,90L_10NL_3_1,1,1008,"('n', 'nɡ', 'nɡ')",ɾetenɡas,ɾetenɡas
90L_10NL,3,90L_10NL_3_1,1,700,"('n', 'n', 'nɡ')",ɾetenɡas,ɾetenɡas
90L_10NL,3,90L_10NL_3_1,1,700,"('n', 'n', 'nɡ')",ɾetenɡas,ɾetenɡas
90L_10NL,3,90L_10NL_3_1,1,700,"('n', 'n', 'nɡ')",ɾetenɡas,ɾetenɡas
90L_10NL,3,90L_10NL_3_1,1,1050,"('nɡ', 'nɡ', 'nɡ')",ɾetenɡas,ɾetenɡas
90L_10NL,3,90L_10NL_3_1,1,1050,"('nɡ', 'nɡ', 'nɡ')",ɾetenɡas,ɾetenɡas
90L_10NL,3,90L_10NL_3_1,1,1050,"('nɡ', 'nɡ', 'nɡ')",ɾetenɡas,ɾetenɡas
90L_10NL,3,90L_10NL_3_1,1,1050,"('nɡ', 'nɡ', 'nɡ')",ɾetenɡas,ɾetenɡas
90L_10NL,3,90L_10NL_3_1,1,1050,"('nɡ', 'nɡ', 'nɡ')",ɾetenɡas,ɾetenɡas
90L_10NL,3,90L_10NL_3_1,1,1092,"('nɡ', 'n', 'nɡ')",ɾetenɡas,ɾetenɡas
90L_10NL,3,90L_10NL_3_1,1,1092,"('nɡ', 'n', 'nɡ')",ɾetenɡas,ɾetenɡas
90L_10NL,3,90L_10NL_3_1,1,1092,"('nɡ', 'n', 'nɡ')",ɾetenɡas,ɾetenɡas
90L_10NL,3,90L_10NL_3_1,1,1050,"('nɡ', 'nɡ', 'nɡ')",ɾetenɡas,ɾetenɡas
90L_10NL,3,90L_10NL_3_1,1,1050,"('nɡ', 'nɡ', 'nɡ')",ɾetenɡas,ɾetenɡas
90L_10NL,3,90L_10NL_3_1,1,1050,"('nɡ', 'nɡ', 'nɡ')",ɾetenɡas,ɾetenɡas
90L_10NL,3,90L_10NL_3_1,1,1050,"('nɡ', 'nɡ', 'nɡ')",ɾetenɡas,ɾetenɡas
90L_10NL,3,90L_10NL_3_1,1,1092,"('nɡ', 'n', 'nɡ')",ɾetenɡas,ɾetenɡas
90L_10NL,3,90L_10NL_3_1,1,1092,"('nɡ', 'n', 'nɡ')",ɾetenɡas,ɾetenɡas
90L_10NL,3,90L_10NL_3_1,1,1092,"('nɡ', 'n', 'nɡ')",ɾetenɡas,ɾetenɡas
90L_10NL,3,90L_10NL_3_1,1,1050,"('nɡ', 'nɡ', 'nɡ')",ɾetenɡas,ɾetenɡas
90L_10NL,3,90L_10NL_3_1,1,1050,"('nɡ', 'nɡ', 'nɡ')",ɾetenɡas,ɾetenɡas
90L_10NL,3,90L_10NL_3_1,1,1050,"('nɡ', 'nɡ', 'nɡ')",ɾetenɡas,ɾetenɡas
90L_10NL,3,90L_10NL_3_1,1,1092,"('nɡ', 'n', 'nɡ')",ɾetenɡas,ɾetenɡas
90L_10NL,3,90L_10NL_3_1,1,1092,"('nɡ', 'n', 'nɡ')",ɾetenɡas,ɾetenɡas
90L_10NL,3,90L_10NL_3_1,1,1092,"('nɡ', 'n', 'nɡ')",ɾetenɡas,ɾetenɡas
90L_10NL,3,90L_10NL_3_1,1,1050,"('nɡ', 'nɡ', 'nɡ')",ɾetenɡas,ɾetenɡas
90L_10NL,3,90L_10NL_3_1,1,1050,"('nɡ', 'nɡ', 'nɡ')",ɾetenɡas,ɾetenɡas
90L_10NL,3,90L_10NL_3_1,1,1092,"('nɡ', 'n', 'nɡ')",ɾetenɡas,ɾetenɡas
90L_10NL,3,90L_10NL_3_1,1,1092,"('nɡ', 'n', 'nɡ')",ɾetenɡas,ɾetenɡas
90L_10NL,3,90L_10NL_3_1,1,1092,"('nɡ', 'n', 'nɡ')",ɾetenɡas,ɾetenɡas
90L_10NL,3,90L_10NL_3_1,1,1050,"('nɡ', 'nɡ', 'nɡ')",ɾetenɡas,ɾetenɡas
90L_10NL,3,90L_10NL_3_1,1,1092,"('nɡ', 'n', 'nɡ')",ɾetenɡas,ɾetenɡas
90L_10NL,3,90L_10NL_3_1,1,1092,"('nɡ', 'n', 'nɡ')",ɾetenɡas,ɾetenɡas
90L_10NL,3,90L_10NL_3_1,1,1092,"('nɡ', 'n', 'nɡ')",ɾetenɡas,ɾetenɡas
90L_10NL,3,90L_10NL_3_1,1,1092,"('nɡ', 'n', 'nɡ')",ɾetenɡas,ɾetenɡas
90L_10NL,3,90L_10NL_3_1,1,1092,"('nɡ', 'n', 'nɡ')",ɾetenɡas,ɾetenɡas
90L_10NL,3,90L_10NL_3_1,1,1092,"('nɡ', 'n', 'nɡ')",ɾetenɡas,ɾetenɡas
90L_10NL,3,90L_10NL_3_1,1,700,"('n', 'n', 'nɡ')",ɾetenɡas,ɾetenɡas
90L_10NL,3,90L_10NL_3_1,1,700,"('n', 'n', 'nɡ')",ɾetenɡas,ɾetenɡas
90L_10NL,3,90L_10NL_3_1,1,700,"('n', 'n', 'nɡ')",ɾetenɡas,ɾetenɡas
90L_10NL,3,90L_10NL_3_1,1,700,"('n', 'n', 'nɡ')",ɾetenɡa,ɾetenɡa
90L_10NL,3,90L_10NL_3_1,1,1008,"('n', 'nɡ', 'nɡ')",ɾetenɡa,ɾetenɡa
90L_10NL,3,90L_10NL_3_1,1,1008,"('n', 'nɡ', 'nɡ')",ɾetenɡa,ɾetenɡa
90L_10NL,3,90L_10NL_3_1,1,1008,"('n', 'nɡ', 'nɡ')",ɾetenɡa,ɾetenɡa
90L_10NL,3,90L_10NL_3_1,1,1008,"('n', 'nɡ', 'nɡ')",ɾetenɡa,ɾetenɡa
90L_10NL,3,90L_10NL_3_1,1,1008,"('n', 'nɡ', 'nɡ')",ɾetenɡa,ɾetenɡa
90L_10NL,3,90L_10NL_3_1,1,1008,"('n', 'nɡ', 'nɡ')",ɾetenɡa,ɾetenɡa
90L_10NL,3,90L_10NL_3_1,1,700,"('n', 'n', 'nɡ')",ɾetenɡa,ɾetenɡa
90L_10NL,3,90L_10NL_3_1,1,700,"('n', 'n', 'nɡ')",ɾetenɡa,ɾetenɡa
90L_10NL,3,90L_10NL_3_1,1,700,"('n', 'n', 'nɡ')",ɾetenɡa,ɾetenɡa
90L_10NL,3,90L_10NL_3_1,1,1008,"('n', 'nɡ', 'nɡ')",ɾetenɡa,ɾetenɡa
90L_10NL,3,90L_10NL_3_1,1,1008,"('n', 'nɡ', 'nɡ')",ɾetenɡa,ɾetenɡa
90L_10NL,3,90L_10NL_3_1,1,1008,"('n', 'nɡ', 'nɡ')",ɾetenɡa,ɾetenɡa
90L_10NL,3,90L_10NL_3_1,1,1008,"('n', 'nɡ', 'nɡ')",ɾetenɡa,ɾetenɡa
90L_10NL,3,90L_10NL_3_1,1,1008,"('n', 'nɡ', 'nɡ')",ɾetenɡa,ɾetenɡa
90L_10NL,3,90L_10NL_3_1,1,1008,"('n', 'nɡ', 'nɡ')",ɾetenɡa,ɾetenɡa
90L_10NL,3,90L_10NL_3_1,1,700,"('n', 'n', 'nɡ')",ɾetenɡa,ɾetenɡa
90L_10NL,3,90L_10NL_3_1,1,700,"('n', 'n', 'nɡ')",ɾetenɡa,ɾetenɡa
90L_10NL,3,90L_10NL_3_1,1,700,"('n', 'n', 'nɡ')",ɾetenɡa,ɾetenɡa
90L_10NL,3,90L_10NL_3_1,1,1050,"('nɡ', 'nɡ', 'nɡ')",ɾetenɡa,ɾetenɡa
90L_10NL,3,90L_10NL_3_1,1,1050,"('nɡ', 'nɡ', 'nɡ')",ɾetenɡa,ɾetenɡa
90L_10NL,3,90L_10NL_3_1,1,1050,"('nɡ', 'nɡ', 'nɡ')",ɾetenɡa,ɾetenɡa
90L_10NL,3,90L_10NL_3_1,1,1050,"('nɡ', 'nɡ', 'nɡ')",ɾetenɡa,ɾetenɡa
90L_10NL,3,90L_10NL_3_1,1,1050,"('nɡ', 'nɡ', 'nɡ')",ɾetenɡa,ɾetenɡa
90L_10NL,3,90L_10NL_3_1,1,1092,"('nɡ', 'n', 'nɡ')",ɾetenɡa,ɾetenɡa
90L_10NL,3,90L_10NL_3_1,1,1092,"('nɡ', 'n', 'nɡ')",ɾetenɡa,ɾetenɡa
90L_10NL,3,90L_10NL_3_1,1,1092,"('nɡ', 'n', 'nɡ')",ɾetenɡa,ɾetenɡa
90L_10NL,3,90L_10NL_3_1,1,1050,"('nɡ', 'nɡ', 'nɡ')",ɾetenɡa,ɾetenɡa
90L_10NL,3,90L_10NL_3_1,1,1050,"('nɡ', 'nɡ', 'nɡ')",ɾetenɡa,ɾetenɡa
90L_10NL,3,90L_10NL_3_1,1,1050,"('nɡ', 'nɡ', 'nɡ')",ɾetenɡa,ɾetenɡa
90L_10NL,3,90L_10NL_3_1,1,1050,"('nɡ', 'nɡ', 'nɡ')",ɾetenɡa,ɾetenɡa
90L_10NL,3,90L_10NL_3_1,1,1092,"('nɡ', 'n', 'nɡ')",ɾetenɡa,ɾetenɡa
90L_10NL,3,90L_10NL_3_1,1,1092,"('nɡ', 'n', 'nɡ')",ɾetenɡa,ɾetenɡa
90L_10NL,3,90L_10NL_3_1,1,1092,"('nɡ', 'n', 'nɡ')",ɾetenɡa,ɾetenɡa
90L_10NL,3,90L_10NL_3_1,1,1050,"('nɡ', 'nɡ', 'nɡ')",ɾetenɡa,ɾetenɡa
90L_10NL,3,90L_10NL_3_1,1,1050,"('nɡ', 'nɡ', 'nɡ')",ɾetenɡa,ɾetenɡa
90L_10NL,3,90L_10NL_3_1,1,1050,"('nɡ', 'nɡ', 'nɡ')",ɾetenɡa,ɾetenɡa
90L_10NL,3,90L_10NL_3_1,1,1092,"('nɡ', 'n', 'nɡ')",ɾetenɡa,ɾetenɡa
90L_10NL,3,90L_10NL_3_1,1,1092,"('nɡ', 'n', 'nɡ')",ɾetenɡa,ɾetenɡa
90L_10NL,3,90L_10NL_3_1,1,1092,"('nɡ', 'n', 'nɡ')",ɾetenɡa,ɾetenɡa
90L_10NL,3,90L_10NL_3_1,1,1050,"('nɡ', 'nɡ', 'nɡ')",ɾetenɡa,ɾetenɡa
90L_10NL,3,90L_10NL_3_1,1,1050,"('nɡ', 'nɡ', 'nɡ')",ɾetenɡa,ɾetenɡa
90L_10NL,3,90L_10NL_3_1,1,1092,"('nɡ', 'n', 'nɡ')",ɾetenɡa,ɾetenɡa
90L_10NL,3,90L_10NL_3_1,1,1092,"('nɡ', 'n', 'nɡ')",ɾetenɡa,ɾetenɡa
90L_10NL,3,90L_10NL_3_1,1,1092,"('nɡ', 'n', 'nɡ')",ɾetenɡa,ɾetenɡa
90L_10NL,3,90L_10NL_3_1,1,1050,"('nɡ', 'nɡ', 'nɡ')",ɾetenɡa,ɾetenɡa
90L_10NL,3,90L_10NL_3_1,1,1092,"('nɡ', 'n', 'nɡ')",ɾetenɡa,ɾetenɡa
90L_10NL,3,90L_10NL_3_1,1,1092,"('nɡ', 'n', 'nɡ')",ɾetenɡa,ɾetenɡa
90L_10NL,3,90L_10NL_3_1,1,1092,"('nɡ', 'n', 'nɡ')",ɾetenɡa,ɾetenɡa
90L_10NL,3,90L_10NL_3_1,1,1092,"('nɡ', 'n', 'nɡ')",ɾetenɡa,ɾetenɡa
90L_10NL,3,90L_10NL_3_1,1,1092,"('nɡ', 'n', 'nɡ')",ɾetenɡa,ɾetenɡa
90L_10NL,3,90L_10NL_3_1,1,1092,"('nɡ', 'n', 'nɡ')",ɾetenɡa,ɾetenɡa
90L_10NL,3,90L_10NL_3_1,1,700,"('n', 'n', 'nɡ')",ɾetenɡa,ɾetenɡa
90L_10NL,3,90L_10NL_3_1,1,700,"('n', 'n', 'nɡ')",ɾetenɡa,ɾetenɡa
90L_10NL,3,90L_10NL_3_1,1,700,"('n', 'n', 'nɡ')",ɾetenɡa,ɾetenɡa
90L_10NL,3,90L_10NL_3_1,1,700,"('n', 'n', 'nɡ')",ɾetenɡa,ɾetenɡa
90L_10NL,3,90L_10NL_3_1,1,1008,"('n', 'nɡ', 'nɡ')",ɾetenɡa,ɾetenɡa
90L_10NL,3,90L_10NL_3_1,1,1008,"('n', 'nɡ', 'nɡ')",ɾetenɡa,ɾetenɡa
90L_10NL,3,90L_10NL_3_1,1,1008,"('n', 'nɡ', 'nɡ')",ɾetenɡa,ɾetenɡa
90L_10NL,3,90L_10NL_3_1,1,1008,"('n', 'nɡ', 'nɡ')",ɾetenɡa,ɾetenɡa
90L_10NL,3,90L_10NL_3_1,1,1008,"('n', 'nɡ', 'nɡ')",ɾetenɡa,ɾetenɡa
90L_10NL,3,90L_10NL_3_1,1,1008,"('n', 'nɡ', 'nɡ')",ɾetenɡa,ɾetenɡa
90L_10NL,3,90L_10NL_3_1,1,700,"('n', 'n', 'nɡ')",ɾetenɡa,ɾetenɡa
90L_10NL,3,90L_10NL_3_1,1,700,"('n', 'n', 'nɡ')",ɾetenɡa,ɾetenɡa
90L_10NL,3,90L_10NL_3_1,1,700,"('n', 'n', 'nɡ')",ɾetenɡa,ɾetenɡa
90L_10NL,3,90L_10NL_3_1,1,1008,"('n', 'nɡ', 'nɡ')",ɾetenɡa,ɾetenɡa
90L_10NL,3,90L_10NL_3_1,1,1008,"('n', 'nɡ', 'nɡ')",ɾetenɡa,ɾetenɡa
90L_10NL,3,90L_10NL_3_1,1,1008,"('n', 'nɡ', 'nɡ')",ɾetenɡa,ɾetenɡa
90L_10NL,3,90L_10NL_3_1,1,1008,"('n', 'nɡ', 'nɡ')",ɾetenɡa,ɾetenɡa
90L_10NL,3,90L_10NL_3_1,1,1008,"('n', 'nɡ', 'nɡ')",ɾetenɡa,ɾetenɡa
90L_10NL,3,90L_10NL_3_1,1,1008,"('n', 'nɡ', 'nɡ')",ɾetenɡa,ɾetenɡa
90L_10NL,3,90L_10NL_3_1,1,700,"('n', 'n', 'nɡ')",ɾetenɡa,ɾetenɡa
90L_10NL,3,90L_10NL_3_1,1,700,"('n', 'n', 'nɡ')",ɾetenɡa,ɾetenɡa
90L_10NL,3,90L_10NL_3_1,1,700,"('n', 'n', 'nɡ')",ɾetenɡa,ɾetenɡa
90L_10NL,3,90L_10NL_3_1,1,1050,"('nɡ', 'nɡ', 'nɡ')",ɾetenɡa,ɾetenɡa
90L_10NL,3,90L_10NL_3_1,1,1050,"('nɡ', 'nɡ', 'nɡ')",ɾetenɡa,ɾetenɡa
90L_10NL,3,90L_10NL_3_1,1,1050,"('nɡ', 'nɡ', 'nɡ')",ɾetenɡa,ɾetenɡa
90L_10NL,3,90L_10NL_3_1,1,1050,"('nɡ', 'nɡ', 'nɡ')",ɾetenɡa,ɾetenɡa
90L_10NL,3,90L_10NL_3_1,1,1050,"('nɡ', 'nɡ', 'nɡ')",ɾetenɡa,ɾetenɡa
90L_10NL,3,90L_10NL_3_1,1,1092,"('nɡ', 'n', 'nɡ')",ɾetenɡa,ɾetenɡa
90L_10NL,3,90L_10NL_3_1,1,1092,"('nɡ', 'n', 'nɡ')",ɾetenɡa,ɾetenɡa
90L_10NL,3,90L_10NL_3_1,1,1092,"('nɡ', 'n', 'nɡ')",ɾetenɡa,ɾetenɡa
90L_10NL,3,90L_10NL_3_1,1,1050,"('nɡ', 'nɡ', 'nɡ')",ɾetenɡa,ɾetenɡa
90L_10NL,3,90L_10NL_3_1,1,1050,"('nɡ', 'nɡ', 'nɡ')",ɾetenɡa,ɾetenɡa
90L_10NL,3,90L_10NL_3_1,1,1050,"('nɡ', 'nɡ', 'nɡ')",ɾetenɡa,ɾetenɡa
90L_10NL,3,90L_10NL_3_1,1,1050,"('nɡ', 'nɡ', 'nɡ')",ɾetenɡa,ɾetenɡa
90L_10NL,3,90L_10NL_3_1,1,1092,"('nɡ', 'n', 'nɡ')",ɾetenɡa,ɾetenɡa
90L_10NL,3,90L_10NL_3_1,1,1092,"('nɡ', 'n', 'nɡ')",ɾetenɡa,ɾetenɡa
90L_10NL,3,90L_10NL_3_1,1,1092,"('nɡ', 'n', 'nɡ')",ɾetenɡa,ɾetenɡa
90L_10NL,3,90L_10NL_3_1,1,1050,"('nɡ', 'nɡ', 'nɡ')",ɾetenɡa,ɾetenɡa
90L_10NL,3,90L_10NL_3_1,1,1050,"('nɡ', 'nɡ', 'nɡ')",ɾetenɡa,ɾetenɡa
90L_10NL,3,90L_10NL_3_1,1,1050,"('nɡ', 'nɡ', 'nɡ')",ɾetenɡa,ɾetenɡa
90L_10NL,3,90L_10NL_3_1,1,1092,"('nɡ', 'n', 'nɡ')",ɾetenɡa,ɾetenɡa
90L_10NL,3,90L_10NL_3_1,1,1092,"('nɡ', 'n', 'nɡ')",ɾetenɡa,ɾetenɡa
90L_10NL,3,90L_10NL_3_1,1,1092,"('nɡ', 'n', 'nɡ')",ɾetenɡa,ɾetenɡa
90L_10NL,3,90L_10NL_3_1,1,1050,"('nɡ', 'nɡ', 'nɡ')",ɾetenɡa,ɾetenɡa
90L_10NL,3,90L_10NL_3_1,1,1050,"('nɡ', 'nɡ', 'nɡ')",ɾetenɡa,ɾetenɡa
90L_10NL,3,90L_10NL_3_1,1,1092,"('nɡ', 'n', 'nɡ')",ɾetenɡa,ɾetenɡa
90L_10NL,3,90L_10NL_3_1,1,1092,"('nɡ', 'n', 'nɡ')",ɾetenɡa,ɾetenɡa
90L_10NL,3,90L_10NL_3_1,1,1092,"('nɡ', 'n', 'nɡ')",ɾetenɡa,ɾetenɡa
90L_10NL,3,90L_10NL_3_1,1,1050,"('nɡ', 'nɡ', 'nɡ')",ɾetenɡa,ɾetenɡa
90L_10NL,3,90L_10NL_3_1,1,1092,"('nɡ', 'n', 'nɡ')",ɾetenɡa,ɾetenɡa
90L_10NL,3,90L_10NL_3_1,1,1092,"('nɡ', 'n', 'nɡ')",ɾetenɡa,ɾetenɡa
90L_10NL,3,90L_10NL_3_1,1,1092,"('nɡ', 'n', 'nɡ')",ɾetenɡa,ɾetenɡa
90L_10NL,3,90L_10NL_3_1,1,1092,"('nɡ', 'n', 'nɡ')",ɾetenɡa,ɾetenɡa
90L_10NL,3,90L_10NL_3_1,1,1092,"('nɡ', 'n', 'nɡ')",ɾetenɡa,ɾetenɡa
90L_10NL,3,90L_10NL_3_1,1,1092,"('nɡ', 'n', 'nɡ')",ɾetenɡa,ɾetenɡa
90L_10NL,3,90L_10NL_3_1,1,700,"('n', 'n', 'nɡ')",ɾetenɡa,ɾetenɡa
90L_10NL,3,90L_10NL_3_1,1,700,"('n', 'n', 'nɡ')",ɾetenɡa,ɾetenɡa
90L_10NL,3,90L_10NL_3_1,1,700,"('n', 'n', 'nɡ')",ɾetenɡa,ɾetenɡa
90L_10NL,3,90L_10NL_3_1,1,700,"('n', 'n', 'nɡ')",ɾetenɡo,ɾetenɡo
90L_10NL,3,90L_10NL_3_1,1,1008,"('n', 'nɡ', 'nɡ')",ɾetenɡo,ɾetenɡo
90L_10NL,3,90L_10NL_3_1,1,1008,"('n', 'nɡ', 'nɡ')",ɾetenɡo,ɾetenɡo
90L_10NL,3,90L_10NL_3_1,1,1008,"('n', 'nɡ', 'nɡ')",ɾetenɡo,ɾetenɡo
90L_10NL,3,90L_10NL_3_1,1,1008,"('n', 'nɡ', 'nɡ')",ɾetenɡo,ɾetenɡo
90L_10NL,3,90L_10NL_3_1,1,1008,"('n', 'nɡ', 'nɡ')",ɾetenɡo,ɾetenɡo
90L_10NL,3,90L_10NL_3_1,1,1008,"('n', 'nɡ', 'nɡ')",ɾetenɡo,ɾetenɡo
90L_10NL,3,90L_10NL_3_1,1,700,"('n', 'n', 'nɡ')",ɾetenɡo,ɾetenɡo
90L_10NL,3,90L_10NL_3_1,1,700,"('n', 'n', 'nɡ')",ɾetenɡo,ɾetenɡo
90L_10NL,3,90L_10NL_3_1,1,700,"('n', 'n', 'nɡ')",ɾetenɡo,ɾetenɡo
90L_10NL,3,90L_10NL_3_1,1,1008,"('n', 'nɡ', 'nɡ')",ɾetenɡo,ɾetenɡo
90L_10NL,3,90L_10NL_3_1,1,1008,"('n', 'nɡ', 'nɡ')",ɾetenɡo,ɾetenɡo
90L_10NL,3,90L_10NL_3_1,1,1008,"('n', 'nɡ', 'nɡ')",ɾetenɡo,ɾetenɡo
90L_10NL,3,90L_10NL_3_1,1,1008,"('n', 'nɡ', 'nɡ')",ɾetenɡo,ɾetenɡo
90L_10NL,3,90L_10NL_3_1,1,1008,"('n', 'nɡ', 'nɡ')",ɾetenɡo,ɾetenɡo
90L_10NL,3,90L_10NL_3_1,1,1008,"('n', 'nɡ', 'nɡ')",ɾetenɡo,ɾetenɡo
90L_10NL,3,90L_10NL_3_1,1,700,"('n', 'n', 'nɡ')",ɾetenɡo,ɾetenɡo
90L_10NL,3,90L_10NL_3_1,1,700,"('n', 'n', 'nɡ')",ɾetenɡo,ɾetenɡo
90L_10NL,3,90L_10NL_3_1,1,700,"('n', 'n', 'nɡ')",ɾetenɡo,ɾetenɡo
90L_10NL,3,90L_10NL_3_1,1,1050,"('nɡ', 'nɡ', 'nɡ')",ɾetenɡo,ɾetenɡo
90L_10NL,3,90L_10NL_3_1,1,1050,"('nɡ', 'nɡ', 'nɡ')",ɾetenɡo,ɾetenɡo
90L_10NL,3,90L_10NL_3_1,1,1050,"('nɡ', 'nɡ', 'nɡ')",ɾetenɡo,ɾetenɡo
90L_10NL,3,90L_10NL_3_1,1,1050,"('nɡ', 'nɡ', 'nɡ')",ɾetenɡo,ɾetenɡo
90L_10NL,3,90L_10NL_3_1,1,1050,"('nɡ', 'nɡ', 'nɡ')",ɾetenɡo,ɾetenɡo
90L_10NL,3,90L_10NL_3_1,1,1092,"('nɡ', 'n', 'nɡ')",ɾetenɡo,ɾetenɡo
90L_10NL,3,90L_10NL_3_1,1,1092,"('nɡ', 'n', 'nɡ')",ɾetenɡo,ɾetenɡo
90L_10NL,3,90L_10NL_3_1,1,1092,"('nɡ', 'n', 'nɡ')",ɾetenɡo,ɾetenɡo
90L_10NL,3,90L_10NL_3_1,1,1050,"('nɡ', 'nɡ', 'nɡ')",ɾetenɡo,ɾetenɡo
90L_10NL,3,90L_10NL_3_1,1,1050,"('nɡ', 'nɡ', 'nɡ')",ɾetenɡo,ɾetenɡo
90L_10NL,3,90L_10NL_3_1,1,1050,"('nɡ', 'nɡ', 'nɡ')",ɾetenɡo,ɾetenɡo
90L_10NL,3,90L_10NL_3_1,1,1050,"('nɡ', 'nɡ', 'nɡ')",ɾetenɡo,ɾetenɡo
90L_10NL,3,90L_10NL_3_1,1,1092,"('nɡ', 'n', 'nɡ')",ɾetenɡo,ɾetenɡo
90L_10NL,3,90L_10NL_3_1,1,1092,"('nɡ', 'n', 'nɡ')",ɾetenɡo,ɾetenɡo
90L_10NL,3,90L_10NL_3_1,1,1092,"('nɡ', 'n', 'nɡ')",ɾetenɡo,ɾetenɡo
90L_10NL,3,90L_10NL_3_1,1,1050,"('nɡ', 'nɡ', 'nɡ')",ɾetenɡo,ɾetenɡo
90L_10NL,3,90L_10NL_3_1,1,1050,"('nɡ', 'nɡ', 'nɡ')",ɾetenɡo,ɾetenɡo
90L_10NL,3,90L_10NL_3_1,1,1050,"('nɡ', 'nɡ', 'nɡ')",ɾetenɡo,ɾetenɡo
90L_10NL,3,90L_10NL_3_1,1,1092,"('nɡ', 'n', 'nɡ')",ɾetenɡo,ɾetenɡo
90L_10NL,3,90L_10NL_3_1,1,1092,"('nɡ', 'n', 'nɡ')",ɾetenɡo,ɾetenɡo
90L_10NL,3,90L_10NL_3_1,1,1092,"('nɡ', 'n', 'nɡ')",ɾetenɡo,ɾetenɡo
90L_10NL,3,90L_10NL_3_1,1,1050,"('nɡ', 'nɡ', 'nɡ')",ɾetenɡo,ɾetenɡo
90L_10NL,3,90L_10NL_3_1,1,1050,"('nɡ', 'nɡ', 'nɡ')",ɾetenɡo,ɾetenɡo
90L_10NL,3,90L_10NL_3_1,1,1092,"('nɡ', 'n', 'nɡ')",ɾetenɡo,ɾetenɡo
90L_10NL,3,90L_10NL_3_1,1,1092,"('nɡ', 'n', 'nɡ')",ɾetenɡo,ɾetenɡo
90L_10NL,3,90L_10NL_3_1,1,1092,"('nɡ', 'n', 'nɡ')",ɾetenɡo,ɾetenɡo
90L_10NL,3,90L_10NL_3_1,1,1050,"('nɡ', 'nɡ', 'nɡ')",ɾetenɡo,ɾetenɡo
90L_10NL,3,90L_10NL_3_1,1,1092,"('nɡ', 'n', 'nɡ')",ɾetenɡo,ɾetenɡo
90L_10NL,3,90L_10NL_3_1,1,1092,"('nɡ', 'n', 'nɡ')",ɾetenɡo,ɾetenɡo
90L_10NL,3,90L_10NL_3_1,1,1092,"('nɡ', 'n', 'nɡ')",ɾetenɡo,ɾetenɡo
90L_10NL,3,90L_10NL_3_1,1,1092,"('nɡ', 'n', 'nɡ')",ɾetenɡo,ɾetenɡo
90L_10NL,3,90L_10NL_3_1,1,1092,"('nɡ', 'n', 'nɡ')",ɾetenɡo,ɾetenɡo
90L_10NL,3,90L_10NL_3_1,1,1092,"('nɡ', 'n', 'nɡ')",ɾetenɡo,ɾetenɡo
90L_10NL,3,90L_10NL_3_1,1,700,"('n', 'n', 'nɡ')",ɾetenɡo,ɾetenɡo
90L_10NL,3,90L_10NL_3_1,1,700,"('n', 'n', 'nɡ')",ɾetenɡo,ɾetenɡo
90L_10NL,3,90L_10NL_3_1,1,700,"('n', 'n', 'nɡ')",ɾetenɡo,ɾetenɡo
90L_10NL,3,90L_10NL_3_1,1,300,"('n', 'n', 'n')",ɾetjenen,ɾetjenen
90L_10NL,3,90L_10NL_3_1,1,672,"('n', 'nɡ', 'n')",ɾetjenen,ɾetjenen
90L_10NL,3,90L_10NL_3_1,1,672,"('n', 'nɡ', 'n')",ɾetjenen,ɾetjenen
90L_10NL,3,90L_10NL_3_1,1,672,"('n', 'nɡ', 'n')",ɾetjenen,ɾetjenen
90L_10NL,3,90L_10NL_3_1,1,672,"('n', 'nɡ', 'n')",ɾetjenen,ɾetjenen
90L_10NL,3,90L_10NL_3_1,1,672,"('n', 'nɡ', 'n')",ɾetjenen,ɾetjenen
90L_10NL,3,90L_10NL_3_1,1,672,"('n', 'nɡ', 'n')",ɾetjenen,ɾetjenen
90L_10NL,3,90L_10NL_3_1,1,672,"('n', 'nɡ', 'n')",ɾetjenen,ɾetjenen
90L_10NL,3,90L_10NL_3_1,1,300,"('n', 'n', 'n')",ɾetjenen,ɾetjenen
90L_10NL,3,90L_10NL_3_1,1,300,"('n', 'n', 'n')",ɾetjenen,ɾetjenen
90L_10NL,3,90L_10NL_3_1,1,672,"('n', 'nɡ', 'n')",ɾetjenen,ɾetjenen
90L_10NL,3,90L_10NL_3_1,1,672,"('n', 'nɡ', 'n')",ɾetjenen,ɾetjenen
90L_10NL,3,90L_10NL_3_1,1,672,"('n', 'nɡ', 'n')",ɾetjenen,ɾetjenen
90L_10NL,3,90L_10NL_3_1,1,672,"('n', 'nɡ', 'n')",ɾetjenen,ɾetjenen
90L_10NL,3,90L_10NL_3_1,1,672,"('n', 'nɡ', 'n')",ɾetjenen,ɾetjenen
90L_10NL,3,90L_10NL_3_1,1,672,"('n', 'nɡ', 'n')",ɾetjenen,ɾetjenen
90L_10NL,3,90L_10NL_3_1,1,672,"('n', 'nɡ', 'n')",ɾetjenen,ɾetjenen
90L_10NL,3,90L_10NL_3_1,1,300,"('n', 'n', 'n')",ɾetjenen,ɾetjenen
90L_10NL,3,90L_10NL_3_1,1,300,"('n', 'n', 'n')",ɾetjenen,ɾetjenen
90L_10NL,3,90L_10NL_3_1,1,1050,"('nɡ', 'nɡ', 'n')",ɾetjenen,ɾetjenen
90L_10NL,3,90L_10NL_3_1,1,1050,"('nɡ', 'nɡ', 'n')",ɾetjenen,ɾetjenen
90L_10NL,3,90L_10NL_3_1,1,1050,"('nɡ', 'nɡ', 'n')",ɾetjenen,ɾetjenen
90L_10NL,3,90L_10NL_3_1,1,1050,"('nɡ', 'nɡ', 'n')",ɾetjenen,ɾetjenen
90L_10NL,3,90L_10NL_3_1,1,1050,"('nɡ', 'nɡ', 'n')",ɾetjenen,ɾetjenen
90L_10NL,3,90L_10NL_3_1,1,1050,"('nɡ', 'nɡ', 'n')",ɾetjenen,ɾetjenen
90L_10NL,3,90L_10NL_3_1,1,728,"('nɡ', 'n', 'n')",ɾetjenen,ɾetjenen
90L_10NL,3,90L_10NL_3_1,1,728,"('nɡ', 'n', 'n')",ɾetjenen,ɾetjenen
90L_10NL,3,90L_10NL_3_1,1,1050,"('nɡ', 'nɡ', 'n')",ɾetjenen,ɾetjenen
90L_10NL,3,90L_10NL_3_1,1,1050,"('nɡ', 'nɡ', 'n')",ɾetjenen,ɾetjenen
90L_10NL,3,90L_10NL_3_1,1,1050,"('nɡ', 'nɡ', 'n')",ɾetjenen,ɾetjenen
90L_10NL,3,90L_10NL_3_1,1,1050,"('nɡ', 'nɡ', 'n')",ɾetjenen,ɾetjenen
90L_10NL,3,90L_10NL_3_1,1,1050,"('nɡ', 'nɡ', 'n')",ɾetjenen,ɾetjenen
90L_10NL,3,90L_10NL_3_1,1,728,"('nɡ', 'n', 'n')",ɾetjenen,ɾetjenen
90L_10NL,3,90L_10NL_3_1,1,728,"('nɡ', 'n', 'n')",ɾetjenen,ɾetjenen
90L_10NL,3,90L_10NL_3_1,1,1050,"('nɡ', 'nɡ', 'n')",ɾetjenen,ɾetjenen
90L_10NL,3,90L_10NL_3_1,1,1050,"('nɡ', 'nɡ', 'n')",ɾetjenen,ɾetjenen
90L_10NL,3,90L_10NL_3_1,1,1050,"('nɡ', 'nɡ', 'n')",ɾetjenen,ɾetjenen
90L_10NL,3,90L_10NL_3_1,1,1050,"('nɡ', 'nɡ', 'n')",ɾetjenen,ɾetjenen
90L_10NL,3,90L_10NL_3_1,1,728,"('nɡ', 'n', 'n')",ɾetjenen,ɾetjenen
90L_10NL,3,90L_10NL_3_1,1,728,"('nɡ', 'n', 'n')",ɾetjenen,ɾetjenen
90L_10NL,3,90L_10NL_3_1,1,1050,"('nɡ', 'nɡ', 'n')",ɾetjenen,ɾetjenen
90L_10NL,3,90L_10NL_3_1,1,1050,"('nɡ', 'nɡ', 'n')",ɾetjenen,ɾetjenen
90L_10NL,3,90L_10NL_3_1,1,1050,"('nɡ', 'nɡ', 'n')",ɾetjenen,ɾetjenen
90L_10NL,3,90L_10NL_3_1,1,728,"('nɡ', 'n', 'n')",ɾetjenen,ɾetjenen
90L_10NL,3,90L_10NL_3_1,1,728,"('nɡ', 'n', 'n')",ɾetjenen,ɾetjenen
90L_10NL,3,90L_10NL_3_1,1,1050,"('nɡ', 'nɡ', 'n')",ɾetjenen,ɾetjenen
90L_10NL,3,90L_10NL_3_1,1,1050,"('nɡ', 'nɡ', 'n')",ɾetjenen,ɾetjenen
90L_10NL,3,90L_10NL_3_1,1,728,"('nɡ', 'n', 'n')",ɾetjenen,ɾetjenen
90L_10NL,3,90L_10NL_3_1,1,728,"('nɡ', 'n', 'n')",ɾetjenen,ɾetjenen
90L_10NL,3,90L_10NL_3_1,1,1050,"('nɡ', 'nɡ', 'n')",ɾetjenen,ɾetjenen
90L_10NL,3,90L_10NL_3_1,1,728,"('nɡ', 'n', 'n')",ɾetjenen,ɾetjenen
90L_10NL,3,90L_10NL_3_1,1,728,"('nɡ', 'n', 'n')",ɾetjenen,ɾetjenen
90L_10NL,3,90L_10NL_3_1,1,728,"('nɡ', 'n', 'n')",ɾetjenen,ɾetjenen
90L_10NL,3,90L_10NL_3_1,1,728,"('nɡ', 'n', 'n')",ɾetjenen,ɾetjenen
90L_10NL,3,90L_10NL_3_1,1,300,"('n', 'n', 'n')",ɾetjenen,ɾetjenen
90L_10NL,3,90L_10NL_3_1,1,300,"('n', 'n', 'n')",ɾetjenes,ɾetjenes
90L_10NL,3,90L_10NL_3_1,1,672,"('n', 'nɡ', 'n')",ɾetjenes,ɾetjenes
90L_10NL,3,90L_10NL_3_1,1,672,"('n', 'nɡ', 'n')",ɾetjenes,ɾetjenes
90L_10NL,3,90L_10NL_3_1,1,672,"('n', 'nɡ', 'n')",ɾetjenes,ɾetjenes
90L_10NL,3,90L_10NL_3_1,1,672,"('n', 'nɡ', 'n')",ɾetjenes,ɾetjenes
90L_10NL,3,90L_10NL_3_1,1,672,"('n', 'nɡ', 'n')",ɾetjenes,ɾetjenes
90L_10NL,3,90L_10NL_3_1,1,672,"('n', 'nɡ', 'n')",ɾetjenes,ɾetjenes
90L_10NL,3,90L_10NL_3_1,1,672,"('n', 'nɡ', 'n')",ɾetjenes,ɾetjenes
90L_10NL,3,90L_10NL_3_1,1,300,"('n', 'n', 'n')",ɾetjenes,ɾetjenes
90L_10NL,3,90L_10NL_3_1,1,300,"('n', 'n', 'n')",ɾetjenes,ɾetjenes
90L_10NL,3,90L_10NL_3_1,1,672,"('n', 'nɡ', 'n')",ɾetjenes,ɾetjenes
90L_10NL,3,90L_10NL_3_1,1,672,"('n', 'nɡ', 'n')",ɾetjenes,ɾetjenes
90L_10NL,3,90L_10NL_3_1,1,672,"('n', 'nɡ', 'n')",ɾetjenes,ɾetjenes
90L_10NL,3,90L_10NL_3_1,1,672,"('n', 'nɡ', 'n')",ɾetjenes,ɾetjenes
90L_10NL,3,90L_10NL_3_1,1,672,"('n', 'nɡ', 'n')",ɾetjenes,ɾetjenes
90L_10NL,3,90L_10NL_3_1,1,672,"('n', 'nɡ', 'n')",ɾetjenes,ɾetjenes
90L_10NL,3,90L_10NL_3_1,1,672,"('n', 'nɡ', 'n')",ɾetjenes,ɾetjenes
90L_10NL,3,90L_10NL_3_1,1,300,"('n', 'n', 'n')",ɾetjenes,ɾetjenes
90L_10NL,3,90L_10NL_3_1,1,300,"('n', 'n', 'n')",ɾetjenes,ɾetjenes
90L_10NL,3,90L_10NL_3_1,1,1050,"('nɡ', 'nɡ', 'n')",ɾetjenes,ɾetjenes
90L_10NL,3,90L_10NL_3_1,1,1050,"('nɡ', 'nɡ', 'n')",ɾetjenes,ɾetjenes
90L_10NL,3,90L_10NL_3_1,1,1050,"('nɡ', 'nɡ', 'n')",ɾetjenes,ɾetjenes
90L_10NL,3,90L_10NL_3_1,1,1050,"('nɡ', 'nɡ', 'n')",ɾetjenes,ɾetjenes
90L_10NL,3,90L_10NL_3_1,1,1050,"('nɡ', 'nɡ', 'n')",ɾetjenes,ɾetjenes
90L_10NL,3,90L_10NL_3_1,1,1050,"('nɡ', 'nɡ', 'n')",ɾetjenes,ɾetjenes
90L_10NL,3,90L_10NL_3_1,1,728,"('nɡ', 'n', 'n')",ɾetjenes,ɾetjenes
90L_10NL,3,90L_10NL_3_1,1,728,"('nɡ', 'n', 'n')",ɾetjenes,ɾetjenes
90L_10NL,3,90L_10NL_3_1,1,1050,"('nɡ', 'nɡ', 'n')",ɾetjenes,ɾetjenes
90L_10NL,3,90L_10NL_3_1,1,1050,"('nɡ', 'nɡ', 'n')",ɾetjenes,ɾetjenes
90L_10NL,3,90L_10NL_3_1,1,1050,"('nɡ', 'nɡ', 'n')",ɾetjenes,ɾetjenes
90L_10NL,3,90L_10NL_3_1,1,1050,"('nɡ', 'nɡ', 'n')",ɾetjenes,ɾetjenes
90L_10NL,3,90L_10NL_3_1,1,1050,"('nɡ', 'nɡ', 'n')",ɾetjenes,ɾetjenes
90L_10NL,3,90L_10NL_3_1,1,728,"('nɡ', 'n', 'n')",ɾetjenes,ɾetjenes
90L_10NL,3,90L_10NL_3_1,1,728,"('nɡ', 'n', 'n')",ɾetjenes,ɾetjenes
90L_10NL,3,90L_10NL_3_1,1,1050,"('nɡ', 'nɡ', 'n')",ɾetjenes,ɾetjenes
90L_10NL,3,90L_10NL_3_1,1,1050,"('nɡ', 'nɡ', 'n')",ɾetjenes,ɾetjenes
90L_10NL,3,90L_10NL_3_1,1,1050,"('nɡ', 'nɡ', 'n')",ɾetjenes,ɾetjenes
90L_10NL,3,90L_10NL_3_1,1,1050,"('nɡ', 'nɡ', 'n')",ɾetjenes,ɾetjenes
90L_10NL,3,90L_10NL_3_1,1,728,"('nɡ', 'n', 'n')",ɾetjenes,ɾetjenes
90L_10NL,3,90L_10NL_3_1,1,728,"('nɡ', 'n', 'n')",ɾetjenes,ɾetjenes
90L_10NL,3,90L_10NL_3_1,1,1050,"('nɡ', 'nɡ', 'n')",ɾetjenes,ɾetjenes
90L_10NL,3,90L_10NL_3_1,1,1050,"('nɡ', 'nɡ', 'n')",ɾetjenes,ɾetjenes
90L_10NL,3,90L_10NL_3_1,1,1050,"('nɡ', 'nɡ', 'n')",ɾetjenes,ɾetjenes
90L_10NL,3,90L_10NL_3_1,1,728,"('nɡ', 'n', 'n')",ɾetjenes,ɾetjenes
90L_10NL,3,90L_10NL_3_1,1,728,"('nɡ', 'n', 'n')",ɾetjenes,ɾetjenes
90L_10NL,3,90L_10NL_3_1,1,1050,"('nɡ', 'nɡ', 'n')",ɾetjenes,ɾetjenes
90L_10NL,3,90L_10NL_3_1,1,1050,"('nɡ', 'nɡ', 'n')",ɾetjenes,ɾetjenes
90L_10NL,3,90L_10NL_3_1,1,728,"('nɡ', 'n', 'n')",ɾetjenes,ɾetjenes
90L_10NL,3,90L_10NL_3_1,1,728,"('nɡ', 'n', 'n')",ɾetjenes,ɾetjenes
90L_10NL,3,90L_10NL_3_1,1,1050,"('nɡ', 'nɡ', 'n')",ɾetjenes,ɾetjenes
90L_10NL,3,90L_10NL_3_1,1,728,"('nɡ', 'n', 'n')",ɾetjenes,ɾetjenes
90L_10NL,3,90L_10NL_3_1,1,728,"('nɡ', 'n', 'n')",ɾetjenes,ɾetjenes
90L_10NL,3,90L_10NL_3_1,1,728,"('nɡ', 'n', 'n')",ɾetjenes,ɾetjenes
90L_10NL,3,90L_10NL_3_1,1,728,"('nɡ', 'n', 'n')",ɾetjenes,ɾetjenes
90L_10NL,3,90L_10NL_3_1,1,300,"('n', 'n', 'n')",ɾetjenes,ɾetjenes
90L_10NL,3,90L_10NL_3_1,1,300,"('n', 'n', 'n')",ɾetjene,ɾetjene
90L_10NL,3,90L_10NL_3_1,1,672,"('n', 'nɡ', 'n')",ɾetjene,ɾetjene
90L_10NL,3,90L_10NL_3_1,1,672,"('n', 'nɡ', 'n')",ɾetjene,ɾetjene
90L_10NL,3,90L_10NL_3_1,1,672,"('n', 'nɡ', 'n')",ɾetjene,ɾetjene
90L_10NL,3,90L_10NL_3_1,1,672,"('n', 'nɡ', 'n')",ɾetjene,ɾetjene
90L_10NL,3,90L_10NL_3_1,1,672,"('n', 'nɡ', 'n')",ɾetjene,ɾetjene
90L_10NL,3,90L_10NL_3_1,1,672,"('n', 'nɡ', 'n')",ɾetjene,ɾetjene
90L_10NL,3,90L_10NL_3_1,1,672,"('n', 'nɡ', 'n')",ɾetjene,ɾetjene
90L_10NL,3,90L_10NL_3_1,1,300,"('n', 'n', 'n')",ɾetjene,ɾetjene
90L_10NL,3,90L_10NL_3_1,1,300,"('n', 'n', 'n')",ɾetjene,ɾetjene
90L_10NL,3,90L_10NL_3_1,1,672,"('n', 'nɡ', 'n')",ɾetjene,ɾetjene
90L_10NL,3,90L_10NL_3_1,1,672,"('n', 'nɡ', 'n')",ɾetjene,ɾetjene
90L_10NL,3,90L_10NL_3_1,1,672,"('n', 'nɡ', 'n')",ɾetjene,ɾetjene
90L_10NL,3,90L_10NL_3_1,1,672,"('n', 'nɡ', 'n')",ɾetjene,ɾetjene
90L_10NL,3,90L_10NL_3_1,1,672,"('n', 'nɡ', 'n')",ɾetjene,ɾetjene
90L_10NL,3,90L_10NL_3_1,1,672,"('n', 'nɡ', 'n')",ɾetjene,ɾetjene
90L_10NL,3,90L_10NL_3_1,1,672,"('n', 'nɡ', 'n')",ɾetjene,ɾetjene
90L_10NL,3,90L_10NL_3_1,1,300,"('n', 'n', 'n')",ɾetjene,ɾetjene
90L_10NL,3,90L_10NL_3_1,1,300,"('n', 'n', 'n')",ɾetjene,ɾetjene
90L_10NL,3,90L_10NL_3_1,1,1050,"('nɡ', 'nɡ', 'n')",ɾetjene,ɾetjene
90L_10NL,3,90L_10NL_3_1,1,1050,"('nɡ', 'nɡ', 'n')",ɾetjene,ɾetjene
90L_10NL,3,90L_10NL_3_1,1,1050,"('nɡ', 'nɡ', 'n')",ɾetjene,ɾetjene
90L_10NL,3,90L_10NL_3_1,1,1050,"('nɡ', 'nɡ', 'n')",ɾetjene,ɾetjene
90L_10NL,3,90L_10NL_3_1,1,1050,"('nɡ', 'nɡ', 'n')",ɾetjene,ɾetjene
90L_10NL,3,90L_10NL_3_1,1,1050,"('nɡ', 'nɡ', 'n')",ɾetjene,ɾetjene
90L_10NL,3,90L_10NL_3_1,1,728,"('nɡ', 'n', 'n')",ɾetjene,ɾetjene
90L_10NL,3,90L_10NL_3_1,1,728,"('nɡ', 'n', 'n')",ɾetjene,ɾetjene
90L_10NL,3,90L_10NL_3_1,1,1050,"('nɡ', 'nɡ', 'n')",ɾetjene,ɾetjene
90L_10NL,3,90L_10NL_3_1,1,1050,"('nɡ', 'nɡ', 'n')",ɾetjene,ɾetjene
90L_10NL,3,90L_10NL_3_1,1,1050,"('nɡ', 'nɡ', 'n')",ɾetjene,ɾetjene
90L_10NL,3,90L_10NL_3_1,1,1050,"('nɡ', 'nɡ', 'n')",ɾetjene,ɾetjene
90L_10NL,3,90L_10NL_3_1,1,1050,"('nɡ', 'nɡ', 'n')",ɾetjene,ɾetjene
90L_10NL,3,90L_10NL_3_1,1,728,"('nɡ', 'n', 'n')",ɾetjene,ɾetjene
90L_10NL,3,90L_10NL_3_1,1,728,"('nɡ', 'n', 'n')",ɾetjene,ɾetjene
90L_10NL,3,90L_10NL_3_1,1,1050,"('nɡ', 'nɡ', 'n')",ɾetjene,ɾetjene
90L_10NL,3,90L_10NL_3_1,1,1050,"('nɡ', 'nɡ', 'n')",ɾetjene,ɾetjene
90L_10NL,3,90L_10NL_3_1,1,1050,"('nɡ', 'nɡ', 'n')",ɾetjene,ɾetjene
90L_10NL,3,90L_10NL_3_1,1,1050,"('nɡ', 'nɡ', 'n')",ɾetjene,ɾetjene
90L_10NL,3,90L_10NL_3_1,1,728,"('nɡ', 'n', 'n')",ɾetjene,ɾetjene
90L_10NL,3,90L_10NL_3_1,1,728,"('nɡ', 'n', 'n')",ɾetjene,ɾetjene
90L_10NL,3,90L_10NL_3_1,1,1050,"('nɡ', 'nɡ', 'n')",ɾetjene,ɾetjene
90L_10NL,3,90L_10NL_3_1,1,1050,"('nɡ', 'nɡ', 'n')",ɾetjene,ɾetjene
90L_10NL,3,90L_10NL_3_1,1,1050,"('nɡ', 'nɡ', 'n')",ɾetjene,ɾetjene
90L_10NL,3,90L_10NL_3_1,1,728,"('nɡ', 'n', 'n')",ɾetjene,ɾetjene
90L_10NL,3,90L_10NL_3_1,1,728,"('nɡ', 'n', 'n')",ɾetjene,ɾetjene
90L_10NL,3,90L_10NL_3_1,1,1050,"('nɡ', 'nɡ', 'n')",ɾetjene,ɾetjene
90L_10NL,3,90L_10NL_3_1,1,1050,"('nɡ', 'nɡ', 'n')",ɾetjene,ɾetjene
90L_10NL,3,90L_10NL_3_1,1,728,"('nɡ', 'n', 'n')",ɾetjene,ɾetjene
90L_10NL,3,90L_10NL_3_1,1,728,"('nɡ', 'n', 'n')",ɾetjene,ɾetjene
90L_10NL,3,90L_10NL_3_1,1,1050,"('nɡ', 'nɡ', 'n')",ɾetjene,ɾetjene
90L_10NL,3,90L_10NL_3_1,1,728,"('nɡ', 'n', 'n')",ɾetjene,ɾetjene
90L_10NL,3,90L_10NL_3_1,1,728,"('nɡ', 'n', 'n')",ɾetjene,ɾetjene
90L_10NL,3,90L_10NL_3_1,1,728,"('nɡ', 'n', 'n')",ɾetjene,ɾetjene
90L_10NL,3,90L_10NL_3_1,1,728,"('nɡ', 'n', 'n')",ɾetjene,ɾetjene
90L_10NL,3,90L_10NL_3_1,1,300,"('n', 'n', 'n')",ɾetjene,ɾetjene
90L_10NL,3,90L_10NL_3_1,1,210,"('ç', 'ç', 'ç')",koleçimos,koleçimos
90L_10NL,3,90L_10NL_3_1,1,210,"('ç', 'ç', 'ç')",koleçimos,koleçimos
90L_10NL,3,90L_10NL_3_1,1,210,"('ç', 'ç', 'ç')",koleçimos,koleçimos
90L_10NL,3,90L_10NL_3_1,1,980,"('ç', 'x', 'ç')",koleçimos,koleçimos
90L_10NL,3,90L_10NL_3_1,1,980,"('ç', 'x', 'ç')",koleçimos,koleçimos
90L_10NL,3,90L_10NL_3_1,0,980,"('ç', 'x', 'ç')",koliçimos,koleçimos
90L_10NL,3,90L_10NL_3_1,0,980,"('ç', 'x', 'ç')",koliçimos,koleçimos
90L_10NL,3,90L_10NL_3_1,1,980,"('ç', 'x', 'ç')",koleçimos,koleçimos
90L_10NL,3,90L_10NL_3_1,1,980,"('ç', 'x', 'ç')",koleçimos,koleçimos
90L_10NL,3,90L_10NL_3_1,1,980,"('ç', 'x', 'ç')",koleçimos,koleçimos
90L_10NL,3,90L_10NL_3_1,1,210,"('ç', 'ç', 'ç')",koleçimos,koleçimos
90L_10NL,3,90L_10NL_3_1,1,210,"('ç', 'ç', 'ç')",koleçimos,koleçimos
90L_10NL,3,90L_10NL_3_1,1,980,"('ç', 'x', 'ç')",koleçimos,koleçimos
90L_10NL,3,90L_10NL_3_1,1,980,"('ç', 'x', 'ç')",koleçimos,koleçimos
90L_10NL,3,90L_10NL_3_1,1,980,"('ç', 'x', 'ç')",koleçimos,koleçimos
90L_10NL,3,90L_10NL_3_1,1,980,"('ç', 'x', 'ç')",koleçimos,koleçimos
90L_10NL,3,90L_10NL_3_1,1,980,"('ç', 'x', 'ç')",koleçimos,koleçimos
90L_10NL,3,90L_10NL_3_1,1,980,"('ç', 'x', 'ç')",koleçimos,koleçimos
90L_10NL,3,90L_10NL_3_1,1,980,"('ç', 'x', 'ç')",koleçimos,koleçimos
90L_10NL,3,90L_10NL_3_1,1,210,"('ç', 'ç', 'ç')",koleçimos,koleçimos
90L_10NL,3,90L_10NL_3_1,1,980,"('ç', 'x', 'ç')",koleçimos,koleçimos
90L_10NL,3,90L_10NL_3_1,1,980,"('ç', 'x', 'ç')",koleçimos,koleçimos
90L_10NL,3,90L_10NL_3_1,1,980,"('ç', 'x', 'ç')",koleçimos,koleçimos
90L_10NL,3,90L_10NL_3_1,1,980,"('ç', 'x', 'ç')",koleçimos,koleçimos
90L_10NL,3,90L_10NL_3_1,1,980,"('ç', 'x', 'ç')",koleçimos,koleçimos
90L_10NL,3,90L_10NL_3_1,1,980,"('ç', 'x', 'ç')",koleçimos,koleçimos
90L_10NL,3,90L_10NL_3_1,1,980,"('ç', 'x', 'ç')",koleçimos,koleçimos
90L_10NL,3,90L_10NL_3_1,1,980,"('ç', 'x', 'ç')",koleçimos,koleçimos
90L_10NL,3,90L_10NL_3_1,1,980,"('ç', 'x', 'ç')",koleçimos,koleçimos
90L_10NL,3,90L_10NL_3_1,1,980,"('ç', 'x', 'ç')",koleçimos,koleçimos
90L_10NL,3,90L_10NL_3_1,1,980,"('ç', 'x', 'ç')",koleçimos,koleçimos
90L_10NL,3,90L_10NL_3_1,1,980,"('ç', 'x', 'ç')",koleçimos,koleçimos
90L_10NL,3,90L_10NL_3_1,1,980,"('ç', 'x', 'ç')",koleçimos,koleçimos
90L_10NL,3,90L_10NL_3_1,1,980,"('ç', 'x', 'ç')",koleçimos,koleçimos
90L_10NL,3,90L_10NL_3_1,1,735,"('x', 'x', 'ç')",koleçimos,koleçimos
90L_10NL,3,90L_10NL_3_1,1,735,"('x', 'x', 'ç')",koleçimos,koleçimos
90L_10NL,3,90L_10NL_3_1,1,735,"('x', 'x', 'ç')",koleçimos,koleçimos
90L_10NL,3,90L_10NL_3_1,1,735,"('x', 'x', 'ç')",koleçimos,koleçimos
90L_10NL,3,90L_10NL_3_1,1,735,"('x', 'x', 'ç')",koleçimos,koleçimos
90L_10NL,3,90L_10NL_3_1,1,735,"('x', 'x', 'ç')",koleçimos,koleçimos
90L_10NL,3,90L_10NL_3_1,1,735,"('x', 'x', 'ç')",koleçimos,koleçimos
90L_10NL,3,90L_10NL_3_1,1,735,"('x', 'x', 'ç')",koleçimos,koleçimos
90L_10NL,3,90L_10NL_3_1,1,735,"('x', 'x', 'ç')",koleçimos,koleçimos
90L_10NL,3,90L_10NL_3_1,1,735,"('x', 'x', 'ç')",koleçimos,koleçimos
90L_10NL,3,90L_10NL_3_1,1,735,"('x', 'x', 'ç')",koleçimos,koleçimos
90L_10NL,3,90L_10NL_3_1,1,735,"('x', 'x', 'ç')",koleçimos,koleçimos
90L_10NL,3,90L_10NL_3_1,1,735,"('x', 'x', 'ç')",koleçimos,koleçimos
90L_10NL,3,90L_10NL_3_1,1,735,"('x', 'x', 'ç')",koleçimos,koleçimos
90L_10NL,3,90L_10NL_3_1,1,735,"('x', 'x', 'ç')",koleçimos,koleçimos
90L_10NL,3,90L_10NL_3_1,1,735,"('x', 'x', 'ç')",koleçimos,koleçimos
90L_10NL,3,90L_10NL_3_1,1,735,"('x', 'x', 'ç')",koleçimos,koleçimos
90L_10NL,3,90L_10NL_3_1,1,735,"('x', 'x', 'ç')",koleçimos,koleçimos
90L_10NL,3,90L_10NL_3_1,1,735,"('x', 'x', 'ç')",koleçimos,koleçimos
90L_10NL,3,90L_10NL_3_1,1,735,"('x', 'x', 'ç')",koleçimos,koleçimos
90L_10NL,3,90L_10NL_3_1,1,735,"('x', 'x', 'ç')",koleçimos,koleçimos
90L_10NL,3,90L_10NL_3_1,1,210,"('ç', 'ç', 'ç')",koleçis,koleçis
90L_10NL,3,90L_10NL_3_1,1,210,"('ç', 'ç', 'ç')",koleçis,koleçis
90L_10NL,3,90L_10NL_3_1,1,210,"('ç', 'ç', 'ç')",koleçis,koleçis
90L_10NL,3,90L_10NL_3_1,1,980,"('ç', 'x', 'ç')",koleçis,koleçis
90L_10NL,3,90L_10NL_3_1,1,980,"('ç', 'x', 'ç')",koleçis,koleçis
90L_10NL,3,90L_10NL_3_1,1,980,"('ç', 'x', 'ç')",koleçis,koleçis
90L_10NL,3,90L_10NL_3_1,1,980,"('ç', 'x', 'ç')",koleçis,koleçis
90L_10NL,3,90L_10NL_3_1,1,980,"('ç', 'x', 'ç')",koleçis,koleçis
90L_10NL,3,90L_10NL_3_1,1,980,"('ç', 'x', 'ç')",koleçis,koleçis
90L_10NL,3,90L_10NL_3_1,1,980,"('ç', 'x', 'ç')",koleçis,koleçis
90L_10NL,3,90L_10NL_3_1,1,210,"('ç', 'ç', 'ç')",koleçis,koleçis
90L_10NL,3,90L_10NL_3_1,1,210,"('ç', 'ç', 'ç')",koleçis,koleçis
90L_10NL,3,90L_10NL_3_1,1,980,"('ç', 'x', 'ç')",koleçis,koleçis
90L_10NL,3,90L_10NL_3_1,1,980,"('ç', 'x', 'ç')",koleçis,koleçis
90L_10NL,3,90L_10NL_3_1,1,980,"('ç', 'x', 'ç')",koleçis,koleçis
90L_10NL,3,90L_10NL_3_1,1,980,"('ç', 'x', 'ç')",koleçis,koleçis
90L_10NL,3,90L_10NL_3_1,1,980,"('ç', 'x', 'ç')",koleçis,koleçis
90L_10NL,3,90L_10NL_3_1,1,980,"('ç', 'x', 'ç')",koleçis,koleçis
90L_10NL,3,90L_10NL_3_1,1,980,"('ç', 'x', 'ç')",koleçis,koleçis
90L_10NL,3,90L_10NL_3_1,1,210,"('ç', 'ç', 'ç')",koleçis,koleçis
90L_10NL,3,90L_10NL_3_1,1,980,"('ç', 'x', 'ç')",koleçis,koleçis
90L_10NL,3,90L_10NL_3_1,1,980,"('ç', 'x', 'ç')",koleçis,koleçis
90L_10NL,3,90L_10NL_3_1,1,980,"('ç', 'x', 'ç')",koleçis,koleçis
90L_10NL,3,90L_10NL_3_1,1,980,"('ç', 'x', 'ç')",koleçis,koleçis
90L_10NL,3,90L_10NL_3_1,1,980,"('ç', 'x', 'ç')",koleçis,koleçis
90L_10NL,3,90L_10NL_3_1,1,980,"('ç', 'x', 'ç')",koleçis,koleçis
90L_10NL,3,90L_10NL_3_1,1,980,"('ç', 'x', 'ç')",koleçis,koleçis
90L_10NL,3,90L_10NL_3_1,1,980,"('ç', 'x', 'ç')",koleçis,koleçis
90L_10NL,3,90L_10NL_3_1,1,980,"('ç', 'x', 'ç')",koleçis,koleçis
90L_10NL,3,90L_10NL_3_1,1,980,"('ç', 'x', 'ç')",koleçis,koleçis
90L_10NL,3,90L_10NL_3_1,1,980,"('ç', 'x', 'ç')",koleçis,koleçis
90L_10NL,3,90L_10NL_3_1,1,980,"('ç', 'x', 'ç')",koleçis,koleçis
90L_10NL,3,90L_10NL_3_1,1,980,"('ç', 'x', 'ç')",koleçis,koleçis
90L_10NL,3,90L_10NL_3_1,1,980,"('ç', 'x', 'ç')",koleçis,koleçis
90L_10NL,3,90L_10NL_3_1,1,735,"('x', 'x', 'ç')",koleçis,koleçis
90L_10NL,3,90L_10NL_3_1,1,735,"('x', 'x', 'ç')",koleçis,koleçis
90L_10NL,3,90L_10NL_3_1,1,735,"('x', 'x', 'ç')",koleçis,koleçis
90L_10NL,3,90L_10NL_3_1,1,735,"('x', 'x', 'ç')",koleçis,koleçis
90L_10NL,3,90L_10NL_3_1,1,735,"('x', 'x', 'ç')",koleçis,koleçis
90L_10NL,3,90L_10NL_3_1,1,735,"('x', 'x', 'ç')",koleçis,koleçis
90L_10NL,3,90L_10NL_3_1,1,735,"('x', 'x', 'ç')",koleçis,koleçis
90L_10NL,3,90L_10NL_3_1,1,735,"('x', 'x', 'ç')",koleçis,koleçis
90L_10NL,3,90L_10NL_3_1,1,735,"('x', 'x', 'ç')",koleçis,koleçis
90L_10NL,3,90L_10NL_3_1,1,735,"('x', 'x', 'ç')",koleçis,koleçis
90L_10NL,3,90L_10NL_3_1,1,735,"('x', 'x', 'ç')",koleçis,koleçis
90L_10NL,3,90L_10NL_3_1,1,735,"('x', 'x', 'ç')",koleçis,koleçis
90L_10NL,3,90L_10NL_3_1,1,735,"('x', 'x', 'ç')",koleçis,koleçis
90L_10NL,3,90L_10NL_3_1,1,735,"('x', 'x', 'ç')",koleçis,koleçis
90L_10NL,3,90L_10NL_3_1,1,735,"('x', 'x', 'ç')",koleçis,koleçis
90L_10NL,3,90L_10NL_3_1,1,735,"('x', 'x', 'ç')",koleçis,koleçis
90L_10NL,3,90L_10NL_3_1,1,735,"('x', 'x', 'ç')",koleçis,koleçis
90L_10NL,3,90L_10NL_3_1,1,735,"('x', 'x', 'ç')",koleçis,koleçis
90L_10NL,3,90L_10NL_3_1,1,735,"('x', 'x', 'ç')",koleçis,koleçis
90L_10NL,3,90L_10NL_3_1,1,735,"('x', 'x', 'ç')",koleçis,koleçis
90L_10NL,3,90L_10NL_3_1,1,735,"('x', 'x', 'ç')",koleçis,koleçis
90L_10NL,3,90L_10NL_3_1,1,210,"('ç', 'ç', 'ç')",koliçen,koliçen
90L_10NL,3,90L_10NL_3_1,1,210,"('ç', 'ç', 'ç')",koliçen,koliçen
90L_10NL,3,90L_10NL_3_1,1,210,"('ç', 'ç', 'ç')",koliçen,koliçen
90L_10NL,3,90L_10NL_3_1,1,980,"('ç', 'x', 'ç')",koliçen,koliçen
90L_10NL,3,90L_10NL_3_1,1,980,"('ç', 'x', 'ç')",koliçen,koliçen
90L_10NL,3,90L_10NL_3_1,1,980,"('ç', 'x', 'ç')",koliçen,koliçen
90L_10NL,3,90L_10NL_3_1,1,980,"('ç', 'x', 'ç')",koliçen,koliçen
90L_10NL,3,90L_10NL_3_1,1,980,"('ç', 'x', 'ç')",koliçen,koliçen
90L_10NL,3,90L_10NL_3_1,1,980,"('ç', 'x', 'ç')",koliçen,koliçen
90L_10NL,3,90L_10NL_3_1,1,980,"('ç', 'x', 'ç')",koliçen,koliçen
90L_10NL,3,90L_10NL_3_1,1,210,"('ç', 'ç', 'ç')",koliçen,koliçen
90L_10NL,3,90L_10NL_3_1,1,210,"('ç', 'ç', 'ç')",koliçen,koliçen
90L_10NL,3,90L_10NL_3_1,1,980,"('ç', 'x', 'ç')",koliçen,koliçen
90L_10NL,3,90L_10NL_3_1,1,980,"('ç', 'x', 'ç')",koliçen,koliçen
90L_10NL,3,90L_10NL_3_1,1,980,"('ç', 'x', 'ç')",koliçen,koliçen
90L_10NL,3,90L_10NL_3_1,1,980,"('ç', 'x', 'ç')",koliçen,koliçen
90L_10NL,3,90L_10NL_3_1,1,980,"('ç', 'x', 'ç')",koliçen,koliçen
90L_10NL,3,90L_10NL_3_1,1,980,"('ç', 'x', 'ç')",koliçen,koliçen
90L_10NL,3,90L_10NL_3_1,1,980,"('ç', 'x', 'ç')",koliçen,koliçen
90L_10NL,3,90L_10NL_3_1,1,210,"('ç', 'ç', 'ç')",koliçen,koliçen
90L_10NL,3,90L_10NL_3_1,1,980,"('ç', 'x', 'ç')",koliçen,koliçen
90L_10NL,3,90L_10NL_3_1,1,980,"('ç', 'x', 'ç')",koliçen,koliçen
90L_10NL,3,90L_10NL_3_1,1,980,"('ç', 'x', 'ç')",koliçen,koliçen
90L_10NL,3,90L_10NL_3_1,1,980,"('ç', 'x', 'ç')",koliçen,koliçen
90L_10NL,3,90L_10NL_3_1,1,980,"('ç', 'x', 'ç')",koliçen,koliçen
90L_10NL,3,90L_10NL_3_1,1,980,"('ç', 'x', 'ç')",koliçen,koliçen
90L_10NL,3,90L_10NL_3_1,1,980,"('ç', 'x', 'ç')",koliçen,koliçen
90L_10NL,3,90L_10NL_3_1,1,980,"('ç', 'x', 'ç')",koliçen,koliçen
90L_10NL,3,90L_10NL_3_1,1,980,"('ç', 'x', 'ç')",koliçen,koliçen
90L_10NL,3,90L_10NL_3_1,1,980,"('ç', 'x', 'ç')",koliçen,koliçen
90L_10NL,3,90L_10NL_3_1,1,980,"('ç', 'x', 'ç')",koliçen,koliçen
90L_10NL,3,90L_10NL_3_1,1,980,"('ç', 'x', 'ç')",koliçen,koliçen
90L_10NL,3,90L_10NL_3_1,1,980,"('ç', 'x', 'ç')",koliçen,koliçen
90L_10NL,3,90L_10NL_3_1,1,980,"('ç', 'x', 'ç')",koliçen,koliçen
90L_10NL,3,90L_10NL_3_1,1,735,"('x', 'x', 'ç')",koliçen,koliçen
90L_10NL,3,90L_10NL_3_1,1,735,"('x', 'x', 'ç')",koliçen,koliçen
90L_10NL,3,90L_10NL_3_1,1,735,"('x', 'x', 'ç')",koliçen,koliçen
90L_10NL,3,90L_10NL_3_1,1,735,"('x', 'x', 'ç')",koliçen,koliçen
90L_10NL,3,90L_10NL_3_1,1,735,"('x', 'x', 'ç')",koliçen,koliçen
90L_10NL,3,90L_10NL_3_1,1,735,"('x', 'x', 'ç')",koliçen,koliçen
90L_10NL,3,90L_10NL_3_1,1,735,"('x', 'x', 'ç')",koliçen,koliçen
90L_10NL,3,90L_10NL_3_1,1,735,"('x', 'x', 'ç')",koliçen,koliçen
90L_10NL,3,90L_10NL_3_1,1,735,"('x', 'x', 'ç')",koliçen,koliçen
90L_10NL,3,90L_10NL_3_1,1,735,"('x', 'x', 'ç')",koliçen,koliçen
90L_10NL,3,90L_10NL_3_1,1,735,"('x', 'x', 'ç')",koliçen,koliçen
90L_10NL,3,90L_10NL_3_1,1,735,"('x', 'x', 'ç')",koliçen,koliçen
90L_10NL,3,90L_10NL_3_1,1,735,"('x', 'x', 'ç')",koliçen,koliçen
90L_10NL,3,90L_10NL_3_1,1,735,"('x', 'x', 'ç')",koliçen,koliçen
90L_10NL,3,90L_10NL_3_1,1,735,"('x', 'x', 'ç')",koliçen,koliçen
90L_10NL,3,90L_10NL_3_1,1,735,"('x', 'x', 'ç')",koliçen,koliçen
90L_10NL,3,90L_10NL_3_1,1,735,"('x', 'x', 'ç')",koliçen,koliçen
90L_10NL,3,90L_10NL_3_1,1,735,"('x', 'x', 'ç')",koliçen,koliçen
90L_10NL,3,90L_10NL_3_1,1,735,"('x', 'x', 'ç')",koliçen,koliçen
90L_10NL,3,90L_10NL_3_1,1,735,"('x', 'x', 'ç')",koliçen,koliçen
90L_10NL,3,90L_10NL_3_1,1,735,"('x', 'x', 'ç')",koliçen,koliçen
90L_10NL,3,90L_10NL_3_1,1,210,"('ç', 'ç', 'ç')",koliçes,koliçes
90L_10NL,3,90L_10NL_3_1,1,210,"('ç', 'ç', 'ç')",koliçes,koliçes
90L_10NL,3,90L_10NL_3_1,1,210,"('ç', 'ç', 'ç')",koliçes,koliçes
90L_10NL,3,90L_10NL_3_1,1,980,"('ç', 'x', 'ç')",koliçes,koliçes
90L_10NL,3,90L_10NL_3_1,1,980,"('ç', 'x', 'ç')",koliçes,koliçes
90L_10NL,3,90L_10NL_3_1,1,980,"('ç', 'x', 'ç')",koliçes,koliçes
90L_10NL,3,90L_10NL_3_1,1,980,"('ç', 'x', 'ç')",koliçes,koliçes
90L_10NL,3,90L_10NL_3_1,1,980,"('ç', 'x', 'ç')",koliçes,koliçes
90L_10NL,3,90L_10NL_3_1,1,980,"('ç', 'x', 'ç')",koliçes,koliçes
90L_10NL,3,90L_10NL_3_1,1,980,"('ç', 'x', 'ç')",koliçes,koliçes
90L_10NL,3,90L_10NL_3_1,1,210,"('ç', 'ç', 'ç')",koliçes,koliçes
90L_10NL,3,90L_10NL_3_1,1,210,"('ç', 'ç', 'ç')",koliçes,koliçes
90L_10NL,3,90L_10NL_3_1,1,980,"('ç', 'x', 'ç')",koliçes,koliçes
90L_10NL,3,90L_10NL_3_1,1,980,"('ç', 'x', 'ç')",koliçes,koliçes
90L_10NL,3,90L_10NL_3_1,1,980,"('ç', 'x', 'ç')",koliçes,koliçes
90L_10NL,3,90L_10NL_3_1,1,980,"('ç', 'x', 'ç')",koliçes,koliçes
90L_10NL,3,90L_10NL_3_1,1,980,"('ç', 'x', 'ç')",koliçes,koliçes
90L_10NL,3,90L_10NL_3_1,1,980,"('ç', 'x', 'ç')",koliçes,koliçes
90L_10NL,3,90L_10NL_3_1,1,980,"('ç', 'x', 'ç')",koliçes,koliçes
90L_10NL,3,90L_10NL_3_1,1,210,"('ç', 'ç', 'ç')",koliçes,koliçes
90L_10NL,3,90L_10NL_3_1,1,980,"('ç', 'x', 'ç')",koliçes,koliçes
90L_10NL,3,90L_10NL_3_1,1,980,"('ç', 'x', 'ç')",koliçes,koliçes
90L_10NL,3,90L_10NL_3_1,1,980,"('ç', 'x', 'ç')",koliçes,koliçes
90L_10NL,3,90L_10NL_3_1,1,980,"('ç', 'x', 'ç')",koliçes,koliçes
90L_10NL,3,90L_10NL_3_1,1,980,"('ç', 'x', 'ç')",koliçes,koliçes
90L_10NL,3,90L_10NL_3_1,1,980,"('ç', 'x', 'ç')",koliçes,koliçes
90L_10NL,3,90L_10NL_3_1,1,980,"('ç', 'x', 'ç')",koliçes,koliçes
90L_10NL,3,90L_10NL_3_1,1,980,"('ç', 'x', 'ç')",koliçes,koliçes
90L_10NL,3,90L_10NL_3_1,1,980,"('ç', 'x', 'ç')",koliçes,koliçes
90L_10NL,3,90L_10NL_3_1,1,980,"('ç', 'x', 'ç')",koliçes,koliçes
90L_10NL,3,90L_10NL_3_1,1,980,"('ç', 'x', 'ç')",koliçes,koliçes
90L_10NL,3,90L_10NL_3_1,1,980,"('ç', 'x', 'ç')",koliçes,koliçes
90L_10NL,3,90L_10NL_3_1,1,980,"('ç', 'x', 'ç')",koliçes,koliçes
90L_10NL,3,90L_10NL_3_1,1,980,"('ç', 'x', 'ç')",koliçes,koliçes
90L_10NL,3,90L_10NL_3_1,1,735,"('x', 'x', 'ç')",koliçes,koliçes
90L_10NL,3,90L_10NL_3_1,1,735,"('x', 'x', 'ç')",koliçes,koliçes
90L_10NL,3,90L_10NL_3_1,1,735,"('x', 'x', 'ç')",koliçes,koliçes
90L_10NL,3,90L_10NL_3_1,1,735,"('x', 'x', 'ç')",koliçes,koliçes
90L_10NL,3,90L_10NL_3_1,1,735,"('x', 'x', 'ç')",koliçes,koliçes
90L_10NL,3,90L_10NL_3_1,1,735,"('x', 'x', 'ç')",koliçes,koliçes
90L_10NL,3,90L_10NL_3_1,1,735,"('x', 'x', 'ç')",koliçes,koliçes
90L_10NL,3,90L_10NL_3_1,1,735,"('x', 'x', 'ç')",koliçes,koliçes
90L_10NL,3,90L_10NL_3_1,1,735,"('x', 'x', 'ç')",koliçes,koliçes
90L_10NL,3,90L_10NL_3_1,1,735,"('x', 'x', 'ç')",koliçes,koliçes
90L_10NL,3,90L_10NL_3_1,1,735,"('x', 'x', 'ç')",koliçes,koliçes
90L_10NL,3,90L_10NL_3_1,1,735,"('x', 'x', 'ç')",koliçes,koliçes
90L_10NL,3,90L_10NL_3_1,1,735,"('x', 'x', 'ç')",koliçes,koliçes
90L_10NL,3,90L_10NL_3_1,1,735,"('x', 'x', 'ç')",koliçes,koliçes
90L_10NL,3,90L_10NL_3_1,1,735,"('x', 'x', 'ç')",koliçes,koliçes
90L_10NL,3,90L_10NL_3_1,1,735,"('x', 'x', 'ç')",koliçes,koliçes
90L_10NL,3,90L_10NL_3_1,1,735,"('x', 'x', 'ç')",koliçes,koliçes
90L_10NL,3,90L_10NL_3_1,1,735,"('x', 'x', 'ç')",koliçes,koliçes
90L_10NL,3,90L_10NL_3_1,1,735,"('x', 'x', 'ç')",koliçes,koliçes
90L_10NL,3,90L_10NL_3_1,1,735,"('x', 'x', 'ç')",koliçes,koliçes
90L_10NL,3,90L_10NL_3_1,1,735,"('x', 'x', 'ç')",koliçes,koliçes
90L_10NL,3,90L_10NL_3_1,1,210,"('ç', 'ç', 'ç')",koliçe,koliçe
90L_10NL,3,90L_10NL_3_1,1,210,"('ç', 'ç', 'ç')",koliçe,koliçe
90L_10NL,3,90L_10NL_3_1,1,210,"('ç', 'ç', 'ç')",koliçe,koliçe
90L_10NL,3,90L_10NL_3_1,1,980,"('ç', 'x', 'ç')",koliçe,koliçe
90L_10NL,3,90L_10NL_3_1,1,980,"('ç', 'x', 'ç')",koliçe,koliçe
90L_10NL,3,90L_10NL_3_1,1,980,"('ç', 'x', 'ç')",koliçe,koliçe
90L_10NL,3,90L_10NL_3_1,1,980,"('ç', 'x', 'ç')",koliçe,koliçe
90L_10NL,3,90L_10NL_3_1,1,980,"('ç', 'x', 'ç')",koliçe,koliçe
90L_10NL,3,90L_10NL_3_1,1,980,"('ç', 'x', 'ç')",koliçe,koliçe
90L_10NL,3,90L_10NL_3_1,1,980,"('ç', 'x', 'ç')",koliçe,koliçe
90L_10NL,3,90L_10NL_3_1,1,210,"('ç', 'ç', 'ç')",koliçe,koliçe
90L_10NL,3,90L_10NL_3_1,1,210,"('ç', 'ç', 'ç')",koliçe,koliçe
90L_10NL,3,90L_10NL_3_1,1,980,"('ç', 'x', 'ç')",koliçe,koliçe
90L_10NL,3,90L_10NL_3_1,1,980,"('ç', 'x', 'ç')",koliçe,koliçe
90L_10NL,3,90L_10NL_3_1,1,980,"('ç', 'x', 'ç')",koliçe,koliçe
90L_10NL,3,90L_10NL_3_1,1,980,"('ç', 'x', 'ç')",koliçe,koliçe
90L_10NL,3,90L_10NL_3_1,1,980,"('ç', 'x', 'ç')",koliçe,koliçe
90L_10NL,3,90L_10NL_3_1,1,980,"('ç', 'x', 'ç')",koliçe,koliçe
90L_10NL,3,90L_10NL_3_1,1,980,"('ç', 'x', 'ç')",koliçe,koliçe
90L_10NL,3,90L_10NL_3_1,1,210,"('ç', 'ç', 'ç')",koliçe,koliçe
90L_10NL,3,90L_10NL_3_1,1,980,"('ç', 'x', 'ç')",koliçe,koliçe
90L_10NL,3,90L_10NL_3_1,1,980,"('ç', 'x', 'ç')",koliçe,koliçe
90L_10NL,3,90L_10NL_3_1,1,980,"('ç', 'x', 'ç')",koliçe,koliçe
90L_10NL,3,90L_10NL_3_1,1,980,"('ç', 'x', 'ç')",koliçe,koliçe
90L_10NL,3,90L_10NL_3_1,1,980,"('ç', 'x', 'ç')",koliçe,koliçe
90L_10NL,3,90L_10NL_3_1,1,980,"('ç', 'x', 'ç')",koliçe,koliçe
90L_10NL,3,90L_10NL_3_1,1,980,"('ç', 'x', 'ç')",koliçe,koliçe
90L_10NL,3,90L_10NL_3_1,1,980,"('ç', 'x', 'ç')",koliçe,koliçe
90L_10NL,3,90L_10NL_3_1,1,980,"('ç', 'x', 'ç')",koliçe,koliçe
90L_10NL,3,90L_10NL_3_1,1,980,"('ç', 'x', 'ç')",koliçe,koliçe
90L_10NL,3,90L_10NL_3_1,1,980,"('ç', 'x', 'ç')",koliçe,koliçe
90L_10NL,3,90L_10NL_3_1,1,980,"('ç', 'x', 'ç')",koliçe,koliçe
90L_10NL,3,90L_10NL_3_1,1,980,"('ç', 'x', 'ç')",koliçe,koliçe
90L_10NL,3,90L_10NL_3_1,1,980,"('ç', 'x', 'ç')",koliçe,koliçe
90L_10NL,3,90L_10NL_3_1,1,735,"('x', 'x', 'ç')",koliçe,koliçe
90L_10NL,3,90L_10NL_3_1,1,735,"('x', 'x', 'ç')",koliçe,koliçe
90L_10NL,3,90L_10NL_3_1,1,735,"('x', 'x', 'ç')",koliçe,koliçe
90L_10NL,3,90L_10NL_3_1,1,735,"('x', 'x', 'ç')",koliçe,koliçe
90L_10NL,3,90L_10NL_3_1,1,735,"('x', 'x', 'ç')",koliçe,koliçe
90L_10NL,3,90L_10NL_3_1,1,735,"('x', 'x', 'ç')",koliçe,koliçe
90L_10NL,3,90L_10NL_3_1,1,735,"('x', 'x', 'ç')",koliçe,koliçe
90L_10NL,3,90L_10NL_3_1,1,735,"('x', 'x', 'ç')",koliçe,koliçe
90L_10NL,3,90L_10NL_3_1,1,735,"('x', 'x', 'ç')",koliçe,koliçe
90L_10NL,3,90L_10NL_3_1,1,735,"('x', 'x', 'ç')",koliçe,koliçe
90L_10NL,3,90L_10NL_3_1,1,735,"('x', 'x', 'ç')",koliçe,koliçe
90L_10NL,3,90L_10NL_3_1,1,735,"('x', 'x', 'ç')",koliçe,koliçe
90L_10NL,3,90L_10NL_3_1,1,735,"('x', 'x', 'ç')",koliçe,koliçe
90L_10NL,3,90L_10NL_3_1,1,735,"('x', 'x', 'ç')",koliçe,koliçe
90L_10NL,3,90L_10NL_3_1,1,735,"('x', 'x', 'ç')",koliçe,koliçe
90L_10NL,3,90L_10NL_3_1,1,735,"('x', 'x', 'ç')",koliçe,koliçe
90L_10NL,3,90L_10NL_3_1,1,735,"('x', 'x', 'ç')",koliçe,koliçe
90L_10NL,3,90L_10NL_3_1,1,735,"('x', 'x', 'ç')",koliçe,koliçe
90L_10NL,3,90L_10NL_3_1,1,735,"('x', 'x', 'ç')",koliçe,koliçe
90L_10NL,3,90L_10NL_3_1,1,735,"('x', 'x', 'ç')",koliçe,koliçe
90L_10NL,3,90L_10NL_3_1,1,735,"('x', 'x', 'ç')",koliçe,koliçe
90L_10NL,3,90L_10NL_3_1,1,490,"('ç', 'ç', 'x')",kolixajs,kolixajs
90L_10NL,3,90L_10NL_3_1,1,490,"('ç', 'ç', 'x')",kolixajs,kolixajs
90L_10NL,3,90L_10NL_3_1,1,490,"('ç', 'ç', 'x')",kolixajs,kolixajs
90L_10NL,3,90L_10NL_3_1,1,490,"('ç', 'ç', 'x')",kolixajs,kolixajs
90L_10NL,3,90L_10NL_3_1,1,1470,"('ç', 'x', 'x')",kolixajs,kolixajs
90L_10NL,3,90L_10NL_3_1,1,1470,"('ç', 'x', 'x')",kolixajs,kolixajs
90L_10NL,3,90L_10NL_3_1,1,1470,"('ç', 'x', 'x')",kolixajs,kolixajs
90L_10NL,3,90L_10NL_3_1,1,1470,"('ç', 'x', 'x')",kolixajs,kolixajs
90L_10NL,3,90L_10NL_3_1,1,1470,"('ç', 'x', 'x')",kolixajs,kolixajs
90L_10NL,3,90L_10NL_3_1,1,1470,"('ç', 'x', 'x')",kolixajs,kolixajs
90L_10NL,3,90L_10NL_3_1,1,490,"('ç', 'ç', 'x')",kolixajs,kolixajs
90L_10NL,3,90L_10NL_3_1,1,490,"('ç', 'ç', 'x')",kolixajs,kolixajs
90L_10NL,3,90L_10NL_3_1,1,490,"('ç', 'ç', 'x')",kolixajs,kolixajs
90L_10NL,3,90L_10NL_3_1,1,1470,"('ç', 'x', 'x')",kolixajs,kolixajs
90L_10NL,3,90L_10NL_3_1,1,1470,"('ç', 'x', 'x')",kolixajs,kolixajs
90L_10NL,3,90L_10NL_3_1,1,1470,"('ç', 'x', 'x')",kolixajs,kolixajs
90L_10NL,3,90L_10NL_3_1,1,1470,"('ç', 'x', 'x')",kolixajs,kolixajs
90L_10NL,3,90L_10NL_3_1,1,1470,"('ç', 'x', 'x')",kolixajs,kolixajs
90L_10NL,3,90L_10NL_3_1,1,1470,"('ç', 'x', 'x')",kolixajs,kolixajs
90L_10NL,3,90L_10NL_3_1,1,490,"('ç', 'ç', 'x')",kolixajs,kolixajs
90L_10NL,3,90L_10NL_3_1,1,490,"('ç', 'ç', 'x')",kolixajs,kolixajs
90L_10NL,3,90L_10NL_3_1,1,1470,"('ç', 'x', 'x')",kolixajs,kolixajs
90L_10NL,3,90L_10NL_3_1,1,1470,"('ç', 'x', 'x')",kolixajs,kolixajs
90L_10NL,3,90L_10NL_3_1,1,1470,"('ç', 'x', 'x')",kolixajs,kolixajs
90L_10NL,3,90L_10NL_3_1,1,1470,"('ç', 'x', 'x')",kolixajs,kolixajs
90L_10NL,3,90L_10NL_3_1,1,1470,"('ç', 'x', 'x')",kolixajs,kolixajs
90L_10NL,3,90L_10NL_3_1,1,1470,"('ç', 'x', 'x')",kolixajs,kolixajs
90L_10NL,3,90L_10NL_3_1,1,490,"('ç', 'ç', 'x')",kolixajs,kolixajs
90L_10NL,3,90L_10NL_3_1,1,1470,"('ç', 'x', 'x')",kolixajs,kolixajs
90L_10NL,3,90L_10NL_3_1,1,1470,"('ç', 'x', 'x')",kolixajs,kolixajs
90L_10NL,3,90L_10NL_3_1,1,1470,"('ç', 'x', 'x')",kolixajs,kolixajs
90L_10NL,3,90L_10NL_3_1,1,1470,"('ç', 'x', 'x')",kolixajs,kolixajs
90L_10NL,3,90L_10NL_3_1,1,1470,"('ç', 'x', 'x')",kolixajs,kolixajs
90L_10NL,3,90L_10NL_3_1,1,1470,"('ç', 'x', 'x')",kolixajs,kolixajs
90L_10NL,3,90L_10NL_3_1,1,1470,"('ç', 'x', 'x')",kolixajs,kolixajs
90L_10NL,3,90L_10NL_3_1,1,1470,"('ç', 'x', 'x')",kolixajs,kolixajs
90L_10NL,3,90L_10NL_3_1,1,1470,"('ç', 'x', 'x')",kolixajs,kolixajs
90L_10NL,3,90L_10NL_3_1,1,1470,"('ç', 'x', 'x')",kolixajs,kolixajs
90L_10NL,3,90L_10NL_3_1,1,1470,"('ç', 'x', 'x')",kolixajs,kolixajs
90L_10NL,3,90L_10NL_3_1,1,1470,"('ç', 'x', 'x')",kolixajs,kolixajs
90L_10NL,3,90L_10NL_3_1,1,735,"('x', 'x', 'x')",kolixajs,kolixajs
90L_10NL,3,90L_10NL_3_1,1,735,"('x', 'x', 'x')",kolixajs,kolixajs
90L_10NL,3,90L_10NL_3_1,1,735,"('x', 'x', 'x')",kolixajs,kolixajs
90L_10NL,3,90L_10NL_3_1,1,735,"('x', 'x', 'x')",kolixajs,kolixajs
90L_10NL,3,90L_10NL_3_1,1,735,"('x', 'x', 'x')",kolixajs,kolixajs
90L_10NL,3,90L_10NL_3_1,1,735,"('x', 'x', 'x')",kolixajs,kolixajs
90L_10NL,3,90L_10NL_3_1,1,735,"('x', 'x', 'x')",kolixajs,kolixajs
90L_10NL,3,90L_10NL_3_1,1,735,"('x', 'x', 'x')",kolixajs,kolixajs
90L_10NL,3,90L_10NL_3_1,1,735,"('x', 'x', 'x')",kolixajs,kolixajs
90L_10NL,3,90L_10NL_3_1,1,735,"('x', 'x', 'x')",kolixajs,kolixajs
90L_10NL,3,90L_10NL_3_1,1,735,"('x', 'x', 'x')",kolixajs,kolixajs
90L_10NL,3,90L_10NL_3_1,1,735,"('x', 'x', 'x')",kolixajs,kolixajs
90L_10NL,3,90L_10NL_3_1,1,735,"('x', 'x', 'x')",kolixajs,kolixajs
90L_10NL,3,90L_10NL_3_1,1,735,"('x', 'x', 'x')",kolixajs,kolixajs
90L_10NL,3,90L_10NL_3_1,1,735,"('x', 'x', 'x')",kolixajs,kolixajs
90L_10NL,3,90L_10NL_3_1,1,490,"('ç', 'ç', 'x')",kolixamos,kolixamos
90L_10NL,3,90L_10NL_3_1,1,490,"('ç', 'ç', 'x')",kolixamos,kolixamos
90L_10NL,3,90L_10NL_3_1,1,490,"('ç', 'ç', 'x')",kolixamos,kolixamos
90L_10NL,3,90L_10NL_3_1,1,490,"('ç', 'ç', 'x')",kolixamos,kolixamos
90L_10NL,3,90L_10NL_3_1,1,1470,"('ç', 'x', 'x')",kolixamos,kolixamos
90L_10NL,3,90L_10NL_3_1,1,1470,"('ç', 'x', 'x')",kolixamos,kolixamos
90L_10NL,3,90L_10NL_3_1,1,1470,"('ç', 'x', 'x')",kolixamos,kolixamos
90L_10NL,3,90L_10NL_3_1,1,1470,"('ç', 'x', 'x')",kolixamos,kolixamos
90L_10NL,3,90L_10NL_3_1,1,1470,"('ç', 'x', 'x')",kolixamos,kolixamos
90L_10NL,3,90L_10NL_3_1,1,1470,"('ç', 'x', 'x')",kolixamos,kolixamos
90L_10NL,3,90L_10NL_3_1,1,490,"('ç', 'ç', 'x')",kolixamos,kolixamos
90L_10NL,3,90L_10NL_3_1,1,490,"('ç', 'ç', 'x')",kolixamos,kolixamos
90L_10NL,3,90L_10NL_3_1,1,490,"('ç', 'ç', 'x')",kolixamos,kolixamos
90L_10NL,3,90L_10NL_3_1,1,1470,"('ç', 'x', 'x')",kolixamos,kolixamos
90L_10NL,3,90L_10NL_3_1,1,1470,"('ç', 'x', 'x')",kolixamos,kolixamos
90L_10NL,3,90L_10NL_3_1,1,1470,"('ç', 'x', 'x')",kolixamos,kolixamos
90L_10NL,3,90L_10NL_3_1,1,1470,"('ç', 'x', 'x')",kolixamos,kolixamos
90L_10NL,3,90L_10NL_3_1,1,1470,"('ç', 'x', 'x')",kolixamos,kolixamos
90L_10NL,3,90L_10NL_3_1,1,1470,"('ç', 'x', 'x')",kolixamos,kolixamos
90L_10NL,3,90L_10NL_3_1,1,490,"('ç', 'ç', 'x')",kolixamos,kolixamos
90L_10NL,3,90L_10NL_3_1,1,490,"('ç', 'ç', 'x')",kolixamos,kolixamos
90L_10NL,3,90L_10NL_3_1,1,1470,"('ç', 'x', 'x')",kolixamos,kolixamos
90L_10NL,3,90L_10NL_3_1,1,1470,"('ç', 'x', 'x')",kolixamos,kolixamos
90L_10NL,3,90L_10NL_3_1,1,1470,"('ç', 'x', 'x')",kolixamos,kolixamos
90L_10NL,3,90L_10NL_3_1,1,1470,"('ç', 'x', 'x')",kolixamos,kolixamos
90L_10NL,3,90L_10NL_3_1,1,1470,"('ç', 'x', 'x')",kolixamos,kolixamos
90L_10NL,3,90L_10NL_3_1,1,1470,"('ç', 'x', 'x')",kolixamos,kolixamos
90L_10NL,3,90L_10NL_3_1,1,490,"('ç', 'ç', 'x')",kolixamos,kolixamos
90L_10NL,3,90L_10NL_3_1,1,1470,"('ç', 'x', 'x')",kolixamos,kolixamos
90L_10NL,3,90L_10NL_3_1,1,1470,"('ç', 'x', 'x')",kolixamos,kolixamos
90L_10NL,3,90L_10NL_3_1,1,1470,"('ç', 'x', 'x')",kolixamos,kolixamos
90L_10NL,3,90L_10NL_3_1,1,1470,"('ç', 'x', 'x')",kolixamos,kolixamos
90L_10NL,3,90L_10NL_3_1,1,1470,"('ç', 'x', 'x')",kolixamos,kolixamos
90L_10NL,3,90L_10NL_3_1,1,1470,"('ç', 'x', 'x')",kolixamos,kolixamos
90L_10NL,3,90L_10NL_3_1,1,1470,"('ç', 'x', 'x')",kolixamos,kolixamos
90L_10NL,3,90L_10NL_3_1,1,1470,"('ç', 'x', 'x')",kolixamos,kolixamos
90L_10NL,3,90L_10NL_3_1,1,1470,"('ç', 'x', 'x')",kolixamos,kolixamos
90L_10NL,3,90L_10NL_3_1,1,1470,"('ç', 'x', 'x')",kolixamos,kolixamos
90L_10NL,3,90L_10NL_3_1,1,1470,"('ç', 'x', 'x')",kolixamos,kolixamos
90L_10NL,3,90L_10NL_3_1,1,1470,"('ç', 'x', 'x')",kolixamos,kolixamos
90L_10NL,3,90L_10NL_3_1,1,735,"('x', 'x', 'x')",kolixamos,kolixamos
90L_10NL,3,90L_10NL_3_1,1,735,"('x', 'x', 'x')",kolixamos,kolixamos
90L_10NL,3,90L_10NL_3_1,1,735,"('x', 'x', 'x')",kolixamos,kolixamos
90L_10NL,3,90L_10NL_3_1,1,735,"('x', 'x', 'x')",kolixamos,kolixamos
90L_10NL,3,90L_10NL_3_1,1,735,"('x', 'x', 'x')",kolixamos,kolixamos
90L_10NL,3,90L_10NL_3_1,1,735,"('x', 'x', 'x')",kolixamos,kolixamos
90L_10NL,3,90L_10NL_3_1,1,735,"('x', 'x', 'x')",kolixamos,kolixamos
90L_10NL,3,90L_10NL_3_1,1,735,"('x', 'x', 'x')",kolixamos,kolixamos
90L_10NL,3,90L_10NL_3_1,1,735,"('x', 'x', 'x')",kolixamos,kolixamos
90L_10NL,3,90L_10NL_3_1,1,735,"('x', 'x', 'x')",kolixamos,kolixamos
90L_10NL,3,90L_10NL_3_1,1,735,"('x', 'x', 'x')",kolixamos,kolixamos
90L_10NL,3,90L_10NL_3_1,1,735,"('x', 'x', 'x')",kolixamos,kolixamos
90L_10NL,3,90L_10NL_3_1,1,735,"('x', 'x', 'x')",kolixamos,kolixamos
90L_10NL,3,90L_10NL_3_1,1,735,"('x', 'x', 'x')",kolixamos,kolixamos
90L_10NL,3,90L_10NL_3_1,1,735,"('x', 'x', 'x')",kolixamos,kolixamos
90L_10NL,3,90L_10NL_3_1,1,490,"('ç', 'ç', 'x')",kolixan,kolixan
90L_10NL,3,90L_10NL_3_1,1,490,"('ç', 'ç', 'x')",kolixan,kolixan
90L_10NL,3,90L_10NL_3_1,1,490,"('ç', 'ç', 'x')",kolixan,kolixan
90L_10NL,3,90L_10NL_3_1,1,490,"('ç', 'ç', 'x')",kolixan,kolixan
90L_10NL,3,90L_10NL_3_1,1,1470,"('ç', 'x', 'x')",kolixan,kolixan
90L_10NL,3,90L_10NL_3_1,1,1470,"('ç', 'x', 'x')",kolixan,kolixan
90L_10NL,3,90L_10NL_3_1,1,1470,"('ç', 'x', 'x')",kolixan,kolixan
90L_10NL,3,90L_10NL_3_1,1,1470,"('ç', 'x', 'x')",kolixan,kolixan
90L_10NL,3,90L_10NL_3_1,1,1470,"('ç', 'x', 'x')",kolixan,kolixan
90L_10NL,3,90L_10NL_3_1,1,1470,"('ç', 'x', 'x')",kolixan,kolixan
90L_10NL,3,90L_10NL_3_1,1,490,"('ç', 'ç', 'x')",kolixan,kolixan
90L_10NL,3,90L_10NL_3_1,1,490,"('ç', 'ç', 'x')",kolixan,kolixan
90L_10NL,3,90L_10NL_3_1,1,490,"('ç', 'ç', 'x')",kolixan,kolixan
90L_10NL,3,90L_10NL_3_1,1,1470,"('ç', 'x', 'x')",kolixan,kolixan
90L_10NL,3,90L_10NL_3_1,1,1470,"('ç', 'x', 'x')",kolixan,kolixan
90L_10NL,3,90L_10NL_3_1,1,1470,"('ç', 'x', 'x')",kolixan,kolixan
90L_10NL,3,90L_10NL_3_1,1,1470,"('ç', 'x', 'x')",kolixan,kolixan
90L_10NL,3,90L_10NL_3_1,1,1470,"('ç', 'x', 'x')",kolixan,kolixan
90L_10NL,3,90L_10NL_3_1,1,1470,"('ç', 'x', 'x')",kolixan,kolixan
90L_10NL,3,90L_10NL_3_1,1,490,"('ç', 'ç', 'x')",kolixan,kolixan
90L_10NL,3,90L_10NL_3_1,1,490,"('ç', 'ç', 'x')",kolixan,kolixan
90L_10NL,3,90L_10NL_3_1,1,1470,"('ç', 'x', 'x')",kolixan,kolixan
90L_10NL,3,90L_10NL_3_1,1,1470,"('ç', 'x', 'x')",kolixan,kolixan
90L_10NL,3,90L_10NL_3_1,1,1470,"('ç', 'x', 'x')",kolixan,kolixan
90L_10NL,3,90L_10NL_3_1,1,1470,"('ç', 'x', 'x')",kolixan,kolixan
90L_10NL,3,90L_10NL_3_1,1,1470,"('ç', 'x', 'x')",kolixan,kolixan
90L_10NL,3,90L_10NL_3_1,1,1470,"('ç', 'x', 'x')",kolixan,kolixan
90L_10NL,3,90L_10NL_3_1,1,490,"('ç', 'ç', 'x')",kolixan,kolixan
90L_10NL,3,90L_10NL_3_1,1,1470,"('ç', 'x', 'x')",kolixan,kolixan
90L_10NL,3,90L_10NL_3_1,1,1470,"('ç', 'x', 'x')",kolixan,kolixan
90L_10NL,3,90L_10NL_3_1,1,1470,"('ç', 'x', 'x')",kolixan,kolixan
90L_10NL,3,90L_10NL_3_1,1,1470,"('ç', 'x', 'x')",kolixan,kolixan
90L_10NL,3,90L_10NL_3_1,1,1470,"('ç', 'x', 'x')",kolixan,kolixan
90L_10NL,3,90L_10NL_3_1,1,1470,"('ç', 'x', 'x')",kolixan,kolixan
90L_10NL,3,90L_10NL_3_1,1,1470,"('ç', 'x', 'x')",kolixan,kolixan
90L_10NL,3,90L_10NL_3_1,1,1470,"('ç', 'x', 'x')",kolixan,kolixan
90L_10NL,3,90L_10NL_3_1,1,1470,"('ç', 'x', 'x')",kolixan,kolixan
90L_10NL,3,90L_10NL_3_1,1,1470,"('ç', 'x', 'x')",kolixan,kolixan
90L_10NL,3,90L_10NL_3_1,1,1470,"('ç', 'x', 'x')",kolixan,kolixan
90L_10NL,3,90L_10NL_3_1,1,1470,"('ç', 'x', 'x')",kolixan,kolixan
90L_10NL,3,90L_10NL_3_1,1,735,"('x', 'x', 'x')",kolixan,kolixan
90L_10NL,3,90L_10NL_3_1,1,735,"('x', 'x', 'x')",kolixan,kolixan
90L_10NL,3,90L_10NL_3_1,1,735,"('x', 'x', 'x')",kolixan,kolixan
90L_10NL,3,90L_10NL_3_1,1,735,"('x', 'x', 'x')",kolixan,kolixan
90L_10NL,3,90L_10NL_3_1,1,735,"('x', 'x', 'x')",kolixan,kolixan
90L_10NL,3,90L_10NL_3_1,1,735,"('x', 'x', 'x')",kolixan,kolixan
90L_10NL,3,90L_10NL_3_1,1,735,"('x', 'x', 'x')",kolixan,kolixan
90L_10NL,3,90L_10NL_3_1,1,735,"('x', 'x', 'x')",kolixan,kolixan
90L_10NL,3,90L_10NL_3_1,1,735,"('x', 'x', 'x')",kolixan,kolixan
90L_10NL,3,90L_10NL_3_1,1,735,"('x', 'x', 'x')",kolixan,kolixan
90L_10NL,3,90L_10NL_3_1,1,735,"('x', 'x', 'x')",kolixan,kolixan
90L_10NL,3,90L_10NL_3_1,1,735,"('x', 'x', 'x')",kolixan,kolixan
90L_10NL,3,90L_10NL_3_1,1,735,"('x', 'x', 'x')",kolixan,kolixan
90L_10NL,3,90L_10NL_3_1,1,735,"('x', 'x', 'x')",kolixan,kolixan
90L_10NL,3,90L_10NL_3_1,1,735,"('x', 'x', 'x')",kolixan,kolixan
90L_10NL,3,90L_10NL_3_1,1,490,"('ç', 'ç', 'x')",kolixas,kolixas
90L_10NL,3,90L_10NL_3_1,1,490,"('ç', 'ç', 'x')",kolixas,kolixas
90L_10NL,3,90L_10NL_3_1,1,490,"('ç', 'ç', 'x')",kolixas,kolixas
90L_10NL,3,90L_10NL_3_1,1,490,"('ç', 'ç', 'x')",kolixas,kolixas
90L_10NL,3,90L_10NL_3_1,1,1470,"('ç', 'x', 'x')",kolixas,kolixas
90L_10NL,3,90L_10NL_3_1,1,1470,"('ç', 'x', 'x')",kolixas,kolixas
90L_10NL,3,90L_10NL_3_1,1,1470,"('ç', 'x', 'x')",kolixas,kolixas
90L_10NL,3,90L_10NL_3_1,1,1470,"('ç', 'x', 'x')",kolixas,kolixas
90L_10NL,3,90L_10NL_3_1,1,1470,"('ç', 'x', 'x')",kolixas,kolixas
90L_10NL,3,90L_10NL_3_1,1,1470,"('ç', 'x', 'x')",kolixas,kolixas
90L_10NL,3,90L_10NL_3_1,1,490,"('ç', 'ç', 'x')",kolixas,kolixas
90L_10NL,3,90L_10NL_3_1,1,490,"('ç', 'ç', 'x')",kolixas,kolixas
90L_10NL,3,90L_10NL_3_1,1,490,"('ç', 'ç', 'x')",kolixas,kolixas
90L_10NL,3,90L_10NL_3_1,1,1470,"('ç', 'x', 'x')",kolixas,kolixas
90L_10NL,3,90L_10NL_3_1,1,1470,"('ç', 'x', 'x')",kolixas,kolixas
90L_10NL,3,90L_10NL_3_1,1,1470,"('ç', 'x', 'x')",kolixas,kolixas
90L_10NL,3,90L_10NL_3_1,1,1470,"('ç', 'x', 'x')",kolixas,kolixas
90L_10NL,3,90L_10NL_3_1,1,1470,"('ç', 'x', 'x')",kolixas,kolixas
90L_10NL,3,90L_10NL_3_1,1,1470,"('ç', 'x', 'x')",kolixas,kolixas
90L_10NL,3,90L_10NL_3_1,1,490,"('ç', 'ç', 'x')",kolixas,kolixas
90L_10NL,3,90L_10NL_3_1,1,490,"('ç', 'ç', 'x')",kolixas,kolixas
90L_10NL,3,90L_10NL_3_1,1,1470,"('ç', 'x', 'x')",kolixas,kolixas
90L_10NL,3,90L_10NL_3_1,1,1470,"('ç', 'x', 'x')",kolixas,kolixas
90L_10NL,3,90L_10NL_3_1,1,1470,"('ç', 'x', 'x')",kolixas,kolixas
90L_10NL,3,90L_10NL_3_1,1,1470,"('ç', 'x', 'x')",kolixas,kolixas
90L_10NL,3,90L_10NL_3_1,1,1470,"('ç', 'x', 'x')",kolixas,kolixas
90L_10NL,3,90L_10NL_3_1,1,1470,"('ç', 'x', 'x')",kolixas,kolixas
90L_10NL,3,90L_10NL_3_1,1,490,"('ç', 'ç', 'x')",kolixas,kolixas
90L_10NL,3,90L_10NL_3_1,1,1470,"('ç', 'x', 'x')",kolixas,kolixas
90L_10NL,3,90L_10NL_3_1,1,1470,"('ç', 'x', 'x')",kolixas,kolixas
90L_10NL,3,90L_10NL_3_1,1,1470,"('ç', 'x', 'x')",kolixas,kolixas
90L_10NL,3,90L_10NL_3_1,1,1470,"('ç', 'x', 'x')",kolixas,kolixas
90L_10NL,3,90L_10NL_3_1,1,1470,"('ç', 'x', 'x')",kolixas,kolixas
90L_10NL,3,90L_10NL_3_1,1,1470,"('ç', 'x', 'x')",kolixas,kolixas
90L_10NL,3,90L_10NL_3_1,1,1470,"('ç', 'x', 'x')",kolixas,kolixas
90L_10NL,3,90L_10NL_3_1,1,1470,"('ç', 'x', 'x')",kolixas,kolixas
90L_10NL,3,90L_10NL_3_1,1,1470,"('ç', 'x', 'x')",kolixas,kolixas
90L_10NL,3,90L_10NL_3_1,1,1470,"('ç', 'x', 'x')",kolixas,kolixas
90L_10NL,3,90L_10NL_3_1,1,1470,"('ç', 'x', 'x')",kolixas,kolixas
90L_10NL,3,90L_10NL_3_1,1,1470,"('ç', 'x', 'x')",kolixas,kolixas
90L_10NL,3,90L_10NL_3_1,1,735,"('x', 'x', 'x')",kolixas,kolixas
90L_10NL,3,90L_10NL_3_1,1,735,"('x', 'x', 'x')",kolixas,kolixas
90L_10NL,3,90L_10NL_3_1,1,735,"('x', 'x', 'x')",kolixas,kolixas
90L_10NL,3,90L_10NL_3_1,1,735,"('x', 'x', 'x')",kolixas,kolixas
90L_10NL,3,90L_10NL_3_1,1,735,"('x', 'x', 'x')",kolixas,kolixas
90L_10NL,3,90L_10NL_3_1,1,735,"('x', 'x', 'x')",kolixas,kolixas
90L_10NL,3,90L_10NL_3_1,1,735,"('x', 'x', 'x')",kolixas,kolixas
90L_10NL,3,90L_10NL_3_1,1,735,"('x', 'x', 'x')",kolixas,kolixas
90L_10NL,3,90L_10NL_3_1,1,735,"('x', 'x', 'x')",kolixas,kolixas
90L_10NL,3,90L_10NL_3_1,1,735,"('x', 'x', 'x')",kolixas,kolixas
90L_10NL,3,90L_10NL_3_1,1,735,"('x', 'x', 'x')",kolixas,kolixas
90L_10NL,3,90L_10NL_3_1,1,735,"('x', 'x', 'x')",kolixas,kolixas
90L_10NL,3,90L_10NL_3_1,1,735,"('x', 'x', 'x')",kolixas,kolixas
90L_10NL,3,90L_10NL_3_1,1,735,"('x', 'x', 'x')",kolixas,kolixas
90L_10NL,3,90L_10NL_3_1,1,735,"('x', 'x', 'x')",kolixas,kolixas
90L_10NL,3,90L_10NL_3_1,1,490,"('ç', 'ç', 'x')",kolixa,kolixa
90L_10NL,3,90L_10NL_3_1,1,490,"('ç', 'ç', 'x')",kolixa,kolixa
90L_10NL,3,90L_10NL_3_1,1,490,"('ç', 'ç', 'x')",kolixa,kolixa
90L_10NL,3,90L_10NL_3_1,1,490,"('ç', 'ç', 'x')",kolixa,kolixa
90L_10NL,3,90L_10NL_3_1,1,1470,"('ç', 'x', 'x')",kolixa,kolixa
90L_10NL,3,90L_10NL_3_1,1,1470,"('ç', 'x', 'x')",kolixa,kolixa
90L_10NL,3,90L_10NL_3_1,1,1470,"('ç', 'x', 'x')",kolixa,kolixa
90L_10NL,3,90L_10NL_3_1,1,1470,"('ç', 'x', 'x')",kolixa,kolixa
90L_10NL,3,90L_10NL_3_1,1,1470,"('ç', 'x', 'x')",kolixa,kolixa
90L_10NL,3,90L_10NL_3_1,1,1470,"('ç', 'x', 'x')",kolixa,kolixa
90L_10NL,3,90L_10NL_3_1,1,490,"('ç', 'ç', 'x')",kolixa,kolixa
90L_10NL,3,90L_10NL_3_1,1,490,"('ç', 'ç', 'x')",kolixa,kolixa
90L_10NL,3,90L_10NL_3_1,1,490,"('ç', 'ç', 'x')",kolixa,kolixa
90L_10NL,3,90L_10NL_3_1,1,1470,"('ç', 'x', 'x')",kolixa,kolixa
90L_10NL,3,90L_10NL_3_1,1,1470,"('ç', 'x', 'x')",kolixa,kolixa
90L_10NL,3,90L_10NL_3_1,1,1470,"('ç', 'x', 'x')",kolixa,kolixa
90L_10NL,3,90L_10NL_3_1,1,1470,"('ç', 'x', 'x')",kolixa,kolixa
90L_10NL,3,90L_10NL_3_1,1,1470,"('ç', 'x', 'x')",kolixa,kolixa
90L_10NL,3,90L_10NL_3_1,1,1470,"('ç', 'x', 'x')",kolixa,kolixa
90L_10NL,3,90L_10NL_3_1,1,490,"('ç', 'ç', 'x')",kolixa,kolixa
90L_10NL,3,90L_10NL_3_1,1,490,"('ç', 'ç', 'x')",kolixa,kolixa
90L_10NL,3,90L_10NL_3_1,1,1470,"('ç', 'x', 'x')",kolixa,kolixa
90L_10NL,3,90L_10NL_3_1,1,1470,"('ç', 'x', 'x')",kolixa,kolixa
90L_10NL,3,90L_10NL_3_1,1,1470,"('ç', 'x', 'x')",kolixa,kolixa
90L_10NL,3,90L_10NL_3_1,1,1470,"('ç', 'x', 'x')",kolixa,kolixa
90L_10NL,3,90L_10NL_3_1,1,1470,"('ç', 'x', 'x')",kolixa,kolixa
90L_10NL,3,90L_10NL_3_1,1,1470,"('ç', 'x', 'x')",kolixa,kolixa
90L_10NL,3,90L_10NL_3_1,1,490,"('ç', 'ç', 'x')",kolixa,kolixa
90L_10NL,3,90L_10NL_3_1,1,1470,"('ç', 'x', 'x')",kolixa,kolixa
90L_10NL,3,90L_10NL_3_1,1,1470,"('ç', 'x', 'x')",kolixa,kolixa
90L_10NL,3,90L_10NL_3_1,1,1470,"('ç', 'x', 'x')",kolixa,kolixa
90L_10NL,3,90L_10NL_3_1,1,1470,"('ç', 'x', 'x')",kolixa,kolixa
90L_10NL,3,90L_10NL_3_1,1,1470,"('ç', 'x', 'x')",kolixa,kolixa
90L_10NL,3,90L_10NL_3_1,1,1470,"('ç', 'x', 'x')",kolixa,kolixa
90L_10NL,3,90L_10NL_3_1,1,1470,"('ç', 'x', 'x')",kolixa,kolixa
90L_10NL,3,90L_10NL_3_1,1,1470,"('ç', 'x', 'x')",kolixa,kolixa
90L_10NL,3,90L_10NL_3_1,1,1470,"('ç', 'x', 'x')",kolixa,kolixa
90L_10NL,3,90L_10NL_3_1,1,1470,"('ç', 'x', 'x')",kolixa,kolixa
90L_10NL,3,90L_10NL_3_1,1,1470,"('ç', 'x', 'x')",kolixa,kolixa
90L_10NL,3,90L_10NL_3_1,1,1470,"('ç', 'x', 'x')",kolixa,kolixa
90L_10NL,3,90L_10NL_3_1,1,735,"('x', 'x', 'x')",kolixa,kolixa
90L_10NL,3,90L_10NL_3_1,1,735,"('x', 'x', 'x')",kolixa,kolixa
90L_10NL,3,90L_10NL_3_1,1,735,"('x', 'x', 'x')",kolixa,kolixa
90L_10NL,3,90L_10NL_3_1,1,735,"('x', 'x', 'x')",kolixa,kolixa
90L_10NL,3,90L_10NL_3_1,1,735,"('x', 'x', 'x')",kolixa,kolixa
90L_10NL,3,90L_10NL_3_1,1,735,"('x', 'x', 'x')",kolixa,kolixa
90L_10NL,3,90L_10NL_3_1,1,735,"('x', 'x', 'x')",kolixa,kolixa
90L_10NL,3,90L_10NL_3_1,1,735,"('x', 'x', 'x')",kolixa,kolixa
90L_10NL,3,90L_10NL_3_1,1,735,"('x', 'x', 'x')",kolixa,kolixa
90L_10NL,3,90L_10NL_3_1,1,735,"('x', 'x', 'x')",kolixa,kolixa
90L_10NL,3,90L_10NL_3_1,1,735,"('x', 'x', 'x')",kolixa,kolixa
90L_10NL,3,90L_10NL_3_1,1,735,"('x', 'x', 'x')",kolixa,kolixa
90L_10NL,3,90L_10NL_3_1,1,735,"('x', 'x', 'x')",kolixa,kolixa
90L_10NL,3,90L_10NL_3_1,1,735,"('x', 'x', 'x')",kolixa,kolixa
90L_10NL,3,90L_10NL_3_1,1,735,"('x', 'x', 'x')",kolixa,kolixa
90L_10NL,3,90L_10NL_3_1,1,490,"('ç', 'ç', 'x')",kolixa,kolixa
90L_10NL,3,90L_10NL_3_1,1,490,"('ç', 'ç', 'x')",kolixa,kolixa
90L_10NL,3,90L_10NL_3_1,1,490,"('ç', 'ç', 'x')",kolixa,kolixa
90L_10NL,3,90L_10NL_3_1,1,490,"('ç', 'ç', 'x')",kolixa,kolixa
90L_10NL,3,90L_10NL_3_1,1,1470,"('ç', 'x', 'x')",kolixa,kolixa
90L_10NL,3,90L_10NL_3_1,1,1470,"('ç', 'x', 'x')",kolixa,kolixa
90L_10NL,3,90L_10NL_3_1,1,1470,"('ç', 'x', 'x')",kolixa,kolixa
90L_10NL,3,90L_10NL_3_1,1,1470,"('ç', 'x', 'x')",kolixa,kolixa
90L_10NL,3,90L_10NL_3_1,1,1470,"('ç', 'x', 'x')",kolixa,kolixa
90L_10NL,3,90L_10NL_3_1,1,1470,"('ç', 'x', 'x')",kolixa,kolixa
90L_10NL,3,90L_10NL_3_1,1,490,"('ç', 'ç', 'x')",kolixa,kolixa
90L_10NL,3,90L_10NL_3_1,1,490,"('ç', 'ç', 'x')",kolixa,kolixa
90L_10NL,3,90L_10NL_3_1,1,490,"('ç', 'ç', 'x')",kolixa,kolixa
90L_10NL,3,90L_10NL_3_1,1,1470,"('ç', 'x', 'x')",kolixa,kolixa
90L_10NL,3,90L_10NL_3_1,1,1470,"('ç', 'x', 'x')",kolixa,kolixa
90L_10NL,3,90L_10NL_3_1,1,1470,"('ç', 'x', 'x')",kolixa,kolixa
90L_10NL,3,90L_10NL_3_1,1,1470,"('ç', 'x', 'x')",kolixa,kolixa
90L_10NL,3,90L_10NL_3_1,1,1470,"('ç', 'x', 'x')",kolixa,kolixa
90L_10NL,3,90L_10NL_3_1,1,1470,"('ç', 'x', 'x')",kolixa,kolixa
90L_10NL,3,90L_10NL_3_1,1,490,"('ç', 'ç', 'x')",kolixa,kolixa
90L_10NL,3,90L_10NL_3_1,1,490,"('ç', 'ç', 'x')",kolixa,kolixa
90L_10NL,3,90L_10NL_3_1,1,1470,"('ç', 'x', 'x')",kolixa,kolixa
90L_10NL,3,90L_10NL_3_1,1,1470,"('ç', 'x', 'x')",kolixa,kolixa
90L_10NL,3,90L_10NL_3_1,1,1470,"('ç', 'x', 'x')",kolixa,kolixa
90L_10NL,3,90L_10NL_3_1,1,1470,"('ç', 'x', 'x')",kolixa,kolixa
90L_10NL,3,90L_10NL_3_1,1,1470,"('ç', 'x', 'x')",kolixa,kolixa
90L_10NL,3,90L_10NL_3_1,1,1470,"('ç', 'x', 'x')",kolixa,kolixa
90L_10NL,3,90L_10NL_3_1,1,490,"('ç', 'ç', 'x')",kolixa,kolixa
90L_10NL,3,90L_10NL_3_1,1,1470,"('ç', 'x', 'x')",kolixa,kolixa
90L_10NL,3,90L_10NL_3_1,1,1470,"('ç', 'x', 'x')",kolixa,kolixa
90L_10NL,3,90L_10NL_3_1,1,1470,"('ç', 'x', 'x')",kolixa,kolixa
90L_10NL,3,90L_10NL_3_1,1,1470,"('ç', 'x', 'x')",kolixa,kolixa
90L_10NL,3,90L_10NL_3_1,1,1470,"('ç', 'x', 'x')",kolixa,kolixa
90L_10NL,3,90L_10NL_3_1,1,1470,"('ç', 'x', 'x')",kolixa,kolixa
90L_10NL,3,90L_10NL_3_1,1,1470,"('ç', 'x', 'x')",kolixa,kolixa
90L_10NL,3,90L_10NL_3_1,1,1470,"('ç', 'x', 'x')",kolixa,kolixa
90L_10NL,3,90L_10NL_3_1,1,1470,"('ç', 'x', 'x')",kolixa,kolixa
90L_10NL,3,90L_10NL_3_1,1,1470,"('ç', 'x', 'x')",kolixa,kolixa
90L_10NL,3,90L_10NL_3_1,1,1470,"('ç', 'x', 'x')",kolixa,kolixa
90L_10NL,3,90L_10NL_3_1,1,1470,"('ç', 'x', 'x')",kolixa,kolixa
90L_10NL,3,90L_10NL_3_1,1,735,"('x', 'x', 'x')",kolixa,kolixa
90L_10NL,3,90L_10NL_3_1,1,735,"('x', 'x', 'x')",kolixa,kolixa
90L_10NL,3,90L_10NL_3_1,1,735,"('x', 'x', 'x')",kolixa,kolixa
90L_10NL,3,90L_10NL_3_1,1,735,"('x', 'x', 'x')",kolixa,kolixa
90L_10NL,3,90L_10NL_3_1,1,735,"('x', 'x', 'x')",kolixa,kolixa
90L_10NL,3,90L_10NL_3_1,1,735,"('x', 'x', 'x')",kolixa,kolixa
90L_10NL,3,90L_10NL_3_1,1,735,"('x', 'x', 'x')",kolixa,kolixa
90L_10NL,3,90L_10NL_3_1,1,735,"('x', 'x', 'x')",kolixa,kolixa
90L_10NL,3,90L_10NL_3_1,1,735,"('x', 'x', 'x')",kolixa,kolixa
90L_10NL,3,90L_10NL_3_1,1,735,"('x', 'x', 'x')",kolixa,kolixa
90L_10NL,3,90L_10NL_3_1,1,735,"('x', 'x', 'x')",kolixa,kolixa
90L_10NL,3,90L_10NL_3_1,1,735,"('x', 'x', 'x')",kolixa,kolixa
90L_10NL,3,90L_10NL_3_1,1,735,"('x', 'x', 'x')",kolixa,kolixa
90L_10NL,3,90L_10NL_3_1,1,735,"('x', 'x', 'x')",kolixa,kolixa
90L_10NL,3,90L_10NL_3_1,1,735,"('x', 'x', 'x')",kolixa,kolixa
90L_10NL,3,90L_10NL_3_1,1,490,"('ç', 'ç', 'x')",kolixo,kolixo
90L_10NL,3,90L_10NL_3_1,1,490,"('ç', 'ç', 'x')",kolixo,kolixo
90L_10NL,3,90L_10NL_3_1,1,490,"('ç', 'ç', 'x')",kolixo,kolixo
90L_10NL,3,90L_10NL_3_1,1,490,"('ç', 'ç', 'x')",kolixo,kolixo
90L_10NL,3,90L_10NL_3_1,1,1470,"('ç', 'x', 'x')",kolixo,kolixo
90L_10NL,3,90L_10NL_3_1,1,1470,"('ç', 'x', 'x')",kolixo,kolixo
90L_10NL,3,90L_10NL_3_1,1,1470,"('ç', 'x', 'x')",kolixo,kolixo
90L_10NL,3,90L_10NL_3_1,1,1470,"('ç', 'x', 'x')",kolixo,kolixo
90L_10NL,3,90L_10NL_3_1,1,1470,"('ç', 'x', 'x')",kolixo,kolixo
90L_10NL,3,90L_10NL_3_1,1,1470,"('ç', 'x', 'x')",kolixo,kolixo
90L_10NL,3,90L_10NL_3_1,1,490,"('ç', 'ç', 'x')",kolixo,kolixo
90L_10NL,3,90L_10NL_3_1,1,490,"('ç', 'ç', 'x')",kolixo,kolixo
90L_10NL,3,90L_10NL_3_1,1,490,"('ç', 'ç', 'x')",kolixo,kolixo
90L_10NL,3,90L_10NL_3_1,1,1470,"('ç', 'x', 'x')",kolixo,kolixo
90L_10NL,3,90L_10NL_3_1,1,1470,"('ç', 'x', 'x')",kolixo,kolixo
90L_10NL,3,90L_10NL_3_1,1,1470,"('ç', 'x', 'x')",kolixo,kolixo
90L_10NL,3,90L_10NL_3_1,1,1470,"('ç', 'x', 'x')",kolixo,kolixo
90L_10NL,3,90L_10NL_3_1,1,1470,"('ç', 'x', 'x')",kolixo,kolixo
90L_10NL,3,90L_10NL_3_1,1,1470,"('ç', 'x', 'x')",kolixo,kolixo
90L_10NL,3,90L_10NL_3_1,1,490,"('ç', 'ç', 'x')",kolixo,kolixo
90L_10NL,3,90L_10NL_3_1,1,490,"('ç', 'ç', 'x')",kolixo,kolixo
90L_10NL,3,90L_10NL_3_1,1,1470,"('ç', 'x', 'x')",kolixo,kolixo
90L_10NL,3,90L_10NL_3_1,1,1470,"('ç', 'x', 'x')",kolixo,kolixo
90L_10NL,3,90L_10NL_3_1,1,1470,"('ç', 'x', 'x')",kolixo,kolixo
90L_10NL,3,90L_10NL_3_1,1,1470,"('ç', 'x', 'x')",kolixo,kolixo
90L_10NL,3,90L_10NL_3_1,1,1470,"('ç', 'x', 'x')",kolixo,kolixo
90L_10NL,3,90L_10NL_3_1,1,1470,"('ç', 'x', 'x')",kolixo,kolixo
90L_10NL,3,90L_10NL_3_1,1,490,"('ç', 'ç', 'x')",kolixo,kolixo
90L_10NL,3,90L_10NL_3_1,1,1470,"('ç', 'x', 'x')",kolixo,kolixo
90L_10NL,3,90L_10NL_3_1,1,1470,"('ç', 'x', 'x')",kolixo,kolixo
90L_10NL,3,90L_10NL_3_1,1,1470,"('ç', 'x', 'x')",kolixo,kolixo
90L_10NL,3,90L_10NL_3_1,1,1470,"('ç', 'x', 'x')",kolixo,kolixo
90L_10NL,3,90L_10NL_3_1,1,1470,"('ç', 'x', 'x')",kolixo,kolixo
90L_10NL,3,90L_10NL_3_1,1,1470,"('ç', 'x', 'x')",kolixo,kolixo
90L_10NL,3,90L_10NL_3_1,1,1470,"('ç', 'x', 'x')",kolixo,kolixo
90L_10NL,3,90L_10NL_3_1,1,1470,"('ç', 'x', 'x')",kolixo,kolixo
90L_10NL,3,90L_10NL_3_1,1,1470,"('ç', 'x', 'x')",kolixo,kolixo
90L_10NL,3,90L_10NL_3_1,1,1470,"('ç', 'x', 'x')",kolixo,kolixo
90L_10NL,3,90L_10NL_3_1,1,1470,"('ç', 'x', 'x')",kolixo,kolixo
90L_10NL,3,90L_10NL_3_1,1,1470,"('ç', 'x', 'x')",kolixo,kolixo
90L_10NL,3,90L_10NL_3_1,1,735,"('x', 'x', 'x')",kolixo,kolixo
90L_10NL,3,90L_10NL_3_1,1,735,"('x', 'x', 'x')",kolixo,kolixo
90L_10NL,3,90L_10NL_3_1,1,735,"('x', 'x', 'x')",kolixo,kolixo
90L_10NL,3,90L_10NL_3_1,1,735,"('x', 'x', 'x')",kolixo,kolixo
90L_10NL,3,90L_10NL_3_1,1,735,"('x', 'x', 'x')",kolixo,kolixo
90L_10NL,3,90L_10NL_3_1,1,735,"('x', 'x', 'x')",kolixo,kolixo
90L_10NL,3,90L_10NL_3_1,1,735,"('x', 'x', 'x')",kolixo,kolixo
90L_10NL,3,90L_10NL_3_1,1,735,"('x', 'x', 'x')",kolixo,kolixo
90L_10NL,3,90L_10NL_3_1,1,735,"('x', 'x', 'x')",kolixo,kolixo
90L_10NL,3,90L_10NL_3_1,1,735,"('x', 'x', 'x')",kolixo,kolixo
90L_10NL,3,90L_10NL_3_1,1,735,"('x', 'x', 'x')",kolixo,kolixo
90L_10NL,3,90L_10NL_3_1,1,735,"('x', 'x', 'x')",kolixo,kolixo
90L_10NL,3,90L_10NL_3_1,1,735,"('x', 'x', 'x')",kolixo,kolixo
90L_10NL,3,90L_10NL_3_1,1,735,"('x', 'x', 'x')",kolixo,kolixo
90L_10NL,3,90L_10NL_3_1,1,735,"('x', 'x', 'x')",kolixo,kolixo
90L_10NL,3,90L_10NL_3_1,1,1085,"('s', 's', 's')",maldesimos,maldesimos
90L_10NL,3,90L_10NL_3_1,1,1085,"('s', 's', 's')",maldesimos,maldesimos
90L_10NL,3,90L_10NL_3_1,1,1085,"('s', 's', 's')",maldesimos,maldesimos
90L_10NL,3,90L_10NL_3_1,1,280,"('s', 'ɡ', 's')",maldesimos,maldesimos
90L_10NL,3,90L_10NL_3_1,1,280,"('s', 'ɡ', 's')",maldesimos,maldesimos
90L_10NL,3,90L_10NL_3_1,1,280,"('s', 'ɡ', 's')",maldesimos,maldesimos
90L_10NL,3,90L_10NL_3_1,1,280,"('s', 'ɡ', 's')",maldesimos,maldesimos
90L_10NL,3,90L_10NL_3_1,1,280,"('s', 'ɡ', 's')",maldesimos,maldesimos
90L_10NL,3,90L_10NL_3_1,1,280,"('s', 'ɡ', 's')",maldesimos,maldesimos
90L_10NL,3,90L_10NL_3_1,1,280,"('s', 'ɡ', 's')",maldesimos,maldesimos
90L_10NL,3,90L_10NL_3_1,1,1085,"('s', 's', 's')",maldesimos,maldesimos
90L_10NL,3,90L_10NL_3_1,1,1085,"('s', 's', 's')",maldesimos,maldesimos
90L_10NL,3,90L_10NL_3_1,1,280,"('s', 'ɡ', 's')",maldesimos,maldesimos
90L_10NL,3,90L_10NL_3_1,1,280,"('s', 'ɡ', 's')",maldesimos,maldesimos
90L_10NL,3,90L_10NL_3_1,1,280,"('s', 'ɡ', 's')",maldesimos,maldesimos
90L_10NL,3,90L_10NL_3_1,1,280,"('s', 'ɡ', 's')",maldesimos,maldesimos
90L_10NL,3,90L_10NL_3_1,1,280,"('s', 'ɡ', 's')",maldesimos,maldesimos
90L_10NL,3,90L_10NL_3_1,1,280,"('s', 'ɡ', 's')",maldesimos,maldesimos
90L_10NL,3,90L_10NL_3_1,1,280,"('s', 'ɡ', 's')",maldesimos,maldesimos
90L_10NL,3,90L_10NL_3_1,1,1085,"('s', 's', 's')",maldesimos,maldesimos
90L_10NL,3,90L_10NL_3_1,1,280,"('s', 'ɡ', 's')",maldesimos,maldesimos
90L_10NL,3,90L_10NL_3_1,1,280,"('s', 'ɡ', 's')",maldesimos,maldesimos
90L_10NL,3,90L_10NL_3_1,1,280,"('s', 'ɡ', 's')",maldesimos,maldesimos
90L_10NL,3,90L_10NL_3_1,1,280,"('s', 'ɡ', 's')",maldesimos,maldesimos
90L_10NL,3,90L_10NL_3_1,1,280,"('s', 'ɡ', 's')",maldesimos,maldesimos
90L_10NL,3,90L_10NL_3_1,1,280,"('s', 'ɡ', 's')",maldesimos,maldesimos
90L_10NL,3,90L_10NL_3_1,1,280,"('s', 'ɡ', 's')",maldesimos,maldesimos
90L_10NL,3,90L_10NL_3_1,0,280,"('s', 'ɡ', 's')",malidesimos,maldesimos
90L_10NL,3,90L_10NL_3_1,1,280,"('s', 'ɡ', 's')",maldesimos,maldesimos
90L_10NL,3,90L_10NL_3_1,0,280,"('s', 'ɡ', 's')",malisimos,maldesimos
90L_10NL,3,90L_10NL_3_1,1,280,"('s', 'ɡ', 's')",maldesimos,maldesimos
90L_10NL,3,90L_10NL_3_1,0,280,"('s', 'ɡ', 's')",malisimos,maldesimos
90L_10NL,3,90L_10NL_3_1,0,280,"('s', 'ɡ', 's')",malisimos,maldesimos
90L_10NL,3,90L_10NL_3_1,1,280,"('s', 'ɡ', 's')",maldesimos,maldesimos
90L_10NL,3,90L_10NL_3_1,0,210,"('ɡ', 'ɡ', 's')",malidesimos,maldesimos
90L_10NL,3,90L_10NL_3_1,0,210,"('ɡ', 'ɡ', 's')",malidesimos,maldesimos
90L_10NL,3,90L_10NL_3_1,0,210,"('ɡ', 'ɡ', 's')",malidesimos,maldesimos
90L_10NL,3,90L_10NL_3_1,0,210,"('ɡ', 'ɡ', 's')",malidesimos,maldesimos
90L_10NL,3,90L_10NL_3_1,0,210,"('ɡ', 'ɡ', 's')",malidesimos,maldesimos
90L_10NL,3,90L_10NL_3_1,0,210,"('ɡ', 'ɡ', 's')",malidesimos,maldesimos
90L_10NL,3,90L_10NL_3_1,0,210,"('ɡ', 'ɡ', 's')",malidesimos,maldesimos
90L_10NL,3,90L_10NL_3_1,0,210,"('ɡ', 'ɡ', 's')",malidesimos,maldesimos
90L_10NL,3,90L_10NL_3_1,0,210,"('ɡ', 'ɡ', 's')",malidesimos,maldesimos
90L_10NL,3,90L_10NL_3_1,0,210,"('ɡ', 'ɡ', 's')",malidesimos,maldesimos
90L_10NL,3,90L_10NL_3_1,0,210,"('ɡ', 'ɡ', 's')",malidesimos,maldesimos
90L_10NL,3,90L_10NL_3_1,1,210,"('ɡ', 'ɡ', 's')",maldesimos,maldesimos
90L_10NL,3,90L_10NL_3_1,1,210,"('ɡ', 'ɡ', 's')",maldesimos,maldesimos
90L_10NL,3,90L_10NL_3_1,1,210,"('ɡ', 'ɡ', 's')",maldesimos,maldesimos
90L_10NL,3,90L_10NL_3_1,1,210,"('ɡ', 'ɡ', 's')",maldesimos,maldesimos
90L_10NL,3,90L_10NL_3_1,1,210,"('ɡ', 'ɡ', 's')",maldesimos,maldesimos
90L_10NL,3,90L_10NL_3_1,1,210,"('ɡ', 'ɡ', 's')",maldesimos,maldesimos
90L_10NL,3,90L_10NL_3_1,1,210,"('ɡ', 'ɡ', 's')",maldesimos,maldesimos
90L_10NL,3,90L_10NL_3_1,0,210,"('ɡ', 'ɡ', 's')",malidesimos,maldesimos
90L_10NL,3,90L_10NL_3_1,0,210,"('ɡ', 'ɡ', 's')",malidesimos,maldesimos
90L_10NL,3,90L_10NL_3_1,0,210,"('ɡ', 'ɡ', 's')",malidesimos,maldesimos
90L_10NL,3,90L_10NL_3_1,1,1085,"('s', 's', 's')",maldesis,maldesis
90L_10NL,3,90L_10NL_3_1,1,1085,"('s', 's', 's')",maldesis,maldesis
90L_10NL,3,90L_10NL_3_1,1,1085,"('s', 's', 's')",maldesis,maldesis
90L_10NL,3,90L_10NL_3_1,1,280,"('s', 'ɡ', 's')",maldesis,maldesis
90L_10NL,3,90L_10NL_3_1,1,280,"('s', 'ɡ', 's')",maldesis,maldesis
90L_10NL,3,90L_10NL_3_1,1,280,"('s', 'ɡ', 's')",maldesis,maldesis
90L_10NL,3,90L_10NL_3_1,1,280,"('s', 'ɡ', 's')",maldesis,maldesis
90L_10NL,3,90L_10NL_3_1,1,280,"('s', 'ɡ', 's')",maldesis,maldesis
90L_10NL,3,90L_10NL_3_1,1,280,"('s', 'ɡ', 's')",maldesis,maldesis
90L_10NL,3,90L_10NL_3_1,1,280,"('s', 'ɡ', 's')",maldesis,maldesis
90L_10NL,3,90L_10NL_3_1,1,1085,"('s', 's', 's')",maldesis,maldesis
90L_10NL,3,90L_10NL_3_1,1,1085,"('s', 's', 's')",maldesis,maldesis
90L_10NL,3,90L_10NL_3_1,1,280,"('s', 'ɡ', 's')",maldesis,maldesis
90L_10NL,3,90L_10NL_3_1,1,280,"('s', 'ɡ', 's')",maldesis,maldesis
90L_10NL,3,90L_10NL_3_1,1,280,"('s', 'ɡ', 's')",maldesis,maldesis
90L_10NL,3,90L_10NL_3_1,1,280,"('s', 'ɡ', 's')",maldesis,maldesis
90L_10NL,3,90L_10NL_3_1,1,280,"('s', 'ɡ', 's')",maldesis,maldesis
90L_10NL,3,90L_10NL_3_1,1,280,"('s', 'ɡ', 's')",maldesis,maldesis
90L_10NL,3,90L_10NL_3_1,1,280,"('s', 'ɡ', 's')",maldesis,maldesis
90L_10NL,3,90L_10NL_3_1,1,1085,"('s', 's', 's')",maldesis,maldesis
90L_10NL,3,90L_10NL_3_1,1,280,"('s', 'ɡ', 's')",maldesis,maldesis
90L_10NL,3,90L_10NL_3_1,1,280,"('s', 'ɡ', 's')",maldesis,maldesis
90L_10NL,3,90L_10NL_3_1,1,280,"('s', 'ɡ', 's')",maldesis,maldesis
90L_10NL,3,90L_10NL_3_1,1,280,"('s', 'ɡ', 's')",maldesis,maldesis
90L_10NL,3,90L_10NL_3_1,1,280,"('s', 'ɡ', 's')",maldesis,maldesis
90L_10NL,3,90L_10NL_3_1,1,280,"('s', 'ɡ', 's')",maldesis,maldesis
90L_10NL,3,90L_10NL_3_1,1,280,"('s', 'ɡ', 's')",maldesis,maldesis
90L_10NL,3,90L_10NL_3_1,0,280,"('s', 'ɡ', 's')",malidesis,maldesis
90L_10NL,3,90L_10NL_3_1,1,280,"('s', 'ɡ', 's')",maldesis,maldesis
90L_10NL,3,90L_10NL_3_1,0,280,"('s', 'ɡ', 's')",malidesis,maldesis
90L_10NL,3,90L_10NL_3_1,0,280,"('s', 'ɡ', 's')",malisis,maldesis
90L_10NL,3,90L_10NL_3_1,0,280,"('s', 'ɡ', 's')",malidesis,maldesis
90L_10NL,3,90L_10NL_3_1,0,280,"('s', 'ɡ', 's')",malidesis,maldesis
90L_10NL,3,90L_10NL_3_1,0,280,"('s', 'ɡ', 's')",malisis,maldesis
90L_10NL,3,90L_10NL_3_1,0,210,"('ɡ', 'ɡ', 's')",malidesis,maldesis
90L_10NL,3,90L_10NL_3_1,0,210,"('ɡ', 'ɡ', 's')",malidesis,maldesis
90L_10NL,3,90L_10NL_3_1,0,210,"('ɡ', 'ɡ', 's')",malidesis,maldesis
90L_10NL,3,90L_10NL_3_1,0,210,"('ɡ', 'ɡ', 's')",malidesis,maldesis
90L_10NL,3,90L_10NL_3_1,0,210,"('ɡ', 'ɡ', 's')",malidesis,maldesis
90L_10NL,3,90L_10NL_3_1,0,210,"('ɡ', 'ɡ', 's')",malidesis,maldesis
90L_10NL,3,90L_10NL_3_1,0,210,"('ɡ', 'ɡ', 's')",malidesis,maldesis
90L_10NL,3,90L_10NL_3_1,0,210,"('ɡ', 'ɡ', 's')",malidesis,maldesis
90L_10NL,3,90L_10NL_3_1,0,210,"('ɡ', 'ɡ', 's')",malidesis,maldesis
90L_10NL,3,90L_10NL_3_1,0,210,"('ɡ', 'ɡ', 's')",malidesis,maldesis
90L_10NL,3,90L_10NL_3_1,0,210,"('ɡ', 'ɡ', 's')",malidesis,maldesis
90L_10NL,3,90L_10NL_3_1,1,210,"('ɡ', 'ɡ', 's')",maldesis,maldesis
90L_10NL,3,90L_10NL_3_1,1,210,"('ɡ', 'ɡ', 's')",maldesis,maldesis
90L_10NL,3,90L_10NL_3_1,1,210,"('ɡ', 'ɡ', 's')",maldesis,maldesis
90L_10NL,3,90L_10NL_3_1,1,210,"('ɡ', 'ɡ', 's')",maldesis,maldesis
90L_10NL,3,90L_10NL_3_1,0,210,"('ɡ', 'ɡ', 's')",malidesis,maldesis
90L_10NL,3,90L_10NL_3_1,0,210,"('ɡ', 'ɡ', 's')",malidesis,maldesis
90L_10NL,3,90L_10NL_3_1,1,210,"('ɡ', 'ɡ', 's')",maldesis,maldesis
90L_10NL,3,90L_10NL_3_1,0,210,"('ɡ', 'ɡ', 's')",malidesis,maldesis
90L_10NL,3,90L_10NL_3_1,0,210,"('ɡ', 'ɡ', 's')",malidesis,maldesis
90L_10NL,3,90L_10NL_3_1,0,210,"('ɡ', 'ɡ', 's')",malidesis,maldesis
90L_10NL,3,90L_10NL_3_1,1,1085,"('s', 's', 's')",maldisen,maldisen
90L_10NL,3,90L_10NL_3_1,1,1085,"('s', 's', 's')",maldisen,maldisen
90L_10NL,3,90L_10NL_3_1,1,1085,"('s', 's', 's')",maldisen,maldisen
90L_10NL,3,90L_10NL_3_1,1,280,"('s', 'ɡ', 's')",maldisen,maldisen
90L_10NL,3,90L_10NL_3_1,1,280,"('s', 'ɡ', 's')",maldisen,maldisen
90L_10NL,3,90L_10NL_3_1,1,280,"('s', 'ɡ', 's')",maldisen,maldisen
90L_10NL,3,90L_10NL_3_1,1,280,"('s', 'ɡ', 's')",maldisen,maldisen
90L_10NL,3,90L_10NL_3_1,1,280,"('s', 'ɡ', 's')",maldisen,maldisen
90L_10NL,3,90L_10NL_3_1,1,280,"('s', 'ɡ', 's')",maldisen,maldisen
90L_10NL,3,90L_10NL_3_1,1,280,"('s', 'ɡ', 's')",maldisen,maldisen
90L_10NL,3,90L_10NL_3_1,1,1085,"('s', 's', 's')",maldisen,maldisen
90L_10NL,3,90L_10NL_3_1,1,1085,"('s', 's', 's')",maldisen,maldisen
90L_10NL,3,90L_10NL_3_1,1,280,"('s', 'ɡ', 's')",maldisen,maldisen
90L_10NL,3,90L_10NL_3_1,1,280,"('s', 'ɡ', 's')",maldisen,maldisen
90L_10NL,3,90L_10NL_3_1,1,280,"('s', 'ɡ', 's')",maldisen,maldisen
90L_10NL,3,90L_10NL_3_1,1,280,"('s', 'ɡ', 's')",maldisen,maldisen
90L_10NL,3,90L_10NL_3_1,1,280,"('s', 'ɡ', 's')",maldisen,maldisen
90L_10NL,3,90L_10NL_3_1,1,280,"('s', 'ɡ', 's')",maldisen,maldisen
90L_10NL,3,90L_10NL_3_1,1,280,"('s', 'ɡ', 's')",maldisen,maldisen
90L_10NL,3,90L_10NL_3_1,1,1085,"('s', 's', 's')",maldisen,maldisen
90L_10NL,3,90L_10NL_3_1,1,280,"('s', 'ɡ', 's')",maldisen,maldisen
90L_10NL,3,90L_10NL_3_1,1,280,"('s', 'ɡ', 's')",maldisen,maldisen
90L_10NL,3,90L_10NL_3_1,1,280,"('s', 'ɡ', 's')",maldisen,maldisen
90L_10NL,3,90L_10NL_3_1,1,280,"('s', 'ɡ', 's')",maldisen,maldisen
90L_10NL,3,90L_10NL_3_1,1,280,"('s', 'ɡ', 's')",maldisen,maldisen
90L_10NL,3,90L_10NL_3_1,1,280,"('s', 'ɡ', 's')",maldisen,maldisen
90L_10NL,3,90L_10NL_3_1,1,280,"('s', 'ɡ', 's')",maldisen,maldisen
90L_10NL,3,90L_10NL_3_1,0,280,"('s', 'ɡ', 's')",malidisen,maldisen
90L_10NL,3,90L_10NL_3_1,1,280,"('s', 'ɡ', 's')",maldisen,maldisen
90L_10NL,3,90L_10NL_3_1,1,280,"('s', 'ɡ', 's')",maldisen,maldisen
90L_10NL,3,90L_10NL_3_1,1,280,"('s', 'ɡ', 's')",maldisen,maldisen
90L_10NL,3,90L_10NL_3_1,1,280,"('s', 'ɡ', 's')",maldisen,maldisen
90L_10NL,3,90L_10NL_3_1,1,280,"('s', 'ɡ', 's')",maldisen,maldisen
90L_10NL,3,90L_10NL_3_1,1,280,"('s', 'ɡ', 's')",maldisen,maldisen
90L_10NL,3,90L_10NL_3_1,0,210,"('ɡ', 'ɡ', 's')",malidisen,maldisen
90L_10NL,3,90L_10NL_3_1,0,210,"('ɡ', 'ɡ', 's')",malidisen,maldisen
90L_10NL,3,90L_10NL_3_1,0,210,"('ɡ', 'ɡ', 's')",malidisen,maldisen
90L_10NL,3,90L_10NL_3_1,0,210,"('ɡ', 'ɡ', 's')",malidisen,maldisen
90L_10NL,3,90L_10NL_3_1,0,210,"('ɡ', 'ɡ', 's')",malidisen,maldisen
90L_10NL,3,90L_10NL_3_1,0,210,"('ɡ', 'ɡ', 's')",malidisen,maldisen
90L_10NL,3,90L_10NL_3_1,0,210,"('ɡ', 'ɡ', 's')",malidisen,maldisen
90L_10NL,3,90L_10NL_3_1,0,210,"('ɡ', 'ɡ', 's')",malidisen,maldisen
90L_10NL,3,90L_10NL_3_1,0,210,"('ɡ', 'ɡ', 's')",malidisen,maldisen
90L_10NL,3,90L_10NL_3_1,0,210,"('ɡ', 'ɡ', 's')",malidisen,maldisen
90L_10NL,3,90L_10NL_3_1,0,210,"('ɡ', 'ɡ', 's')",malidisen,maldisen
90L_10NL,3,90L_10NL_3_1,1,210,"('ɡ', 'ɡ', 's')",maldisen,maldisen
90L_10NL,3,90L_10NL_3_1,1,210,"('ɡ', 'ɡ', 's')",maldisen,maldisen
90L_10NL,3,90L_10NL_3_1,1,210,"('ɡ', 'ɡ', 's')",maldisen,maldisen
90L_10NL,3,90L_10NL_3_1,1,210,"('ɡ', 'ɡ', 's')",maldisen,maldisen
90L_10NL,3,90L_10NL_3_1,1,210,"('ɡ', 'ɡ', 's')",maldisen,maldisen
90L_10NL,3,90L_10NL_3_1,1,210,"('ɡ', 'ɡ', 's')",maldisen,maldisen
90L_10NL,3,90L_10NL_3_1,1,210,"('ɡ', 'ɡ', 's')",maldisen,maldisen
90L_10NL,3,90L_10NL_3_1,0,210,"('ɡ', 'ɡ', 's')",malidisen,maldisen
90L_10NL,3,90L_10NL_3_1,1,210,"('ɡ', 'ɡ', 's')",maldisen,maldisen
90L_10NL,3,90L_10NL_3_1,1,210,"('ɡ', 'ɡ', 's')",maldisen,maldisen
90L_10NL,3,90L_10NL_3_1,1,1085,"('s', 's', 's')",maldises,maldises
90L_10NL,3,90L_10NL_3_1,1,1085,"('s', 's', 's')",maldises,maldises
90L_10NL,3,90L_10NL_3_1,1,1085,"('s', 's', 's')",maldises,maldises
90L_10NL,3,90L_10NL_3_1,1,280,"('s', 'ɡ', 's')",maldises,maldises
90L_10NL,3,90L_10NL_3_1,1,280,"('s', 'ɡ', 's')",maldises,maldises
90L_10NL,3,90L_10NL_3_1,1,280,"('s', 'ɡ', 's')",maldises,maldises
90L_10NL,3,90L_10NL_3_1,1,280,"('s', 'ɡ', 's')",maldises,maldises
90L_10NL,3,90L_10NL_3_1,1,280,"('s', 'ɡ', 's')",maldises,maldises
90L_10NL,3,90L_10NL_3_1,1,280,"('s', 'ɡ', 's')",maldises,maldises
90L_10NL,3,90L_10NL_3_1,1,280,"('s', 'ɡ', 's')",maldises,maldises
90L_10NL,3,90L_10NL_3_1,1,1085,"('s', 's', 's')",maldises,maldises
90L_10NL,3,90L_10NL_3_1,1,1085,"('s', 's', 's')",maldises,maldises
90L_10NL,3,90L_10NL_3_1,1,280,"('s', 'ɡ', 's')",maldises,maldises
90L_10NL,3,90L_10NL_3_1,1,280,"('s', 'ɡ', 's')",maldises,maldises
90L_10NL,3,90L_10NL_3_1,1,280,"('s', 'ɡ', 's')",maldises,maldises
90L_10NL,3,90L_10NL_3_1,1,280,"('s', 'ɡ', 's')",maldises,maldises
90L_10NL,3,90L_10NL_3_1,1,280,"('s', 'ɡ', 's')",maldises,maldises
90L_10NL,3,90L_10NL_3_1,1,280,"('s', 'ɡ', 's')",maldises,maldises
90L_10NL,3,90L_10NL_3_1,1,280,"('s', 'ɡ', 's')",maldises,maldises
90L_10NL,3,90L_10NL_3_1,1,1085,"('s', 's', 's')",maldises,maldises
90L_10NL,3,90L_10NL_3_1,1,280,"('s', 'ɡ', 's')",maldises,maldises
90L_10NL,3,90L_10NL_3_1,1,280,"('s', 'ɡ', 's')",maldises,maldises
90L_10NL,3,90L_10NL_3_1,1,280,"('s', 'ɡ', 's')",maldises,maldises
90L_10NL,3,90L_10NL_3_1,1,280,"('s', 'ɡ', 's')",maldises,maldises
90L_10NL,3,90L_10NL_3_1,1,280,"('s', 'ɡ', 's')",maldises,maldises
90L_10NL,3,90L_10NL_3_1,1,280,"('s', 'ɡ', 's')",maldises,maldises
90L_10NL,3,90L_10NL_3_1,1,280,"('s', 'ɡ', 's')",maldises,maldises
90L_10NL,3,90L_10NL_3_1,1,280,"('s', 'ɡ', 's')",maldises,maldises
90L_10NL,3,90L_10NL_3_1,1,280,"('s', 'ɡ', 's')",maldises,maldises
90L_10NL,3,90L_10NL_3_1,1,280,"('s', 'ɡ', 's')",maldises,maldises
90L_10NL,3,90L_10NL_3_1,1,280,"('s', 'ɡ', 's')",maldises,maldises
90L_10NL,3,90L_10NL_3_1,1,280,"('s', 'ɡ', 's')",maldises,maldises
90L_10NL,3,90L_10NL_3_1,1,280,"('s', 'ɡ', 's')",maldises,maldises
90L_10NL,3,90L_10NL_3_1,1,280,"('s', 'ɡ', 's')",maldises,maldises
90L_10NL,3,90L_10NL_3_1,0,210,"('ɡ', 'ɡ', 's')",malidises,maldises
90L_10NL,3,90L_10NL_3_1,0,210,"('ɡ', 'ɡ', 's')",malidises,maldises
90L_10NL,3,90L_10NL_3_1,0,210,"('ɡ', 'ɡ', 's')",malidises,maldises
90L_10NL,3,90L_10NL_3_1,0,210,"('ɡ', 'ɡ', 's')",malidises,maldises
90L_10NL,3,90L_10NL_3_1,0,210,"('ɡ', 'ɡ', 's')",malidises,maldises
90L_10NL,3,90L_10NL_3_1,0,210,"('ɡ', 'ɡ', 's')",malidises,maldises
90L_10NL,3,90L_10NL_3_1,0,210,"('ɡ', 'ɡ', 's')",malidises,maldises
90L_10NL,3,90L_10NL_3_1,0,210,"('ɡ', 'ɡ', 's')",malidises,maldises
90L_10NL,3,90L_10NL_3_1,0,210,"('ɡ', 'ɡ', 's')",malidises,maldises
90L_10NL,3,90L_10NL_3_1,0,210,"('ɡ', 'ɡ', 's')",malidises,maldises
90L_10NL,3,90L_10NL_3_1,0,210,"('ɡ', 'ɡ', 's')",malidises,maldises
90L_10NL,3,90L_10NL_3_1,1,210,"('ɡ', 'ɡ', 's')",maldises,maldises
90L_10NL,3,90L_10NL_3_1,1,210,"('ɡ', 'ɡ', 's')",maldises,maldises
90L_10NL,3,90L_10NL_3_1,1,210,"('ɡ', 'ɡ', 's')",maldises,maldises
90L_10NL,3,90L_10NL_3_1,1,210,"('ɡ', 'ɡ', 's')",maldises,maldises
90L_10NL,3,90L_10NL_3_1,1,210,"('ɡ', 'ɡ', 's')",maldises,maldises
90L_10NL,3,90L_10NL_3_1,1,210,"('ɡ', 'ɡ', 's')",maldises,maldises
90L_10NL,3,90L_10NL_3_1,1,210,"('ɡ', 'ɡ', 's')",maldises,maldises
90L_10NL,3,90L_10NL_3_1,1,210,"('ɡ', 'ɡ', 's')",maldises,maldises
90L_10NL,3,90L_10NL_3_1,1,210,"('ɡ', 'ɡ', 's')",maldises,maldises
90L_10NL,3,90L_10NL_3_1,1,210,"('ɡ', 'ɡ', 's')",maldises,maldises
90L_10NL,3,90L_10NL_3_1,1,1085,"('s', 's', 's')",maldise,maldise
90L_10NL,3,90L_10NL_3_1,1,1085,"('s', 's', 's')",maldise,maldise
90L_10NL,3,90L_10NL_3_1,1,1085,"('s', 's', 's')",maldise,maldise
90L_10NL,3,90L_10NL_3_1,1,280,"('s', 'ɡ', 's')",maldise,maldise
90L_10NL,3,90L_10NL_3_1,1,280,"('s', 'ɡ', 's')",maldise,maldise
90L_10NL,3,90L_10NL_3_1,1,280,"('s', 'ɡ', 's')",maldise,maldise
90L_10NL,3,90L_10NL_3_1,1,280,"('s', 'ɡ', 's')",maldise,maldise
90L_10NL,3,90L_10NL_3_1,1,280,"('s', 'ɡ', 's')",maldise,maldise
90L_10NL,3,90L_10NL_3_1,1,280,"('s', 'ɡ', 's')",maldise,maldise
90L_10NL,3,90L_10NL_3_1,1,280,"('s', 'ɡ', 's')",maldise,maldise
90L_10NL,3,90L_10NL_3_1,1,1085,"('s', 's', 's')",maldise,maldise
90L_10NL,3,90L_10NL_3_1,1,1085,"('s', 's', 's')",maldise,maldise
90L_10NL,3,90L_10NL_3_1,1,280,"('s', 'ɡ', 's')",maldise,maldise
90L_10NL,3,90L_10NL_3_1,1,280,"('s', 'ɡ', 's')",maldise,maldise
90L_10NL,3,90L_10NL_3_1,1,280,"('s', 'ɡ', 's')",maldise,maldise
90L_10NL,3,90L_10NL_3_1,1,280,"('s', 'ɡ', 's')",maldise,maldise
90L_10NL,3,90L_10NL_3_1,1,280,"('s', 'ɡ', 's')",maldise,maldise
90L_10NL,3,90L_10NL_3_1,1,280,"('s', 'ɡ', 's')",maldise,maldise
90L_10NL,3,90L_10NL_3_1,1,280,"('s', 'ɡ', 's')",maldise,maldise
90L_10NL,3,90L_10NL_3_1,1,1085,"('s', 's', 's')",maldise,maldise
90L_10NL,3,90L_10NL_3_1,1,280,"('s', 'ɡ', 's')",maldise,maldise
90L_10NL,3,90L_10NL_3_1,1,280,"('s', 'ɡ', 's')",maldise,maldise
90L_10NL,3,90L_10NL_3_1,1,280,"('s', 'ɡ', 's')",maldise,maldise
90L_10NL,3,90L_10NL_3_1,1,280,"('s', 'ɡ', 's')",maldise,maldise
90L_10NL,3,90L_10NL_3_1,1,280,"('s', 'ɡ', 's')",maldise,maldise
90L_10NL,3,90L_10NL_3_1,1,280,"('s', 'ɡ', 's')",maldise,maldise
90L_10NL,3,90L_10NL_3_1,1,280,"('s', 'ɡ', 's')",maldise,maldise
90L_10NL,3,90L_10NL_3_1,1,280,"('s', 'ɡ', 's')",maldise,maldise
90L_10NL,3,90L_10NL_3_1,1,280,"('s', 'ɡ', 's')",maldise,maldise
90L_10NL,3,90L_10NL_3_1,1,280,"('s', 'ɡ', 's')",maldise,maldise
90L_10NL,3,90L_10NL_3_1,1,280,"('s', 'ɡ', 's')",maldise,maldise
90L_10NL,3,90L_10NL_3_1,1,280,"('s', 'ɡ', 's')",maldise,maldise
90L_10NL,3,90L_10NL_3_1,1,280,"('s', 'ɡ', 's')",maldise,maldise
90L_10NL,3,90L_10NL_3_1,1,280,"('s', 'ɡ', 's')",maldise,maldise
90L_10NL,3,90L_10NL_3_1,0,210,"('ɡ', 'ɡ', 's')",malidise,maldise
90L_10NL,3,90L_10NL_3_1,0,210,"('ɡ', 'ɡ', 's')",malidise,maldise
90L_10NL,3,90L_10NL_3_1,0,210,"('ɡ', 'ɡ', 's')",malidise,maldise
90L_10NL,3,90L_10NL_3_1,0,210,"('ɡ', 'ɡ', 's')",malidise,maldise
90L_10NL,3,90L_10NL_3_1,0,210,"('ɡ', 'ɡ', 's')",malidise,maldise
90L_10NL,3,90L_10NL_3_1,0,210,"('ɡ', 'ɡ', 's')",malidise,maldise
90L_10NL,3,90L_10NL_3_1,0,210,"('ɡ', 'ɡ', 's')",malidise,maldise
90L_10NL,3,90L_10NL_3_1,0,210,"('ɡ', 'ɡ', 's')",malidise,maldise
90L_10NL,3,90L_10NL_3_1,0,210,"('ɡ', 'ɡ', 's')",malidise,maldise
90L_10NL,3,90L_10NL_3_1,0,210,"('ɡ', 'ɡ', 's')",malidise,maldise
90L_10NL,3,90L_10NL_3_1,0,210,"('ɡ', 'ɡ', 's')",malidise,maldise
90L_10NL,3,90L_10NL_3_1,1,210,"('ɡ', 'ɡ', 's')",maldise,maldise
90L_10NL,3,90L_10NL_3_1,1,210,"('ɡ', 'ɡ', 's')",maldise,maldise
90L_10NL,3,90L_10NL_3_1,1,210,"('ɡ', 'ɡ', 's')",maldise,maldise
90L_10NL,3,90L_10NL_3_1,1,210,"('ɡ', 'ɡ', 's')",maldise,maldise
90L_10NL,3,90L_10NL_3_1,1,210,"('ɡ', 'ɡ', 's')",maldise,maldise
90L_10NL,3,90L_10NL_3_1,1,210,"('ɡ', 'ɡ', 's')",maldise,maldise
90L_10NL,3,90L_10NL_3_1,1,210,"('ɡ', 'ɡ', 's')",maldise,maldise
90L_10NL,3,90L_10NL_3_1,1,210,"('ɡ', 'ɡ', 's')",maldise,maldise
90L_10NL,3,90L_10NL_3_1,1,210,"('ɡ', 'ɡ', 's')",maldise,maldise
90L_10NL,3,90L_10NL_3_1,1,210,"('ɡ', 'ɡ', 's')",maldise,maldise
90L_10NL,3,90L_10NL_3_1,1,140,"('s', 's', 'ɡ')",maldiɡajs,maldiɡajs
90L_10NL,3,90L_10NL_3_1,1,140,"('s', 's', 'ɡ')",maldiɡajs,maldiɡajs
90L_10NL,3,90L_10NL_3_1,1,140,"('s', 's', 'ɡ')",maldiɡajs,maldiɡajs
90L_10NL,3,90L_10NL_3_1,1,140,"('s', 's', 'ɡ')",maldiɡajs,maldiɡajs
90L_10NL,3,90L_10NL_3_1,1,420,"('s', 'ɡ', 'ɡ')",maldiɡajs,maldiɡajs
90L_10NL,3,90L_10NL_3_1,1,420,"('s', 'ɡ', 'ɡ')",maldiɡajs,maldiɡajs
90L_10NL,3,90L_10NL_3_1,1,420,"('s', 'ɡ', 'ɡ')",maldiɡajs,maldiɡajs
90L_10NL,3,90L_10NL_3_1,1,420,"('s', 'ɡ', 'ɡ')",maldiɡajs,maldiɡajs
90L_10NL,3,90L_10NL_3_1,1,420,"('s', 'ɡ', 'ɡ')",maldiɡajs,maldiɡajs
90L_10NL,3,90L_10NL_3_1,1,420,"('s', 'ɡ', 'ɡ')",maldiɡajs,maldiɡajs
90L_10NL,3,90L_10NL_3_1,1,140,"('s', 's', 'ɡ')",maldiɡajs,maldiɡajs
90L_10NL,3,90L_10NL_3_1,1,140,"('s', 's', 'ɡ')",maldiɡajs,maldiɡajs
90L_10NL,3,90L_10NL_3_1,1,140,"('s', 's', 'ɡ')",maldiɡajs,maldiɡajs
90L_10NL,3,90L_10NL_3_1,1,420,"('s', 'ɡ', 'ɡ')",maldiɡajs,maldiɡajs
90L_10NL,3,90L_10NL_3_1,1,420,"('s', 'ɡ', 'ɡ')",maldiɡajs,maldiɡajs
90L_10NL,3,90L_10NL_3_1,1,420,"('s', 'ɡ', 'ɡ')",maldiɡajs,maldiɡajs
90L_10NL,3,90L_10NL_3_1,1,420,"('s', 'ɡ', 'ɡ')",maldiɡajs,maldiɡajs
90L_10NL,3,90L_10NL_3_1,1,420,"('s', 'ɡ', 'ɡ')",maldiɡajs,maldiɡajs
90L_10NL,3,90L_10NL_3_1,1,420,"('s', 'ɡ', 'ɡ')",maldiɡajs,maldiɡajs
90L_10NL,3,90L_10NL_3_1,1,140,"('s', 's', 'ɡ')",maldiɡajs,maldiɡajs
90L_10NL,3,90L_10NL_3_1,1,140,"('s', 's', 'ɡ')",maldiɡajs,maldiɡajs
90L_10NL,3,90L_10NL_3_1,0,420,"('s', 'ɡ', 'ɡ')",malisis,maldiɡajs
90L_10NL,3,90L_10NL_3_1,0,420,"('s', 'ɡ', 'ɡ')",malisis,maldiɡajs
90L_10NL,3,90L_10NL_3_1,0,420,"('s', 'ɡ', 'ɡ')",malisis,maldiɡajs
90L_10NL,3,90L_10NL_3_1,0,420,"('s', 'ɡ', 'ɡ')",malisis,maldiɡajs
90L_10NL,3,90L_10NL_3_1,0,420,"('s', 'ɡ', 'ɡ')",malisis,maldiɡajs
90L_10NL,3,90L_10NL_3_1,1,420,"('s', 'ɡ', 'ɡ')",maldiɡajs,maldiɡajs
90L_10NL,3,90L_10NL_3_1,1,140,"('s', 's', 'ɡ')",maldiɡajs,maldiɡajs
90L_10NL,3,90L_10NL_3_1,0,420,"('s', 'ɡ', 'ɡ')",malisis,maldiɡajs
90L_10NL,3,90L_10NL_3_1,0,420,"('s', 'ɡ', 'ɡ')",malisis,maldiɡajs
90L_10NL,3,90L_10NL_3_1,0,420,"('s', 'ɡ', 'ɡ')",malisis,maldiɡajs
90L_10NL,3,90L_10NL_3_1,0,420,"('s', 'ɡ', 'ɡ')",malisis,maldiɡajs
90L_10NL,3,90L_10NL_3_1,0,420,"('s', 'ɡ', 'ɡ')",malisɡajs,maldiɡajs
90L_10NL,3,90L_10NL_3_1,0,420,"('s', 'ɡ', 'ɡ')",malisɡajs,maldiɡajs
90L_10NL,3,90L_10NL_3_1,0,420,"('s', 'ɡ', 'ɡ')",malisɡajs,maldiɡajs
90L_10NL,3,90L_10NL_3_1,0,420,"('s', 'ɡ', 'ɡ')",malisɡajs,maldiɡajs
90L_10NL,3,90L_10NL_3_1,0,420,"('s', 'ɡ', 'ɡ')",malisis,maldiɡajs
90L_10NL,3,90L_10NL_3_1,0,420,"('s', 'ɡ', 'ɡ')",malidiɡajs,maldiɡajs
90L_10NL,3,90L_10NL_3_1,0,420,"('s', 'ɡ', 'ɡ')",malidiɡajs,maldiɡajs
90L_10NL,3,90L_10NL_3_1,0,420,"('s', 'ɡ', 'ɡ')",malisɡajs,maldiɡajs
90L_10NL,3,90L_10NL_3_1,0,210,"('ɡ', 'ɡ', 'ɡ')",malidiɡajs,maldiɡajs
90L_10NL,3,90L_10NL_3_1,0,210,"('ɡ', 'ɡ', 'ɡ')",malidiɡajs,maldiɡajs
90L_10NL,3,90L_10NL_3_1,0,210,"('ɡ', 'ɡ', 'ɡ')",malidiɡajs,maldiɡajs
90L_10NL,3,90L_10NL_3_1,0,210,"('ɡ', 'ɡ', 'ɡ')",malidiɡajs,maldiɡajs
90L_10NL,3,90L_10NL_3_1,0,210,"('ɡ', 'ɡ', 'ɡ')",malidiɡajs,maldiɡajs
90L_10NL,3,90L_10NL_3_1,0,210,"('ɡ', 'ɡ', 'ɡ')",malidiɡajs,maldiɡajs
90L_10NL,3,90L_10NL_3_1,0,210,"('ɡ', 'ɡ', 'ɡ')",malidiɡajs,maldiɡajs
90L_10NL,3,90L_10NL_3_1,0,210,"('ɡ', 'ɡ', 'ɡ')",malidiɡajs,maldiɡajs
90L_10NL,3,90L_10NL_3_1,0,210,"('ɡ', 'ɡ', 'ɡ')",malidiɡajs,maldiɡajs
90L_10NL,3,90L_10NL_3_1,0,210,"('ɡ', 'ɡ', 'ɡ')",malidiɡajs,maldiɡajs
90L_10NL,3,90L_10NL_3_1,0,210,"('ɡ', 'ɡ', 'ɡ')",malidiɡajs,maldiɡajs
90L_10NL,3,90L_10NL_3_1,0,210,"('ɡ', 'ɡ', 'ɡ')",malidiɡajs,maldiɡajs
90L_10NL,3,90L_10NL_3_1,0,210,"('ɡ', 'ɡ', 'ɡ')",malidiɡajs,maldiɡajs
90L_10NL,3,90L_10NL_3_1,0,210,"('ɡ', 'ɡ', 'ɡ')",malidiɡajs,maldiɡajs
90L_10NL,3,90L_10NL_3_1,0,210,"('ɡ', 'ɡ', 'ɡ')",malidiɡajs,maldiɡajs
90L_10NL,3,90L_10NL_3_1,0,140,"('s', 's', 'ɡ')",maldiskamos,maldiɡamos
90L_10NL,3,90L_10NL_3_1,1,140,"('s', 's', 'ɡ')",maldiɡamos,maldiɡamos
90L_10NL,3,90L_10NL_3_1,1,140,"('s', 's', 'ɡ')",maldiɡamos,maldiɡamos
90L_10NL,3,90L_10NL_3_1,1,140,"('s', 's', 'ɡ')",maldiɡamos,maldiɡamos
90L_10NL,3,90L_10NL_3_1,1,420,"('s', 'ɡ', 'ɡ')",maldiɡamos,maldiɡamos
90L_10NL,3,90L_10NL_3_1,1,420,"('s', 'ɡ', 'ɡ')",maldiɡamos,maldiɡamos
90L_10NL,3,90L_10NL_3_1,1,420,"('s', 'ɡ', 'ɡ')",maldiɡamos,maldiɡamos
90L_10NL,3,90L_10NL_3_1,1,420,"('s', 'ɡ', 'ɡ')",maldiɡamos,maldiɡamos
90L_10NL,3,90L_10NL_3_1,1,420,"('s', 'ɡ', 'ɡ')",maldiɡamos,maldiɡamos
90L_10NL,3,90L_10NL_3_1,1,420,"('s', 'ɡ', 'ɡ')",maldiɡamos,maldiɡamos
90L_10NL,3,90L_10NL_3_1,1,140,"('s', 's', 'ɡ')",maldiɡamos,maldiɡamos
90L_10NL,3,90L_10NL_3_1,1,140,"('s', 's', 'ɡ')",maldiɡamos,maldiɡamos
90L_10NL,3,90L_10NL_3_1,1,140,"('s', 's', 'ɡ')",maldiɡamos,maldiɡamos
90L_10NL,3,90L_10NL_3_1,1,420,"('s', 'ɡ', 'ɡ')",maldiɡamos,maldiɡamos
90L_10NL,3,90L_10NL_3_1,1,420,"('s', 'ɡ', 'ɡ')",maldiɡamos,maldiɡamos
90L_10NL,3,90L_10NL_3_1,1,420,"('s', 'ɡ', 'ɡ')",maldiɡamos,maldiɡamos
90L_10NL,3,90L_10NL_3_1,1,420,"('s', 'ɡ', 'ɡ')",maldiɡamos,maldiɡamos
90L_10NL,3,90L_10NL_3_1,1,420,"('s', 'ɡ', 'ɡ')",maldiɡamos,maldiɡamos
90L_10NL,3,90L_10NL_3_1,1,420,"('s', 'ɡ', 'ɡ')",maldiɡamos,maldiɡamos
90L_10NL,3,90L_10NL_3_1,0,140,"('s', 's', 'ɡ')",maldiskamos,maldiɡamos
90L_10NL,3,90L_10NL_3_1,0,140,"('s', 's', 'ɡ')",maldiskamos,maldiɡamos
90L_10NL,3,90L_10NL_3_1,1,420,"('s', 'ɡ', 'ɡ')",maldiɡamos,maldiɡamos
90L_10NL,3,90L_10NL_3_1,0,420,"('s', 'ɡ', 'ɡ')",malisisɡamos,maldiɡamos
90L_10NL,3,90L_10NL_3_1,1,420,"('s', 'ɡ', 'ɡ')",maldiɡamos,maldiɡamos
90L_10NL,3,90L_10NL_3_1,1,420,"('s', 'ɡ', 'ɡ')",maldiɡamos,maldiɡamos
90L_10NL,3,90L_10NL_3_1,1,420,"('s', 'ɡ', 'ɡ')",maldiɡamos,maldiɡamos
90L_10NL,3,90L_10NL_3_1,1,420,"('s', 'ɡ', 'ɡ')",maldiɡamos,maldiɡamos
90L_10NL,3,90L_10NL_3_1,1,140,"('s', 's', 'ɡ')",maldiɡamos,maldiɡamos
90L_10NL,3,90L_10NL_3_1,1,420,"('s', 'ɡ', 'ɡ')",maldiɡamos,maldiɡamos
90L_10NL,3,90L_10NL_3_1,0,420,"('s', 'ɡ', 'ɡ')",malideskamos,maldiɡamos
90L_10NL,3,90L_10NL_3_1,1,420,"('s', 'ɡ', 'ɡ')",maldiɡamos,maldiɡamos
90L_10NL,3,90L_10NL_3_1,0,420,"('s', 'ɡ', 'ɡ')",malidiɡamos,maldiɡamos
90L_10NL,3,90L_10NL_3_1,0,420,"('s', 'ɡ', 'ɡ')",malidiɡamos,maldiɡamos
90L_10NL,3,90L_10NL_3_1,1,420,"('s', 'ɡ', 'ɡ')",maldiɡamos,maldiɡamos
90L_10NL,3,90L_10NL_3_1,0,420,"('s', 'ɡ', 'ɡ')",malidiɡamos,maldiɡamos
90L_10NL,3,90L_10NL_3_1,0,420,"('s', 'ɡ', 'ɡ')",malisɡamos,maldiɡamos
90L_10NL,3,90L_10NL_3_1,0,420,"('s', 'ɡ', 'ɡ')",malisɡamos,maldiɡamos
90L_10NL,3,90L_10NL_3_1,0,420,"('s', 'ɡ', 'ɡ')",malidiɡamos,maldiɡamos
90L_10NL,3,90L_10NL_3_1,0,420,"('s', 'ɡ', 'ɡ')",malidiɡamos,maldiɡamos
90L_10NL,3,90L_10NL_3_1,0,420,"('s', 'ɡ', 'ɡ')",malidiɡamos,maldiɡamos
90L_10NL,3,90L_10NL_3_1,0,210,"('ɡ', 'ɡ', 'ɡ')",malideskamos,maldiɡamos
90L_10NL,3,90L_10NL_3_1,0,210,"('ɡ', 'ɡ', 'ɡ')",malideskamos,maldiɡamos
90L_10NL,3,90L_10NL_3_1,0,210,"('ɡ', 'ɡ', 'ɡ')",malidiɡamos,maldiɡamos
90L_10NL,3,90L_10NL_3_1,0,210,"('ɡ', 'ɡ', 'ɡ')",malidiɡamos,maldiɡamos
90L_10NL,3,90L_10NL_3_1,0,210,"('ɡ', 'ɡ', 'ɡ')",malidiɡamos,maldiɡamos
90L_10NL,3,90L_10NL_3_1,0,210,"('ɡ', 'ɡ', 'ɡ')",malidiɡamos,maldiɡamos
90L_10NL,3,90L_10NL_3_1,0,210,"('ɡ', 'ɡ', 'ɡ')",malidiɡamos,maldiɡamos
90L_10NL,3,90L_10NL_3_1,0,210,"('ɡ', 'ɡ', 'ɡ')",malidiɡamos,maldiɡamos
90L_10NL,3,90L_10NL_3_1,0,210,"('ɡ', 'ɡ', 'ɡ')",malidiɡamos,maldiɡamos
90L_10NL,3,90L_10NL_3_1,0,210,"('ɡ', 'ɡ', 'ɡ')",malidiɡamos,maldiɡamos
90L_10NL,3,90L_10NL_3_1,0,210,"('ɡ', 'ɡ', 'ɡ')",malidiɡamos,maldiɡamos
90L_10NL,3,90L_10NL_3_1,0,210,"('ɡ', 'ɡ', 'ɡ')",malidiɡamos,maldiɡamos
90L_10NL,3,90L_10NL_3_1,0,210,"('ɡ', 'ɡ', 'ɡ')",malidiɡamos,maldiɡamos
90L_10NL,3,90L_10NL_3_1,0,210,"('ɡ', 'ɡ', 'ɡ')",malidiɡamos,maldiɡamos
90L_10NL,3,90L_10NL_3_1,0,210,"('ɡ', 'ɡ', 'ɡ')",malidiɡamos,maldiɡamos
90L_10NL,3,90L_10NL_3_1,1,140,"('s', 's', 'ɡ')",maldiɡan,maldiɡan
90L_10NL,3,90L_10NL_3_1,1,140,"('s', 's', 'ɡ')",maldiɡan,maldiɡan
90L_10NL,3,90L_10NL_3_1,1,140,"('s', 's', 'ɡ')",maldiɡan,maldiɡan
90L_10NL,3,90L_10NL_3_1,1,140,"('s', 's', 'ɡ')",maldiɡan,maldiɡan
90L_10NL,3,90L_10NL_3_1,1,420,"('s', 'ɡ', 'ɡ')",maldiɡan,maldiɡan
90L_10NL,3,90L_10NL_3_1,1,420,"('s', 'ɡ', 'ɡ')",maldiɡan,maldiɡan
90L_10NL,3,90L_10NL_3_1,1,420,"('s', 'ɡ', 'ɡ')",maldiɡan,maldiɡan
90L_10NL,3,90L_10NL_3_1,1,420,"('s', 'ɡ', 'ɡ')",maldiɡan,maldiɡan
90L_10NL,3,90L_10NL_3_1,1,420,"('s', 'ɡ', 'ɡ')",maldiɡan,maldiɡan
90L_10NL,3,90L_10NL_3_1,1,420,"('s', 'ɡ', 'ɡ')",maldiɡan,maldiɡan
90L_10NL,3,90L_10NL_3_1,1,140,"('s', 's', 'ɡ')",maldiɡan,maldiɡan
90L_10NL,3,90L_10NL_3_1,1,140,"('s', 's', 'ɡ')",maldiɡan,maldiɡan
90L_10NL,3,90L_10NL_3_1,1,140,"('s', 's', 'ɡ')",maldiɡan,maldiɡan
90L_10NL,3,90L_10NL_3_1,1,420,"('s', 'ɡ', 'ɡ')",maldiɡan,maldiɡan
90L_10NL,3,90L_10NL_3_1,1,420,"('s', 'ɡ', 'ɡ')",maldiɡan,maldiɡan
90L_10NL,3,90L_10NL_3_1,1,420,"('s', 'ɡ', 'ɡ')",maldiɡan,maldiɡan
90L_10NL,3,90L_10NL_3_1,1,420,"('s', 'ɡ', 'ɡ')",maldiɡan,maldiɡan
90L_10NL,3,90L_10NL_3_1,1,420,"('s', 'ɡ', 'ɡ')",maldiɡan,maldiɡan
90L_10NL,3,90L_10NL_3_1,1,420,"('s', 'ɡ', 'ɡ')",maldiɡan,maldiɡan
90L_10NL,3,90L_10NL_3_1,1,140,"('s', 's', 'ɡ')",maldiɡan,maldiɡan
90L_10NL,3,90L_10NL_3_1,1,140,"('s', 's', 'ɡ')",maldiɡan,maldiɡan
90L_10NL,3,90L_10NL_3_1,1,420,"('s', 'ɡ', 'ɡ')",maldiɡan,maldiɡan
90L_10NL,3,90L_10NL_3_1,1,420,"('s', 'ɡ', 'ɡ')",maldiɡan,maldiɡan
90L_10NL,3,90L_10NL_3_1,1,420,"('s', 'ɡ', 'ɡ')",maldiɡan,maldiɡan
90L_10NL,3,90L_10NL_3_1,1,420,"('s', 'ɡ', 'ɡ')",maldiɡan,maldiɡan
90L_10NL,3,90L_10NL_3_1,1,420,"('s', 'ɡ', 'ɡ')",maldiɡan,maldiɡan
90L_10NL,3,90L_10NL_3_1,1,420,"('s', 'ɡ', 'ɡ')",maldiɡan,maldiɡan
90L_10NL,3,90L_10NL_3_1,1,140,"('s', 's', 'ɡ')",maldiɡan,maldiɡan
90L_10NL,3,90L_10NL_3_1,1,420,"('s', 'ɡ', 'ɡ')",maldiɡan,maldiɡan
90L_10NL,3,90L_10NL_3_1,1,420,"('s', 'ɡ', 'ɡ')",maldiɡan,maldiɡan
90L_10NL,3,90L_10NL_3_1,1,420,"('s', 'ɡ', 'ɡ')",maldiɡan,maldiɡan
90L_10NL,3,90L_10NL_3_1,1,420,"('s', 'ɡ', 'ɡ')",maldiɡan,maldiɡan
90L_10NL,3,90L_10NL_3_1,1,420,"('s', 'ɡ', 'ɡ')",maldiɡan,maldiɡan
90L_10NL,3,90L_10NL_3_1,1,420,"('s', 'ɡ', 'ɡ')",maldiɡan,maldiɡan
90L_10NL,3,90L_10NL_3_1,1,420,"('s', 'ɡ', 'ɡ')",maldiɡan,maldiɡan
90L_10NL,3,90L_10NL_3_1,1,420,"('s', 'ɡ', 'ɡ')",maldiɡan,maldiɡan
90L_10NL,3,90L_10NL_3_1,1,420,"('s', 'ɡ', 'ɡ')",maldiɡan,maldiɡan
90L_10NL,3,90L_10NL_3_1,1,420,"('s', 'ɡ', 'ɡ')",maldiɡan,maldiɡan
90L_10NL,3,90L_10NL_3_1,1,420,"('s', 'ɡ', 'ɡ')",maldiɡan,maldiɡan
90L_10NL,3,90L_10NL_3_1,1,420,"('s', 'ɡ', 'ɡ')",maldiɡan,maldiɡan
90L_10NL,3,90L_10NL_3_1,0,210,"('ɡ', 'ɡ', 'ɡ')",malidiɡan,maldiɡan
90L_10NL,3,90L_10NL_3_1,0,210,"('ɡ', 'ɡ', 'ɡ')",malidiɡan,maldiɡan
90L_10NL,3,90L_10NL_3_1,0,210,"('ɡ', 'ɡ', 'ɡ')",malidiɡan,maldiɡan
90L_10NL,3,90L_10NL_3_1,0,210,"('ɡ', 'ɡ', 'ɡ')",malidiɡan,maldiɡan
90L_10NL,3,90L_10NL_3_1,0,210,"('ɡ', 'ɡ', 'ɡ')",malidiɡan,maldiɡan
90L_10NL,3,90L_10NL_3_1,0,210,"('ɡ', 'ɡ', 'ɡ')",malidiɡan,maldiɡan
90L_10NL,3,90L_10NL_3_1,0,210,"('ɡ', 'ɡ', 'ɡ')",malidiɡan,maldiɡan
90L_10NL,3,90L_10NL_3_1,0,210,"('ɡ', 'ɡ', 'ɡ')",malidiɡan,maldiɡan
90L_10NL,3,90L_10NL_3_1,0,210,"('ɡ', 'ɡ', 'ɡ')",malidiɡan,maldiɡan
90L_10NL,3,90L_10NL_3_1,1,210,"('ɡ', 'ɡ', 'ɡ')",maldiɡan,maldiɡan
90L_10NL,3,90L_10NL_3_1,1,210,"('ɡ', 'ɡ', 'ɡ')",maldiɡan,maldiɡan
90L_10NL,3,90L_10NL_3_1,1,210,"('ɡ', 'ɡ', 'ɡ')",maldiɡan,maldiɡan
90L_10NL,3,90L_10NL_3_1,0,210,"('ɡ', 'ɡ', 'ɡ')",malidiɡan,maldiɡan
90L_10NL,3,90L_10NL_3_1,0,210,"('ɡ', 'ɡ', 'ɡ')",malidiɡan,maldiɡan
90L_10NL,3,90L_10NL_3_1,0,210,"('ɡ', 'ɡ', 'ɡ')",malidiɡan,maldiɡan
90L_10NL,3,90L_10NL_3_1,1,140,"('s', 's', 'ɡ')",maldiɡas,maldiɡas
90L_10NL,3,90L_10NL_3_1,1,140,"('s', 's', 'ɡ')",maldiɡas,maldiɡas
90L_10NL,3,90L_10NL_3_1,1,140,"('s', 's', 'ɡ')",maldiɡas,maldiɡas
90L_10NL,3,90L_10NL_3_1,1,140,"('s', 's', 'ɡ')",maldiɡas,maldiɡas
90L_10NL,3,90L_10NL_3_1,1,420,"('s', 'ɡ', 'ɡ')",maldiɡas,maldiɡas
90L_10NL,3,90L_10NL_3_1,1,420,"('s', 'ɡ', 'ɡ')",maldiɡas,maldiɡas
90L_10NL,3,90L_10NL_3_1,1,420,"('s', 'ɡ', 'ɡ')",maldiɡas,maldiɡas
90L_10NL,3,90L_10NL_3_1,1,420,"('s', 'ɡ', 'ɡ')",maldiɡas,maldiɡas
90L_10NL,3,90L_10NL_3_1,1,420,"('s', 'ɡ', 'ɡ')",maldiɡas,maldiɡas
90L_10NL,3,90L_10NL_3_1,1,420,"('s', 'ɡ', 'ɡ')",maldiɡas,maldiɡas
90L_10NL,3,90L_10NL_3_1,1,140,"('s', 's', 'ɡ')",maldiɡas,maldiɡas
90L_10NL,3,90L_10NL_3_1,1,140,"('s', 's', 'ɡ')",maldiɡas,maldiɡas
90L_10NL,3,90L_10NL_3_1,1,140,"('s', 's', 'ɡ')",maldiɡas,maldiɡas
90L_10NL,3,90L_10NL_3_1,1,420,"('s', 'ɡ', 'ɡ')",maldiɡas,maldiɡas
90L_10NL,3,90L_10NL_3_1,1,420,"('s', 'ɡ', 'ɡ')",maldiɡas,maldiɡas
90L_10NL,3,90L_10NL_3_1,1,420,"('s', 'ɡ', 'ɡ')",maldiɡas,maldiɡas
90L_10NL,3,90L_10NL_3_1,1,420,"('s', 'ɡ', 'ɡ')",maldiɡas,maldiɡas
90L_10NL,3,90L_10NL_3_1,1,420,"('s', 'ɡ', 'ɡ')",maldiɡas,maldiɡas
90L_10NL,3,90L_10NL_3_1,1,420,"('s', 'ɡ', 'ɡ')",maldiɡas,maldiɡas
90L_10NL,3,90L_10NL_3_1,1,140,"('s', 's', 'ɡ')",maldiɡas,maldiɡas
90L_10NL,3,90L_10NL_3_1,1,140,"('s', 's', 'ɡ')",maldiɡas,maldiɡas
90L_10NL,3,90L_10NL_3_1,1,420,"('s', 'ɡ', 'ɡ')",maldiɡas,maldiɡas
90L_10NL,3,90L_10NL_3_1,1,420,"('s', 'ɡ', 'ɡ')",maldiɡas,maldiɡas
90L_10NL,3,90L_10NL_3_1,1,420,"('s', 'ɡ', 'ɡ')",maldiɡas,maldiɡas
90L_10NL,3,90L_10NL_3_1,1,420,"('s', 'ɡ', 'ɡ')",maldiɡas,maldiɡas
90L_10NL,3,90L_10NL_3_1,1,420,"('s', 'ɡ', 'ɡ')",maldiɡas,maldiɡas
90L_10NL,3,90L_10NL_3_1,1,420,"('s', 'ɡ', 'ɡ')",maldiɡas,maldiɡas
90L_10NL,3,90L_10NL_3_1,1,140,"('s', 's', 'ɡ')",maldiɡas,maldiɡas
90L_10NL,3,90L_10NL_3_1,1,420,"('s', 'ɡ', 'ɡ')",maldiɡas,maldiɡas
90L_10NL,3,90L_10NL_3_1,1,420,"('s', 'ɡ', 'ɡ')",maldiɡas,maldiɡas
90L_10NL,3,90L_10NL_3_1,1,420,"('s', 'ɡ', 'ɡ')",maldiɡas,maldiɡas
90L_10NL,3,90L_10NL_3_1,1,420,"('s', 'ɡ', 'ɡ')",maldiɡas,maldiɡas
90L_10NL,3,90L_10NL_3_1,1,420,"('s', 'ɡ', 'ɡ')",maldiɡas,maldiɡas
90L_10NL,3,90L_10NL_3_1,1,420,"('s', 'ɡ', 'ɡ')",maldiɡas,maldiɡas
90L_10NL,3,90L_10NL_3_1,1,420,"('s', 'ɡ', 'ɡ')",maldiɡas,maldiɡas
90L_10NL,3,90L_10NL_3_1,1,420,"('s', 'ɡ', 'ɡ')",maldiɡas,maldiɡas
90L_10NL,3,90L_10NL_3_1,1,420,"('s', 'ɡ', 'ɡ')",maldiɡas,maldiɡas
90L_10NL,3,90L_10NL_3_1,1,420,"('s', 'ɡ', 'ɡ')",maldiɡas,maldiɡas
90L_10NL,3,90L_10NL_3_1,1,420,"('s', 'ɡ', 'ɡ')",maldiɡas,maldiɡas
90L_10NL,3,90L_10NL_3_1,1,420,"('s', 'ɡ', 'ɡ')",maldiɡas,maldiɡas
90L_10NL,3,90L_10NL_3_1,0,210,"('ɡ', 'ɡ', 'ɡ')",malidiɡas,maldiɡas
90L_10NL,3,90L_10NL_3_1,0,210,"('ɡ', 'ɡ', 'ɡ')",malidiɡas,maldiɡas
90L_10NL,3,90L_10NL_3_1,0,210,"('ɡ', 'ɡ', 'ɡ')",malidiɡas,maldiɡas
90L_10NL,3,90L_10NL_3_1,0,210,"('ɡ', 'ɡ', 'ɡ')",malidiɡas,maldiɡas
90L_10NL,3,90L_10NL_3_1,0,210,"('ɡ', 'ɡ', 'ɡ')",malidiɡas,maldiɡas
90L_10NL,3,90L_10NL_3_1,0,210,"('ɡ', 'ɡ', 'ɡ')",malidiɡas,maldiɡas
90L_10NL,3,90L_10NL_3_1,0,210,"('ɡ', 'ɡ', 'ɡ')",malidiɡas,maldiɡas
90L_10NL,3,90L_10NL_3_1,0,210,"('ɡ', 'ɡ', 'ɡ')",malidiɡas,maldiɡas
90L_10NL,3,90L_10NL_3_1,0,210,"('ɡ', 'ɡ', 'ɡ')",malidiɡas,maldiɡas
90L_10NL,3,90L_10NL_3_1,1,210,"('ɡ', 'ɡ', 'ɡ')",maldiɡas,maldiɡas
90L_10NL,3,90L_10NL_3_1,1,210,"('ɡ', 'ɡ', 'ɡ')",maldiɡas,maldiɡas
90L_10NL,3,90L_10NL_3_1,1,210,"('ɡ', 'ɡ', 'ɡ')",maldiɡas,maldiɡas
90L_10NL,3,90L_10NL_3_1,1,210,"('ɡ', 'ɡ', 'ɡ')",maldiɡas,maldiɡas
90L_10NL,3,90L_10NL_3_1,1,210,"('ɡ', 'ɡ', 'ɡ')",maldiɡas,maldiɡas
90L_10NL,3,90L_10NL_3_1,1,210,"('ɡ', 'ɡ', 'ɡ')",maldiɡas,maldiɡas
90L_10NL,3,90L_10NL_3_1,1,140,"('s', 's', 'ɡ')",maldiɡa,maldiɡa
90L_10NL,3,90L_10NL_3_1,1,140,"('s', 's', 'ɡ')",maldiɡa,maldiɡa
90L_10NL,3,90L_10NL_3_1,1,140,"('s', 's', 'ɡ')",maldiɡa,maldiɡa
90L_10NL,3,90L_10NL_3_1,1,140,"('s', 's', 'ɡ')",maldiɡa,maldiɡa
90L_10NL,3,90L_10NL_3_1,1,420,"('s', 'ɡ', 'ɡ')",maldiɡa,maldiɡa
90L_10NL,3,90L_10NL_3_1,1,420,"('s', 'ɡ', 'ɡ')",maldiɡa,maldiɡa
90L_10NL,3,90L_10NL_3_1,1,420,"('s', 'ɡ', 'ɡ')",maldiɡa,maldiɡa
90L_10NL,3,90L_10NL_3_1,1,420,"('s', 'ɡ', 'ɡ')",maldiɡa,maldiɡa
90L_10NL,3,90L_10NL_3_1,1,420,"('s', 'ɡ', 'ɡ')",maldiɡa,maldiɡa
90L_10NL,3,90L_10NL_3_1,1,420,"('s', 'ɡ', 'ɡ')",maldiɡa,maldiɡa
90L_10NL,3,90L_10NL_3_1,1,140,"('s', 's', 'ɡ')",maldiɡa,maldiɡa
90L_10NL,3,90L_10NL_3_1,1,140,"('s', 's', 'ɡ')",maldiɡa,maldiɡa
90L_10NL,3,90L_10NL_3_1,1,140,"('s', 's', 'ɡ')",maldiɡa,maldiɡa
90L_10NL,3,90L_10NL_3_1,1,420,"('s', 'ɡ', 'ɡ')",maldiɡa,maldiɡa
90L_10NL,3,90L_10NL_3_1,1,420,"('s', 'ɡ', 'ɡ')",maldiɡa,maldiɡa
90L_10NL,3,90L_10NL_3_1,1,420,"('s', 'ɡ', 'ɡ')",maldiɡa,maldiɡa
90L_10NL,3,90L_10NL_3_1,1,420,"('s', 'ɡ', 'ɡ')",maldiɡa,maldiɡa
90L_10NL,3,90L_10NL_3_1,1,420,"('s', 'ɡ', 'ɡ')",maldiɡa,maldiɡa
90L_10NL,3,90L_10NL_3_1,1,420,"('s', 'ɡ', 'ɡ')",maldiɡa,maldiɡa
90L_10NL,3,90L_10NL_3_1,1,140,"('s', 's', 'ɡ')",maldiɡa,maldiɡa
90L_10NL,3,90L_10NL_3_1,1,140,"('s', 's', 'ɡ')",maldiɡa,maldiɡa
90L_10NL,3,90L_10NL_3_1,1,420,"('s', 'ɡ', 'ɡ')",maldiɡa,maldiɡa
90L_10NL,3,90L_10NL_3_1,1,420,"('s', 'ɡ', 'ɡ')",maldiɡa,maldiɡa
90L_10NL,3,90L_10NL_3_1,1,420,"('s', 'ɡ', 'ɡ')",maldiɡa,maldiɡa
90L_10NL,3,90L_10NL_3_1,1,420,"('s', 'ɡ', 'ɡ')",maldiɡa,maldiɡa
90L_10NL,3,90L_10NL_3_1,1,420,"('s', 'ɡ', 'ɡ')",maldiɡa,maldiɡa
90L_10NL,3,90L_10NL_3_1,1,420,"('s', 'ɡ', 'ɡ')",maldiɡa,maldiɡa
90L_10NL,3,90L_10NL_3_1,1,140,"('s', 's', 'ɡ')",maldiɡa,maldiɡa
90L_10NL,3,90L_10NL_3_1,1,420,"('s', 'ɡ', 'ɡ')",maldiɡa,maldiɡa
90L_10NL,3,90L_10NL_3_1,1,420,"('s', 'ɡ', 'ɡ')",maldiɡa,maldiɡa
90L_10NL,3,90L_10NL_3_1,1,420,"('s', 'ɡ', 'ɡ')",maldiɡa,maldiɡa
90L_10NL,3,90L_10NL_3_1,1,420,"('s', 'ɡ', 'ɡ')",maldiɡa,maldiɡa
90L_10NL,3,90L_10NL_3_1,1,420,"('s', 'ɡ', 'ɡ')",maldiɡa,maldiɡa
90L_10NL,3,90L_10NL_3_1,1,420,"('s', 'ɡ', 'ɡ')",maldiɡa,maldiɡa
90L_10NL,3,90L_10NL_3_1,1,420,"('s', 'ɡ', 'ɡ')",maldiɡa,maldiɡa
90L_10NL,3,90L_10NL_3_1,1,420,"('s', 'ɡ', 'ɡ')",maldiɡa,maldiɡa
90L_10NL,3,90L_10NL_3_1,1,420,"('s', 'ɡ', 'ɡ')",maldiɡa,maldiɡa
90L_10NL,3,90L_10NL_3_1,1,420,"('s', 'ɡ', 'ɡ')",maldiɡa,maldiɡa
90L_10NL,3,90L_10NL_3_1,1,420,"('s', 'ɡ', 'ɡ')",maldiɡa,maldiɡa
90L_10NL,3,90L_10NL_3_1,1,420,"('s', 'ɡ', 'ɡ')",maldiɡa,maldiɡa
90L_10NL,3,90L_10NL_3_1,0,210,"('ɡ', 'ɡ', 'ɡ')",malidiɡa,maldiɡa
90L_10NL,3,90L_10NL_3_1,0,210,"('ɡ', 'ɡ', 'ɡ')",malidiɡa,maldiɡa
90L_10NL,3,90L_10NL_3_1,0,210,"('ɡ', 'ɡ', 'ɡ')",malidiɡa,maldiɡa
90L_10NL,3,90L_10NL_3_1,0,210,"('ɡ', 'ɡ', 'ɡ')",malidiɡa,maldiɡa
90L_10NL,3,90L_10NL_3_1,0,210,"('ɡ', 'ɡ', 'ɡ')",malidiɡa,maldiɡa
90L_10NL,3,90L_10NL_3_1,0,210,"('ɡ', 'ɡ', 'ɡ')",malidiɡa,maldiɡa
90L_10NL,3,90L_10NL_3_1,0,210,"('ɡ', 'ɡ', 'ɡ')",malidiɡa,maldiɡa
90L_10NL,3,90L_10NL_3_1,0,210,"('ɡ', 'ɡ', 'ɡ')",malidiɡa,maldiɡa
90L_10NL,3,90L_10NL_3_1,0,210,"('ɡ', 'ɡ', 'ɡ')",malidiɡa,maldiɡa
90L_10NL,3,90L_10NL_3_1,1,210,"('ɡ', 'ɡ', 'ɡ')",maldiɡa,maldiɡa
90L_10NL,3,90L_10NL_3_1,1,210,"('ɡ', 'ɡ', 'ɡ')",maldiɡa,maldiɡa
90L_10NL,3,90L_10NL_3_1,1,210,"('ɡ', 'ɡ', 'ɡ')",maldiɡa,maldiɡa
90L_10NL,3,90L_10NL_3_1,1,210,"('ɡ', 'ɡ', 'ɡ')",maldiɡa,maldiɡa
90L_10NL,3,90L_10NL_3_1,1,210,"('ɡ', 'ɡ', 'ɡ')",maldiɡa,maldiɡa
90L_10NL,3,90L_10NL_3_1,1,210,"('ɡ', 'ɡ', 'ɡ')",maldiɡa,maldiɡa
90L_10NL,3,90L_10NL_3_1,1,140,"('s', 's', 'ɡ')",maldiɡa,maldiɡa
90L_10NL,3,90L_10NL_3_1,1,140,"('s', 's', 'ɡ')",maldiɡa,maldiɡa
90L_10NL,3,90L_10NL_3_1,1,140,"('s', 's', 'ɡ')",maldiɡa,maldiɡa
90L_10NL,3,90L_10NL_3_1,1,140,"('s', 's', 'ɡ')",maldiɡa,maldiɡa
90L_10NL,3,90L_10NL_3_1,1,420,"('s', 'ɡ', 'ɡ')",maldiɡa,maldiɡa
90L_10NL,3,90L_10NL_3_1,1,420,"('s', 'ɡ', 'ɡ')",maldiɡa,maldiɡa
90L_10NL,3,90L_10NL_3_1,1,420,"('s', 'ɡ', 'ɡ')",maldiɡa,maldiɡa
90L_10NL,3,90L_10NL_3_1,1,420,"('s', 'ɡ', 'ɡ')",maldiɡa,maldiɡa
90L_10NL,3,90L_10NL_3_1,1,420,"('s', 'ɡ', 'ɡ')",maldiɡa,maldiɡa
90L_10NL,3,90L_10NL_3_1,1,420,"('s', 'ɡ', 'ɡ')",maldiɡa,maldiɡa
90L_10NL,3,90L_10NL_3_1,1,140,"('s', 's', 'ɡ')",maldiɡa,maldiɡa
90L_10NL,3,90L_10NL_3_1,1,140,"('s', 's', 'ɡ')",maldiɡa,maldiɡa
90L_10NL,3,90L_10NL_3_1,1,140,"('s', 's', 'ɡ')",maldiɡa,maldiɡa
90L_10NL,3,90L_10NL_3_1,1,420,"('s', 'ɡ', 'ɡ')",maldiɡa,maldiɡa
90L_10NL,3,90L_10NL_3_1,1,420,"('s', 'ɡ', 'ɡ')",maldiɡa,maldiɡa
90L_10NL,3,90L_10NL_3_1,1,420,"('s', 'ɡ', 'ɡ')",maldiɡa,maldiɡa
90L_10NL,3,90L_10NL_3_1,1,420,"('s', 'ɡ', 'ɡ')",maldiɡa,maldiɡa
90L_10NL,3,90L_10NL_3_1,1,420,"('s', 'ɡ', 'ɡ')",maldiɡa,maldiɡa
90L_10NL,3,90L_10NL_3_1,1,420,"('s', 'ɡ', 'ɡ')",maldiɡa,maldiɡa
90L_10NL,3,90L_10NL_3_1,1,140,"('s', 's', 'ɡ')",maldiɡa,maldiɡa
90L_10NL,3,90L_10NL_3_1,1,140,"('s', 's', 'ɡ')",maldiɡa,maldiɡa
90L_10NL,3,90L_10NL_3_1,1,420,"('s', 'ɡ', 'ɡ')",maldiɡa,maldiɡa
90L_10NL,3,90L_10NL_3_1,1,420,"('s', 'ɡ', 'ɡ')",maldiɡa,maldiɡa
90L_10NL,3,90L_10NL_3_1,1,420,"('s', 'ɡ', 'ɡ')",maldiɡa,maldiɡa
90L_10NL,3,90L_10NL_3_1,1,420,"('s', 'ɡ', 'ɡ')",maldiɡa,maldiɡa
90L_10NL,3,90L_10NL_3_1,1,420,"('s', 'ɡ', 'ɡ')",maldiɡa,maldiɡa
90L_10NL,3,90L_10NL_3_1,1,420,"('s', 'ɡ', 'ɡ')",maldiɡa,maldiɡa
90L_10NL,3,90L_10NL_3_1,1,140,"('s', 's', 'ɡ')",maldiɡa,maldiɡa
90L_10NL,3,90L_10NL_3_1,1,420,"('s', 'ɡ', 'ɡ')",maldiɡa,maldiɡa
90L_10NL,3,90L_10NL_3_1,1,420,"('s', 'ɡ', 'ɡ')",maldiɡa,maldiɡa
90L_10NL,3,90L_10NL_3_1,1,420,"('s', 'ɡ', 'ɡ')",maldiɡa,maldiɡa
90L_10NL,3,90L_10NL_3_1,1,420,"('s', 'ɡ', 'ɡ')",maldiɡa,maldiɡa
90L_10NL,3,90L_10NL_3_1,1,420,"('s', 'ɡ', 'ɡ')",maldiɡa,maldiɡa
90L_10NL,3,90L_10NL_3_1,1,420,"('s', 'ɡ', 'ɡ')",maldiɡa,maldiɡa
90L_10NL,3,90L_10NL_3_1,1,420,"('s', 'ɡ', 'ɡ')",maldiɡa,maldiɡa
90L_10NL,3,90L_10NL_3_1,1,420,"('s', 'ɡ', 'ɡ')",maldiɡa,maldiɡa
90L_10NL,3,90L_10NL_3_1,1,420,"('s', 'ɡ', 'ɡ')",maldiɡa,maldiɡa
90L_10NL,3,90L_10NL_3_1,1,420,"('s', 'ɡ', 'ɡ')",maldiɡa,maldiɡa
90L_10NL,3,90L_10NL_3_1,1,420,"('s', 'ɡ', 'ɡ')",maldiɡa,maldiɡa
90L_10NL,3,90L_10NL_3_1,1,420,"('s', 'ɡ', 'ɡ')",maldiɡa,maldiɡa
90L_10NL,3,90L_10NL_3_1,0,210,"('ɡ', 'ɡ', 'ɡ')",malidiɡa,maldiɡa
90L_10NL,3,90L_10NL_3_1,0,210,"('ɡ', 'ɡ', 'ɡ')",malidiɡa,maldiɡa
90L_10NL,3,90L_10NL_3_1,0,210,"('ɡ', 'ɡ', 'ɡ')",malidiɡa,maldiɡa
90L_10NL,3,90L_10NL_3_1,0,210,"('ɡ', 'ɡ', 'ɡ')",malidiɡa,maldiɡa
90L_10NL,3,90L_10NL_3_1,0,210,"('ɡ', 'ɡ', 'ɡ')",malidiɡa,maldiɡa
90L_10NL,3,90L_10NL_3_1,0,210,"('ɡ', 'ɡ', 'ɡ')",malidiɡa,maldiɡa
90L_10NL,3,90L_10NL_3_1,0,210,"('ɡ', 'ɡ', 'ɡ')",malidiɡa,maldiɡa
90L_10NL,3,90L_10NL_3_1,0,210,"('ɡ', 'ɡ', 'ɡ')",malidiɡa,maldiɡa
90L_10NL,3,90L_10NL_3_1,0,210,"('ɡ', 'ɡ', 'ɡ')",malidiɡa,maldiɡa
90L_10NL,3,90L_10NL_3_1,1,210,"('ɡ', 'ɡ', 'ɡ')",maldiɡa,maldiɡa
90L_10NL,3,90L_10NL_3_1,1,210,"('ɡ', 'ɡ', 'ɡ')",maldiɡa,maldiɡa
90L_10NL,3,90L_10NL_3_1,1,210,"('ɡ', 'ɡ', 'ɡ')",maldiɡa,maldiɡa
90L_10NL,3,90L_10NL_3_1,1,210,"('ɡ', 'ɡ', 'ɡ')",maldiɡa,maldiɡa
90L_10NL,3,90L_10NL_3_1,1,210,"('ɡ', 'ɡ', 'ɡ')",maldiɡa,maldiɡa
90L_10NL,3,90L_10NL_3_1,1,210,"('ɡ', 'ɡ', 'ɡ')",maldiɡa,maldiɡa
90L_10NL,3,90L_10NL_3_1,1,140,"('s', 's', 'ɡ')",maldiɡo,maldiɡo
90L_10NL,3,90L_10NL_3_1,1,140,"('s', 's', 'ɡ')",maldiɡo,maldiɡo
90L_10NL,3,90L_10NL_3_1,1,140,"('s', 's', 'ɡ')",maldiɡo,maldiɡo
90L_10NL,3,90L_10NL_3_1,1,140,"('s', 's', 'ɡ')",maldiɡo,maldiɡo
90L_10NL,3,90L_10NL_3_1,1,420,"('s', 'ɡ', 'ɡ')",maldiɡo,maldiɡo
90L_10NL,3,90L_10NL_3_1,1,420,"('s', 'ɡ', 'ɡ')",maldiɡo,maldiɡo
90L_10NL,3,90L_10NL_3_1,1,420,"('s', 'ɡ', 'ɡ')",maldiɡo,maldiɡo
90L_10NL,3,90L_10NL_3_1,1,420,"('s', 'ɡ', 'ɡ')",maldiɡo,maldiɡo
90L_10NL,3,90L_10NL_3_1,1,420,"('s', 'ɡ', 'ɡ')",maldiɡo,maldiɡo
90L_10NL,3,90L_10NL_3_1,1,420,"('s', 'ɡ', 'ɡ')",maldiɡo,maldiɡo
90L_10NL,3,90L_10NL_3_1,1,140,"('s', 's', 'ɡ')",maldiɡo,maldiɡo
90L_10NL,3,90L_10NL_3_1,1,140,"('s', 's', 'ɡ')",maldiɡo,maldiɡo
90L_10NL,3,90L_10NL_3_1,1,140,"('s', 's', 'ɡ')",maldiɡo,maldiɡo
90L_10NL,3,90L_10NL_3_1,1,420,"('s', 'ɡ', 'ɡ')",maldiɡo,maldiɡo
90L_10NL,3,90L_10NL_3_1,1,420,"('s', 'ɡ', 'ɡ')",maldiɡo,maldiɡo
90L_10NL,3,90L_10NL_3_1,1,420,"('s', 'ɡ', 'ɡ')",maldiɡo,maldiɡo
90L_10NL,3,90L_10NL_3_1,1,420,"('s', 'ɡ', 'ɡ')",maldiɡo,maldiɡo
90L_10NL,3,90L_10NL_3_1,1,420,"('s', 'ɡ', 'ɡ')",maldiɡo,maldiɡo
90L_10NL,3,90L_10NL_3_1,1,420,"('s', 'ɡ', 'ɡ')",maldiɡo,maldiɡo
90L_10NL,3,90L_10NL_3_1,1,140,"('s', 's', 'ɡ')",maldiɡo,maldiɡo
90L_10NL,3,90L_10NL_3_1,1,140,"('s', 's', 'ɡ')",maldiɡo,maldiɡo
90L_10NL,3,90L_10NL_3_1,1,420,"('s', 'ɡ', 'ɡ')",maldiɡo,maldiɡo
90L_10NL,3,90L_10NL_3_1,1,420,"('s', 'ɡ', 'ɡ')",maldiɡo,maldiɡo
90L_10NL,3,90L_10NL_3_1,1,420,"('s', 'ɡ', 'ɡ')",maldiɡo,maldiɡo
90L_10NL,3,90L_10NL_3_1,1,420,"('s', 'ɡ', 'ɡ')",maldiɡo,maldiɡo
90L_10NL,3,90L_10NL_3_1,1,420,"('s', 'ɡ', 'ɡ')",maldiɡo,maldiɡo
90L_10NL,3,90L_10NL_3_1,1,420,"('s', 'ɡ', 'ɡ')",maldiɡo,maldiɡo
90L_10NL,3,90L_10NL_3_1,1,140,"('s', 's', 'ɡ')",maldiɡo,maldiɡo
90L_10NL,3,90L_10NL_3_1,1,420,"('s', 'ɡ', 'ɡ')",maldiɡo,maldiɡo
90L_10NL,3,90L_10NL_3_1,1,420,"('s', 'ɡ', 'ɡ')",maldiɡo,maldiɡo
90L_10NL,3,90L_10NL_3_1,1,420,"('s', 'ɡ', 'ɡ')",maldiɡo,maldiɡo
90L_10NL,3,90L_10NL_3_1,1,420,"('s', 'ɡ', 'ɡ')",maldiɡo,maldiɡo
90L_10NL,3,90L_10NL_3_1,1,420,"('s', 'ɡ', 'ɡ')",maldiɡo,maldiɡo
90L_10NL,3,90L_10NL_3_1,1,420,"('s', 'ɡ', 'ɡ')",maldiɡo,maldiɡo
90L_10NL,3,90L_10NL_3_1,1,420,"('s', 'ɡ', 'ɡ')",maldiɡo,maldiɡo
90L_10NL,3,90L_10NL_3_1,1,420,"('s', 'ɡ', 'ɡ')",maldiɡo,maldiɡo
90L_10NL,3,90L_10NL_3_1,1,420,"('s', 'ɡ', 'ɡ')",maldiɡo,maldiɡo
90L_10NL,3,90L_10NL_3_1,1,420,"('s', 'ɡ', 'ɡ')",maldiɡo,maldiɡo
90L_10NL,3,90L_10NL_3_1,1,420,"('s', 'ɡ', 'ɡ')",maldiɡo,maldiɡo
90L_10NL,3,90L_10NL_3_1,1,420,"('s', 'ɡ', 'ɡ')",maldiɡo,maldiɡo
90L_10NL,3,90L_10NL_3_1,0,210,"('ɡ', 'ɡ', 'ɡ')",malidiɡo,maldiɡo
90L_10NL,3,90L_10NL_3_1,0,210,"('ɡ', 'ɡ', 'ɡ')",malidiɡo,maldiɡo
90L_10NL,3,90L_10NL_3_1,0,210,"('ɡ', 'ɡ', 'ɡ')",malidiɡo,maldiɡo
90L_10NL,3,90L_10NL_3_1,0,210,"('ɡ', 'ɡ', 'ɡ')",malidiɡo,maldiɡo
90L_10NL,3,90L_10NL_3_1,0,210,"('ɡ', 'ɡ', 'ɡ')",malidiɡo,maldiɡo
90L_10NL,3,90L_10NL_3_1,0,210,"('ɡ', 'ɡ', 'ɡ')",malidiɡo,maldiɡo
90L_10NL,3,90L_10NL_3_1,0,210,"('ɡ', 'ɡ', 'ɡ')",malidiɡo,maldiɡo
90L_10NL,3,90L_10NL_3_1,0,210,"('ɡ', 'ɡ', 'ɡ')",malidiɡo,maldiɡo
90L_10NL,3,90L_10NL_3_1,0,210,"('ɡ', 'ɡ', 'ɡ')",malidiɡo,maldiɡo
90L_10NL,3,90L_10NL_3_1,1,210,"('ɡ', 'ɡ', 'ɡ')",maldiɡo,maldiɡo
90L_10NL,3,90L_10NL_3_1,1,210,"('ɡ', 'ɡ', 'ɡ')",maldiɡo,maldiɡo
90L_10NL,3,90L_10NL_3_1,1,210,"('ɡ', 'ɡ', 'ɡ')",maldiɡo,maldiɡo
90L_10NL,3,90L_10NL_3_1,1,210,"('ɡ', 'ɡ', 'ɡ')",maldiɡo,maldiɡo
90L_10NL,3,90L_10NL_3_1,1,210,"('ɡ', 'ɡ', 'ɡ')",maldiɡo,maldiɡo
90L_10NL,3,90L_10NL_3_1,1,210,"('ɡ', 'ɡ', 'ɡ')",maldiɡo,maldiɡo
90L_10NL,3,90L_10NL_3_1,1,1085,"('s', 's', 's')",palidesejs,palidesejs
90L_10NL,3,90L_10NL_3_1,1,1085,"('s', 's', 's')",palidesejs,palidesejs
90L_10NL,3,90L_10NL_3_1,1,1085,"('s', 's', 's')",palidesejs,palidesejs
90L_10NL,3,90L_10NL_3_1,1,3500,"('s', 'sk', 's')",palidesejs,palidesejs
90L_10NL,3,90L_10NL_3_1,1,3500,"('s', 'sk', 's')",palidesejs,palidesejs
90L_10NL,3,90L_10NL_3_1,1,3500,"('s', 'sk', 's')",palidesejs,palidesejs
90L_10NL,3,90L_10NL_3_1,1,3500,"('s', 'sk', 's')",palidesejs,palidesejs
90L_10NL,3,90L_10NL_3_1,1,3500,"('s', 'sk', 's')",palidesejs,palidesejs
90L_10NL,3,90L_10NL_3_1,1,3500,"('s', 'sk', 's')",palidesejs,palidesejs
90L_10NL,3,90L_10NL_3_1,1,3500,"('s', 'sk', 's')",palidesejs,palidesejs
90L_10NL,3,90L_10NL_3_1,1,1085,"('s', 's', 's')",palidesejs,palidesejs
90L_10NL,3,90L_10NL_3_1,1,1085,"('s', 's', 's')",palidesejs,palidesejs
90L_10NL,3,90L_10NL_3_1,1,3500,"('s', 'sk', 's')",palidesejs,palidesejs
90L_10NL,3,90L_10NL_3_1,1,3500,"('s', 'sk', 's')",palidesejs,palidesejs
90L_10NL,3,90L_10NL_3_1,1,3500,"('s', 'sk', 's')",palidesejs,palidesejs
90L_10NL,3,90L_10NL_3_1,1,3500,"('s', 'sk', 's')",palidesejs,palidesejs
90L_10NL,3,90L_10NL_3_1,1,3500,"('s', 'sk', 's')",palidesejs,palidesejs
90L_10NL,3,90L_10NL_3_1,1,3500,"('s', 'sk', 's')",palidesejs,palidesejs
90L_10NL,3,90L_10NL_3_1,1,3500,"('s', 'sk', 's')",palidesejs,palidesejs
90L_10NL,3,90L_10NL_3_1,1,1085,"('s', 's', 's')",palidesejs,palidesejs
90L_10NL,3,90L_10NL_3_1,1,3500,"('s', 'sk', 's')",palidesejs,palidesejs
90L_10NL,3,90L_10NL_3_1,1,3500,"('s', 'sk', 's')",palidesejs,palidesejs
90L_10NL,3,90L_10NL_3_1,1,3500,"('s', 'sk', 's')",palidesejs,palidesejs
90L_10NL,3,90L_10NL_3_1,1,3500,"('s', 'sk', 's')",palidesejs,palidesejs
90L_10NL,3,90L_10NL_3_1,1,3500,"('s', 'sk', 's')",palidesejs,palidesejs
90L_10NL,3,90L_10NL_3_1,1,3500,"('s', 'sk', 's')",palidesejs,palidesejs
90L_10NL,3,90L_10NL_3_1,1,3500,"('s', 'sk', 's')",palidesejs,palidesejs
90L_10NL,3,90L_10NL_3_1,1,3500,"('s', 'sk', 's')",palidesejs,palidesejs
90L_10NL,3,90L_10NL_3_1,1,3500,"('s', 'sk', 's')",palidesejs,palidesejs
90L_10NL,3,90L_10NL_3_1,1,3500,"('s', 'sk', 's')",palidesejs,palidesejs
90L_10NL,3,90L_10NL_3_1,1,3500,"('s', 'sk', 's')",palidesejs,palidesejs
90L_10NL,3,90L_10NL_3_1,1,3500,"('s', 'sk', 's')",palidesejs,palidesejs
90L_10NL,3,90L_10NL_3_1,1,3500,"('s', 'sk', 's')",palidesejs,palidesejs
90L_10NL,3,90L_10NL_3_1,1,3500,"('s', 'sk', 's')",palidesejs,palidesejs
90L_10NL,3,90L_10NL_3_1,1,2625,"('sk', 'sk', 's')",palidesejs,palidesejs
90L_10NL,3,90L_10NL_3_1,1,2625,"('sk', 'sk', 's')",palidesejs,palidesejs
90L_10NL,3,90L_10NL_3_1,1,2625,"('sk', 'sk', 's')",palidesejs,palidesejs
90L_10NL,3,90L_10NL_3_1,1,2625,"('sk', 'sk', 's')",palidesejs,palidesejs
90L_10NL,3,90L_10NL_3_1,1,2625,"('sk', 'sk', 's')",palidesejs,palidesejs
90L_10NL,3,90L_10NL_3_1,1,2625,"('sk', 'sk', 's')",palidesejs,palidesejs
90L_10NL,3,90L_10NL_3_1,1,2625,"('sk', 'sk', 's')",palidesejs,palidesejs
90L_10NL,3,90L_10NL_3_1,1,2625,"('sk', 'sk', 's')",palidesejs,palidesejs
90L_10NL,3,90L_10NL_3_1,1,2625,"('sk', 'sk', 's')",palidesejs,palidesejs
90L_10NL,3,90L_10NL_3_1,1,2625,"('sk', 'sk', 's')",palidesejs,palidesejs
90L_10NL,3,90L_10NL_3_1,1,2625,"('sk', 'sk', 's')",palidesejs,palidesejs
90L_10NL,3,90L_10NL_3_1,1,2625,"('sk', 'sk', 's')",palidesejs,palidesejs
90L_10NL,3,90L_10NL_3_1,1,2625,"('sk', 'sk', 's')",palidesejs,palidesejs
90L_10NL,3,90L_10NL_3_1,1,2625,"('sk', 'sk', 's')",palidesejs,palidesejs
90L_10NL,3,90L_10NL_3_1,1,2625,"('sk', 'sk', 's')",palidesejs,palidesejs
90L_10NL,3,90L_10NL_3_1,1,2625,"('sk', 'sk', 's')",palidesejs,palidesejs
90L_10NL,3,90L_10NL_3_1,1,2625,"('sk', 'sk', 's')",palidesejs,palidesejs
90L_10NL,3,90L_10NL_3_1,1,2625,"('sk', 'sk', 's')",palidesejs,palidesejs
90L_10NL,3,90L_10NL_3_1,1,2625,"('sk', 'sk', 's')",palidesejs,palidesejs
90L_10NL,3,90L_10NL_3_1,1,2625,"('sk', 'sk', 's')",palidesejs,palidesejs
90L_10NL,3,90L_10NL_3_1,1,2625,"('sk', 'sk', 's')",palidesejs,palidesejs
90L_10NL,3,90L_10NL_3_1,1,1085,"('s', 's', 's')",palidesemos,palidesemos
90L_10NL,3,90L_10NL_3_1,1,1085,"('s', 's', 's')",palidesemos,palidesemos
90L_10NL,3,90L_10NL_3_1,1,1085,"('s', 's', 's')",palidesemos,palidesemos
90L_10NL,3,90L_10NL_3_1,1,3500,"('s', 'sk', 's')",palidesemos,palidesemos
90L_10NL,3,90L_10NL_3_1,1,3500,"('s', 'sk', 's')",palidesemos,palidesemos
90L_10NL,3,90L_10NL_3_1,1,3500,"('s', 'sk', 's')",palidesemos,palidesemos
90L_10NL,3,90L_10NL_3_1,1,3500,"('s', 'sk', 's')",palidesemos,palidesemos
90L_10NL,3,90L_10NL_3_1,1,3500,"('s', 'sk', 's')",palidesemos,palidesemos
90L_10NL,3,90L_10NL_3_1,1,3500,"('s', 'sk', 's')",palidesemos,palidesemos
90L_10NL,3,90L_10NL_3_1,1,3500,"('s', 'sk', 's')",palidesemos,palidesemos
90L_10NL,3,90L_10NL_3_1,1,1085,"('s', 's', 's')",palidesemos,palidesemos
90L_10NL,3,90L_10NL_3_1,1,1085,"('s', 's', 's')",palidesemos,palidesemos
90L_10NL,3,90L_10NL_3_1,1,3500,"('s', 'sk', 's')",palidesemos,palidesemos
90L_10NL,3,90L_10NL_3_1,1,3500,"('s', 'sk', 's')",palidesemos,palidesemos
90L_10NL,3,90L_10NL_3_1,1,3500,"('s', 'sk', 's')",palidesemos,palidesemos
90L_10NL,3,90L_10NL_3_1,1,3500,"('s', 'sk', 's')",palidesemos,palidesemos
90L_10NL,3,90L_10NL_3_1,1,3500,"('s', 'sk', 's')",palidesemos,palidesemos
90L_10NL,3,90L_10NL_3_1,1,3500,"('s', 'sk', 's')",palidesemos,palidesemos
90L_10NL,3,90L_10NL_3_1,1,3500,"('s', 'sk', 's')",palidesemos,palidesemos
90L_10NL,3,90L_10NL_3_1,1,1085,"('s', 's', 's')",palidesemos,palidesemos
90L_10NL,3,90L_10NL_3_1,1,3500,"('s', 'sk', 's')",palidesemos,palidesemos
90L_10NL,3,90L_10NL_3_1,1,3500,"('s', 'sk', 's')",palidesemos,palidesemos
90L_10NL,3,90L_10NL_3_1,1,3500,"('s', 'sk', 's')",palidesemos,palidesemos
90L_10NL,3,90L_10NL_3_1,1,3500,"('s', 'sk', 's')",palidesemos,palidesemos
90L_10NL,3,90L_10NL_3_1,1,3500,"('s', 'sk', 's')",palidesemos,palidesemos
90L_10NL,3,90L_10NL_3_1,1,3500,"('s', 'sk', 's')",palidesemos,palidesemos
90L_10NL,3,90L_10NL_3_1,1,3500,"('s', 'sk', 's')",palidesemos,palidesemos
90L_10NL,3,90L_10NL_3_1,1,3500,"('s', 'sk', 's')",palidesemos,palidesemos
90L_10NL,3,90L_10NL_3_1,1,3500,"('s', 'sk', 's')",palidesemos,palidesemos
90L_10NL,3,90L_10NL_3_1,1,3500,"('s', 'sk', 's')",palidesemos,palidesemos
90L_10NL,3,90L_10NL_3_1,1,3500,"('s', 'sk', 's')",palidesemos,palidesemos
90L_10NL,3,90L_10NL_3_1,1,3500,"('s', 'sk', 's')",palidesemos,palidesemos
90L_10NL,3,90L_10NL_3_1,1,3500,"('s', 'sk', 's')",palidesemos,palidesemos
90L_10NL,3,90L_10NL_3_1,1,3500,"('s', 'sk', 's')",palidesemos,palidesemos
90L_10NL,3,90L_10NL_3_1,1,2625,"('sk', 'sk', 's')",palidesemos,palidesemos
90L_10NL,3,90L_10NL_3_1,1,2625,"('sk', 'sk', 's')",palidesemos,palidesemos
90L_10NL,3,90L_10NL_3_1,1,2625,"('sk', 'sk', 's')",palidesemos,palidesemos
90L_10NL,3,90L_10NL_3_1,1,2625,"('sk', 'sk', 's')",palidesemos,palidesemos
90L_10NL,3,90L_10NL_3_1,1,2625,"('sk', 'sk', 's')",palidesemos,palidesemos
90L_10NL,3,90L_10NL_3_1,1,2625,"('sk', 'sk', 's')",palidesemos,palidesemos
90L_10NL,3,90L_10NL_3_1,1,2625,"('sk', 'sk', 's')",palidesemos,palidesemos
90L_10NL,3,90L_10NL_3_1,1,2625,"('sk', 'sk', 's')",palidesemos,palidesemos
90L_10NL,3,90L_10NL_3_1,1,2625,"('sk', 'sk', 's')",palidesemos,palidesemos
90L_10NL,3,90L_10NL_3_1,1,2625,"('sk', 'sk', 's')",palidesemos,palidesemos
90L_10NL,3,90L_10NL_3_1,1,2625,"('sk', 'sk', 's')",palidesemos,palidesemos
90L_10NL,3,90L_10NL_3_1,1,2625,"('sk', 'sk', 's')",palidesemos,palidesemos
90L_10NL,3,90L_10NL_3_1,1,2625,"('sk', 'sk', 's')",palidesemos,palidesemos
90L_10NL,3,90L_10NL_3_1,1,2625,"('sk', 'sk', 's')",palidesemos,palidesemos
90L_10NL,3,90L_10NL_3_1,1,2625,"('sk', 'sk', 's')",palidesemos,palidesemos
90L_10NL,3,90L_10NL_3_1,1,2625,"('sk', 'sk', 's')",palidesemos,palidesemos
90L_10NL,3,90L_10NL_3_1,1,2625,"('sk', 'sk', 's')",palidesemos,palidesemos
90L_10NL,3,90L_10NL_3_1,1,2625,"('sk', 'sk', 's')",palidesemos,palidesemos
90L_10NL,3,90L_10NL_3_1,1,2625,"('sk', 'sk', 's')",palidesemos,palidesemos
90L_10NL,3,90L_10NL_3_1,1,2625,"('sk', 'sk', 's')",palidesemos,palidesemos
90L_10NL,3,90L_10NL_3_1,1,2625,"('sk', 'sk', 's')",palidesemos,palidesemos
90L_10NL,3,90L_10NL_3_1,1,1085,"('s', 's', 's')",palidesen,palidesen
90L_10NL,3,90L_10NL_3_1,1,1085,"('s', 's', 's')",palidesen,palidesen
90L_10NL,3,90L_10NL_3_1,1,1085,"('s', 's', 's')",palidesen,palidesen
90L_10NL,3,90L_10NL_3_1,1,3500,"('s', 'sk', 's')",palidesen,palidesen
90L_10NL,3,90L_10NL_3_1,1,3500,"('s', 'sk', 's')",palidesen,palidesen
90L_10NL,3,90L_10NL_3_1,1,3500,"('s', 'sk', 's')",palidesen,palidesen
90L_10NL,3,90L_10NL_3_1,1,3500,"('s', 'sk', 's')",palidesen,palidesen
90L_10NL,3,90L_10NL_3_1,1,3500,"('s', 'sk', 's')",palidesen,palidesen
90L_10NL,3,90L_10NL_3_1,1,3500,"('s', 'sk', 's')",palidesen,palidesen
90L_10NL,3,90L_10NL_3_1,1,3500,"('s', 'sk', 's')",palidesen,palidesen
90L_10NL,3,90L_10NL_3_1,1,1085,"('s', 's', 's')",palidesen,palidesen
90L_10NL,3,90L_10NL_3_1,1,1085,"('s', 's', 's')",palidesen,palidesen
90L_10NL,3,90L_10NL_3_1,1,3500,"('s', 'sk', 's')",palidesen,palidesen
90L_10NL,3,90L_10NL_3_1,1,3500,"('s', 'sk', 's')",palidesen,palidesen
90L_10NL,3,90L_10NL_3_1,1,3500,"('s', 'sk', 's')",palidesen,palidesen
90L_10NL,3,90L_10NL_3_1,1,3500,"('s', 'sk', 's')",palidesen,palidesen
90L_10NL,3,90L_10NL_3_1,1,3500,"('s', 'sk', 's')",palidesen,palidesen
90L_10NL,3,90L_10NL_3_1,1,3500,"('s', 'sk', 's')",palidesen,palidesen
90L_10NL,3,90L_10NL_3_1,1,3500,"('s', 'sk', 's')",palidesen,palidesen
90L_10NL,3,90L_10NL_3_1,1,1085,"('s', 's', 's')",palidesen,palidesen
90L_10NL,3,90L_10NL_3_1,1,3500,"('s', 'sk', 's')",palidesen,palidesen
90L_10NL,3,90L_10NL_3_1,1,3500,"('s', 'sk', 's')",palidesen,palidesen
90L_10NL,3,90L_10NL_3_1,1,3500,"('s', 'sk', 's')",palidesen,palidesen
90L_10NL,3,90L_10NL_3_1,1,3500,"('s', 'sk', 's')",palidesen,palidesen
90L_10NL,3,90L_10NL_3_1,1,3500,"('s', 'sk', 's')",palidesen,palidesen
90L_10NL,3,90L_10NL_3_1,1,3500,"('s', 'sk', 's')",palidesen,palidesen
90L_10NL,3,90L_10NL_3_1,1,3500,"('s', 'sk', 's')",palidesen,palidesen
90L_10NL,3,90L_10NL_3_1,1,3500,"('s', 'sk', 's')",palidesen,palidesen
90L_10NL,3,90L_10NL_3_1,1,3500,"('s', 'sk', 's')",palidesen,palidesen
90L_10NL,3,90L_10NL_3_1,1,3500,"('s', 'sk', 's')",palidesen,palidesen
90L_10NL,3,90L_10NL_3_1,1,3500,"('s', 'sk', 's')",palidesen,palidesen
90L_10NL,3,90L_10NL_3_1,1,3500,"('s', 'sk', 's')",palidesen,palidesen
90L_10NL,3,90L_10NL_3_1,1,3500,"('s', 'sk', 's')",palidesen,palidesen
90L_10NL,3,90L_10NL_3_1,1,3500,"('s', 'sk', 's')",palidesen,palidesen
90L_10NL,3,90L_10NL_3_1,1,2625,"('sk', 'sk', 's')",palidesen,palidesen
90L_10NL,3,90L_10NL_3_1,1,2625,"('sk', 'sk', 's')",palidesen,palidesen
90L_10NL,3,90L_10NL_3_1,1,2625,"('sk', 'sk', 's')",palidesen,palidesen
90L_10NL,3,90L_10NL_3_1,1,2625,"('sk', 'sk', 's')",palidesen,palidesen
90L_10NL,3,90L_10NL_3_1,1,2625,"('sk', 'sk', 's')",palidesen,palidesen
90L_10NL,3,90L_10NL_3_1,1,2625,"('sk', 'sk', 's')",palidesen,palidesen
90L_10NL,3,90L_10NL_3_1,1,2625,"('sk', 'sk', 's')",palidesen,palidesen
90L_10NL,3,90L_10NL_3_1,1,2625,"('sk', 'sk', 's')",palidesen,palidesen
90L_10NL,3,90L_10NL_3_1,1,2625,"('sk', 'sk', 's')",palidesen,palidesen
90L_10NL,3,90L_10NL_3_1,1,2625,"('sk', 'sk', 's')",palidesen,palidesen
90L_10NL,3,90L_10NL_3_1,1,2625,"('sk', 'sk', 's')",palidesen,palidesen
90L_10NL,3,90L_10NL_3_1,1,2625,"('sk', 'sk', 's')",palidesen,palidesen
90L_10NL,3,90L_10NL_3_1,1,2625,"('sk', 'sk', 's')",palidesen,palidesen
90L_10NL,3,90L_10NL_3_1,1,2625,"('sk', 'sk', 's')",palidesen,palidesen
90L_10NL,3,90L_10NL_3_1,1,2625,"('sk', 'sk', 's')",palidesen,palidesen
90L_10NL,3,90L_10NL_3_1,1,2625,"('sk', 'sk', 's')",palidesen,palidesen
90L_10NL,3,90L_10NL_3_1,1,2625,"('sk', 'sk', 's')",palidesen,palidesen
90L_10NL,3,90L_10NL_3_1,1,2625,"('sk', 'sk', 's')",palidesen,palidesen
90L_10NL,3,90L_10NL_3_1,1,2625,"('sk', 'sk', 's')",palidesen,palidesen
90L_10NL,3,90L_10NL_3_1,1,2625,"('sk', 'sk', 's')",palidesen,palidesen
90L_10NL,3,90L_10NL_3_1,1,2625,"('sk', 'sk', 's')",palidesen,palidesen
90L_10NL,3,90L_10NL_3_1,1,1085,"('s', 's', 's')",palideses,palideses
90L_10NL,3,90L_10NL_3_1,1,1085,"('s', 's', 's')",palideses,palideses
90L_10NL,3,90L_10NL_3_1,1,1085,"('s', 's', 's')",palideses,palideses
90L_10NL,3,90L_10NL_3_1,1,3500,"('s', 'sk', 's')",palideses,palideses
90L_10NL,3,90L_10NL_3_1,1,3500,"('s', 'sk', 's')",palideses,palideses
90L_10NL,3,90L_10NL_3_1,1,3500,"('s', 'sk', 's')",palideses,palideses
90L_10NL,3,90L_10NL_3_1,1,3500,"('s', 'sk', 's')",palideses,palideses
90L_10NL,3,90L_10NL_3_1,1,3500,"('s', 'sk', 's')",palideses,palideses
90L_10NL,3,90L_10NL_3_1,1,3500,"('s', 'sk', 's')",palideses,palideses
90L_10NL,3,90L_10NL_3_1,1,3500,"('s', 'sk', 's')",palideses,palideses
90L_10NL,3,90L_10NL_3_1,1,1085,"('s', 's', 's')",palideses,palideses
90L_10NL,3,90L_10NL_3_1,1,1085,"('s', 's', 's')",palideses,palideses
90L_10NL,3,90L_10NL_3_1,1,3500,"('s', 'sk', 's')",palideses,palideses
90L_10NL,3,90L_10NL_3_1,1,3500,"('s', 'sk', 's')",palideses,palideses
90L_10NL,3,90L_10NL_3_1,1,3500,"('s', 'sk', 's')",palideses,palideses
90L_10NL,3,90L_10NL_3_1,1,3500,"('s', 'sk', 's')",palideses,palideses
90L_10NL,3,90L_10NL_3_1,1,3500,"('s', 'sk', 's')",palideses,palideses
90L_10NL,3,90L_10NL_3_1,1,3500,"('s', 'sk', 's')",palideses,palideses
90L_10NL,3,90L_10NL_3_1,1,3500,"('s', 'sk', 's')",palideses,palideses
90L_10NL,3,90L_10NL_3_1,1,1085,"('s', 's', 's')",palideses,palideses
90L_10NL,3,90L_10NL_3_1,1,3500,"('s', 'sk', 's')",palideses,palideses
90L_10NL,3,90L_10NL_3_1,1,3500,"('s', 'sk', 's')",palideses,palideses
90L_10NL,3,90L_10NL_3_1,1,3500,"('s', 'sk', 's')",palideses,palideses
90L_10NL,3,90L_10NL_3_1,1,3500,"('s', 'sk', 's')",palideses,palideses
90L_10NL,3,90L_10NL_3_1,1,3500,"('s', 'sk', 's')",palideses,palideses
90L_10NL,3,90L_10NL_3_1,1,3500,"('s', 'sk', 's')",palideses,palideses
90L_10NL,3,90L_10NL_3_1,1,3500,"('s', 'sk', 's')",palideses,palideses
90L_10NL,3,90L_10NL_3_1,1,3500,"('s', 'sk', 's')",palideses,palideses
90L_10NL,3,90L_10NL_3_1,1,3500,"('s', 'sk', 's')",palideses,palideses
90L_10NL,3,90L_10NL_3_1,1,3500,"('s', 'sk', 's')",palideses,palideses
90L_10NL,3,90L_10NL_3_1,1,3500,"('s', 'sk', 's')",palideses,palideses
90L_10NL,3,90L_10NL_3_1,1,3500,"('s', 'sk', 's')",palideses,palideses
90L_10NL,3,90L_10NL_3_1,1,3500,"('s', 'sk', 's')",palideses,palideses
90L_10NL,3,90L_10NL_3_1,1,3500,"('s', 'sk', 's')",palideses,palideses
90L_10NL,3,90L_10NL_3_1,1,2625,"('sk', 'sk', 's')",palideses,palideses
90L_10NL,3,90L_10NL_3_1,1,2625,"('sk', 'sk', 's')",palideses,palideses
90L_10NL,3,90L_10NL_3_1,1,2625,"('sk', 'sk', 's')",palideses,palideses
90L_10NL,3,90L_10NL_3_1,1,2625,"('sk', 'sk', 's')",palideses,palideses
90L_10NL,3,90L_10NL_3_1,1,2625,"('sk', 'sk', 's')",palideses,palideses
90L_10NL,3,90L_10NL_3_1,1,2625,"('sk', 'sk', 's')",palideses,palideses
90L_10NL,3,90L_10NL_3_1,1,2625,"('sk', 'sk', 's')",palideses,palideses
90L_10NL,3,90L_10NL_3_1,1,2625,"('sk', 'sk', 's')",palideses,palideses
90L_10NL,3,90L_10NL_3_1,1,2625,"('sk', 'sk', 's')",palideses,palideses
90L_10NL,3,90L_10NL_3_1,1,2625,"('sk', 'sk', 's')",palideses,palideses
90L_10NL,3,90L_10NL_3_1,1,2625,"('sk', 'sk', 's')",palideses,palideses
90L_10NL,3,90L_10NL_3_1,1,2625,"('sk', 'sk', 's')",palideses,palideses
90L_10NL,3,90L_10NL_3_1,1,2625,"('sk', 'sk', 's')",palideses,palideses
90L_10NL,3,90L_10NL_3_1,1,2625,"('sk', 'sk', 's')",palideses,palideses
90L_10NL,3,90L_10NL_3_1,1,2625,"('sk', 'sk', 's')",palideses,palideses
90L_10NL,3,90L_10NL_3_1,1,2625,"('sk', 'sk', 's')",palideses,palideses
90L_10NL,3,90L_10NL_3_1,1,2625,"('sk', 'sk', 's')",palideses,palideses
90L_10NL,3,90L_10NL_3_1,1,2625,"('sk', 'sk', 's')",palideses,palideses
90L_10NL,3,90L_10NL_3_1,1,2625,"('sk', 'sk', 's')",palideses,palideses
90L_10NL,3,90L_10NL_3_1,1,2625,"('sk', 'sk', 's')",palideses,palideses
90L_10NL,3,90L_10NL_3_1,1,2625,"('sk', 'sk', 's')",palideses,palideses
90L_10NL,3,90L_10NL_3_1,1,1085,"('s', 's', 's')",palidese,palidese
90L_10NL,3,90L_10NL_3_1,1,1085,"('s', 's', 's')",palidese,palidese
90L_10NL,3,90L_10NL_3_1,1,1085,"('s', 's', 's')",palidese,palidese
90L_10NL,3,90L_10NL_3_1,1,3500,"('s', 'sk', 's')",palidese,palidese
90L_10NL,3,90L_10NL_3_1,1,3500,"('s', 'sk', 's')",palidese,palidese
90L_10NL,3,90L_10NL_3_1,1,3500,"('s', 'sk', 's')",palidese,palidese
90L_10NL,3,90L_10NL_3_1,1,3500,"('s', 'sk', 's')",palidese,palidese
90L_10NL,3,90L_10NL_3_1,1,3500,"('s', 'sk', 's')",palidese,palidese
90L_10NL,3,90L_10NL_3_1,1,3500,"('s', 'sk', 's')",palidese,palidese
90L_10NL,3,90L_10NL_3_1,1,3500,"('s', 'sk', 's')",palidese,palidese
90L_10NL,3,90L_10NL_3_1,1,1085,"('s', 's', 's')",palidese,palidese
90L_10NL,3,90L_10NL_3_1,1,1085,"('s', 's', 's')",palidese,palidese
90L_10NL,3,90L_10NL_3_1,1,3500,"('s', 'sk', 's')",palidese,palidese
90L_10NL,3,90L_10NL_3_1,1,3500,"('s', 'sk', 's')",palidese,palidese
90L_10NL,3,90L_10NL_3_1,1,3500,"('s', 'sk', 's')",palidese,palidese
90L_10NL,3,90L_10NL_3_1,1,3500,"('s', 'sk', 's')",palidese,palidese
90L_10NL,3,90L_10NL_3_1,1,3500,"('s', 'sk', 's')",palidese,palidese
90L_10NL,3,90L_10NL_3_1,1,3500,"('s', 'sk', 's')",palidese,palidese
90L_10NL,3,90L_10NL_3_1,1,3500,"('s', 'sk', 's')",palidese,palidese
90L_10NL,3,90L_10NL_3_1,1,1085,"('s', 's', 's')",palidese,palidese
90L_10NL,3,90L_10NL_3_1,1,3500,"('s', 'sk', 's')",palidese,palidese
90L_10NL,3,90L_10NL_3_1,1,3500,"('s', 'sk', 's')",palidese,palidese
90L_10NL,3,90L_10NL_3_1,1,3500,"('s', 'sk', 's')",palidese,palidese
90L_10NL,3,90L_10NL_3_1,1,3500,"('s', 'sk', 's')",palidese,palidese
90L_10NL,3,90L_10NL_3_1,1,3500,"('s', 'sk', 's')",palidese,palidese
90L_10NL,3,90L_10NL_3_1,1,3500,"('s', 'sk', 's')",palidese,palidese
90L_10NL,3,90L_10NL_3_1,1,3500,"('s', 'sk', 's')",palidese,palidese
90L_10NL,3,90L_10NL_3_1,1,3500,"('s', 'sk', 's')",palidese,palidese
90L_10NL,3,90L_10NL_3_1,1,3500,"('s', 'sk', 's')",palidese,palidese
90L_10NL,3,90L_10NL_3_1,1,3500,"('s', 'sk', 's')",palidese,palidese
90L_10NL,3,90L_10NL_3_1,1,3500,"('s', 'sk', 's')",palidese,palidese
90L_10NL,3,90L_10NL_3_1,1,3500,"('s', 'sk', 's')",palidese,palidese
90L_10NL,3,90L_10NL_3_1,1,3500,"('s', 'sk', 's')",palidese,palidese
90L_10NL,3,90L_10NL_3_1,1,3500,"('s', 'sk', 's')",palidese,palidese
90L_10NL,3,90L_10NL_3_1,1,2625,"('sk', 'sk', 's')",palidese,palidese
90L_10NL,3,90L_10NL_3_1,1,2625,"('sk', 'sk', 's')",palidese,palidese
90L_10NL,3,90L_10NL_3_1,1,2625,"('sk', 'sk', 's')",palidese,palidese
90L_10NL,3,90L_10NL_3_1,1,2625,"('sk', 'sk', 's')",palidese,palidese
90L_10NL,3,90L_10NL_3_1,1,2625,"('sk', 'sk', 's')",palidese,palidese
90L_10NL,3,90L_10NL_3_1,1,2625,"('sk', 'sk', 's')",palidese,palidese
90L_10NL,3,90L_10NL_3_1,1,2625,"('sk', 'sk', 's')",palidese,palidese
90L_10NL,3,90L_10NL_3_1,1,2625,"('sk', 'sk', 's')",palidese,palidese
90L_10NL,3,90L_10NL_3_1,1,2625,"('sk', 'sk', 's')",palidese,palidese
90L_10NL,3,90L_10NL_3_1,1,2625,"('sk', 'sk', 's')",palidese,palidese
90L_10NL,3,90L_10NL_3_1,1,2625,"('sk', 'sk', 's')",palidese,palidese
90L_10NL,3,90L_10NL_3_1,1,2625,"('sk', 'sk', 's')",palidese,palidese
90L_10NL,3,90L_10NL_3_1,1,2625,"('sk', 'sk', 's')",palidese,palidese
90L_10NL,3,90L_10NL_3_1,1,2625,"('sk', 'sk', 's')",palidese,palidese
90L_10NL,3,90L_10NL_3_1,1,2625,"('sk', 'sk', 's')",palidese,palidese
90L_10NL,3,90L_10NL_3_1,1,2625,"('sk', 'sk', 's')",palidese,palidese
90L_10NL,3,90L_10NL_3_1,1,2625,"('sk', 'sk', 's')",palidese,palidese
90L_10NL,3,90L_10NL_3_1,1,2625,"('sk', 'sk', 's')",palidese,palidese
90L_10NL,3,90L_10NL_3_1,1,2625,"('sk', 'sk', 's')",palidese,palidese
90L_10NL,3,90L_10NL_3_1,1,2625,"('sk', 'sk', 's')",palidese,palidese
90L_10NL,3,90L_10NL_3_1,1,2625,"('sk', 'sk', 's')",palidese,palidese
90L_10NL,3,90L_10NL_3_1,1,1750,"('s', 's', 'sk')",palideskajs,palideskajs
90L_10NL,3,90L_10NL_3_1,1,1750,"('s', 's', 'sk')",palideskajs,palideskajs
90L_10NL,3,90L_10NL_3_1,1,1750,"('s', 's', 'sk')",palideskajs,palideskajs
90L_10NL,3,90L_10NL_3_1,1,1750,"('s', 's', 'sk')",palideskajs,palideskajs
90L_10NL,3,90L_10NL_3_1,1,5250,"('s', 'sk', 'sk')",palideskajs,palideskajs
90L_10NL,3,90L_10NL_3_1,1,5250,"('s', 'sk', 'sk')",palideskajs,palideskajs
90L_10NL,3,90L_10NL_3_1,1,5250,"('s', 'sk', 'sk')",palideskajs,palideskajs
90L_10NL,3,90L_10NL_3_1,1,5250,"('s', 'sk', 'sk')",palideskajs,palideskajs
90L_10NL,3,90L_10NL_3_1,1,5250,"('s', 'sk', 'sk')",palideskajs,palideskajs
90L_10NL,3,90L_10NL_3_1,1,5250,"('s', 'sk', 'sk')",palideskajs,palideskajs
90L_10NL,3,90L_10NL_3_1,1,1750,"('s', 's', 'sk')",palideskajs,palideskajs
90L_10NL,3,90L_10NL_3_1,1,1750,"('s', 's', 'sk')",palideskajs,palideskajs
90L_10NL,3,90L_10NL_3_1,1,1750,"('s', 's', 'sk')",palideskajs,palideskajs
90L_10NL,3,90L_10NL_3_1,1,5250,"('s', 'sk', 'sk')",palideskajs,palideskajs
90L_10NL,3,90L_10NL_3_1,1,5250,"('s', 'sk', 'sk')",palideskajs,palideskajs
90L_10NL,3,90L_10NL_3_1,1,5250,"('s', 'sk', 'sk')",palideskajs,palideskajs
90L_10NL,3,90L_10NL_3_1,1,5250,"('s', 'sk', 'sk')",palideskajs,palideskajs
90L_10NL,3,90L_10NL_3_1,1,5250,"('s', 'sk', 'sk')",palideskajs,palideskajs
90L_10NL,3,90L_10NL_3_1,1,5250,"('s', 'sk', 'sk')",palideskajs,palideskajs
90L_10NL,3,90L_10NL_3_1,1,1750,"('s', 's', 'sk')",palideskajs,palideskajs
90L_10NL,3,90L_10NL_3_1,1,1750,"('s', 's', 'sk')",palideskajs,palideskajs
90L_10NL,3,90L_10NL_3_1,1,5250,"('s', 'sk', 'sk')",palideskajs,palideskajs
90L_10NL,3,90L_10NL_3_1,1,5250,"('s', 'sk', 'sk')",palideskajs,palideskajs
90L_10NL,3,90L_10NL_3_1,1,5250,"('s', 'sk', 'sk')",palideskajs,palideskajs
90L_10NL,3,90L_10NL_3_1,1,5250,"('s', 'sk', 'sk')",palideskajs,palideskajs
90L_10NL,3,90L_10NL_3_1,1,5250,"('s', 'sk', 'sk')",palideskajs,palideskajs
90L_10NL,3,90L_10NL_3_1,1,5250,"('s', 'sk', 'sk')",palideskajs,palideskajs
90L_10NL,3,90L_10NL_3_1,1,1750,"('s', 's', 'sk')",palideskajs,palideskajs
90L_10NL,3,90L_10NL_3_1,1,5250,"('s', 'sk', 'sk')",palideskajs,palideskajs
90L_10NL,3,90L_10NL_3_1,1,5250,"('s', 'sk', 'sk')",palideskajs,palideskajs
90L_10NL,3,90L_10NL_3_1,1,5250,"('s', 'sk', 'sk')",palideskajs,palideskajs
90L_10NL,3,90L_10NL_3_1,1,5250,"('s', 'sk', 'sk')",palideskajs,palideskajs
90L_10NL,3,90L_10NL_3_1,1,5250,"('s', 'sk', 'sk')",palideskajs,palideskajs
90L_10NL,3,90L_10NL_3_1,1,5250,"('s', 'sk', 'sk')",palideskajs,palideskajs
90L_10NL,3,90L_10NL_3_1,1,5250,"('s', 'sk', 'sk')",palideskajs,palideskajs
90L_10NL,3,90L_10NL_3_1,1,5250,"('s', 'sk', 'sk')",palideskajs,palideskajs
90L_10NL,3,90L_10NL_3_1,1,5250,"('s', 'sk', 'sk')",palideskajs,palideskajs
90L_10NL,3,90L_10NL_3_1,1,5250,"('s', 'sk', 'sk')",palideskajs,palideskajs
90L_10NL,3,90L_10NL_3_1,1,5250,"('s', 'sk', 'sk')",palideskajs,palideskajs
90L_10NL,3,90L_10NL_3_1,1,5250,"('s', 'sk', 'sk')",palideskajs,palideskajs
90L_10NL,3,90L_10NL_3_1,1,2625,"('sk', 'sk', 'sk')",palideskajs,palideskajs
90L_10NL,3,90L_10NL_3_1,1,2625,"('sk', 'sk', 'sk')",palideskajs,palideskajs
90L_10NL,3,90L_10NL_3_1,1,2625,"('sk', 'sk', 'sk')",palideskajs,palideskajs
90L_10NL,3,90L_10NL_3_1,1,2625,"('sk', 'sk', 'sk')",palideskajs,palideskajs
90L_10NL,3,90L_10NL_3_1,1,2625,"('sk', 'sk', 'sk')",palideskajs,palideskajs
90L_10NL,3,90L_10NL_3_1,1,2625,"('sk', 'sk', 'sk')",palideskajs,palideskajs
90L_10NL,3,90L_10NL_3_1,1,2625,"('sk', 'sk', 'sk')",palideskajs,palideskajs
90L_10NL,3,90L_10NL_3_1,1,2625,"('sk', 'sk', 'sk')",palideskajs,palideskajs
90L_10NL,3,90L_10NL_3_1,1,2625,"('sk', 'sk', 'sk')",palideskajs,palideskajs
90L_10NL,3,90L_10NL_3_1,1,2625,"('sk', 'sk', 'sk')",palideskajs,palideskajs
90L_10NL,3,90L_10NL_3_1,1,2625,"('sk', 'sk', 'sk')",palideskajs,palideskajs
90L_10NL,3,90L_10NL_3_1,1,2625,"('sk', 'sk', 'sk')",palideskajs,palideskajs
90L_10NL,3,90L_10NL_3_1,1,2625,"('sk', 'sk', 'sk')",palideskajs,palideskajs
90L_10NL,3,90L_10NL_3_1,1,2625,"('sk', 'sk', 'sk')",palideskajs,palideskajs
90L_10NL,3,90L_10NL_3_1,1,2625,"('sk', 'sk', 'sk')",palideskajs,palideskajs
90L_10NL,3,90L_10NL_3_1,1,1750,"('s', 's', 'sk')",palideskamos,palideskamos
90L_10NL,3,90L_10NL_3_1,1,1750,"('s', 's', 'sk')",palideskamos,palideskamos
90L_10NL,3,90L_10NL_3_1,1,1750,"('s', 's', 'sk')",palideskamos,palideskamos
90L_10NL,3,90L_10NL_3_1,1,1750,"('s', 's', 'sk')",palideskamos,palideskamos
90L_10NL,3,90L_10NL_3_1,1,5250,"('s', 'sk', 'sk')",palideskamos,palideskamos
90L_10NL,3,90L_10NL_3_1,1,5250,"('s', 'sk', 'sk')",palideskamos,palideskamos
90L_10NL,3,90L_10NL_3_1,1,5250,"('s', 'sk', 'sk')",palideskamos,palideskamos
90L_10NL,3,90L_10NL_3_1,1,5250,"('s', 'sk', 'sk')",palideskamos,palideskamos
90L_10NL,3,90L_10NL_3_1,1,5250,"('s', 'sk', 'sk')",palideskamos,palideskamos
90L_10NL,3,90L_10NL_3_1,1,5250,"('s', 'sk', 'sk')",palideskamos,palideskamos
90L_10NL,3,90L_10NL_3_1,1,1750,"('s', 's', 'sk')",palideskamos,palideskamos
90L_10NL,3,90L_10NL_3_1,1,1750,"('s', 's', 'sk')",palideskamos,palideskamos
90L_10NL,3,90L_10NL_3_1,1,1750,"('s', 's', 'sk')",palideskamos,palideskamos
90L_10NL,3,90L_10NL_3_1,1,5250,"('s', 'sk', 'sk')",palideskamos,palideskamos
90L_10NL,3,90L_10NL_3_1,1,5250,"('s', 'sk', 'sk')",palideskamos,palideskamos
90L_10NL,3,90L_10NL_3_1,1,5250,"('s', 'sk', 'sk')",palideskamos,palideskamos
90L_10NL,3,90L_10NL_3_1,1,5250,"('s', 'sk', 'sk')",palideskamos,palideskamos
90L_10NL,3,90L_10NL_3_1,1,5250,"('s', 'sk', 'sk')",palideskamos,palideskamos
90L_10NL,3,90L_10NL_3_1,1,5250,"('s', 'sk', 'sk')",palideskamos,palideskamos
90L_10NL,3,90L_10NL_3_1,1,1750,"('s', 's', 'sk')",palideskamos,palideskamos
90L_10NL,3,90L_10NL_3_1,1,1750,"('s', 's', 'sk')",palideskamos,palideskamos
90L_10NL,3,90L_10NL_3_1,1,5250,"('s', 'sk', 'sk')",palideskamos,palideskamos
90L_10NL,3,90L_10NL_3_1,1,5250,"('s', 'sk', 'sk')",palideskamos,palideskamos
90L_10NL,3,90L_10NL_3_1,1,5250,"('s', 'sk', 'sk')",palideskamos,palideskamos
90L_10NL,3,90L_10NL_3_1,1,5250,"('s', 'sk', 'sk')",palideskamos,palideskamos
90L_10NL,3,90L_10NL_3_1,1,5250,"('s', 'sk', 'sk')",palideskamos,palideskamos
90L_10NL,3,90L_10NL_3_1,1,5250,"('s', 'sk', 'sk')",palideskamos,palideskamos
90L_10NL,3,90L_10NL_3_1,1,1750,"('s', 's', 'sk')",palideskamos,palideskamos
90L_10NL,3,90L_10NL_3_1,1,5250,"('s', 'sk', 'sk')",palideskamos,palideskamos
90L_10NL,3,90L_10NL_3_1,1,5250,"('s', 'sk', 'sk')",palideskamos,palideskamos
90L_10NL,3,90L_10NL_3_1,1,5250,"('s', 'sk', 'sk')",palideskamos,palideskamos
90L_10NL,3,90L_10NL_3_1,1,5250,"('s', 'sk', 'sk')",palideskamos,palideskamos
90L_10NL,3,90L_10NL_3_1,1,5250,"('s', 'sk', 'sk')",palideskamos,palideskamos
90L_10NL,3,90L_10NL_3_1,1,5250,"('s', 'sk', 'sk')",palideskamos,palideskamos
90L_10NL,3,90L_10NL_3_1,1,5250,"('s', 'sk', 'sk')",palideskamos,palideskamos
90L_10NL,3,90L_10NL_3_1,1,5250,"('s', 'sk', 'sk')",palideskamos,palideskamos
90L_10NL,3,90L_10NL_3_1,1,5250,"('s', 'sk', 'sk')",palideskamos,palideskamos
90L_10NL,3,90L_10NL_3_1,1,5250,"('s', 'sk', 'sk')",palideskamos,palideskamos
90L_10NL,3,90L_10NL_3_1,1,5250,"('s', 'sk', 'sk')",palideskamos,palideskamos
90L_10NL,3,90L_10NL_3_1,1,5250,"('s', 'sk', 'sk')",palideskamos,palideskamos
90L_10NL,3,90L_10NL_3_1,1,2625,"('sk', 'sk', 'sk')",palideskamos,palideskamos
90L_10NL,3,90L_10NL_3_1,1,2625,"('sk', 'sk', 'sk')",palideskamos,palideskamos
90L_10NL,3,90L_10NL_3_1,1,2625,"('sk', 'sk', 'sk')",palideskamos,palideskamos
90L_10NL,3,90L_10NL_3_1,1,2625,"('sk', 'sk', 'sk')",palideskamos,palideskamos
90L_10NL,3,90L_10NL_3_1,1,2625,"('sk', 'sk', 'sk')",palideskamos,palideskamos
90L_10NL,3,90L_10NL_3_1,1,2625,"('sk', 'sk', 'sk')",palideskamos,palideskamos
90L_10NL,3,90L_10NL_3_1,1,2625,"('sk', 'sk', 'sk')",palideskamos,palideskamos
90L_10NL,3,90L_10NL_3_1,1,2625,"('sk', 'sk', 'sk')",palideskamos,palideskamos
90L_10NL,3,90L_10NL_3_1,1,2625,"('sk', 'sk', 'sk')",palideskamos,palideskamos
90L_10NL,3,90L_10NL_3_1,1,2625,"('sk', 'sk', 'sk')",palideskamos,palideskamos
90L_10NL,3,90L_10NL_3_1,1,2625,"('sk', 'sk', 'sk')",palideskamos,palideskamos
90L_10NL,3,90L_10NL_3_1,1,2625,"('sk', 'sk', 'sk')",palideskamos,palideskamos
90L_10NL,3,90L_10NL_3_1,1,2625,"('sk', 'sk', 'sk')",palideskamos,palideskamos
90L_10NL,3,90L_10NL_3_1,1,2625,"('sk', 'sk', 'sk')",palideskamos,palideskamos
90L_10NL,3,90L_10NL_3_1,1,2625,"('sk', 'sk', 'sk')",palideskamos,palideskamos
90L_10NL,3,90L_10NL_3_1,1,1750,"('s', 's', 'sk')",palideskan,palideskan
90L_10NL,3,90L_10NL_3_1,1,1750,"('s', 's', 'sk')",palideskan,palideskan
90L_10NL,3,90L_10NL_3_1,1,1750,"('s', 's', 'sk')",palideskan,palideskan
90L_10NL,3,90L_10NL_3_1,1,1750,"('s', 's', 'sk')",palideskan,palideskan
90L_10NL,3,90L_10NL_3_1,1,5250,"('s', 'sk', 'sk')",palideskan,palideskan
90L_10NL,3,90L_10NL_3_1,1,5250,"('s', 'sk', 'sk')",palideskan,palideskan
90L_10NL,3,90L_10NL_3_1,1,5250,"('s', 'sk', 'sk')",palideskan,palideskan
90L_10NL,3,90L_10NL_3_1,1,5250,"('s', 'sk', 'sk')",palideskan,palideskan
90L_10NL,3,90L_10NL_3_1,1,5250,"('s', 'sk', 'sk')",palideskan,palideskan
90L_10NL,3,90L_10NL_3_1,1,5250,"('s', 'sk', 'sk')",palideskan,palideskan
90L_10NL,3,90L_10NL_3_1,1,1750,"('s', 's', 'sk')",palideskan,palideskan
90L_10NL,3,90L_10NL_3_1,1,1750,"('s', 's', 'sk')",palideskan,palideskan
90L_10NL,3,90L_10NL_3_1,1,1750,"('s', 's', 'sk')",palideskan,palideskan
90L_10NL,3,90L_10NL_3_1,1,5250,"('s', 'sk', 'sk')",palideskan,palideskan
90L_10NL,3,90L_10NL_3_1,1,5250,"('s', 'sk', 'sk')",palideskan,palideskan
90L_10NL,3,90L_10NL_3_1,1,5250,"('s', 'sk', 'sk')",palideskan,palideskan
90L_10NL,3,90L_10NL_3_1,1,5250,"('s', 'sk', 'sk')",palideskan,palideskan
90L_10NL,3,90L_10NL_3_1,1,5250,"('s', 'sk', 'sk')",palideskan,palideskan
90L_10NL,3,90L_10NL_3_1,1,5250,"('s', 'sk', 'sk')",palideskan,palideskan
90L_10NL,3,90L_10NL_3_1,1,1750,"('s', 's', 'sk')",palideskan,palideskan
90L_10NL,3,90L_10NL_3_1,1,1750,"('s', 's', 'sk')",palideskan,palideskan
90L_10NL,3,90L_10NL_3_1,1,5250,"('s', 'sk', 'sk')",palideskan,palideskan
90L_10NL,3,90L_10NL_3_1,1,5250,"('s', 'sk', 'sk')",palideskan,palideskan
90L_10NL,3,90L_10NL_3_1,1,5250,"('s', 'sk', 'sk')",palideskan,palideskan
90L_10NL,3,90L_10NL_3_1,1,5250,"('s', 'sk', 'sk')",palideskan,palideskan
90L_10NL,3,90L_10NL_3_1,1,5250,"('s', 'sk', 'sk')",palideskan,palideskan
90L_10NL,3,90L_10NL_3_1,1,5250,"('s', 'sk', 'sk')",palideskan,palideskan
90L_10NL,3,90L_10NL_3_1,1,1750,"('s', 's', 'sk')",palideskan,palideskan
90L_10NL,3,90L_10NL_3_1,1,5250,"('s', 'sk', 'sk')",palideskan,palideskan
90L_10NL,3,90L_10NL_3_1,1,5250,"('s', 'sk', 'sk')",palideskan,palideskan
90L_10NL,3,90L_10NL_3_1,1,5250,"('s', 'sk', 'sk')",palideskan,palideskan
90L_10NL,3,90L_10NL_3_1,1,5250,"('s', 'sk', 'sk')",palideskan,palideskan
90L_10NL,3,90L_10NL_3_1,1,5250,"('s', 'sk', 'sk')",palideskan,palideskan
90L_10NL,3,90L_10NL_3_1,1,5250,"('s', 'sk', 'sk')",palideskan,palideskan
90L_10NL,3,90L_10NL_3_1,1,5250,"('s', 'sk', 'sk')",palideskan,palideskan
90L_10NL,3,90L_10NL_3_1,1,5250,"('s', 'sk', 'sk')",palideskan,palideskan
90L_10NL,3,90L_10NL_3_1,1,5250,"('s', 'sk', 'sk')",palideskan,palideskan
90L_10NL,3,90L_10NL_3_1,1,5250,"('s', 'sk', 'sk')",palideskan,palideskan
90L_10NL,3,90L_10NL_3_1,1,5250,"('s', 'sk', 'sk')",palideskan,palideskan
90L_10NL,3,90L_10NL_3_1,1,5250,"('s', 'sk', 'sk')",palideskan,palideskan
90L_10NL,3,90L_10NL_3_1,1,2625,"('sk', 'sk', 'sk')",palideskan,palideskan
90L_10NL,3,90L_10NL_3_1,1,2625,"('sk', 'sk', 'sk')",palideskan,palideskan
90L_10NL,3,90L_10NL_3_1,1,2625,"('sk', 'sk', 'sk')",palideskan,palideskan
90L_10NL,3,90L_10NL_3_1,1,2625,"('sk', 'sk', 'sk')",palideskan,palideskan
90L_10NL,3,90L_10NL_3_1,1,2625,"('sk', 'sk', 'sk')",palideskan,palideskan
90L_10NL,3,90L_10NL_3_1,1,2625,"('sk', 'sk', 'sk')",palideskan,palideskan
90L_10NL,3,90L_10NL_3_1,1,2625,"('sk', 'sk', 'sk')",palideskan,palideskan
90L_10NL,3,90L_10NL_3_1,1,2625,"('sk', 'sk', 'sk')",palideskan,palideskan
90L_10NL,3,90L_10NL_3_1,1,2625,"('sk', 'sk', 'sk')",palideskan,palideskan
90L_10NL,3,90L_10NL_3_1,1,2625,"('sk', 'sk', 'sk')",palideskan,palideskan
90L_10NL,3,90L_10NL_3_1,1,2625,"('sk', 'sk', 'sk')",palideskan,palideskan
90L_10NL,3,90L_10NL_3_1,1,2625,"('sk', 'sk', 'sk')",palideskan,palideskan
90L_10NL,3,90L_10NL_3_1,1,2625,"('sk', 'sk', 'sk')",palideskan,palideskan
90L_10NL,3,90L_10NL_3_1,1,2625,"('sk', 'sk', 'sk')",palideskan,palideskan
90L_10NL,3,90L_10NL_3_1,1,2625,"('sk', 'sk', 'sk')",palideskan,palideskan
90L_10NL,3,90L_10NL_3_1,1,1750,"('s', 's', 'sk')",palideskas,palideskas
90L_10NL,3,90L_10NL_3_1,1,1750,"('s', 's', 'sk')",palideskas,palideskas
90L_10NL,3,90L_10NL_3_1,1,1750,"('s', 's', 'sk')",palideskas,palideskas
90L_10NL,3,90L_10NL_3_1,1,1750,"('s', 's', 'sk')",palideskas,palideskas
90L_10NL,3,90L_10NL_3_1,1,5250,"('s', 'sk', 'sk')",palideskas,palideskas
90L_10NL,3,90L_10NL_3_1,1,5250,"('s', 'sk', 'sk')",palideskas,palideskas
90L_10NL,3,90L_10NL_3_1,1,5250,"('s', 'sk', 'sk')",palideskas,palideskas
90L_10NL,3,90L_10NL_3_1,1,5250,"('s', 'sk', 'sk')",palideskas,palideskas
90L_10NL,3,90L_10NL_3_1,1,5250,"('s', 'sk', 'sk')",palideskas,palideskas
90L_10NL,3,90L_10NL_3_1,1,5250,"('s', 'sk', 'sk')",palideskas,palideskas
90L_10NL,3,90L_10NL_3_1,1,1750,"('s', 's', 'sk')",palideskas,palideskas
90L_10NL,3,90L_10NL_3_1,1,1750,"('s', 's', 'sk')",palideskas,palideskas
90L_10NL,3,90L_10NL_3_1,1,1750,"('s', 's', 'sk')",palideskas,palideskas
90L_10NL,3,90L_10NL_3_1,1,5250,"('s', 'sk', 'sk')",palideskas,palideskas
90L_10NL,3,90L_10NL_3_1,1,5250,"('s', 'sk', 'sk')",palideskas,palideskas
90L_10NL,3,90L_10NL_3_1,1,5250,"('s', 'sk', 'sk')",palideskas,palideskas
90L_10NL,3,90L_10NL_3_1,1,5250,"('s', 'sk', 'sk')",palideskas,palideskas
90L_10NL,3,90L_10NL_3_1,1,5250,"('s', 'sk', 'sk')",palideskas,palideskas
90L_10NL,3,90L_10NL_3_1,1,5250,"('s', 'sk', 'sk')",palideskas,palideskas
90L_10NL,3,90L_10NL_3_1,1,1750,"('s', 's', 'sk')",palideskas,palideskas
90L_10NL,3,90L_10NL_3_1,1,1750,"('s', 's', 'sk')",palideskas,palideskas
90L_10NL,3,90L_10NL_3_1,1,5250,"('s', 'sk', 'sk')",palideskas,palideskas
90L_10NL,3,90L_10NL_3_1,1,5250,"('s', 'sk', 'sk')",palideskas,palideskas
90L_10NL,3,90L_10NL_3_1,1,5250,"('s', 'sk', 'sk')",palideskas,palideskas
90L_10NL,3,90L_10NL_3_1,1,5250,"('s', 'sk', 'sk')",palideskas,palideskas
90L_10NL,3,90L_10NL_3_1,1,5250,"('s', 'sk', 'sk')",palideskas,palideskas
90L_10NL,3,90L_10NL_3_1,1,5250,"('s', 'sk', 'sk')",palideskas,palideskas
90L_10NL,3,90L_10NL_3_1,1,1750,"('s', 's', 'sk')",palideskas,palideskas
90L_10NL,3,90L_10NL_3_1,1,5250,"('s', 'sk', 'sk')",palideskas,palideskas
90L_10NL,3,90L_10NL_3_1,1,5250,"('s', 'sk', 'sk')",palideskas,palideskas
90L_10NL,3,90L_10NL_3_1,1,5250,"('s', 'sk', 'sk')",palideskas,palideskas
90L_10NL,3,90L_10NL_3_1,1,5250,"('s', 'sk', 'sk')",palideskas,palideskas
90L_10NL,3,90L_10NL_3_1,1,5250,"('s', 'sk', 'sk')",palideskas,palideskas
90L_10NL,3,90L_10NL_3_1,1,5250,"('s', 'sk', 'sk')",palideskas,palideskas
90L_10NL,3,90L_10NL_3_1,1,5250,"('s', 'sk', 'sk')",palideskas,palideskas
90L_10NL,3,90L_10NL_3_1,1,5250,"('s', 'sk', 'sk')",palideskas,palideskas
90L_10NL,3,90L_10NL_3_1,1,5250,"('s', 'sk', 'sk')",palideskas,palideskas
90L_10NL,3,90L_10NL_3_1,1,5250,"('s', 'sk', 'sk')",palideskas,palideskas
90L_10NL,3,90L_10NL_3_1,1,5250,"('s', 'sk', 'sk')",palideskas,palideskas
90L_10NL,3,90L_10NL_3_1,1,5250,"('s', 'sk', 'sk')",palideskas,palideskas
90L_10NL,3,90L_10NL_3_1,1,2625,"('sk', 'sk', 'sk')",palideskas,palideskas
90L_10NL,3,90L_10NL_3_1,1,2625,"('sk', 'sk', 'sk')",palideskas,palideskas
90L_10NL,3,90L_10NL_3_1,1,2625,"('sk', 'sk', 'sk')",palideskas,palideskas
90L_10NL,3,90L_10NL_3_1,1,2625,"('sk', 'sk', 'sk')",palideskas,palideskas
90L_10NL,3,90L_10NL_3_1,1,2625,"('sk', 'sk', 'sk')",palideskas,palideskas
90L_10NL,3,90L_10NL_3_1,1,2625,"('sk', 'sk', 'sk')",palideskas,palideskas
90L_10NL,3,90L_10NL_3_1,1,2625,"('sk', 'sk', 'sk')",palideskas,palideskas
90L_10NL,3,90L_10NL_3_1,1,2625,"('sk', 'sk', 'sk')",palideskas,palideskas
90L_10NL,3,90L_10NL_3_1,1,2625,"('sk', 'sk', 'sk')",palideskas,palideskas
90L_10NL,3,90L_10NL_3_1,1,2625,"('sk', 'sk', 'sk')",palideskas,palideskas
90L_10NL,3,90L_10NL_3_1,1,2625,"('sk', 'sk', 'sk')",palideskas,palideskas
90L_10NL,3,90L_10NL_3_1,1,2625,"('sk', 'sk', 'sk')",palideskas,palideskas
90L_10NL,3,90L_10NL_3_1,1,2625,"('sk', 'sk', 'sk')",palideskas,palideskas
90L_10NL,3,90L_10NL_3_1,1,2625,"('sk', 'sk', 'sk')",palideskas,palideskas
90L_10NL,3,90L_10NL_3_1,1,2625,"('sk', 'sk', 'sk')",palideskas,palideskas
90L_10NL,3,90L_10NL_3_1,1,1750,"('s', 's', 'sk')",palideska,palideska
90L_10NL,3,90L_10NL_3_1,1,1750,"('s', 's', 'sk')",palideska,palideska
90L_10NL,3,90L_10NL_3_1,1,1750,"('s', 's', 'sk')",palideska,palideska
90L_10NL,3,90L_10NL_3_1,1,1750,"('s', 's', 'sk')",palideska,palideska
90L_10NL,3,90L_10NL_3_1,1,5250,"('s', 'sk', 'sk')",palideska,palideska
90L_10NL,3,90L_10NL_3_1,1,5250,"('s', 'sk', 'sk')",palideska,palideska
90L_10NL,3,90L_10NL_3_1,1,5250,"('s', 'sk', 'sk')",palideska,palideska
90L_10NL,3,90L_10NL_3_1,1,5250,"('s', 'sk', 'sk')",palideska,palideska
90L_10NL,3,90L_10NL_3_1,1,5250,"('s', 'sk', 'sk')",palideska,palideska
90L_10NL,3,90L_10NL_3_1,1,5250,"('s', 'sk', 'sk')",palideska,palideska
90L_10NL,3,90L_10NL_3_1,1,1750,"('s', 's', 'sk')",palideska,palideska
90L_10NL,3,90L_10NL_3_1,1,1750,"('s', 's', 'sk')",palideska,palideska
90L_10NL,3,90L_10NL_3_1,1,1750,"('s', 's', 'sk')",palideska,palideska
90L_10NL,3,90L_10NL_3_1,1,5250,"('s', 'sk', 'sk')",palideska,palideska
90L_10NL,3,90L_10NL_3_1,1,5250,"('s', 'sk', 'sk')",palideska,palideska
90L_10NL,3,90L_10NL_3_1,1,5250,"('s', 'sk', 'sk')",palideska,palideska
90L_10NL,3,90L_10NL_3_1,1,5250,"('s', 'sk', 'sk')",palideska,palideska
90L_10NL,3,90L_10NL_3_1,1,5250,"('s', 'sk', 'sk')",palideska,palideska
90L_10NL,3,90L_10NL_3_1,1,5250,"('s', 'sk', 'sk')",palideska,palideska
90L_10NL,3,90L_10NL_3_1,1,1750,"('s', 's', 'sk')",palideska,palideska
90L_10NL,3,90L_10NL_3_1,1,1750,"('s', 's', 'sk')",palideska,palideska
90L_10NL,3,90L_10NL_3_1,1,5250,"('s', 'sk', 'sk')",palideska,palideska
90L_10NL,3,90L_10NL_3_1,1,5250,"('s', 'sk', 'sk')",palideska,palideska
90L_10NL,3,90L_10NL_3_1,1,5250,"('s', 'sk', 'sk')",palideska,palideska
90L_10NL,3,90L_10NL_3_1,1,5250,"('s', 'sk', 'sk')",palideska,palideska
90L_10NL,3,90L_10NL_3_1,1,5250,"('s', 'sk', 'sk')",palideska,palideska
90L_10NL,3,90L_10NL_3_1,1,5250,"('s', 'sk', 'sk')",palideska,palideska
90L_10NL,3,90L_10NL_3_1,1,1750,"('s', 's', 'sk')",palideska,palideska
90L_10NL,3,90L_10NL_3_1,1,5250,"('s', 'sk', 'sk')",palideska,palideska
90L_10NL,3,90L_10NL_3_1,1,5250,"('s', 'sk', 'sk')",palideska,palideska
90L_10NL,3,90L_10NL_3_1,1,5250,"('s', 'sk', 'sk')",palideska,palideska
90L_10NL,3,90L_10NL_3_1,1,5250,"('s', 'sk', 'sk')",palideska,palideska
90L_10NL,3,90L_10NL_3_1,1,5250,"('s', 'sk', 'sk')",palideska,palideska
90L_10NL,3,90L_10NL_3_1,1,5250,"('s', 'sk', 'sk')",palideska,palideska
90L_10NL,3,90L_10NL_3_1,1,5250,"('s', 'sk', 'sk')",palideska,palideska
90L_10NL,3,90L_10NL_3_1,1,5250,"('s', 'sk', 'sk')",palideska,palideska
90L_10NL,3,90L_10NL_3_1,1,5250,"('s', 'sk', 'sk')",palideska,palideska
90L_10NL,3,90L_10NL_3_1,1,5250,"('s', 'sk', 'sk')",palideska,palideska
90L_10NL,3,90L_10NL_3_1,1,5250,"('s', 'sk', 'sk')",palideska,palideska
90L_10NL,3,90L_10NL_3_1,1,5250,"('s', 'sk', 'sk')",palideska,palideska
90L_10NL,3,90L_10NL_3_1,1,2625,"('sk', 'sk', 'sk')",palideska,palideska
90L_10NL,3,90L_10NL_3_1,1,2625,"('sk', 'sk', 'sk')",palideska,palideska
90L_10NL,3,90L_10NL_3_1,1,2625,"('sk', 'sk', 'sk')",palideska,palideska
90L_10NL,3,90L_10NL_3_1,1,2625,"('sk', 'sk', 'sk')",palideska,palideska
90L_10NL,3,90L_10NL_3_1,1,2625,"('sk', 'sk', 'sk')",palideska,palideska
90L_10NL,3,90L_10NL_3_1,1,2625,"('sk', 'sk', 'sk')",palideska,palideska
90L_10NL,3,90L_10NL_3_1,1,2625,"('sk', 'sk', 'sk')",palideska,palideska
90L_10NL,3,90L_10NL_3_1,1,2625,"('sk', 'sk', 'sk')",palideska,palideska
90L_10NL,3,90L_10NL_3_1,1,2625,"('sk', 'sk', 'sk')",palideska,palideska
90L_10NL,3,90L_10NL_3_1,1,2625,"('sk', 'sk', 'sk')",palideska,palideska
90L_10NL,3,90L_10NL_3_1,1,2625,"('sk', 'sk', 'sk')",palideska,palideska
90L_10NL,3,90L_10NL_3_1,1,2625,"('sk', 'sk', 'sk')",palideska,palideska
90L_10NL,3,90L_10NL_3_1,1,2625,"('sk', 'sk', 'sk')",palideska,palideska
90L_10NL,3,90L_10NL_3_1,1,2625,"('sk', 'sk', 'sk')",palideska,palideska
90L_10NL,3,90L_10NL_3_1,1,2625,"('sk', 'sk', 'sk')",palideska,palideska
90L_10NL,3,90L_10NL_3_1,1,1750,"('s', 's', 'sk')",palideska,palideska
90L_10NL,3,90L_10NL_3_1,1,1750,"('s', 's', 'sk')",palideska,palideska
90L_10NL,3,90L_10NL_3_1,1,1750,"('s', 's', 'sk')",palideska,palideska
90L_10NL,3,90L_10NL_3_1,1,1750,"('s', 's', 'sk')",palideska,palideska
90L_10NL,3,90L_10NL_3_1,1,5250,"('s', 'sk', 'sk')",palideska,palideska
90L_10NL,3,90L_10NL_3_1,1,5250,"('s', 'sk', 'sk')",palideska,palideska
90L_10NL,3,90L_10NL_3_1,1,5250,"('s', 'sk', 'sk')",palideska,palideska
90L_10NL,3,90L_10NL_3_1,1,5250,"('s', 'sk', 'sk')",palideska,palideska
90L_10NL,3,90L_10NL_3_1,1,5250,"('s', 'sk', 'sk')",palideska,palideska
90L_10NL,3,90L_10NL_3_1,1,5250,"('s', 'sk', 'sk')",palideska,palideska
90L_10NL,3,90L_10NL_3_1,1,1750,"('s', 's', 'sk')",palideska,palideska
90L_10NL,3,90L_10NL_3_1,1,1750,"('s', 's', 'sk')",palideska,palideska
90L_10NL,3,90L_10NL_3_1,1,1750,"('s', 's', 'sk')",palideska,palideska
90L_10NL,3,90L_10NL_3_1,1,5250,"('s', 'sk', 'sk')",palideska,palideska
90L_10NL,3,90L_10NL_3_1,1,5250,"('s', 'sk', 'sk')",palideska,palideska
90L_10NL,3,90L_10NL_3_1,1,5250,"('s', 'sk', 'sk')",palideska,palideska
90L_10NL,3,90L_10NL_3_1,1,5250,"('s', 'sk', 'sk')",palideska,palideska
90L_10NL,3,90L_10NL_3_1,1,5250,"('s', 'sk', 'sk')",palideska,palideska
90L_10NL,3,90L_10NL_3_1,1,5250,"('s', 'sk', 'sk')",palideska,palideska
90L_10NL,3,90L_10NL_3_1,1,1750,"('s', 's', 'sk')",palideska,palideska
90L_10NL,3,90L_10NL_3_1,1,1750,"('s', 's', 'sk')",palideska,palideska
90L_10NL,3,90L_10NL_3_1,1,5250,"('s', 'sk', 'sk')",palideska,palideska
90L_10NL,3,90L_10NL_3_1,1,5250,"('s', 'sk', 'sk')",palideska,palideska
90L_10NL,3,90L_10NL_3_1,1,5250,"('s', 'sk', 'sk')",palideska,palideska
90L_10NL,3,90L_10NL_3_1,1,5250,"('s', 'sk', 'sk')",palideska,palideska
90L_10NL,3,90L_10NL_3_1,1,5250,"('s', 'sk', 'sk')",palideska,palideska
90L_10NL,3,90L_10NL_3_1,1,5250,"('s', 'sk', 'sk')",palideska,palideska
90L_10NL,3,90L_10NL_3_1,1,1750,"('s', 's', 'sk')",palideska,palideska
90L_10NL,3,90L_10NL_3_1,1,5250,"('s', 'sk', 'sk')",palideska,palideska
90L_10NL,3,90L_10NL_3_1,1,5250,"('s', 'sk', 'sk')",palideska,palideska
90L_10NL,3,90L_10NL_3_1,1,5250,"('s', 'sk', 'sk')",palideska,palideska
90L_10NL,3,90L_10NL_3_1,1,5250,"('s', 'sk', 'sk')",palideska,palideska
90L_10NL,3,90L_10NL_3_1,1,5250,"('s', 'sk', 'sk')",palideska,palideska
90L_10NL,3,90L_10NL_3_1,1,5250,"('s', 'sk', 'sk')",palideska,palideska
90L_10NL,3,90L_10NL_3_1,1,5250,"('s', 'sk', 'sk')",palideska,palideska
90L_10NL,3,90L_10NL_3_1,1,5250,"('s', 'sk', 'sk')",palideska,palideska
90L_10NL,3,90L_10NL_3_1,1,5250,"('s', 'sk', 'sk')",palideska,palideska
90L_10NL,3,90L_10NL_3_1,1,5250,"('s', 'sk', 'sk')",palideska,palideska
90L_10NL,3,90L_10NL_3_1,1,5250,"('s', 'sk', 'sk')",palideska,palideska
90L_10NL,3,90L_10NL_3_1,1,5250,"('s', 'sk', 'sk')",palideska,palideska
90L_10NL,3,90L_10NL_3_1,1,2625,"('sk', 'sk', 'sk')",palideska,palideska
90L_10NL,3,90L_10NL_3_1,1,2625,"('sk', 'sk', 'sk')",palideska,palideska
90L_10NL,3,90L_10NL_3_1,1,2625,"('sk', 'sk', 'sk')",palideska,palideska
90L_10NL,3,90L_10NL_3_1,1,2625,"('sk', 'sk', 'sk')",palideska,palideska
90L_10NL,3,90L_10NL_3_1,1,2625,"('sk', 'sk', 'sk')",palideska,palideska
90L_10NL,3,90L_10NL_3_1,1,2625,"('sk', 'sk', 'sk')",palideska,palideska
90L_10NL,3,90L_10NL_3_1,1,2625,"('sk', 'sk', 'sk')",palideska,palideska
90L_10NL,3,90L_10NL_3_1,1,2625,"('sk', 'sk', 'sk')",palideska,palideska
90L_10NL,3,90L_10NL_3_1,1,2625,"('sk', 'sk', 'sk')",palideska,palideska
90L_10NL,3,90L_10NL_3_1,1,2625,"('sk', 'sk', 'sk')",palideska,palideska
90L_10NL,3,90L_10NL_3_1,1,2625,"('sk', 'sk', 'sk')",palideska,palideska
90L_10NL,3,90L_10NL_3_1,1,2625,"('sk', 'sk', 'sk')",palideska,palideska
90L_10NL,3,90L_10NL_3_1,1,2625,"('sk', 'sk', 'sk')",palideska,palideska
90L_10NL,3,90L_10NL_3_1,1,2625,"('sk', 'sk', 'sk')",palideska,palideska
90L_10NL,3,90L_10NL_3_1,1,2625,"('sk', 'sk', 'sk')",palideska,palideska
90L_10NL,3,90L_10NL_3_1,1,1750,"('s', 's', 'sk')",palidesko,palidesko
90L_10NL,3,90L_10NL_3_1,1,1750,"('s', 's', 'sk')",palidesko,palidesko
90L_10NL,3,90L_10NL_3_1,1,1750,"('s', 's', 'sk')",palidesko,palidesko
90L_10NL,3,90L_10NL_3_1,1,1750,"('s', 's', 'sk')",palidesko,palidesko
90L_10NL,3,90L_10NL_3_1,1,5250,"('s', 'sk', 'sk')",palidesko,palidesko
90L_10NL,3,90L_10NL_3_1,1,5250,"('s', 'sk', 'sk')",palidesko,palidesko
90L_10NL,3,90L_10NL_3_1,1,5250,"('s', 'sk', 'sk')",palidesko,palidesko
90L_10NL,3,90L_10NL_3_1,1,5250,"('s', 'sk', 'sk')",palidesko,palidesko
90L_10NL,3,90L_10NL_3_1,1,5250,"('s', 'sk', 'sk')",palidesko,palidesko
90L_10NL,3,90L_10NL_3_1,1,5250,"('s', 'sk', 'sk')",palidesko,palidesko
90L_10NL,3,90L_10NL_3_1,1,1750,"('s', 's', 'sk')",palidesko,palidesko
90L_10NL,3,90L_10NL_3_1,1,1750,"('s', 's', 'sk')",palidesko,palidesko
90L_10NL,3,90L_10NL_3_1,1,1750,"('s', 's', 'sk')",palidesko,palidesko
90L_10NL,3,90L_10NL_3_1,1,5250,"('s', 'sk', 'sk')",palidesko,palidesko
90L_10NL,3,90L_10NL_3_1,1,5250,"('s', 'sk', 'sk')",palidesko,palidesko
90L_10NL,3,90L_10NL_3_1,1,5250,"('s', 'sk', 'sk')",palidesko,palidesko
90L_10NL,3,90L_10NL_3_1,1,5250,"('s', 'sk', 'sk')",palidesko,palidesko
90L_10NL,3,90L_10NL_3_1,1,5250,"('s', 'sk', 'sk')",palidesko,palidesko
90L_10NL,3,90L_10NL_3_1,1,5250,"('s', 'sk', 'sk')",palidesko,palidesko
90L_10NL,3,90L_10NL_3_1,1,1750,"('s', 's', 'sk')",palidesko,palidesko
90L_10NL,3,90L_10NL_3_1,1,1750,"('s', 's', 'sk')",palidesko,palidesko
90L_10NL,3,90L_10NL_3_1,1,5250,"('s', 'sk', 'sk')",palidesko,palidesko
90L_10NL,3,90L_10NL_3_1,1,5250,"('s', 'sk', 'sk')",palidesko,palidesko
90L_10NL,3,90L_10NL_3_1,1,5250,"('s', 'sk', 'sk')",palidesko,palidesko
90L_10NL,3,90L_10NL_3_1,1,5250,"('s', 'sk', 'sk')",palidesko,palidesko
90L_10NL,3,90L_10NL_3_1,1,5250,"('s', 'sk', 'sk')",palidesko,palidesko
90L_10NL,3,90L_10NL_3_1,1,5250,"('s', 'sk', 'sk')",palidesko,palidesko
90L_10NL,3,90L_10NL_3_1,1,1750,"('s', 's', 'sk')",palidesko,palidesko
90L_10NL,3,90L_10NL_3_1,1,5250,"('s', 'sk', 'sk')",palidesko,palidesko
90L_10NL,3,90L_10NL_3_1,1,5250,"('s', 'sk', 'sk')",palidesko,palidesko
90L_10NL,3,90L_10NL_3_1,1,5250,"('s', 'sk', 'sk')",palidesko,palidesko
90L_10NL,3,90L_10NL_3_1,1,5250,"('s', 'sk', 'sk')",palidesko,palidesko
90L_10NL,3,90L_10NL_3_1,1,5250,"('s', 'sk', 'sk')",palidesko,palidesko
90L_10NL,3,90L_10NL_3_1,1,5250,"('s', 'sk', 'sk')",palidesko,palidesko
90L_10NL,3,90L_10NL_3_1,1,5250,"('s', 'sk', 'sk')",palidesko,palidesko
90L_10NL,3,90L_10NL_3_1,1,5250,"('s', 'sk', 'sk')",palidesko,palidesko
90L_10NL,3,90L_10NL_3_1,1,5250,"('s', 'sk', 'sk')",palidesko,palidesko
90L_10NL,3,90L_10NL_3_1,1,5250,"('s', 'sk', 'sk')",palidesko,palidesko
90L_10NL,3,90L_10NL_3_1,1,5250,"('s', 'sk', 'sk')",palidesko,palidesko
90L_10NL,3,90L_10NL_3_1,1,5250,"('s', 'sk', 'sk')",palidesko,palidesko
90L_10NL,3,90L_10NL_3_1,1,2625,"('sk', 'sk', 'sk')",palidesko,palidesko
90L_10NL,3,90L_10NL_3_1,1,2625,"('sk', 'sk', 'sk')",palidesko,palidesko
90L_10NL,3,90L_10NL_3_1,1,2625,"('sk', 'sk', 'sk')",palidesko,palidesko
90L_10NL,3,90L_10NL_3_1,1,2625,"('sk', 'sk', 'sk')",palidesko,palidesko
90L_10NL,3,90L_10NL_3_1,1,2625,"('sk', 'sk', 'sk')",palidesko,palidesko
90L_10NL,3,90L_10NL_3_1,1,2625,"('sk', 'sk', 'sk')",palidesko,palidesko
90L_10NL,3,90L_10NL_3_1,1,2625,"('sk', 'sk', 'sk')",palidesko,palidesko
90L_10NL,3,90L_10NL_3_1,1,2625,"('sk', 'sk', 'sk')",palidesko,palidesko
90L_10NL,3,90L_10NL_3_1,1,2625,"('sk', 'sk', 'sk')",palidesko,palidesko
90L_10NL,3,90L_10NL_3_1,1,2625,"('sk', 'sk', 'sk')",palidesko,palidesko
90L_10NL,3,90L_10NL_3_1,1,2625,"('sk', 'sk', 'sk')",palidesko,palidesko
90L_10NL,3,90L_10NL_3_1,1,2625,"('sk', 'sk', 'sk')",palidesko,palidesko
90L_10NL,3,90L_10NL_3_1,1,2625,"('sk', 'sk', 'sk')",palidesko,palidesko
90L_10NL,3,90L_10NL_3_1,1,2625,"('sk', 'sk', 'sk')",palidesko,palidesko
90L_10NL,3,90L_10NL_3_1,1,2625,"('sk', 'sk', 'sk')",palidesko,palidesko
90L_10NL,3,90L_10NL_3_1,1,210,"('ç', 'ç', 'ç')",afliçen,afliçen
90L_10NL,3,90L_10NL_3_1,1,210,"('ç', 'ç', 'ç')",afliçen,afliçen
90L_10NL,3,90L_10NL_3_1,1,210,"('ç', 'ç', 'ç')",afliçen,afliçen
90L_10NL,3,90L_10NL_3_1,1,980,"('ç', 'x', 'ç')",afliçen,afliçen
90L_10NL,3,90L_10NL_3_1,1,980,"('ç', 'x', 'ç')",afliçen,afliçen
90L_10NL,3,90L_10NL_3_1,1,980,"('ç', 'x', 'ç')",afliçen,afliçen
90L_10NL,3,90L_10NL_3_1,1,980,"('ç', 'x', 'ç')",afliçen,afliçen
90L_10NL,3,90L_10NL_3_1,1,980,"('ç', 'x', 'ç')",afliçen,afliçen
90L_10NL,3,90L_10NL_3_1,1,980,"('ç', 'x', 'ç')",afliçen,afliçen
90L_10NL,3,90L_10NL_3_1,1,980,"('ç', 'x', 'ç')",afliçen,afliçen
90L_10NL,3,90L_10NL_3_1,1,210,"('ç', 'ç', 'ç')",afliçen,afliçen
90L_10NL,3,90L_10NL_3_1,1,210,"('ç', 'ç', 'ç')",afliçen,afliçen
90L_10NL,3,90L_10NL_3_1,1,980,"('ç', 'x', 'ç')",afliçen,afliçen
90L_10NL,3,90L_10NL_3_1,1,980,"('ç', 'x', 'ç')",afliçen,afliçen
90L_10NL,3,90L_10NL_3_1,1,980,"('ç', 'x', 'ç')",afliçen,afliçen
90L_10NL,3,90L_10NL_3_1,1,980,"('ç', 'x', 'ç')",afliçen,afliçen
90L_10NL,3,90L_10NL_3_1,1,980,"('ç', 'x', 'ç')",afliçen,afliçen
90L_10NL,3,90L_10NL_3_1,1,980,"('ç', 'x', 'ç')",afliçen,afliçen
90L_10NL,3,90L_10NL_3_1,1,980,"('ç', 'x', 'ç')",afliçen,afliçen
90L_10NL,3,90L_10NL_3_1,1,210,"('ç', 'ç', 'ç')",afliçen,afliçen
90L_10NL,3,90L_10NL_3_1,1,980,"('ç', 'x', 'ç')",afliçen,afliçen
90L_10NL,3,90L_10NL_3_1,1,980,"('ç', 'x', 'ç')",afliçen,afliçen
90L_10NL,3,90L_10NL_3_1,1,980,"('ç', 'x', 'ç')",afliçen,afliçen
90L_10NL,3,90L_10NL_3_1,1,980,"('ç', 'x', 'ç')",afliçen,afliçen
90L_10NL,3,90L_10NL_3_1,1,980,"('ç', 'x', 'ç')",afliçen,afliçen
90L_10NL,3,90L_10NL_3_1,1,980,"('ç', 'x', 'ç')",afliçen,afliçen
90L_10NL,3,90L_10NL_3_1,1,980,"('ç', 'x', 'ç')",afliçen,afliçen
90L_10NL,3,90L_10NL_3_1,1,980,"('ç', 'x', 'ç')",afliçen,afliçen
90L_10NL,3,90L_10NL_3_1,1,980,"('ç', 'x', 'ç')",afliçen,afliçen
90L_10NL,3,90L_10NL_3_1,1,980,"('ç', 'x', 'ç')",afliçen,afliçen
90L_10NL,3,90L_10NL_3_1,1,980,"('ç', 'x', 'ç')",afliçen,afliçen
90L_10NL,3,90L_10NL_3_1,1,980,"('ç', 'x', 'ç')",afliçen,afliçen
90L_10NL,3,90L_10NL_3_1,1,980,"('ç', 'x', 'ç')",afliçen,afliçen
90L_10NL,3,90L_10NL_3_1,1,980,"('ç', 'x', 'ç')",afliçen,afliçen
90L_10NL,3,90L_10NL_3_1,1,735,"('x', 'x', 'ç')",afliçen,afliçen
90L_10NL,3,90L_10NL_3_1,1,735,"('x', 'x', 'ç')",afliçen,afliçen
90L_10NL,3,90L_10NL_3_1,1,735,"('x', 'x', 'ç')",afliçen,afliçen
90L_10NL,3,90L_10NL_3_1,1,735,"('x', 'x', 'ç')",afliçen,afliçen
90L_10NL,3,90L_10NL_3_1,1,735,"('x', 'x', 'ç')",afliçen,afliçen
90L_10NL,3,90L_10NL_3_1,1,735,"('x', 'x', 'ç')",afliçen,afliçen
90L_10NL,3,90L_10NL_3_1,1,735,"('x', 'x', 'ç')",afliçen,afliçen
90L_10NL,3,90L_10NL_3_1,1,735,"('x', 'x', 'ç')",afliçen,afliçen
90L_10NL,3,90L_10NL_3_1,1,735,"('x', 'x', 'ç')",afliçen,afliçen
90L_10NL,3,90L_10NL_3_1,1,735,"('x', 'x', 'ç')",afliçen,afliçen
90L_10NL,3,90L_10NL_3_1,1,735,"('x', 'x', 'ç')",afliçen,afliçen
90L_10NL,3,90L_10NL_3_1,1,735,"('x', 'x', 'ç')",afliçen,afliçen
90L_10NL,3,90L_10NL_3_1,1,735,"('x', 'x', 'ç')",afliçen,afliçen
90L_10NL,3,90L_10NL_3_1,1,735,"('x', 'x', 'ç')",afliçen,afliçen
90L_10NL,3,90L_10NL_3_1,1,735,"('x', 'x', 'ç')",afliçen,afliçen
90L_10NL,3,90L_10NL_3_1,1,735,"('x', 'x', 'ç')",afliçen,afliçen
90L_10NL,3,90L_10NL_3_1,1,735,"('x', 'x', 'ç')",afliçen,afliçen
90L_10NL,3,90L_10NL_3_1,1,735,"('x', 'x', 'ç')",afliçen,afliçen
90L_10NL,3,90L_10NL_3_1,1,735,"('x', 'x', 'ç')",afliçen,afliçen
90L_10NL,3,90L_10NL_3_1,1,735,"('x', 'x', 'ç')",afliçen,afliçen
90L_10NL,3,90L_10NL_3_1,1,735,"('x', 'x', 'ç')",afliçen,afliçen
90L_10NL,3,90L_10NL_3_1,1,210,"('ç', 'ç', 'ç')",afliçes,afliçes
90L_10NL,3,90L_10NL_3_1,1,210,"('ç', 'ç', 'ç')",afliçes,afliçes
90L_10NL,3,90L_10NL_3_1,1,210,"('ç', 'ç', 'ç')",afliçes,afliçes
90L_10NL,3,90L_10NL_3_1,1,980,"('ç', 'x', 'ç')",afliçes,afliçes
90L_10NL,3,90L_10NL_3_1,1,980,"('ç', 'x', 'ç')",afliçes,afliçes
90L_10NL,3,90L_10NL_3_1,1,980,"('ç', 'x', 'ç')",afliçes,afliçes
90L_10NL,3,90L_10NL_3_1,1,980,"('ç', 'x', 'ç')",afliçes,afliçes
90L_10NL,3,90L_10NL_3_1,1,980,"('ç', 'x', 'ç')",afliçes,afliçes
90L_10NL,3,90L_10NL_3_1,1,980,"('ç', 'x', 'ç')",afliçes,afliçes
90L_10NL,3,90L_10NL_3_1,1,980,"('ç', 'x', 'ç')",afliçes,afliçes
90L_10NL,3,90L_10NL_3_1,1,210,"('ç', 'ç', 'ç')",afliçes,afliçes
90L_10NL,3,90L_10NL_3_1,1,210,"('ç', 'ç', 'ç')",afliçes,afliçes
90L_10NL,3,90L_10NL_3_1,1,980,"('ç', 'x', 'ç')",afliçes,afliçes
90L_10NL,3,90L_10NL_3_1,1,980,"('ç', 'x', 'ç')",afliçes,afliçes
90L_10NL,3,90L_10NL_3_1,1,980,"('ç', 'x', 'ç')",afliçes,afliçes
90L_10NL,3,90L_10NL_3_1,1,980,"('ç', 'x', 'ç')",afliçes,afliçes
90L_10NL,3,90L_10NL_3_1,1,980,"('ç', 'x', 'ç')",afliçes,afliçes
90L_10NL,3,90L_10NL_3_1,1,980,"('ç', 'x', 'ç')",afliçes,afliçes
90L_10NL,3,90L_10NL_3_1,1,980,"('ç', 'x', 'ç')",afliçes,afliçes
90L_10NL,3,90L_10NL_3_1,1,210,"('ç', 'ç', 'ç')",afliçes,afliçes
90L_10NL,3,90L_10NL_3_1,1,980,"('ç', 'x', 'ç')",afliçes,afliçes
90L_10NL,3,90L_10NL_3_1,1,980,"('ç', 'x', 'ç')",afliçes,afliçes
90L_10NL,3,90L_10NL_3_1,1,980,"('ç', 'x', 'ç')",afliçes,afliçes
90L_10NL,3,90L_10NL_3_1,1,980,"('ç', 'x', 'ç')",afliçes,afliçes
90L_10NL,3,90L_10NL_3_1,1,980,"('ç', 'x', 'ç')",afliçes,afliçes
90L_10NL,3,90L_10NL_3_1,1,980,"('ç', 'x', 'ç')",afliçes,afliçes
90L_10NL,3,90L_10NL_3_1,1,980,"('ç', 'x', 'ç')",afliçes,afliçes
90L_10NL,3,90L_10NL_3_1,1,980,"('ç', 'x', 'ç')",afliçes,afliçes
90L_10NL,3,90L_10NL_3_1,1,980,"('ç', 'x', 'ç')",afliçes,afliçes
90L_10NL,3,90L_10NL_3_1,1,980,"('ç', 'x', 'ç')",afliçes,afliçes
90L_10NL,3,90L_10NL_3_1,1,980,"('ç', 'x', 'ç')",afliçes,afliçes
90L_10NL,3,90L_10NL_3_1,1,980,"('ç', 'x', 'ç')",afliçes,afliçes
90L_10NL,3,90L_10NL_3_1,1,980,"('ç', 'x', 'ç')",afliçes,afliçes
90L_10NL,3,90L_10NL_3_1,1,980,"('ç', 'x', 'ç')",afliçes,afliçes
90L_10NL,3,90L_10NL_3_1,1,735,"('x', 'x', 'ç')",afliçes,afliçes
90L_10NL,3,90L_10NL_3_1,1,735,"('x', 'x', 'ç')",afliçes,afliçes
90L_10NL,3,90L_10NL_3_1,1,735,"('x', 'x', 'ç')",afliçes,afliçes
90L_10NL,3,90L_10NL_3_1,1,735,"('x', 'x', 'ç')",afliçes,afliçes
90L_10NL,3,90L_10NL_3_1,1,735,"('x', 'x', 'ç')",afliçes,afliçes
90L_10NL,3,90L_10NL_3_1,1,735,"('x', 'x', 'ç')",afliçes,afliçes
90L_10NL,3,90L_10NL_3_1,1,735,"('x', 'x', 'ç')",afliçes,afliçes
90L_10NL,3,90L_10NL_3_1,1,735,"('x', 'x', 'ç')",afliçes,afliçes
90L_10NL,3,90L_10NL_3_1,1,735,"('x', 'x', 'ç')",afliçes,afliçes
90L_10NL,3,90L_10NL_3_1,1,735,"('x', 'x', 'ç')",afliçes,afliçes
90L_10NL,3,90L_10NL_3_1,1,735,"('x', 'x', 'ç')",afliçes,afliçes
90L_10NL,3,90L_10NL_3_1,1,735,"('x', 'x', 'ç')",afliçes,afliçes
90L_10NL,3,90L_10NL_3_1,1,735,"('x', 'x', 'ç')",afliçes,afliçes
90L_10NL,3,90L_10NL_3_1,1,735,"('x', 'x', 'ç')",afliçes,afliçes
90L_10NL,3,90L_10NL_3_1,1,735,"('x', 'x', 'ç')",afliçes,afliçes
90L_10NL,3,90L_10NL_3_1,1,735,"('x', 'x', 'ç')",afliçes,afliçes
90L_10NL,3,90L_10NL_3_1,1,735,"('x', 'x', 'ç')",afliçes,afliçes
90L_10NL,3,90L_10NL_3_1,1,735,"('x', 'x', 'ç')",afliçes,afliçes
90L_10NL,3,90L_10NL_3_1,1,735,"('x', 'x', 'ç')",afliçes,afliçes
90L_10NL,3,90L_10NL_3_1,1,735,"('x', 'x', 'ç')",afliçes,afliçes
90L_10NL,3,90L_10NL_3_1,1,735,"('x', 'x', 'ç')",afliçes,afliçes
90L_10NL,3,90L_10NL_3_1,1,210,"('ç', 'ç', 'ç')",afliçe,afliçe
90L_10NL,3,90L_10NL_3_1,1,210,"('ç', 'ç', 'ç')",afliçe,afliçe
90L_10NL,3,90L_10NL_3_1,1,210,"('ç', 'ç', 'ç')",afliçe,afliçe
90L_10NL,3,90L_10NL_3_1,1,980,"('ç', 'x', 'ç')",afliçe,afliçe
90L_10NL,3,90L_10NL_3_1,1,980,"('ç', 'x', 'ç')",afliçe,afliçe
90L_10NL,3,90L_10NL_3_1,1,980,"('ç', 'x', 'ç')",afliçe,afliçe
90L_10NL,3,90L_10NL_3_1,1,980,"('ç', 'x', 'ç')",afliçe,afliçe
90L_10NL,3,90L_10NL_3_1,1,980,"('ç', 'x', 'ç')",afliçe,afliçe
90L_10NL,3,90L_10NL_3_1,1,980,"('ç', 'x', 'ç')",afliçe,afliçe
90L_10NL,3,90L_10NL_3_1,1,980,"('ç', 'x', 'ç')",afliçe,afliçe
90L_10NL,3,90L_10NL_3_1,1,210,"('ç', 'ç', 'ç')",afliçe,afliçe
90L_10NL,3,90L_10NL_3_1,1,210,"('ç', 'ç', 'ç')",afliçe,afliçe
90L_10NL,3,90L_10NL_3_1,1,980,"('ç', 'x', 'ç')",afliçe,afliçe
90L_10NL,3,90L_10NL_3_1,1,980,"('ç', 'x', 'ç')",afliçe,afliçe
90L_10NL,3,90L_10NL_3_1,1,980,"('ç', 'x', 'ç')",afliçe,afliçe
90L_10NL,3,90L_10NL_3_1,1,980,"('ç', 'x', 'ç')",afliçe,afliçe
90L_10NL,3,90L_10NL_3_1,1,980,"('ç', 'x', 'ç')",afliçe,afliçe
90L_10NL,3,90L_10NL_3_1,1,980,"('ç', 'x', 'ç')",afliçe,afliçe
90L_10NL,3,90L_10NL_3_1,1,980,"('ç', 'x', 'ç')",afliçe,afliçe
90L_10NL,3,90L_10NL_3_1,1,210,"('ç', 'ç', 'ç')",afliçe,afliçe
90L_10NL,3,90L_10NL_3_1,1,980,"('ç', 'x', 'ç')",afliçe,afliçe
90L_10NL,3,90L_10NL_3_1,1,980,"('ç', 'x', 'ç')",afliçe,afliçe
90L_10NL,3,90L_10NL_3_1,1,980,"('ç', 'x', 'ç')",afliçe,afliçe
90L_10NL,3,90L_10NL_3_1,1,980,"('ç', 'x', 'ç')",afliçe,afliçe
90L_10NL,3,90L_10NL_3_1,1,980,"('ç', 'x', 'ç')",afliçe,afliçe
90L_10NL,3,90L_10NL_3_1,1,980,"('ç', 'x', 'ç')",afliçe,afliçe
90L_10NL,3,90L_10NL_3_1,1,980,"('ç', 'x', 'ç')",afliçe,afliçe
90L_10NL,3,90L_10NL_3_1,1,980,"('ç', 'x', 'ç')",afliçe,afliçe
90L_10NL,3,90L_10NL_3_1,1,980,"('ç', 'x', 'ç')",afliçe,afliçe
90L_10NL,3,90L_10NL_3_1,1,980,"('ç', 'x', 'ç')",afliçe,afliçe
90L_10NL,3,90L_10NL_3_1,1,980,"('ç', 'x', 'ç')",afliçe,afliçe
90L_10NL,3,90L_10NL_3_1,1,980,"('ç', 'x', 'ç')",afliçe,afliçe
90L_10NL,3,90L_10NL_3_1,1,980,"('ç', 'x', 'ç')",afliçe,afliçe
90L_10NL,3,90L_10NL_3_1,1,980,"('ç', 'x', 'ç')",afliçe,afliçe
90L_10NL,3,90L_10NL_3_1,1,735,"('x', 'x', 'ç')",afliçe,afliçe
90L_10NL,3,90L_10NL_3_1,1,735,"('x', 'x', 'ç')",afliçe,afliçe
90L_10NL,3,90L_10NL_3_1,1,735,"('x', 'x', 'ç')",afliçe,afliçe
90L_10NL,3,90L_10NL_3_1,1,735,"('x', 'x', 'ç')",afliçe,afliçe
90L_10NL,3,90L_10NL_3_1,1,735,"('x', 'x', 'ç')",afliçe,afliçe
90L_10NL,3,90L_10NL_3_1,1,735,"('x', 'x', 'ç')",afliçe,afliçe
90L_10NL,3,90L_10NL_3_1,1,735,"('x', 'x', 'ç')",afliçe,afliçe
90L_10NL,3,90L_10NL_3_1,1,735,"('x', 'x', 'ç')",afliçe,afliçe
90L_10NL,3,90L_10NL_3_1,1,735,"('x', 'x', 'ç')",afliçe,afliçe
90L_10NL,3,90L_10NL_3_1,1,735,"('x', 'x', 'ç')",afliçe,afliçe
90L_10NL,3,90L_10NL_3_1,1,735,"('x', 'x', 'ç')",afliçe,afliçe
90L_10NL,3,90L_10NL_3_1,1,735,"('x', 'x', 'ç')",afliçe,afliçe
90L_10NL,3,90L_10NL_3_1,1,735,"('x', 'x', 'ç')",afliçe,afliçe
90L_10NL,3,90L_10NL_3_1,1,735,"('x', 'x', 'ç')",afliçe,afliçe
90L_10NL,3,90L_10NL_3_1,1,735,"('x', 'x', 'ç')",afliçe,afliçe
90L_10NL,3,90L_10NL_3_1,1,735,"('x', 'x', 'ç')",afliçe,afliçe
90L_10NL,3,90L_10NL_3_1,1,735,"('x', 'x', 'ç')",afliçe,afliçe
90L_10NL,3,90L_10NL_3_1,1,735,"('x', 'x', 'ç')",afliçe,afliçe
90L_10NL,3,90L_10NL_3_1,1,735,"('x', 'x', 'ç')",afliçe,afliçe
90L_10NL,3,90L_10NL_3_1,1,735,"('x', 'x', 'ç')",afliçe,afliçe
90L_10NL,3,90L_10NL_3_1,1,735,"('x', 'x', 'ç')",afliçe,afliçe
90L_10NL,3,90L_10NL_3_1,1,210,"('ç', 'ç', 'ç')",afliçimos,afliçimos
90L_10NL,3,90L_10NL_3_1,1,210,"('ç', 'ç', 'ç')",afliçimos,afliçimos
90L_10NL,3,90L_10NL_3_1,1,210,"('ç', 'ç', 'ç')",afliçimos,afliçimos
90L_10NL,3,90L_10NL_3_1,1,980,"('ç', 'x', 'ç')",afliçimos,afliçimos
90L_10NL,3,90L_10NL_3_1,1,980,"('ç', 'x', 'ç')",afliçimos,afliçimos
90L_10NL,3,90L_10NL_3_1,1,980,"('ç', 'x', 'ç')",afliçimos,afliçimos
90L_10NL,3,90L_10NL_3_1,1,980,"('ç', 'x', 'ç')",afliçimos,afliçimos
90L_10NL,3,90L_10NL_3_1,1,980,"('ç', 'x', 'ç')",afliçimos,afliçimos
90L_10NL,3,90L_10NL_3_1,1,980,"('ç', 'x', 'ç')",afliçimos,afliçimos
90L_10NL,3,90L_10NL_3_1,1,980,"('ç', 'x', 'ç')",afliçimos,afliçimos
90L_10NL,3,90L_10NL_3_1,1,210,"('ç', 'ç', 'ç')",afliçimos,afliçimos
90L_10NL,3,90L_10NL_3_1,1,210,"('ç', 'ç', 'ç')",afliçimos,afliçimos
90L_10NL,3,90L_10NL_3_1,1,980,"('ç', 'x', 'ç')",afliçimos,afliçimos
90L_10NL,3,90L_10NL_3_1,1,980,"('ç', 'x', 'ç')",afliçimos,afliçimos
90L_10NL,3,90L_10NL_3_1,1,980,"('ç', 'x', 'ç')",afliçimos,afliçimos
90L_10NL,3,90L_10NL_3_1,1,980,"('ç', 'x', 'ç')",afliçimos,afliçimos
90L_10NL,3,90L_10NL_3_1,1,980,"('ç', 'x', 'ç')",afliçimos,afliçimos
90L_10NL,3,90L_10NL_3_1,1,980,"('ç', 'x', 'ç')",afliçimos,afliçimos
90L_10NL,3,90L_10NL_3_1,1,980,"('ç', 'x', 'ç')",afliçimos,afliçimos
90L_10NL,3,90L_10NL_3_1,1,210,"('ç', 'ç', 'ç')",afliçimos,afliçimos
90L_10NL,3,90L_10NL_3_1,1,980,"('ç', 'x', 'ç')",afliçimos,afliçimos
90L_10NL,3,90L_10NL_3_1,1,980,"('ç', 'x', 'ç')",afliçimos,afliçimos
90L_10NL,3,90L_10NL_3_1,1,980,"('ç', 'x', 'ç')",afliçimos,afliçimos
90L_10NL,3,90L_10NL_3_1,1,980,"('ç', 'x', 'ç')",afliçimos,afliçimos
90L_10NL,3,90L_10NL_3_1,1,980,"('ç', 'x', 'ç')",afliçimos,afliçimos
90L_10NL,3,90L_10NL_3_1,1,980,"('ç', 'x', 'ç')",afliçimos,afliçimos
90L_10NL,3,90L_10NL_3_1,1,980,"('ç', 'x', 'ç')",afliçimos,afliçimos
90L_10NL,3,90L_10NL_3_1,1,980,"('ç', 'x', 'ç')",afliçimos,afliçimos
90L_10NL,3,90L_10NL_3_1,1,980,"('ç', 'x', 'ç')",afliçimos,afliçimos
90L_10NL,3,90L_10NL_3_1,1,980,"('ç', 'x', 'ç')",afliçimos,afliçimos
90L_10NL,3,90L_10NL_3_1,1,980,"('ç', 'x', 'ç')",afliçimos,afliçimos
90L_10NL,3,90L_10NL_3_1,1,980,"('ç', 'x', 'ç')",afliçimos,afliçimos
90L_10NL,3,90L_10NL_3_1,1,980,"('ç', 'x', 'ç')",afliçimos,afliçimos
90L_10NL,3,90L_10NL_3_1,1,980,"('ç', 'x', 'ç')",afliçimos,afliçimos
90L_10NL,3,90L_10NL_3_1,1,735,"('x', 'x', 'ç')",afliçimos,afliçimos
90L_10NL,3,90L_10NL_3_1,1,735,"('x', 'x', 'ç')",afliçimos,afliçimos
90L_10NL,3,90L_10NL_3_1,1,735,"('x', 'x', 'ç')",afliçimos,afliçimos
90L_10NL,3,90L_10NL_3_1,1,735,"('x', 'x', 'ç')",afliçimos,afliçimos
90L_10NL,3,90L_10NL_3_1,1,735,"('x', 'x', 'ç')",afliçimos,afliçimos
90L_10NL,3,90L_10NL_3_1,1,735,"('x', 'x', 'ç')",afliçimos,afliçimos
90L_10NL,3,90L_10NL_3_1,1,735,"('x', 'x', 'ç')",afliçimos,afliçimos
90L_10NL,3,90L_10NL_3_1,1,735,"('x', 'x', 'ç')",afliçimos,afliçimos
90L_10NL,3,90L_10NL_3_1,1,735,"('x', 'x', 'ç')",afliçimos,afliçimos
90L_10NL,3,90L_10NL_3_1,1,735,"('x', 'x', 'ç')",afliçimos,afliçimos
90L_10NL,3,90L_10NL_3_1,1,735,"('x', 'x', 'ç')",afliçimos,afliçimos
90L_10NL,3,90L_10NL_3_1,1,735,"('x', 'x', 'ç')",afliçimos,afliçimos
90L_10NL,3,90L_10NL_3_1,1,735,"('x', 'x', 'ç')",afliçimos,afliçimos
90L_10NL,3,90L_10NL_3_1,1,735,"('x', 'x', 'ç')",afliçimos,afliçimos
90L_10NL,3,90L_10NL_3_1,1,735,"('x', 'x', 'ç')",afliçimos,afliçimos
90L_10NL,3,90L_10NL_3_1,1,735,"('x', 'x', 'ç')",afliçimos,afliçimos
90L_10NL,3,90L_10NL_3_1,1,735,"('x', 'x', 'ç')",afliçimos,afliçimos
90L_10NL,3,90L_10NL_3_1,1,735,"('x', 'x', 'ç')",afliçimos,afliçimos
90L_10NL,3,90L_10NL_3_1,1,735,"('x', 'x', 'ç')",afliçimos,afliçimos
90L_10NL,3,90L_10NL_3_1,1,735,"('x', 'x', 'ç')",afliçimos,afliçimos
90L_10NL,3,90L_10NL_3_1,1,735,"('x', 'x', 'ç')",afliçimos,afliçimos
90L_10NL,3,90L_10NL_3_1,1,210,"('ç', 'ç', 'ç')",afliçis,afliçis
90L_10NL,3,90L_10NL_3_1,1,210,"('ç', 'ç', 'ç')",afliçis,afliçis
90L_10NL,3,90L_10NL_3_1,1,210,"('ç', 'ç', 'ç')",afliçis,afliçis
90L_10NL,3,90L_10NL_3_1,1,980,"('ç', 'x', 'ç')",afliçis,afliçis
90L_10NL,3,90L_10NL_3_1,1,980,"('ç', 'x', 'ç')",afliçis,afliçis
90L_10NL,3,90L_10NL_3_1,1,980,"('ç', 'x', 'ç')",afliçis,afliçis
90L_10NL,3,90L_10NL_3_1,1,980,"('ç', 'x', 'ç')",afliçis,afliçis
90L_10NL,3,90L_10NL_3_1,1,980,"('ç', 'x', 'ç')",afliçis,afliçis
90L_10NL,3,90L_10NL_3_1,1,980,"('ç', 'x', 'ç')",afliçis,afliçis
90L_10NL,3,90L_10NL_3_1,1,980,"('ç', 'x', 'ç')",afliçis,afliçis
90L_10NL,3,90L_10NL_3_1,1,210,"('ç', 'ç', 'ç')",afliçis,afliçis
90L_10NL,3,90L_10NL_3_1,1,210,"('ç', 'ç', 'ç')",afliçis,afliçis
90L_10NL,3,90L_10NL_3_1,1,980,"('ç', 'x', 'ç')",afliçis,afliçis
90L_10NL,3,90L_10NL_3_1,1,980,"('ç', 'x', 'ç')",afliçis,afliçis
90L_10NL,3,90L_10NL_3_1,1,980,"('ç', 'x', 'ç')",afliçis,afliçis
90L_10NL,3,90L_10NL_3_1,1,980,"('ç', 'x', 'ç')",afliçis,afliçis
90L_10NL,3,90L_10NL_3_1,1,980,"('ç', 'x', 'ç')",afliçis,afliçis
90L_10NL,3,90L_10NL_3_1,1,980,"('ç', 'x', 'ç')",afliçis,afliçis
90L_10NL,3,90L_10NL_3_1,1,980,"('ç', 'x', 'ç')",afliçis,afliçis
90L_10NL,3,90L_10NL_3_1,1,210,"('ç', 'ç', 'ç')",afliçis,afliçis
90L_10NL,3,90L_10NL_3_1,1,980,"('ç', 'x', 'ç')",afliçis,afliçis
90L_10NL,3,90L_10NL_3_1,1,980,"('ç', 'x', 'ç')",afliçis,afliçis
90L_10NL,3,90L_10NL_3_1,1,980,"('ç', 'x', 'ç')",afliçis,afliçis
90L_10NL,3,90L_10NL_3_1,1,980,"('ç', 'x', 'ç')",afliçis,afliçis
90L_10NL,3,90L_10NL_3_1,1,980,"('ç', 'x', 'ç')",afliçis,afliçis
90L_10NL,3,90L_10NL_3_1,1,980,"('ç', 'x', 'ç')",afliçis,afliçis
90L_10NL,3,90L_10NL_3_1,1,980,"('ç', 'x', 'ç')",afliçis,afliçis
90L_10NL,3,90L_10NL_3_1,1,980,"('ç', 'x', 'ç')",afliçis,afliçis
90L_10NL,3,90L_10NL_3_1,1,980,"('ç', 'x', 'ç')",afliçis,afliçis
90L_10NL,3,90L_10NL_3_1,1,980,"('ç', 'x', 'ç')",afliçis,afliçis
90L_10NL,3,90L_10NL_3_1,1,980,"('ç', 'x', 'ç')",afliçis,afliçis
90L_10NL,3,90L_10NL_3_1,1,980,"('ç', 'x', 'ç')",afliçis,afliçis
90L_10NL,3,90L_10NL_3_1,1,980,"('ç', 'x', 'ç')",afliçis,afliçis
90L_10NL,3,90L_10NL_3_1,1,980,"('ç', 'x', 'ç')",afliçis,afliçis
90L_10NL,3,90L_10NL_3_1,1,735,"('x', 'x', 'ç')",afliçis,afliçis
90L_10NL,3,90L_10NL_3_1,1,735,"('x', 'x', 'ç')",afliçis,afliçis
90L_10NL,3,90L_10NL_3_1,1,735,"('x', 'x', 'ç')",afliçis,afliçis
90L_10NL,3,90L_10NL_3_1,1,735,"('x', 'x', 'ç')",afliçis,afliçis
90L_10NL,3,90L_10NL_3_1,1,735,"('x', 'x', 'ç')",afliçis,afliçis
90L_10NL,3,90L_10NL_3_1,1,735,"('x', 'x', 'ç')",afliçis,afliçis
90L_10NL,3,90L_10NL_3_1,1,735,"('x', 'x', 'ç')",afliçis,afliçis
90L_10NL,3,90L_10NL_3_1,1,735,"('x', 'x', 'ç')",afliçis,afliçis
90L_10NL,3,90L_10NL_3_1,1,735,"('x', 'x', 'ç')",afliçis,afliçis
90L_10NL,3,90L_10NL_3_1,1,735,"('x', 'x', 'ç')",afliçis,afliçis
90L_10NL,3,90L_10NL_3_1,1,735,"('x', 'x', 'ç')",afliçis,afliçis
90L_10NL,3,90L_10NL_3_1,1,735,"('x', 'x', 'ç')",afliçis,afliçis
90L_10NL,3,90L_10NL_3_1,1,735,"('x', 'x', 'ç')",afliçis,afliçis
90L_10NL,3,90L_10NL_3_1,1,735,"('x', 'x', 'ç')",afliçis,afliçis
90L_10NL,3,90L_10NL_3_1,1,735,"('x', 'x', 'ç')",afliçis,afliçis
90L_10NL,3,90L_10NL_3_1,1,735,"('x', 'x', 'ç')",afliçis,afliçis
90L_10NL,3,90L_10NL_3_1,1,735,"('x', 'x', 'ç')",afliçis,afliçis
90L_10NL,3,90L_10NL_3_1,1,735,"('x', 'x', 'ç')",afliçis,afliçis
90L_10NL,3,90L_10NL_3_1,1,735,"('x', 'x', 'ç')",afliçis,afliçis
90L_10NL,3,90L_10NL_3_1,1,735,"('x', 'x', 'ç')",afliçis,afliçis
90L_10NL,3,90L_10NL_3_1,1,735,"('x', 'x', 'ç')",afliçis,afliçis
90L_10NL,3,90L_10NL_3_1,1,490,"('ç', 'ç', 'x')",aflixajs,aflixajs
90L_10NL,3,90L_10NL_3_1,1,490,"('ç', 'ç', 'x')",aflixajs,aflixajs
90L_10NL,3,90L_10NL_3_1,1,490,"('ç', 'ç', 'x')",aflixajs,aflixajs
90L_10NL,3,90L_10NL_3_1,1,490,"('ç', 'ç', 'x')",aflixajs,aflixajs
90L_10NL,3,90L_10NL_3_1,1,1470,"('ç', 'x', 'x')",aflixajs,aflixajs
90L_10NL,3,90L_10NL_3_1,1,1470,"('ç', 'x', 'x')",aflixajs,aflixajs
90L_10NL,3,90L_10NL_3_1,1,1470,"('ç', 'x', 'x')",aflixajs,aflixajs
90L_10NL,3,90L_10NL_3_1,1,1470,"('ç', 'x', 'x')",aflixajs,aflixajs
90L_10NL,3,90L_10NL_3_1,1,1470,"('ç', 'x', 'x')",aflixajs,aflixajs
90L_10NL,3,90L_10NL_3_1,1,1470,"('ç', 'x', 'x')",aflixajs,aflixajs
90L_10NL,3,90L_10NL_3_1,1,490,"('ç', 'ç', 'x')",aflixajs,aflixajs
90L_10NL,3,90L_10NL_3_1,1,490,"('ç', 'ç', 'x')",aflixajs,aflixajs
90L_10NL,3,90L_10NL_3_1,1,490,"('ç', 'ç', 'x')",aflixajs,aflixajs
90L_10NL,3,90L_10NL_3_1,1,1470,"('ç', 'x', 'x')",aflixajs,aflixajs
90L_10NL,3,90L_10NL_3_1,1,1470,"('ç', 'x', 'x')",aflixajs,aflixajs
90L_10NL,3,90L_10NL_3_1,1,1470,"('ç', 'x', 'x')",aflixajs,aflixajs
90L_10NL,3,90L_10NL_3_1,1,1470,"('ç', 'x', 'x')",aflixajs,aflixajs
90L_10NL,3,90L_10NL_3_1,1,1470,"('ç', 'x', 'x')",aflixajs,aflixajs
90L_10NL,3,90L_10NL_3_1,1,1470,"('ç', 'x', 'x')",aflixajs,aflixajs
90L_10NL,3,90L_10NL_3_1,1,490,"('ç', 'ç', 'x')",aflixajs,aflixajs
90L_10NL,3,90L_10NL_3_1,1,490,"('ç', 'ç', 'x')",aflixajs,aflixajs
90L_10NL,3,90L_10NL_3_1,1,1470,"('ç', 'x', 'x')",aflixajs,aflixajs
90L_10NL,3,90L_10NL_3_1,1,1470,"('ç', 'x', 'x')",aflixajs,aflixajs
90L_10NL,3,90L_10NL_3_1,1,1470,"('ç', 'x', 'x')",aflixajs,aflixajs
90L_10NL,3,90L_10NL_3_1,1,1470,"('ç', 'x', 'x')",aflixajs,aflixajs
90L_10NL,3,90L_10NL_3_1,1,1470,"('ç', 'x', 'x')",aflixajs,aflixajs
90L_10NL,3,90L_10NL_3_1,1,1470,"('ç', 'x', 'x')",aflixajs,aflixajs
90L_10NL,3,90L_10NL_3_1,1,490,"('ç', 'ç', 'x')",aflixajs,aflixajs
90L_10NL,3,90L_10NL_3_1,1,1470,"('ç', 'x', 'x')",aflixajs,aflixajs
90L_10NL,3,90L_10NL_3_1,1,1470,"('ç', 'x', 'x')",aflixajs,aflixajs
90L_10NL,3,90L_10NL_3_1,1,1470,"('ç', 'x', 'x')",aflixajs,aflixajs
90L_10NL,3,90L_10NL_3_1,1,1470,"('ç', 'x', 'x')",aflixajs,aflixajs
90L_10NL,3,90L_10NL_3_1,1,1470,"('ç', 'x', 'x')",aflixajs,aflixajs
90L_10NL,3,90L_10NL_3_1,1,1470,"('ç', 'x', 'x')",aflixajs,aflixajs
90L_10NL,3,90L_10NL_3_1,1,1470,"('ç', 'x', 'x')",aflixajs,aflixajs
90L_10NL,3,90L_10NL_3_1,1,1470,"('ç', 'x', 'x')",aflixajs,aflixajs
90L_10NL,3,90L_10NL_3_1,1,1470,"('ç', 'x', 'x')",aflixajs,aflixajs
90L_10NL,3,90L_10NL_3_1,1,1470,"('ç', 'x', 'x')",aflixajs,aflixajs
90L_10NL,3,90L_10NL_3_1,1,1470,"('ç', 'x', 'x')",aflixajs,aflixajs
90L_10NL,3,90L_10NL_3_1,1,1470,"('ç', 'x', 'x')",aflixajs,aflixajs
90L_10NL,3,90L_10NL_3_1,1,735,"('x', 'x', 'x')",aflixajs,aflixajs
90L_10NL,3,90L_10NL_3_1,1,735,"('x', 'x', 'x')",aflixajs,aflixajs
90L_10NL,3,90L_10NL_3_1,1,735,"('x', 'x', 'x')",aflixajs,aflixajs
90L_10NL,3,90L_10NL_3_1,1,735,"('x', 'x', 'x')",aflixajs,aflixajs
90L_10NL,3,90L_10NL_3_1,1,735,"('x', 'x', 'x')",aflixajs,aflixajs
90L_10NL,3,90L_10NL_3_1,1,735,"('x', 'x', 'x')",aflixajs,aflixajs
90L_10NL,3,90L_10NL_3_1,1,735,"('x', 'x', 'x')",aflixajs,aflixajs
90L_10NL,3,90L_10NL_3_1,1,735,"('x', 'x', 'x')",aflixajs,aflixajs
90L_10NL,3,90L_10NL_3_1,1,735,"('x', 'x', 'x')",aflixajs,aflixajs
90L_10NL,3,90L_10NL_3_1,1,735,"('x', 'x', 'x')",aflixajs,aflixajs
90L_10NL,3,90L_10NL_3_1,1,735,"('x', 'x', 'x')",aflixajs,aflixajs
90L_10NL,3,90L_10NL_3_1,1,735,"('x', 'x', 'x')",aflixajs,aflixajs
90L_10NL,3,90L_10NL_3_1,1,735,"('x', 'x', 'x')",aflixajs,aflixajs
90L_10NL,3,90L_10NL_3_1,1,735,"('x', 'x', 'x')",aflixajs,aflixajs
90L_10NL,3,90L_10NL_3_1,1,735,"('x', 'x', 'x')",aflixajs,aflixajs
90L_10NL,3,90L_10NL_3_1,1,490,"('ç', 'ç', 'x')",aflixamos,aflixamos
90L_10NL,3,90L_10NL_3_1,1,490,"('ç', 'ç', 'x')",aflixamos,aflixamos
90L_10NL,3,90L_10NL_3_1,1,490,"('ç', 'ç', 'x')",aflixamos,aflixamos
90L_10NL,3,90L_10NL_3_1,1,490,"('ç', 'ç', 'x')",aflixamos,aflixamos
90L_10NL,3,90L_10NL_3_1,1,1470,"('ç', 'x', 'x')",aflixamos,aflixamos
90L_10NL,3,90L_10NL_3_1,1,1470,"('ç', 'x', 'x')",aflixamos,aflixamos
90L_10NL,3,90L_10NL_3_1,1,1470,"('ç', 'x', 'x')",aflixamos,aflixamos
90L_10NL,3,90L_10NL_3_1,1,1470,"('ç', 'x', 'x')",aflixamos,aflixamos
90L_10NL,3,90L_10NL_3_1,1,1470,"('ç', 'x', 'x')",aflixamos,aflixamos
90L_10NL,3,90L_10NL_3_1,1,1470,"('ç', 'x', 'x')",aflixamos,aflixamos
90L_10NL,3,90L_10NL_3_1,1,490,"('ç', 'ç', 'x')",aflixamos,aflixamos
90L_10NL,3,90L_10NL_3_1,1,490,"('ç', 'ç', 'x')",aflixamos,aflixamos
90L_10NL,3,90L_10NL_3_1,1,490,"('ç', 'ç', 'x')",aflixamos,aflixamos
90L_10NL,3,90L_10NL_3_1,1,1470,"('ç', 'x', 'x')",aflixamos,aflixamos
90L_10NL,3,90L_10NL_3_1,1,1470,"('ç', 'x', 'x')",aflixamos,aflixamos
90L_10NL,3,90L_10NL_3_1,1,1470,"('ç', 'x', 'x')",aflixamos,aflixamos
90L_10NL,3,90L_10NL_3_1,1,1470,"('ç', 'x', 'x')",aflixamos,aflixamos
90L_10NL,3,90L_10NL_3_1,1,1470,"('ç', 'x', 'x')",aflixamos,aflixamos
90L_10NL,3,90L_10NL_3_1,1,1470,"('ç', 'x', 'x')",aflixamos,aflixamos
90L_10NL,3,90L_10NL_3_1,1,490,"('ç', 'ç', 'x')",aflixamos,aflixamos
90L_10NL,3,90L_10NL_3_1,1,490,"('ç', 'ç', 'x')",aflixamos,aflixamos
90L_10NL,3,90L_10NL_3_1,1,1470,"('ç', 'x', 'x')",aflixamos,aflixamos
90L_10NL,3,90L_10NL_3_1,1,1470,"('ç', 'x', 'x')",aflixamos,aflixamos
90L_10NL,3,90L_10NL_3_1,1,1470,"('ç', 'x', 'x')",aflixamos,aflixamos
90L_10NL,3,90L_10NL_3_1,1,1470,"('ç', 'x', 'x')",aflixamos,aflixamos
90L_10NL,3,90L_10NL_3_1,1,1470,"('ç', 'x', 'x')",aflixamos,aflixamos
90L_10NL,3,90L_10NL_3_1,1,1470,"('ç', 'x', 'x')",aflixamos,aflixamos
90L_10NL,3,90L_10NL_3_1,1,490,"('ç', 'ç', 'x')",aflixamos,aflixamos
90L_10NL,3,90L_10NL_3_1,1,1470,"('ç', 'x', 'x')",aflixamos,aflixamos
90L_10NL,3,90L_10NL_3_1,1,1470,"('ç', 'x', 'x')",aflixamos,aflixamos
90L_10NL,3,90L_10NL_3_1,1,1470,"('ç', 'x', 'x')",aflixamos,aflixamos
90L_10NL,3,90L_10NL_3_1,1,1470,"('ç', 'x', 'x')",aflixamos,aflixamos
90L_10NL,3,90L_10NL_3_1,1,1470,"('ç', 'x', 'x')",aflixamos,aflixamos
90L_10NL,3,90L_10NL_3_1,1,1470,"('ç', 'x', 'x')",aflixamos,aflixamos
90L_10NL,3,90L_10NL_3_1,1,1470,"('ç', 'x', 'x')",aflixamos,aflixamos
90L_10NL,3,90L_10NL_3_1,1,1470,"('ç', 'x', 'x')",aflixamos,aflixamos
90L_10NL,3,90L_10NL_3_1,1,1470,"('ç', 'x', 'x')",aflixamos,aflixamos
90L_10NL,3,90L_10NL_3_1,1,1470,"('ç', 'x', 'x')",aflixamos,aflixamos
90L_10NL,3,90L_10NL_3_1,1,1470,"('ç', 'x', 'x')",aflixamos,aflixamos
90L_10NL,3,90L_10NL_3_1,1,1470,"('ç', 'x', 'x')",aflixamos,aflixamos
90L_10NL,3,90L_10NL_3_1,1,735,"('x', 'x', 'x')",aflixamos,aflixamos
90L_10NL,3,90L_10NL_3_1,1,735,"('x', 'x', 'x')",aflixamos,aflixamos
90L_10NL,3,90L_10NL_3_1,1,735,"('x', 'x', 'x')",aflixamos,aflixamos
90L_10NL,3,90L_10NL_3_1,1,735,"('x', 'x', 'x')",aflixamos,aflixamos
90L_10NL,3,90L_10NL_3_1,1,735,"('x', 'x', 'x')",aflixamos,aflixamos
90L_10NL,3,90L_10NL_3_1,1,735,"('x', 'x', 'x')",aflixamos,aflixamos
90L_10NL,3,90L_10NL_3_1,1,735,"('x', 'x', 'x')",aflixamos,aflixamos
90L_10NL,3,90L_10NL_3_1,1,735,"('x', 'x', 'x')",aflixamos,aflixamos
90L_10NL,3,90L_10NL_3_1,1,735,"('x', 'x', 'x')",aflixamos,aflixamos
90L_10NL,3,90L_10NL_3_1,1,735,"('x', 'x', 'x')",aflixamos,aflixamos
90L_10NL,3,90L_10NL_3_1,1,735,"('x', 'x', 'x')",aflixamos,aflixamos
90L_10NL,3,90L_10NL_3_1,1,735,"('x', 'x', 'x')",aflixamos,aflixamos
90L_10NL,3,90L_10NL_3_1,1,735,"('x', 'x', 'x')",aflixamos,aflixamos
90L_10NL,3,90L_10NL_3_1,1,735,"('x', 'x', 'x')",aflixamos,aflixamos
90L_10NL,3,90L_10NL_3_1,1,735,"('x', 'x', 'x')",aflixamos,aflixamos
90L_10NL,3,90L_10NL_3_1,1,490,"('ç', 'ç', 'x')",aflixan,aflixan
90L_10NL,3,90L_10NL_3_1,1,490,"('ç', 'ç', 'x')",aflixan,aflixan
90L_10NL,3,90L_10NL_3_1,1,490,"('ç', 'ç', 'x')",aflixan,aflixan
90L_10NL,3,90L_10NL_3_1,1,490,"('ç', 'ç', 'x')",aflixan,aflixan
90L_10NL,3,90L_10NL_3_1,1,1470,"('ç', 'x', 'x')",aflixan,aflixan
90L_10NL,3,90L_10NL_3_1,1,1470,"('ç', 'x', 'x')",aflixan,aflixan
90L_10NL,3,90L_10NL_3_1,1,1470,"('ç', 'x', 'x')",aflixan,aflixan
90L_10NL,3,90L_10NL_3_1,1,1470,"('ç', 'x', 'x')",aflixan,aflixan
90L_10NL,3,90L_10NL_3_1,1,1470,"('ç', 'x', 'x')",aflixan,aflixan
90L_10NL,3,90L_10NL_3_1,1,1470,"('ç', 'x', 'x')",aflixan,aflixan
90L_10NL,3,90L_10NL_3_1,1,490,"('ç', 'ç', 'x')",aflixan,aflixan
90L_10NL,3,90L_10NL_3_1,1,490,"('ç', 'ç', 'x')",aflixan,aflixan
90L_10NL,3,90L_10NL_3_1,1,490,"('ç', 'ç', 'x')",aflixan,aflixan
90L_10NL,3,90L_10NL_3_1,1,1470,"('ç', 'x', 'x')",aflixan,aflixan
90L_10NL,3,90L_10NL_3_1,1,1470,"('ç', 'x', 'x')",aflixan,aflixan
90L_10NL,3,90L_10NL_3_1,1,1470,"('ç', 'x', 'x')",aflixan,aflixan
90L_10NL,3,90L_10NL_3_1,1,1470,"('ç', 'x', 'x')",aflixan,aflixan
90L_10NL,3,90L_10NL_3_1,1,1470,"('ç', 'x', 'x')",aflixan,aflixan
90L_10NL,3,90L_10NL_3_1,1,1470,"('ç', 'x', 'x')",aflixan,aflixan
90L_10NL,3,90L_10NL_3_1,1,490,"('ç', 'ç', 'x')",aflixan,aflixan
90L_10NL,3,90L_10NL_3_1,1,490,"('ç', 'ç', 'x')",aflixan,aflixan
90L_10NL,3,90L_10NL_3_1,1,1470,"('ç', 'x', 'x')",aflixan,aflixan
90L_10NL,3,90L_10NL_3_1,1,1470,"('ç', 'x', 'x')",aflixan,aflixan
90L_10NL,3,90L_10NL_3_1,1,1470,"('ç', 'x', 'x')",aflixan,aflixan
90L_10NL,3,90L_10NL_3_1,1,1470,"('ç', 'x', 'x')",aflixan,aflixan
90L_10NL,3,90L_10NL_3_1,1,1470,"('ç', 'x', 'x')",aflixan,aflixan
90L_10NL,3,90L_10NL_3_1,1,1470,"('ç', 'x', 'x')",aflixan,aflixan
90L_10NL,3,90L_10NL_3_1,1,490,"('ç', 'ç', 'x')",aflixan,aflixan
90L_10NL,3,90L_10NL_3_1,1,1470,"('ç', 'x', 'x')",aflixan,aflixan
90L_10NL,3,90L_10NL_3_1,1,1470,"('ç', 'x', 'x')",aflixan,aflixan
90L_10NL,3,90L_10NL_3_1,1,1470,"('ç', 'x', 'x')",aflixan,aflixan
90L_10NL,3,90L_10NL_3_1,1,1470,"('ç', 'x', 'x')",aflixan,aflixan
90L_10NL,3,90L_10NL_3_1,1,1470,"('ç', 'x', 'x')",aflixan,aflixan
90L_10NL,3,90L_10NL_3_1,1,1470,"('ç', 'x', 'x')",aflixan,aflixan
90L_10NL,3,90L_10NL_3_1,1,1470,"('ç', 'x', 'x')",aflixan,aflixan
90L_10NL,3,90L_10NL_3_1,1,1470,"('ç', 'x', 'x')",aflixan,aflixan
90L_10NL,3,90L_10NL_3_1,1,1470,"('ç', 'x', 'x')",aflixan,aflixan
90L_10NL,3,90L_10NL_3_1,1,1470,"('ç', 'x', 'x')",aflixan,aflixan
90L_10NL,3,90L_10NL_3_1,1,1470,"('ç', 'x', 'x')",aflixan,aflixan
90L_10NL,3,90L_10NL_3_1,1,1470,"('ç', 'x', 'x')",aflixan,aflixan
90L_10NL,3,90L_10NL_3_1,1,735,"('x', 'x', 'x')",aflixan,aflixan
90L_10NL,3,90L_10NL_3_1,1,735,"('x', 'x', 'x')",aflixan,aflixan
90L_10NL,3,90L_10NL_3_1,1,735,"('x', 'x', 'x')",aflixan,aflixan
90L_10NL,3,90L_10NL_3_1,1,735,"('x', 'x', 'x')",aflixan,aflixan
90L_10NL,3,90L_10NL_3_1,1,735,"('x', 'x', 'x')",aflixan,aflixan
90L_10NL,3,90L_10NL_3_1,1,735,"('x', 'x', 'x')",aflixan,aflixan
90L_10NL,3,90L_10NL_3_1,1,735,"('x', 'x', 'x')",aflixan,aflixan
90L_10NL,3,90L_10NL_3_1,1,735,"('x', 'x', 'x')",aflixan,aflixan
90L_10NL,3,90L_10NL_3_1,1,735,"('x', 'x', 'x')",aflixan,aflixan
90L_10NL,3,90L_10NL_3_1,1,735,"('x', 'x', 'x')",aflixan,aflixan
90L_10NL,3,90L_10NL_3_1,1,735,"('x', 'x', 'x')",aflixan,aflixan
90L_10NL,3,90L_10NL_3_1,1,735,"('x', 'x', 'x')",aflixan,aflixan
90L_10NL,3,90L_10NL_3_1,1,735,"('x', 'x', 'x')",aflixan,aflixan
90L_10NL,3,90L_10NL_3_1,1,735,"('x', 'x', 'x')",aflixan,aflixan
90L_10NL,3,90L_10NL_3_1,1,735,"('x', 'x', 'x')",aflixan,aflixan
90L_10NL,3,90L_10NL_3_1,1,490,"('ç', 'ç', 'x')",aflixas,aflixas
90L_10NL,3,90L_10NL_3_1,1,490,"('ç', 'ç', 'x')",aflixas,aflixas
90L_10NL,3,90L_10NL_3_1,1,490,"('ç', 'ç', 'x')",aflixas,aflixas
90L_10NL,3,90L_10NL_3_1,1,490,"('ç', 'ç', 'x')",aflixas,aflixas
90L_10NL,3,90L_10NL_3_1,1,1470,"('ç', 'x', 'x')",aflixas,aflixas
90L_10NL,3,90L_10NL_3_1,1,1470,"('ç', 'x', 'x')",aflixas,aflixas
90L_10NL,3,90L_10NL_3_1,1,1470,"('ç', 'x', 'x')",aflixas,aflixas
90L_10NL,3,90L_10NL_3_1,1,1470,"('ç', 'x', 'x')",aflixas,aflixas
90L_10NL,3,90L_10NL_3_1,1,1470,"('ç', 'x', 'x')",aflixas,aflixas
90L_10NL,3,90L_10NL_3_1,1,1470,"('ç', 'x', 'x')",aflixas,aflixas
90L_10NL,3,90L_10NL_3_1,1,490,"('ç', 'ç', 'x')",aflixas,aflixas
90L_10NL,3,90L_10NL_3_1,1,490,"('ç', 'ç', 'x')",aflixas,aflixas
90L_10NL,3,90L_10NL_3_1,1,490,"('ç', 'ç', 'x')",aflixas,aflixas
90L_10NL,3,90L_10NL_3_1,1,1470,"('ç', 'x', 'x')",aflixas,aflixas
90L_10NL,3,90L_10NL_3_1,1,1470,"('ç', 'x', 'x')",aflixas,aflixas
90L_10NL,3,90L_10NL_3_1,1,1470,"('ç', 'x', 'x')",aflixas,aflixas
90L_10NL,3,90L_10NL_3_1,1,1470,"('ç', 'x', 'x')",aflixas,aflixas
90L_10NL,3,90L_10NL_3_1,1,1470,"('ç', 'x', 'x')",aflixas,aflixas
90L_10NL,3,90L_10NL_3_1,1,1470,"('ç', 'x', 'x')",aflixas,aflixas
90L_10NL,3,90L_10NL_3_1,1,490,"('ç', 'ç', 'x')",aflixas,aflixas
90L_10NL,3,90L_10NL_3_1,1,490,"('ç', 'ç', 'x')",aflixas,aflixas
90L_10NL,3,90L_10NL_3_1,1,1470,"('ç', 'x', 'x')",aflixas,aflixas
90L_10NL,3,90L_10NL_3_1,1,1470,"('ç', 'x', 'x')",aflixas,aflixas
90L_10NL,3,90L_10NL_3_1,1,1470,"('ç', 'x', 'x')",aflixas,aflixas
90L_10NL,3,90L_10NL_3_1,1,1470,"('ç', 'x', 'x')",aflixas,aflixas
90L_10NL,3,90L_10NL_3_1,1,1470,"('ç', 'x', 'x')",aflixas,aflixas
90L_10NL,3,90L_10NL_3_1,1,1470,"('ç', 'x', 'x')",aflixas,aflixas
90L_10NL,3,90L_10NL_3_1,1,490,"('ç', 'ç', 'x')",aflixas,aflixas
90L_10NL,3,90L_10NL_3_1,1,1470,"('ç', 'x', 'x')",aflixas,aflixas
90L_10NL,3,90L_10NL_3_1,1,1470,"('ç', 'x', 'x')",aflixas,aflixas
90L_10NL,3,90L_10NL_3_1,1,1470,"('ç', 'x', 'x')",aflixas,aflixas
90L_10NL,3,90L_10NL_3_1,1,1470,"('ç', 'x', 'x')",aflixas,aflixas
90L_10NL,3,90L_10NL_3_1,1,1470,"('ç', 'x', 'x')",aflixas,aflixas
90L_10NL,3,90L_10NL_3_1,1,1470,"('ç', 'x', 'x')",aflixas,aflixas
90L_10NL,3,90L_10NL_3_1,1,1470,"('ç', 'x', 'x')",aflixas,aflixas
90L_10NL,3,90L_10NL_3_1,1,1470,"('ç', 'x', 'x')",aflixas,aflixas
90L_10NL,3,90L_10NL_3_1,1,1470,"('ç', 'x', 'x')",aflixas,aflixas
90L_10NL,3,90L_10NL_3_1,1,1470,"('ç', 'x', 'x')",aflixas,aflixas
90L_10NL,3,90L_10NL_3_1,1,1470,"('ç', 'x', 'x')",aflixas,aflixas
90L_10NL,3,90L_10NL_3_1,1,1470,"('ç', 'x', 'x')",aflixas,aflixas
90L_10NL,3,90L_10NL_3_1,1,735,"('x', 'x', 'x')",aflixas,aflixas
90L_10NL,3,90L_10NL_3_1,1,735,"('x', 'x', 'x')",aflixas,aflixas
90L_10NL,3,90L_10NL_3_1,1,735,"('x', 'x', 'x')",aflixas,aflixas
90L_10NL,3,90L_10NL_3_1,1,735,"('x', 'x', 'x')",aflixas,aflixas
90L_10NL,3,90L_10NL_3_1,1,735,"('x', 'x', 'x')",aflixas,aflixas
90L_10NL,3,90L_10NL_3_1,1,735,"('x', 'x', 'x')",aflixas,aflixas
90L_10NL,3,90L_10NL_3_1,1,735,"('x', 'x', 'x')",aflixas,aflixas
90L_10NL,3,90L_10NL_3_1,1,735,"('x', 'x', 'x')",aflixas,aflixas
90L_10NL,3,90L_10NL_3_1,1,735,"('x', 'x', 'x')",aflixas,aflixas
90L_10NL,3,90L_10NL_3_1,1,735,"('x', 'x', 'x')",aflixas,aflixas
90L_10NL,3,90L_10NL_3_1,1,735,"('x', 'x', 'x')",aflixas,aflixas
90L_10NL,3,90L_10NL_3_1,1,735,"('x', 'x', 'x')",aflixas,aflixas
90L_10NL,3,90L_10NL_3_1,1,735,"('x', 'x', 'x')",aflixas,aflixas
90L_10NL,3,90L_10NL_3_1,1,735,"('x', 'x', 'x')",aflixas,aflixas
90L_10NL,3,90L_10NL_3_1,1,735,"('x', 'x', 'x')",aflixas,aflixas
90L_10NL,3,90L_10NL_3_1,1,490,"('ç', 'ç', 'x')",aflixa,aflixa
90L_10NL,3,90L_10NL_3_1,1,490,"('ç', 'ç', 'x')",aflixa,aflixa
90L_10NL,3,90L_10NL_3_1,1,490,"('ç', 'ç', 'x')",aflixa,aflixa
90L_10NL,3,90L_10NL_3_1,1,490,"('ç', 'ç', 'x')",aflixa,aflixa
90L_10NL,3,90L_10NL_3_1,1,1470,"('ç', 'x', 'x')",aflixa,aflixa
90L_10NL,3,90L_10NL_3_1,1,1470,"('ç', 'x', 'x')",aflixa,aflixa
90L_10NL,3,90L_10NL_3_1,1,1470,"('ç', 'x', 'x')",aflixa,aflixa
90L_10NL,3,90L_10NL_3_1,1,1470,"('ç', 'x', 'x')",aflixa,aflixa
90L_10NL,3,90L_10NL_3_1,1,1470,"('ç', 'x', 'x')",aflixa,aflixa
90L_10NL,3,90L_10NL_3_1,1,1470,"('ç', 'x', 'x')",aflixa,aflixa
90L_10NL,3,90L_10NL_3_1,1,490,"('ç', 'ç', 'x')",aflixa,aflixa
90L_10NL,3,90L_10NL_3_1,1,490,"('ç', 'ç', 'x')",aflixa,aflixa
90L_10NL,3,90L_10NL_3_1,1,490,"('ç', 'ç', 'x')",aflixa,aflixa
90L_10NL,3,90L_10NL_3_1,1,1470,"('ç', 'x', 'x')",aflixa,aflixa
90L_10NL,3,90L_10NL_3_1,1,1470,"('ç', 'x', 'x')",aflixa,aflixa
90L_10NL,3,90L_10NL_3_1,1,1470,"('ç', 'x', 'x')",aflixa,aflixa
90L_10NL,3,90L_10NL_3_1,1,1470,"('ç', 'x', 'x')",aflixa,aflixa
90L_10NL,3,90L_10NL_3_1,1,1470,"('ç', 'x', 'x')",aflixa,aflixa
90L_10NL,3,90L_10NL_3_1,1,1470,"('ç', 'x', 'x')",aflixa,aflixa
90L_10NL,3,90L_10NL_3_1,1,490,"('ç', 'ç', 'x')",aflixa,aflixa
90L_10NL,3,90L_10NL_3_1,1,490,"('ç', 'ç', 'x')",aflixa,aflixa
90L_10NL,3,90L_10NL_3_1,1,1470,"('ç', 'x', 'x')",aflixa,aflixa
90L_10NL,3,90L_10NL_3_1,1,1470,"('ç', 'x', 'x')",aflixa,aflixa
90L_10NL,3,90L_10NL_3_1,1,1470,"('ç', 'x', 'x')",aflixa,aflixa
90L_10NL,3,90L_10NL_3_1,1,1470,"('ç', 'x', 'x')",aflixa,aflixa
90L_10NL,3,90L_10NL_3_1,1,1470,"('ç', 'x', 'x')",aflixa,aflixa
90L_10NL,3,90L_10NL_3_1,1,1470,"('ç', 'x', 'x')",aflixa,aflixa
90L_10NL,3,90L_10NL_3_1,1,490,"('ç', 'ç', 'x')",aflixa,aflixa
90L_10NL,3,90L_10NL_3_1,1,1470,"('ç', 'x', 'x')",aflixa,aflixa
90L_10NL,3,90L_10NL_3_1,1,1470,"('ç', 'x', 'x')",aflixa,aflixa
90L_10NL,3,90L_10NL_3_1,1,1470,"('ç', 'x', 'x')",aflixa,aflixa
90L_10NL,3,90L_10NL_3_1,1,1470,"('ç', 'x', 'x')",aflixa,aflixa
90L_10NL,3,90L_10NL_3_1,1,1470,"('ç', 'x', 'x')",aflixa,aflixa
90L_10NL,3,90L_10NL_3_1,1,1470,"('ç', 'x', 'x')",aflixa,aflixa
90L_10NL,3,90L_10NL_3_1,1,1470,"('ç', 'x', 'x')",aflixa,aflixa
90L_10NL,3,90L_10NL_3_1,1,1470,"('ç', 'x', 'x')",aflixa,aflixa
90L_10NL,3,90L_10NL_3_1,1,1470,"('ç', 'x', 'x')",aflixa,aflixa
90L_10NL,3,90L_10NL_3_1,1,1470,"('ç', 'x', 'x')",aflixa,aflixa
90L_10NL,3,90L_10NL_3_1,1,1470,"('ç', 'x', 'x')",aflixa,aflixa
90L_10NL,3,90L_10NL_3_1,1,1470,"('ç', 'x', 'x')",aflixa,aflixa
90L_10NL,3,90L_10NL_3_1,1,735,"('x', 'x', 'x')",aflixa,aflixa
90L_10NL,3,90L_10NL_3_1,1,735,"('x', 'x', 'x')",aflixa,aflixa
90L_10NL,3,90L_10NL_3_1,1,735,"('x', 'x', 'x')",aflixa,aflixa
90L_10NL,3,90L_10NL_3_1,1,735,"('x', 'x', 'x')",aflixa,aflixa
90L_10NL,3,90L_10NL_3_1,1,735,"('x', 'x', 'x')",aflixa,aflixa
90L_10NL,3,90L_10NL_3_1,1,735,"('x', 'x', 'x')",aflixa,aflixa
90L_10NL,3,90L_10NL_3_1,1,735,"('x', 'x', 'x')",aflixa,aflixa
90L_10NL,3,90L_10NL_3_1,1,735,"('x', 'x', 'x')",aflixa,aflixa
90L_10NL,3,90L_10NL_3_1,1,735,"('x', 'x', 'x')",aflixa,aflixa
90L_10NL,3,90L_10NL_3_1,1,735,"('x', 'x', 'x')",aflixa,aflixa
90L_10NL,3,90L_10NL_3_1,1,735,"('x', 'x', 'x')",aflixa,aflixa
90L_10NL,3,90L_10NL_3_1,1,735,"('x', 'x', 'x')",aflixa,aflixa
90L_10NL,3,90L_10NL_3_1,1,735,"('x', 'x', 'x')",aflixa,aflixa
90L_10NL,3,90L_10NL_3_1,1,735,"('x', 'x', 'x')",aflixa,aflixa
90L_10NL,3,90L_10NL_3_1,1,735,"('x', 'x', 'x')",aflixa,aflixa
90L_10NL,3,90L_10NL_3_1,1,490,"('ç', 'ç', 'x')",aflixa,aflixa
90L_10NL,3,90L_10NL_3_1,1,490,"('ç', 'ç', 'x')",aflixa,aflixa
90L_10NL,3,90L_10NL_3_1,1,490,"('ç', 'ç', 'x')",aflixa,aflixa
90L_10NL,3,90L_10NL_3_1,1,490,"('ç', 'ç', 'x')",aflixa,aflixa
90L_10NL,3,90L_10NL_3_1,1,1470,"('ç', 'x', 'x')",aflixa,aflixa
90L_10NL,3,90L_10NL_3_1,1,1470,"('ç', 'x', 'x')",aflixa,aflixa
90L_10NL,3,90L_10NL_3_1,1,1470,"('ç', 'x', 'x')",aflixa,aflixa
90L_10NL,3,90L_10NL_3_1,1,1470,"('ç', 'x', 'x')",aflixa,aflixa
90L_10NL,3,90L_10NL_3_1,1,1470,"('ç', 'x', 'x')",aflixa,aflixa
90L_10NL,3,90L_10NL_3_1,1,1470,"('ç', 'x', 'x')",aflixa,aflixa
90L_10NL,3,90L_10NL_3_1,1,490,"('ç', 'ç', 'x')",aflixa,aflixa
90L_10NL,3,90L_10NL_3_1,1,490,"('ç', 'ç', 'x')",aflixa,aflixa
90L_10NL,3,90L_10NL_3_1,1,490,"('ç', 'ç', 'x')",aflixa,aflixa
90L_10NL,3,90L_10NL_3_1,1,1470,"('ç', 'x', 'x')",aflixa,aflixa
90L_10NL,3,90L_10NL_3_1,1,1470,"('ç', 'x', 'x')",aflixa,aflixa
90L_10NL,3,90L_10NL_3_1,1,1470,"('ç', 'x', 'x')",aflixa,aflixa
90L_10NL,3,90L_10NL_3_1,1,1470,"('ç', 'x', 'x')",aflixa,aflixa
90L_10NL,3,90L_10NL_3_1,1,1470,"('ç', 'x', 'x')",aflixa,aflixa
90L_10NL,3,90L_10NL_3_1,1,1470,"('ç', 'x', 'x')",aflixa,aflixa
90L_10NL,3,90L_10NL_3_1,1,490,"('ç', 'ç', 'x')",aflixa,aflixa
90L_10NL,3,90L_10NL_3_1,1,490,"('ç', 'ç', 'x')",aflixa,aflixa
90L_10NL,3,90L_10NL_3_1,1,1470,"('ç', 'x', 'x')",aflixa,aflixa
90L_10NL,3,90L_10NL_3_1,1,1470,"('ç', 'x', 'x')",aflixa,aflixa
90L_10NL,3,90L_10NL_3_1,1,1470,"('ç', 'x', 'x')",aflixa,aflixa
90L_10NL,3,90L_10NL_3_1,1,1470,"('ç', 'x', 'x')",aflixa,aflixa
90L_10NL,3,90L_10NL_3_1,1,1470,"('ç', 'x', 'x')",aflixa,aflixa
90L_10NL,3,90L_10NL_3_1,1,1470,"('ç', 'x', 'x')",aflixa,aflixa
90L_10NL,3,90L_10NL_3_1,1,490,"('ç', 'ç', 'x')",aflixa,aflixa
90L_10NL,3,90L_10NL_3_1,1,1470,"('ç', 'x', 'x')",aflixa,aflixa
90L_10NL,3,90L_10NL_3_1,1,1470,"('ç', 'x', 'x')",aflixa,aflixa
90L_10NL,3,90L_10NL_3_1,1,1470,"('ç', 'x', 'x')",aflixa,aflixa
90L_10NL,3,90L_10NL_3_1,1,1470,"('ç', 'x', 'x')",aflixa,aflixa
90L_10NL,3,90L_10NL_3_1,1,1470,"('ç', 'x', 'x')",aflixa,aflixa
90L_10NL,3,90L_10NL_3_1,1,1470,"('ç', 'x', 'x')",aflixa,aflixa
90L_10NL,3,90L_10NL_3_1,1,1470,"('ç', 'x', 'x')",aflixa,aflixa
90L_10NL,3,90L_10NL_3_1,1,1470,"('ç', 'x', 'x')",aflixa,aflixa
90L_10NL,3,90L_10NL_3_1,1,1470,"('ç', 'x', 'x')",aflixa,aflixa
90L_10NL,3,90L_10NL_3_1,1,1470,"('ç', 'x', 'x')",aflixa,aflixa
90L_10NL,3,90L_10NL_3_1,1,1470,"('ç', 'x', 'x')",aflixa,aflixa
90L_10NL,3,90L_10NL_3_1,1,1470,"('ç', 'x', 'x')",aflixa,aflixa
90L_10NL,3,90L_10NL_3_1,1,735,"('x', 'x', 'x')",aflixa,aflixa
90L_10NL,3,90L_10NL_3_1,1,735,"('x', 'x', 'x')",aflixa,aflixa
90L_10NL,3,90L_10NL_3_1,1,735,"('x', 'x', 'x')",aflixa,aflixa
90L_10NL,3,90L_10NL_3_1,1,735,"('x', 'x', 'x')",aflixa,aflixa
90L_10NL,3,90L_10NL_3_1,1,735,"('x', 'x', 'x')",aflixa,aflixa
90L_10NL,3,90L_10NL_3_1,1,735,"('x', 'x', 'x')",aflixa,aflixa
90L_10NL,3,90L_10NL_3_1,1,735,"('x', 'x', 'x')",aflixa,aflixa
90L_10NL,3,90L_10NL_3_1,1,735,"('x', 'x', 'x')",aflixa,aflixa
90L_10NL,3,90L_10NL_3_1,1,735,"('x', 'x', 'x')",aflixa,aflixa
90L_10NL,3,90L_10NL_3_1,1,735,"('x', 'x', 'x')",aflixa,aflixa
90L_10NL,3,90L_10NL_3_1,1,735,"('x', 'x', 'x')",aflixa,aflixa
90L_10NL,3,90L_10NL_3_1,1,735,"('x', 'x', 'x')",aflixa,aflixa
90L_10NL,3,90L_10NL_3_1,1,735,"('x', 'x', 'x')",aflixa,aflixa
90L_10NL,3,90L_10NL_3_1,1,735,"('x', 'x', 'x')",aflixa,aflixa
90L_10NL,3,90L_10NL_3_1,1,735,"('x', 'x', 'x')",aflixa,aflixa
90L_10NL,3,90L_10NL_3_1,1,490,"('ç', 'ç', 'x')",aflixo,aflixo
90L_10NL,3,90L_10NL_3_1,1,490,"('ç', 'ç', 'x')",aflixo,aflixo
90L_10NL,3,90L_10NL_3_1,1,490,"('ç', 'ç', 'x')",aflixo,aflixo
90L_10NL,3,90L_10NL_3_1,1,490,"('ç', 'ç', 'x')",aflixo,aflixo
90L_10NL,3,90L_10NL_3_1,1,1470,"('ç', 'x', 'x')",aflixo,aflixo
90L_10NL,3,90L_10NL_3_1,1,1470,"('ç', 'x', 'x')",aflixo,aflixo
90L_10NL,3,90L_10NL_3_1,1,1470,"('ç', 'x', 'x')",aflixo,aflixo
90L_10NL,3,90L_10NL_3_1,1,1470,"('ç', 'x', 'x')",aflixo,aflixo
90L_10NL,3,90L_10NL_3_1,1,1470,"('ç', 'x', 'x')",aflixo,aflixo
90L_10NL,3,90L_10NL_3_1,1,1470,"('ç', 'x', 'x')",aflixo,aflixo
90L_10NL,3,90L_10NL_3_1,1,490,"('ç', 'ç', 'x')",aflixo,aflixo
90L_10NL,3,90L_10NL_3_1,1,490,"('ç', 'ç', 'x')",aflixo,aflixo
90L_10NL,3,90L_10NL_3_1,1,490,"('ç', 'ç', 'x')",aflixo,aflixo
90L_10NL,3,90L_10NL_3_1,1,1470,"('ç', 'x', 'x')",aflixo,aflixo
90L_10NL,3,90L_10NL_3_1,1,1470,"('ç', 'x', 'x')",aflixo,aflixo
90L_10NL,3,90L_10NL_3_1,1,1470,"('ç', 'x', 'x')",aflixo,aflixo
90L_10NL,3,90L_10NL_3_1,1,1470,"('ç', 'x', 'x')",aflixo,aflixo
90L_10NL,3,90L_10NL_3_1,1,1470,"('ç', 'x', 'x')",aflixo,aflixo
90L_10NL,3,90L_10NL_3_1,1,1470,"('ç', 'x', 'x')",aflixo,aflixo
90L_10NL,3,90L_10NL_3_1,1,490,"('ç', 'ç', 'x')",aflixo,aflixo
90L_10NL,3,90L_10NL_3_1,1,490,"('ç', 'ç', 'x')",aflixo,aflixo
90L_10NL,3,90L_10NL_3_1,1,1470,"('ç', 'x', 'x')",aflixo,aflixo
90L_10NL,3,90L_10NL_3_1,1,1470,"('ç', 'x', 'x')",aflixo,aflixo
90L_10NL,3,90L_10NL_3_1,1,1470,"('ç', 'x', 'x')",aflixo,aflixo
90L_10NL,3,90L_10NL_3_1,1,1470,"('ç', 'x', 'x')",aflixo,aflixo
90L_10NL,3,90L_10NL_3_1,1,1470,"('ç', 'x', 'x')",aflixo,aflixo
90L_10NL,3,90L_10NL_3_1,1,1470,"('ç', 'x', 'x')",aflixo,aflixo
90L_10NL,3,90L_10NL_3_1,1,490,"('ç', 'ç', 'x')",aflixo,aflixo
90L_10NL,3,90L_10NL_3_1,1,1470,"('ç', 'x', 'x')",aflixo,aflixo
90L_10NL,3,90L_10NL_3_1,1,1470,"('ç', 'x', 'x')",aflixo,aflixo
90L_10NL,3,90L_10NL_3_1,1,1470,"('ç', 'x', 'x')",aflixo,aflixo
90L_10NL,3,90L_10NL_3_1,1,1470,"('ç', 'x', 'x')",aflixo,aflixo
90L_10NL,3,90L_10NL_3_1,1,1470,"('ç', 'x', 'x')",aflixo,aflixo
90L_10NL,3,90L_10NL_3_1,1,1470,"('ç', 'x', 'x')",aflixo,aflixo
90L_10NL,3,90L_10NL_3_1,1,1470,"('ç', 'x', 'x')",aflixo,aflixo
90L_10NL,3,90L_10NL_3_1,1,1470,"('ç', 'x', 'x')",aflixo,aflixo
90L_10NL,3,90L_10NL_3_1,1,1470,"('ç', 'x', 'x')",aflixo,aflixo
90L_10NL,3,90L_10NL_3_1,1,1470,"('ç', 'x', 'x')",aflixo,aflixo
90L_10NL,3,90L_10NL_3_1,1,1470,"('ç', 'x', 'x')",aflixo,aflixo
90L_10NL,3,90L_10NL_3_1,1,1470,"('ç', 'x', 'x')",aflixo,aflixo
90L_10NL,3,90L_10NL_3_1,1,735,"('x', 'x', 'x')",aflixo,aflixo
90L_10NL,3,90L_10NL_3_1,1,735,"('x', 'x', 'x')",aflixo,aflixo
90L_10NL,3,90L_10NL_3_1,1,735,"('x', 'x', 'x')",aflixo,aflixo
90L_10NL,3,90L_10NL_3_1,1,735,"('x', 'x', 'x')",aflixo,aflixo
90L_10NL,3,90L_10NL_3_1,1,735,"('x', 'x', 'x')",aflixo,aflixo
90L_10NL,3,90L_10NL_3_1,1,735,"('x', 'x', 'x')",aflixo,aflixo
90L_10NL,3,90L_10NL_3_1,1,735,"('x', 'x', 'x')",aflixo,aflixo
90L_10NL,3,90L_10NL_3_1,1,735,"('x', 'x', 'x')",aflixo,aflixo
90L_10NL,3,90L_10NL_3_1,1,735,"('x', 'x', 'x')",aflixo,aflixo
90L_10NL,3,90L_10NL_3_1,1,735,"('x', 'x', 'x')",aflixo,aflixo
90L_10NL,3,90L_10NL_3_1,1,735,"('x', 'x', 'x')",aflixo,aflixo
90L_10NL,3,90L_10NL_3_1,1,735,"('x', 'x', 'x')",aflixo,aflixo
90L_10NL,3,90L_10NL_3_1,1,735,"('x', 'x', 'x')",aflixo,aflixo
90L_10NL,3,90L_10NL_3_1,1,735,"('x', 'x', 'x')",aflixo,aflixo
90L_10NL,3,90L_10NL_3_1,1,735,"('x', 'x', 'x')",aflixo,aflixo
90L_10NL,3,90L_10NL_3_1,1,210,"('ç', 'ç', 'ç')",sobɾekoçejs,sobɾekoçejs
90L_10NL,3,90L_10NL_3_1,1,210,"('ç', 'ç', 'ç')",sobɾekoçejs,sobɾekoçejs
90L_10NL,3,90L_10NL_3_1,1,210,"('ç', 'ç', 'ç')",sobɾekoçejs,sobɾekoçejs
90L_10NL,3,90L_10NL_3_1,1,980,"('ç', 'x', 'ç')",sobɾekoçejs,sobɾekoçejs
90L_10NL,3,90L_10NL_3_1,1,980,"('ç', 'x', 'ç')",sobɾekoçejs,sobɾekoçejs
90L_10NL,3,90L_10NL_3_1,1,980,"('ç', 'x', 'ç')",sobɾekoçejs,sobɾekoçejs
90L_10NL,3,90L_10NL_3_1,1,980,"('ç', 'x', 'ç')",sobɾekoçejs,sobɾekoçejs
90L_10NL,3,90L_10NL_3_1,1,980,"('ç', 'x', 'ç')",sobɾekoçejs,sobɾekoçejs
90L_10NL,3,90L_10NL_3_1,1,980,"('ç', 'x', 'ç')",sobɾekoçejs,sobɾekoçejs
90L_10NL,3,90L_10NL_3_1,1,980,"('ç', 'x', 'ç')",sobɾekoçejs,sobɾekoçejs
90L_10NL,3,90L_10NL_3_1,1,210,"('ç', 'ç', 'ç')",sobɾekoçejs,sobɾekoçejs
90L_10NL,3,90L_10NL_3_1,1,210,"('ç', 'ç', 'ç')",sobɾekoçejs,sobɾekoçejs
90L_10NL,3,90L_10NL_3_1,1,980,"('ç', 'x', 'ç')",sobɾekoçejs,sobɾekoçejs
90L_10NL,3,90L_10NL_3_1,0,980,"('ç', 'x', 'ç')",sobɾekoçis,sobɾekoçejs
90L_10NL,3,90L_10NL_3_1,1,980,"('ç', 'x', 'ç')",sobɾekoçejs,sobɾekoçejs
90L_10NL,3,90L_10NL_3_1,1,980,"('ç', 'x', 'ç')",sobɾekoçejs,sobɾekoçejs
90L_10NL,3,90L_10NL_3_1,1,980,"('ç', 'x', 'ç')",sobɾekoçejs,sobɾekoçejs
90L_10NL,3,90L_10NL_3_1,1,980,"('ç', 'x', 'ç')",sobɾekoçejs,sobɾekoçejs
90L_10NL,3,90L_10NL_3_1,1,980,"('ç', 'x', 'ç')",sobɾekoçejs,sobɾekoçejs
90L_10NL,3,90L_10NL_3_1,1,210,"('ç', 'ç', 'ç')",sobɾekoçejs,sobɾekoçejs
90L_10NL,3,90L_10NL_3_1,1,980,"('ç', 'x', 'ç')",sobɾekoçejs,sobɾekoçejs
90L_10NL,3,90L_10NL_3_1,0,980,"('ç', 'x', 'ç')",sobɾekoçis,sobɾekoçejs
90L_10NL,3,90L_10NL_3_1,1,980,"('ç', 'x', 'ç')",sobɾekoçejs,sobɾekoçejs
90L_10NL,3,90L_10NL_3_1,1,980,"('ç', 'x', 'ç')",sobɾekoçejs,sobɾekoçejs
90L_10NL,3,90L_10NL_3_1,1,980,"('ç', 'x', 'ç')",sobɾekoçejs,sobɾekoçejs
90L_10NL,3,90L_10NL_3_1,1,980,"('ç', 'x', 'ç')",sobɾekoçejs,sobɾekoçejs
90L_10NL,3,90L_10NL_3_1,1,980,"('ç', 'x', 'ç')",sobɾekoçejs,sobɾekoçejs
90L_10NL,3,90L_10NL_3_1,1,980,"('ç', 'x', 'ç')",sobɾekoçejs,sobɾekoçejs
90L_10NL,3,90L_10NL_3_1,0,980,"('ç', 'x', 'ç')",sobɾekoçis,sobɾekoçejs
90L_10NL,3,90L_10NL_3_1,1,980,"('ç', 'x', 'ç')",sobɾekoçejs,sobɾekoçejs
90L_10NL,3,90L_10NL_3_1,1,980,"('ç', 'x', 'ç')",sobɾekoçejs,sobɾekoçejs
90L_10NL,3,90L_10NL_3_1,1,980,"('ç', 'x', 'ç')",sobɾekoçejs,sobɾekoçejs
90L_10NL,3,90L_10NL_3_1,1,980,"('ç', 'x', 'ç')",sobɾekoçejs,sobɾekoçejs
90L_10NL,3,90L_10NL_3_1,1,980,"('ç', 'x', 'ç')",sobɾekoçejs,sobɾekoçejs
90L_10NL,3,90L_10NL_3_1,1,735,"('x', 'x', 'ç')",sobɾekoçejs,sobɾekoçejs
90L_10NL,3,90L_10NL_3_1,1,735,"('x', 'x', 'ç')",sobɾekoçejs,sobɾekoçejs
90L_10NL,3,90L_10NL_3_1,1,735,"('x', 'x', 'ç')",sobɾekoçejs,sobɾekoçejs
90L_10NL,3,90L_10NL_3_1,1,735,"('x', 'x', 'ç')",sobɾekoçejs,sobɾekoçejs
90L_10NL,3,90L_10NL_3_1,1,735,"('x', 'x', 'ç')",sobɾekoçejs,sobɾekoçejs
90L_10NL,3,90L_10NL_3_1,1,735,"('x', 'x', 'ç')",sobɾekoçejs,sobɾekoçejs
90L_10NL,3,90L_10NL_3_1,1,735,"('x', 'x', 'ç')",sobɾekoçejs,sobɾekoçejs
90L_10NL,3,90L_10NL_3_1,1,735,"('x', 'x', 'ç')",sobɾekoçejs,sobɾekoçejs
90L_10NL,3,90L_10NL_3_1,1,735,"('x', 'x', 'ç')",sobɾekoçejs,sobɾekoçejs
90L_10NL,3,90L_10NL_3_1,1,735,"('x', 'x', 'ç')",sobɾekoçejs,sobɾekoçejs
90L_10NL,3,90L_10NL_3_1,1,735,"('x', 'x', 'ç')",sobɾekoçejs,sobɾekoçejs
90L_10NL,3,90L_10NL_3_1,1,735,"('x', 'x', 'ç')",sobɾekoçejs,sobɾekoçejs
90L_10NL,3,90L_10NL_3_1,1,735,"('x', 'x', 'ç')",sobɾekoçejs,sobɾekoçejs
90L_10NL,3,90L_10NL_3_1,1,735,"('x', 'x', 'ç')",sobɾekoçejs,sobɾekoçejs
90L_10NL,3,90L_10NL_3_1,1,735,"('x', 'x', 'ç')",sobɾekoçejs,sobɾekoçejs
90L_10NL,3,90L_10NL_3_1,1,735,"('x', 'x', 'ç')",sobɾekoçejs,sobɾekoçejs
90L_10NL,3,90L_10NL_3_1,1,735,"('x', 'x', 'ç')",sobɾekoçejs,sobɾekoçejs
90L_10NL,3,90L_10NL_3_1,1,735,"('x', 'x', 'ç')",sobɾekoçejs,sobɾekoçejs
90L_10NL,3,90L_10NL_3_1,1,735,"('x', 'x', 'ç')",sobɾekoçejs,sobɾekoçejs
90L_10NL,3,90L_10NL_3_1,1,735,"('x', 'x', 'ç')",sobɾekoçejs,sobɾekoçejs
90L_10NL,3,90L_10NL_3_1,1,735,"('x', 'x', 'ç')",sobɾekoçejs,sobɾekoçejs
90L_10NL,3,90L_10NL_3_1,1,210,"('ç', 'ç', 'ç')",sobɾekoçemos,sobɾekoçemos
90L_10NL,3,90L_10NL_3_1,1,210,"('ç', 'ç', 'ç')",sobɾekoçemos,sobɾekoçemos
90L_10NL,3,90L_10NL_3_1,1,210,"('ç', 'ç', 'ç')",sobɾekoçemos,sobɾekoçemos
90L_10NL,3,90L_10NL_3_1,1,980,"('ç', 'x', 'ç')",sobɾekoçemos,sobɾekoçemos
90L_10NL,3,90L_10NL_3_1,1,980,"('ç', 'x', 'ç')",sobɾekoçemos,sobɾekoçemos
90L_10NL,3,90L_10NL_3_1,1,980,"('ç', 'x', 'ç')",sobɾekoçemos,sobɾekoçemos
90L_10NL,3,90L_10NL_3_1,1,980,"('ç', 'x', 'ç')",sobɾekoçemos,sobɾekoçemos
90L_10NL,3,90L_10NL_3_1,1,980,"('ç', 'x', 'ç')",sobɾekoçemos,sobɾekoçemos
90L_10NL,3,90L_10NL_3_1,1,980,"('ç', 'x', 'ç')",sobɾekoçemos,sobɾekoçemos
90L_10NL,3,90L_10NL_3_1,1,980,"('ç', 'x', 'ç')",sobɾekoçemos,sobɾekoçemos
90L_10NL,3,90L_10NL_3_1,1,210,"('ç', 'ç', 'ç')",sobɾekoçemos,sobɾekoçemos
90L_10NL,3,90L_10NL_3_1,1,210,"('ç', 'ç', 'ç')",sobɾekoçemos,sobɾekoçemos
90L_10NL,3,90L_10NL_3_1,1,980,"('ç', 'x', 'ç')",sobɾekoçemos,sobɾekoçemos
90L_10NL,3,90L_10NL_3_1,1,980,"('ç', 'x', 'ç')",sobɾekoçemos,sobɾekoçemos
90L_10NL,3,90L_10NL_3_1,1,980,"('ç', 'x', 'ç')",sobɾekoçemos,sobɾekoçemos
90L_10NL,3,90L_10NL_3_1,1,980,"('ç', 'x', 'ç')",sobɾekoçemos,sobɾekoçemos
90L_10NL,3,90L_10NL_3_1,1,980,"('ç', 'x', 'ç')",sobɾekoçemos,sobɾekoçemos
90L_10NL,3,90L_10NL_3_1,1,980,"('ç', 'x', 'ç')",sobɾekoçemos,sobɾekoçemos
90L_10NL,3,90L_10NL_3_1,1,980,"('ç', 'x', 'ç')",sobɾekoçemos,sobɾekoçemos
90L_10NL,3,90L_10NL_3_1,1,210,"('ç', 'ç', 'ç')",sobɾekoçemos,sobɾekoçemos
90L_10NL,3,90L_10NL_3_1,1,980,"('ç', 'x', 'ç')",sobɾekoçemos,sobɾekoçemos
90L_10NL,3,90L_10NL_3_1,1,980,"('ç', 'x', 'ç')",sobɾekoçemos,sobɾekoçemos
90L_10NL,3,90L_10NL_3_1,1,980,"('ç', 'x', 'ç')",sobɾekoçemos,sobɾekoçemos
90L_10NL,3,90L_10NL_3_1,1,980,"('ç', 'x', 'ç')",sobɾekoçemos,sobɾekoçemos
90L_10NL,3,90L_10NL_3_1,1,980,"('ç', 'x', 'ç')",sobɾekoçemos,sobɾekoçemos
90L_10NL,3,90L_10NL_3_1,1,980,"('ç', 'x', 'ç')",sobɾekoçemos,sobɾekoçemos
90L_10NL,3,90L_10NL_3_1,1,980,"('ç', 'x', 'ç')",sobɾekoçemos,sobɾekoçemos
90L_10NL,3,90L_10NL_3_1,1,980,"('ç', 'x', 'ç')",sobɾekoçemos,sobɾekoçemos
90L_10NL,3,90L_10NL_3_1,1,980,"('ç', 'x', 'ç')",sobɾekoçemos,sobɾekoçemos
90L_10NL,3,90L_10NL_3_1,1,980,"('ç', 'x', 'ç')",sobɾekoçemos,sobɾekoçemos
90L_10NL,3,90L_10NL_3_1,1,980,"('ç', 'x', 'ç')",sobɾekoçemos,sobɾekoçemos
90L_10NL,3,90L_10NL_3_1,1,980,"('ç', 'x', 'ç')",sobɾekoçemos,sobɾekoçemos
90L_10NL,3,90L_10NL_3_1,1,980,"('ç', 'x', 'ç')",sobɾekoçemos,sobɾekoçemos
90L_10NL,3,90L_10NL_3_1,1,980,"('ç', 'x', 'ç')",sobɾekoçemos,sobɾekoçemos
90L_10NL,3,90L_10NL_3_1,1,735,"('x', 'x', 'ç')",sobɾekoçemos,sobɾekoçemos
90L_10NL,3,90L_10NL_3_1,1,735,"('x', 'x', 'ç')",sobɾekoçemos,sobɾekoçemos
90L_10NL,3,90L_10NL_3_1,1,735,"('x', 'x', 'ç')",sobɾekoçemos,sobɾekoçemos
90L_10NL,3,90L_10NL_3_1,1,735,"('x', 'x', 'ç')",sobɾekoçemos,sobɾekoçemos
90L_10NL,3,90L_10NL_3_1,1,735,"('x', 'x', 'ç')",sobɾekoçemos,sobɾekoçemos
90L_10NL,3,90L_10NL_3_1,1,735,"('x', 'x', 'ç')",sobɾekoçemos,sobɾekoçemos
90L_10NL,3,90L_10NL_3_1,1,735,"('x', 'x', 'ç')",sobɾekoçemos,sobɾekoçemos
90L_10NL,3,90L_10NL_3_1,1,735,"('x', 'x', 'ç')",sobɾekoçemos,sobɾekoçemos
90L_10NL,3,90L_10NL_3_1,1,735,"('x', 'x', 'ç')",sobɾekoçemos,sobɾekoçemos
90L_10NL,3,90L_10NL_3_1,1,735,"('x', 'x', 'ç')",sobɾekoçemos,sobɾekoçemos
90L_10NL,3,90L_10NL_3_1,1,735,"('x', 'x', 'ç')",sobɾekoçemos,sobɾekoçemos
90L_10NL,3,90L_10NL_3_1,1,735,"('x', 'x', 'ç')",sobɾekoçemos,sobɾekoçemos
90L_10NL,3,90L_10NL_3_1,1,735,"('x', 'x', 'ç')",sobɾekoçemos,sobɾekoçemos
90L_10NL,3,90L_10NL_3_1,1,735,"('x', 'x', 'ç')",sobɾekoçemos,sobɾekoçemos
90L_10NL,3,90L_10NL_3_1,1,735,"('x', 'x', 'ç')",sobɾekoçemos,sobɾekoçemos
90L_10NL,3,90L_10NL_3_1,1,735,"('x', 'x', 'ç')",sobɾekoçemos,sobɾekoçemos
90L_10NL,3,90L_10NL_3_1,1,735,"('x', 'x', 'ç')",sobɾekoçemos,sobɾekoçemos
90L_10NL,3,90L_10NL_3_1,1,735,"('x', 'x', 'ç')",sobɾekoçemos,sobɾekoçemos
90L_10NL,3,90L_10NL_3_1,1,735,"('x', 'x', 'ç')",sobɾekoçemos,sobɾekoçemos
90L_10NL,3,90L_10NL_3_1,1,735,"('x', 'x', 'ç')",sobɾekoçemos,sobɾekoçemos
90L_10NL,3,90L_10NL_3_1,1,735,"('x', 'x', 'ç')",sobɾekoçemos,sobɾekoçemos
90L_10NL,3,90L_10NL_3_1,1,210,"('ç', 'ç', 'ç')",sobɾekoçen,sobɾekoçen
90L_10NL,3,90L_10NL_3_1,1,210,"('ç', 'ç', 'ç')",sobɾekoçen,sobɾekoçen
90L_10NL,3,90L_10NL_3_1,1,210,"('ç', 'ç', 'ç')",sobɾekoçen,sobɾekoçen
90L_10NL,3,90L_10NL_3_1,1,980,"('ç', 'x', 'ç')",sobɾekoçen,sobɾekoçen
90L_10NL,3,90L_10NL_3_1,1,980,"('ç', 'x', 'ç')",sobɾekoçen,sobɾekoçen
90L_10NL,3,90L_10NL_3_1,1,980,"('ç', 'x', 'ç')",sobɾekoçen,sobɾekoçen
90L_10NL,3,90L_10NL_3_1,1,980,"('ç', 'x', 'ç')",sobɾekoçen,sobɾekoçen
90L_10NL,3,90L_10NL_3_1,1,980,"('ç', 'x', 'ç')",sobɾekoçen,sobɾekoçen
90L_10NL,3,90L_10NL_3_1,1,980,"('ç', 'x', 'ç')",sobɾekoçen,sobɾekoçen
90L_10NL,3,90L_10NL_3_1,1,980,"('ç', 'x', 'ç')",sobɾekoçen,sobɾekoçen
90L_10NL,3,90L_10NL_3_1,1,210,"('ç', 'ç', 'ç')",sobɾekoçen,sobɾekoçen
90L_10NL,3,90L_10NL_3_1,1,210,"('ç', 'ç', 'ç')",sobɾekoçen,sobɾekoçen
90L_10NL,3,90L_10NL_3_1,1,980,"('ç', 'x', 'ç')",sobɾekoçen,sobɾekoçen
90L_10NL,3,90L_10NL_3_1,1,980,"('ç', 'x', 'ç')",sobɾekoçen,sobɾekoçen
90L_10NL,3,90L_10NL_3_1,1,980,"('ç', 'x', 'ç')",sobɾekoçen,sobɾekoçen
90L_10NL,3,90L_10NL_3_1,1,980,"('ç', 'x', 'ç')",sobɾekoçen,sobɾekoçen
90L_10NL,3,90L_10NL_3_1,1,980,"('ç', 'x', 'ç')",sobɾekoçen,sobɾekoçen
90L_10NL,3,90L_10NL_3_1,1,980,"('ç', 'x', 'ç')",sobɾekoçen,sobɾekoçen
90L_10NL,3,90L_10NL_3_1,1,980,"('ç', 'x', 'ç')",sobɾekoçen,sobɾekoçen
90L_10NL,3,90L_10NL_3_1,1,210,"('ç', 'ç', 'ç')",sobɾekoçen,sobɾekoçen
90L_10NL,3,90L_10NL_3_1,1,980,"('ç', 'x', 'ç')",sobɾekoçen,sobɾekoçen
90L_10NL,3,90L_10NL_3_1,1,980,"('ç', 'x', 'ç')",sobɾekoçen,sobɾekoçen
90L_10NL,3,90L_10NL_3_1,1,980,"('ç', 'x', 'ç')",sobɾekoçen,sobɾekoçen
90L_10NL,3,90L_10NL_3_1,1,980,"('ç', 'x', 'ç')",sobɾekoçen,sobɾekoçen
90L_10NL,3,90L_10NL_3_1,1,980,"('ç', 'x', 'ç')",sobɾekoçen,sobɾekoçen
90L_10NL,3,90L_10NL_3_1,1,980,"('ç', 'x', 'ç')",sobɾekoçen,sobɾekoçen
90L_10NL,3,90L_10NL_3_1,1,980,"('ç', 'x', 'ç')",sobɾekoçen,sobɾekoçen
90L_10NL,3,90L_10NL_3_1,1,980,"('ç', 'x', 'ç')",sobɾekoçen,sobɾekoçen
90L_10NL,3,90L_10NL_3_1,1,980,"('ç', 'x', 'ç')",sobɾekoçen,sobɾekoçen
90L_10NL,3,90L_10NL_3_1,1,980,"('ç', 'x', 'ç')",sobɾekoçen,sobɾekoçen
90L_10NL,3,90L_10NL_3_1,1,980,"('ç', 'x', 'ç')",sobɾekoçen,sobɾekoçen
90L_10NL,3,90L_10NL_3_1,1,980,"('ç', 'x', 'ç')",sobɾekoçen,sobɾekoçen
90L_10NL,3,90L_10NL_3_1,1,980,"('ç', 'x', 'ç')",sobɾekoçen,sobɾekoçen
90L_10NL,3,90L_10NL_3_1,1,980,"('ç', 'x', 'ç')",sobɾekoçen,sobɾekoçen
90L_10NL,3,90L_10NL_3_1,1,735,"('x', 'x', 'ç')",sobɾekoçen,sobɾekoçen
90L_10NL,3,90L_10NL_3_1,1,735,"('x', 'x', 'ç')",sobɾekoçen,sobɾekoçen
90L_10NL,3,90L_10NL_3_1,1,735,"('x', 'x', 'ç')",sobɾekoçen,sobɾekoçen
90L_10NL,3,90L_10NL_3_1,1,735,"('x', 'x', 'ç')",sobɾekoçen,sobɾekoçen
90L_10NL,3,90L_10NL_3_1,1,735,"('x', 'x', 'ç')",sobɾekoçen,sobɾekoçen
90L_10NL,3,90L_10NL_3_1,1,735,"('x', 'x', 'ç')",sobɾekoçen,sobɾekoçen
90L_10NL,3,90L_10NL_3_1,1,735,"('x', 'x', 'ç')",sobɾekoçen,sobɾekoçen
90L_10NL,3,90L_10NL_3_1,1,735,"('x', 'x', 'ç')",sobɾekoçen,sobɾekoçen
90L_10NL,3,90L_10NL_3_1,1,735,"('x', 'x', 'ç')",sobɾekoçen,sobɾekoçen
90L_10NL,3,90L_10NL_3_1,1,735,"('x', 'x', 'ç')",sobɾekoçen,sobɾekoçen
90L_10NL,3,90L_10NL_3_1,1,735,"('x', 'x', 'ç')",sobɾekoçen,sobɾekoçen
90L_10NL,3,90L_10NL_3_1,1,735,"('x', 'x', 'ç')",sobɾekoçen,sobɾekoçen
90L_10NL,3,90L_10NL_3_1,1,735,"('x', 'x', 'ç')",sobɾekoçen,sobɾekoçen
90L_10NL,3,90L_10NL_3_1,1,735,"('x', 'x', 'ç')",sobɾekoçen,sobɾekoçen
90L_10NL,3,90L_10NL_3_1,1,735,"('x', 'x', 'ç')",sobɾekoçen,sobɾekoçen
90L_10NL,3,90L_10NL_3_1,1,735,"('x', 'x', 'ç')",sobɾekoçen,sobɾekoçen
90L_10NL,3,90L_10NL_3_1,1,735,"('x', 'x', 'ç')",sobɾekoçen,sobɾekoçen
90L_10NL,3,90L_10NL_3_1,1,735,"('x', 'x', 'ç')",sobɾekoçen,sobɾekoçen
90L_10NL,3,90L_10NL_3_1,1,735,"('x', 'x', 'ç')",sobɾekoçen,sobɾekoçen
90L_10NL,3,90L_10NL_3_1,1,735,"('x', 'x', 'ç')",sobɾekoçen,sobɾekoçen
90L_10NL,3,90L_10NL_3_1,1,735,"('x', 'x', 'ç')",sobɾekoçen,sobɾekoçen
90L_10NL,3,90L_10NL_3_1,1,210,"('ç', 'ç', 'ç')",sobɾekoçes,sobɾekoçes
90L_10NL,3,90L_10NL_3_1,1,210,"('ç', 'ç', 'ç')",sobɾekoçes,sobɾekoçes
90L_10NL,3,90L_10NL_3_1,1,210,"('ç', 'ç', 'ç')",sobɾekoçes,sobɾekoçes
90L_10NL,3,90L_10NL_3_1,1,980,"('ç', 'x', 'ç')",sobɾekoçes,sobɾekoçes
90L_10NL,3,90L_10NL_3_1,1,980,"('ç', 'x', 'ç')",sobɾekoçes,sobɾekoçes
90L_10NL,3,90L_10NL_3_1,1,980,"('ç', 'x', 'ç')",sobɾekoçes,sobɾekoçes
90L_10NL,3,90L_10NL_3_1,1,980,"('ç', 'x', 'ç')",sobɾekoçes,sobɾekoçes
90L_10NL,3,90L_10NL_3_1,1,980,"('ç', 'x', 'ç')",sobɾekoçes,sobɾekoçes
90L_10NL,3,90L_10NL_3_1,1,980,"('ç', 'x', 'ç')",sobɾekoçes,sobɾekoçes
90L_10NL,3,90L_10NL_3_1,1,980,"('ç', 'x', 'ç')",sobɾekoçes,sobɾekoçes
90L_10NL,3,90L_10NL_3_1,1,210,"('ç', 'ç', 'ç')",sobɾekoçes,sobɾekoçes
90L_10NL,3,90L_10NL_3_1,1,210,"('ç', 'ç', 'ç')",sobɾekoçes,sobɾekoçes
90L_10NL,3,90L_10NL_3_1,1,980,"('ç', 'x', 'ç')",sobɾekoçes,sobɾekoçes
90L_10NL,3,90L_10NL_3_1,1,980,"('ç', 'x', 'ç')",sobɾekoçes,sobɾekoçes
90L_10NL,3,90L_10NL_3_1,1,980,"('ç', 'x', 'ç')",sobɾekoçes,sobɾekoçes
90L_10NL,3,90L_10NL_3_1,1,980,"('ç', 'x', 'ç')",sobɾekoçes,sobɾekoçes
90L_10NL,3,90L_10NL_3_1,1,980,"('ç', 'x', 'ç')",sobɾekoçes,sobɾekoçes
90L_10NL,3,90L_10NL_3_1,1,980,"('ç', 'x', 'ç')",sobɾekoçes,sobɾekoçes
90L_10NL,3,90L_10NL_3_1,1,980,"('ç', 'x', 'ç')",sobɾekoçes,sobɾekoçes
90L_10NL,3,90L_10NL_3_1,1,210,"('ç', 'ç', 'ç')",sobɾekoçes,sobɾekoçes
90L_10NL,3,90L_10NL_3_1,1,980,"('ç', 'x', 'ç')",sobɾekoçes,sobɾekoçes
90L_10NL,3,90L_10NL_3_1,1,980,"('ç', 'x', 'ç')",sobɾekoçes,sobɾekoçes
90L_10NL,3,90L_10NL_3_1,1,980,"('ç', 'x', 'ç')",sobɾekoçes,sobɾekoçes
90L_10NL,3,90L_10NL_3_1,1,980,"('ç', 'x', 'ç')",sobɾekoçes,sobɾekoçes
90L_10NL,3,90L_10NL_3_1,1,980,"('ç', 'x', 'ç')",sobɾekoçes,sobɾekoçes
90L_10NL,3,90L_10NL_3_1,1,980,"('ç', 'x', 'ç')",sobɾekoçes,sobɾekoçes
90L_10NL,3,90L_10NL_3_1,1,980,"('ç', 'x', 'ç')",sobɾekoçes,sobɾekoçes
90L_10NL,3,90L_10NL_3_1,1,980,"('ç', 'x', 'ç')",sobɾekoçes,sobɾekoçes
90L_10NL,3,90L_10NL_3_1,1,980,"('ç', 'x', 'ç')",sobɾekoçes,sobɾekoçes
90L_10NL,3,90L_10NL_3_1,1,980,"('ç', 'x', 'ç')",sobɾekoçes,sobɾekoçes
90L_10NL,3,90L_10NL_3_1,1,980,"('ç', 'x', 'ç')",sobɾekoçes,sobɾekoçes
90L_10NL,3,90L_10NL_3_1,1,980,"('ç', 'x', 'ç')",sobɾekoçes,sobɾekoçes
90L_10NL,3,90L_10NL_3_1,1,980,"('ç', 'x', 'ç')",sobɾekoçes,sobɾekoçes
90L_10NL,3,90L_10NL_3_1,1,980,"('ç', 'x', 'ç')",sobɾekoçes,sobɾekoçes
90L_10NL,3,90L_10NL_3_1,1,735,"('x', 'x', 'ç')",sobɾekoçes,sobɾekoçes
90L_10NL,3,90L_10NL_3_1,1,735,"('x', 'x', 'ç')",sobɾekoçes,sobɾekoçes
90L_10NL,3,90L_10NL_3_1,1,735,"('x', 'x', 'ç')",sobɾekoçes,sobɾekoçes
90L_10NL,3,90L_10NL_3_1,1,735,"('x', 'x', 'ç')",sobɾekoçes,sobɾekoçes
90L_10NL,3,90L_10NL_3_1,1,735,"('x', 'x', 'ç')",sobɾekoçes,sobɾekoçes
90L_10NL,3,90L_10NL_3_1,1,735,"('x', 'x', 'ç')",sobɾekoçes,sobɾekoçes
90L_10NL,3,90L_10NL_3_1,1,735,"('x', 'x', 'ç')",sobɾekoçes,sobɾekoçes
90L_10NL,3,90L_10NL_3_1,1,735,"('x', 'x', 'ç')",sobɾekoçes,sobɾekoçes
90L_10NL,3,90L_10NL_3_1,1,735,"('x', 'x', 'ç')",sobɾekoçes,sobɾekoçes
90L_10NL,3,90L_10NL_3_1,1,735,"('x', 'x', 'ç')",sobɾekoçes,sobɾekoçes
90L_10NL,3,90L_10NL_3_1,1,735,"('x', 'x', 'ç')",sobɾekoçes,sobɾekoçes
90L_10NL,3,90L_10NL_3_1,1,735,"('x', 'x', 'ç')",sobɾekoçes,sobɾekoçes
90L_10NL,3,90L_10NL_3_1,1,735,"('x', 'x', 'ç')",sobɾekoçes,sobɾekoçes
90L_10NL,3,90L_10NL_3_1,1,735,"('x', 'x', 'ç')",sobɾekoçes,sobɾekoçes
90L_10NL,3,90L_10NL_3_1,1,735,"('x', 'x', 'ç')",sobɾekoçes,sobɾekoçes
90L_10NL,3,90L_10NL_3_1,1,735,"('x', 'x', 'ç')",sobɾekoçes,sobɾekoçes
90L_10NL,3,90L_10NL_3_1,1,735,"('x', 'x', 'ç')",sobɾekoçes,sobɾekoçes
90L_10NL,3,90L_10NL_3_1,1,735,"('x', 'x', 'ç')",sobɾekoçes,sobɾekoçes
90L_10NL,3,90L_10NL_3_1,1,735,"('x', 'x', 'ç')",sobɾekoçes,sobɾekoçes
90L_10NL,3,90L_10NL_3_1,1,735,"('x', 'x', 'ç')",sobɾekoçes,sobɾekoçes
90L_10NL,3,90L_10NL_3_1,1,735,"('x', 'x', 'ç')",sobɾekoçes,sobɾekoçes
90L_10NL,3,90L_10NL_3_1,1,210,"('ç', 'ç', 'ç')",sobɾekoçe,sobɾekoçe
90L_10NL,3,90L_10NL_3_1,1,210,"('ç', 'ç', 'ç')",sobɾekoçe,sobɾekoçe
90L_10NL,3,90L_10NL_3_1,1,210,"('ç', 'ç', 'ç')",sobɾekoçe,sobɾekoçe
90L_10NL,3,90L_10NL_3_1,1,980,"('ç', 'x', 'ç')",sobɾekoçe,sobɾekoçe
90L_10NL,3,90L_10NL_3_1,1,980,"('ç', 'x', 'ç')",sobɾekoçe,sobɾekoçe
90L_10NL,3,90L_10NL_3_1,1,980,"('ç', 'x', 'ç')",sobɾekoçe,sobɾekoçe
90L_10NL,3,90L_10NL_3_1,1,980,"('ç', 'x', 'ç')",sobɾekoçe,sobɾekoçe
90L_10NL,3,90L_10NL_3_1,1,980,"('ç', 'x', 'ç')",sobɾekoçe,sobɾekoçe
90L_10NL,3,90L_10NL_3_1,1,980,"('ç', 'x', 'ç')",sobɾekoçe,sobɾekoçe
90L_10NL,3,90L_10NL_3_1,1,980,"('ç', 'x', 'ç')",sobɾekoçe,sobɾekoçe
90L_10NL,3,90L_10NL_3_1,1,210,"('ç', 'ç', 'ç')",sobɾekoçe,sobɾekoçe
90L_10NL,3,90L_10NL_3_1,1,210,"('ç', 'ç', 'ç')",sobɾekoçe,sobɾekoçe
90L_10NL,3,90L_10NL_3_1,1,980,"('ç', 'x', 'ç')",sobɾekoçe,sobɾekoçe
90L_10NL,3,90L_10NL_3_1,1,980,"('ç', 'x', 'ç')",sobɾekoçe,sobɾekoçe
90L_10NL,3,90L_10NL_3_1,1,980,"('ç', 'x', 'ç')",sobɾekoçe,sobɾekoçe
90L_10NL,3,90L_10NL_3_1,1,980,"('ç', 'x', 'ç')",sobɾekoçe,sobɾekoçe
90L_10NL,3,90L_10NL_3_1,1,980,"('ç', 'x', 'ç')",sobɾekoçe,sobɾekoçe
90L_10NL,3,90L_10NL_3_1,1,980,"('ç', 'x', 'ç')",sobɾekoçe,sobɾekoçe
90L_10NL,3,90L_10NL_3_1,1,980,"('ç', 'x', 'ç')",sobɾekoçe,sobɾekoçe
90L_10NL,3,90L_10NL_3_1,1,210,"('ç', 'ç', 'ç')",sobɾekoçe,sobɾekoçe
90L_10NL,3,90L_10NL_3_1,1,980,"('ç', 'x', 'ç')",sobɾekoçe,sobɾekoçe
90L_10NL,3,90L_10NL_3_1,1,980,"('ç', 'x', 'ç')",sobɾekoçe,sobɾekoçe
90L_10NL,3,90L_10NL_3_1,1,980,"('ç', 'x', 'ç')",sobɾekoçe,sobɾekoçe
90L_10NL,3,90L_10NL_3_1,1,980,"('ç', 'x', 'ç')",sobɾekoçe,sobɾekoçe
90L_10NL,3,90L_10NL_3_1,1,980,"('ç', 'x', 'ç')",sobɾekoçe,sobɾekoçe
90L_10NL,3,90L_10NL_3_1,1,980,"('ç', 'x', 'ç')",sobɾekoçe,sobɾekoçe
90L_10NL,3,90L_10NL_3_1,1,980,"('ç', 'x', 'ç')",sobɾekoçe,sobɾekoçe
90L_10NL,3,90L_10NL_3_1,1,980,"('ç', 'x', 'ç')",sobɾekoçe,sobɾekoçe
90L_10NL,3,90L_10NL_3_1,1,980,"('ç', 'x', 'ç')",sobɾekoçe,sobɾekoçe
90L_10NL,3,90L_10NL_3_1,1,980,"('ç', 'x', 'ç')",sobɾekoçe,sobɾekoçe
90L_10NL,3,90L_10NL_3_1,1,980,"('ç', 'x', 'ç')",sobɾekoçe,sobɾekoçe
90L_10NL,3,90L_10NL_3_1,1,980,"('ç', 'x', 'ç')",sobɾekoçe,sobɾekoçe
90L_10NL,3,90L_10NL_3_1,1,980,"('ç', 'x', 'ç')",sobɾekoçe,sobɾekoçe
90L_10NL,3,90L_10NL_3_1,1,980,"('ç', 'x', 'ç')",sobɾekoçe,sobɾekoçe
90L_10NL,3,90L_10NL_3_1,1,735,"('x', 'x', 'ç')",sobɾekoçe,sobɾekoçe
90L_10NL,3,90L_10NL_3_1,1,735,"('x', 'x', 'ç')",sobɾekoçe,sobɾekoçe
90L_10NL,3,90L_10NL_3_1,1,735,"('x', 'x', 'ç')",sobɾekoçe,sobɾekoçe
90L_10NL,3,90L_10NL_3_1,1,735,"('x', 'x', 'ç')",sobɾekoçe,sobɾekoçe
90L_10NL,3,90L_10NL_3_1,1,735,"('x', 'x', 'ç')",sobɾekoçe,sobɾekoçe
90L_10NL,3,90L_10NL_3_1,1,735,"('x', 'x', 'ç')",sobɾekoçe,sobɾekoçe
90L_10NL,3,90L_10NL_3_1,1,735,"('x', 'x', 'ç')",sobɾekoçe,sobɾekoçe
90L_10NL,3,90L_10NL_3_1,1,735,"('x', 'x', 'ç')",sobɾekoçe,sobɾekoçe
90L_10NL,3,90L_10NL_3_1,1,735,"('x', 'x', 'ç')",sobɾekoçe,sobɾekoçe
90L_10NL,3,90L_10NL_3_1,1,735,"('x', 'x', 'ç')",sobɾekoçe,sobɾekoçe
90L_10NL,3,90L_10NL_3_1,1,735,"('x', 'x', 'ç')",sobɾekoçe,sobɾekoçe
90L_10NL,3,90L_10NL_3_1,1,735,"('x', 'x', 'ç')",sobɾekoçe,sobɾekoçe
90L_10NL,3,90L_10NL_3_1,1,735,"('x', 'x', 'ç')",sobɾekoçe,sobɾekoçe
90L_10NL,3,90L_10NL_3_1,1,735,"('x', 'x', 'ç')",sobɾekoçe,sobɾekoçe
90L_10NL,3,90L_10NL_3_1,1,735,"('x', 'x', 'ç')",sobɾekoçe,sobɾekoçe
90L_10NL,3,90L_10NL_3_1,1,735,"('x', 'x', 'ç')",sobɾekoçe,sobɾekoçe
90L_10NL,3,90L_10NL_3_1,1,735,"('x', 'x', 'ç')",sobɾekoçe,sobɾekoçe
90L_10NL,3,90L_10NL_3_1,1,735,"('x', 'x', 'ç')",sobɾekoçe,sobɾekoçe
90L_10NL,3,90L_10NL_3_1,1,735,"('x', 'x', 'ç')",sobɾekoçe,sobɾekoçe
90L_10NL,3,90L_10NL_3_1,1,735,"('x', 'x', 'ç')",sobɾekoçe,sobɾekoçe
90L_10NL,3,90L_10NL_3_1,1,735,"('x', 'x', 'ç')",sobɾekoçe,sobɾekoçe
90L_10NL,3,90L_10NL_3_1,1,490,"('ç', 'ç', 'x')",sobɾekoxajs,sobɾekoxajs
90L_10NL,3,90L_10NL_3_1,1,490,"('ç', 'ç', 'x')",sobɾekoxajs,sobɾekoxajs
90L_10NL,3,90L_10NL_3_1,1,490,"('ç', 'ç', 'x')",sobɾekoxajs,sobɾekoxajs
90L_10NL,3,90L_10NL_3_1,1,490,"('ç', 'ç', 'x')",sobɾekoxajs,sobɾekoxajs
90L_10NL,3,90L_10NL_3_1,1,1470,"('ç', 'x', 'x')",sobɾekoxajs,sobɾekoxajs
90L_10NL,3,90L_10NL_3_1,1,1470,"('ç', 'x', 'x')",sobɾekoxajs,sobɾekoxajs
90L_10NL,3,90L_10NL_3_1,1,1470,"('ç', 'x', 'x')",sobɾekoxajs,sobɾekoxajs
90L_10NL,3,90L_10NL_3_1,1,1470,"('ç', 'x', 'x')",sobɾekoxajs,sobɾekoxajs
90L_10NL,3,90L_10NL_3_1,1,1470,"('ç', 'x', 'x')",sobɾekoxajs,sobɾekoxajs
90L_10NL,3,90L_10NL_3_1,1,1470,"('ç', 'x', 'x')",sobɾekoxajs,sobɾekoxajs
90L_10NL,3,90L_10NL_3_1,1,490,"('ç', 'ç', 'x')",sobɾekoxajs,sobɾekoxajs
90L_10NL,3,90L_10NL_3_1,1,490,"('ç', 'ç', 'x')",sobɾekoxajs,sobɾekoxajs
90L_10NL,3,90L_10NL_3_1,1,490,"('ç', 'ç', 'x')",sobɾekoxajs,sobɾekoxajs
90L_10NL,3,90L_10NL_3_1,1,1470,"('ç', 'x', 'x')",sobɾekoxajs,sobɾekoxajs
90L_10NL,3,90L_10NL_3_1,1,1470,"('ç', 'x', 'x')",sobɾekoxajs,sobɾekoxajs
90L_10NL,3,90L_10NL_3_1,1,1470,"('ç', 'x', 'x')",sobɾekoxajs,sobɾekoxajs
90L_10NL,3,90L_10NL_3_1,1,1470,"('ç', 'x', 'x')",sobɾekoxajs,sobɾekoxajs
90L_10NL,3,90L_10NL_3_1,1,1470,"('ç', 'x', 'x')",sobɾekoxajs,sobɾekoxajs
90L_10NL,3,90L_10NL_3_1,1,1470,"('ç', 'x', 'x')",sobɾekoxajs,sobɾekoxajs
90L_10NL,3,90L_10NL_3_1,1,490,"('ç', 'ç', 'x')",sobɾekoxajs,sobɾekoxajs
90L_10NL,3,90L_10NL_3_1,1,490,"('ç', 'ç', 'x')",sobɾekoxajs,sobɾekoxajs
90L_10NL,3,90L_10NL_3_1,1,1470,"('ç', 'x', 'x')",sobɾekoxajs,sobɾekoxajs
90L_10NL,3,90L_10NL_3_1,1,1470,"('ç', 'x', 'x')",sobɾekoxajs,sobɾekoxajs
90L_10NL,3,90L_10NL_3_1,1,1470,"('ç', 'x', 'x')",sobɾekoxajs,sobɾekoxajs
90L_10NL,3,90L_10NL_3_1,1,1470,"('ç', 'x', 'x')",sobɾekoxajs,sobɾekoxajs
90L_10NL,3,90L_10NL_3_1,1,1470,"('ç', 'x', 'x')",sobɾekoxajs,sobɾekoxajs
90L_10NL,3,90L_10NL_3_1,1,1470,"('ç', 'x', 'x')",sobɾekoxajs,sobɾekoxajs
90L_10NL,3,90L_10NL_3_1,1,490,"('ç', 'ç', 'x')",sobɾekoxajs,sobɾekoxajs
90L_10NL,3,90L_10NL_3_1,1,1470,"('ç', 'x', 'x')",sobɾekoxajs,sobɾekoxajs
90L_10NL,3,90L_10NL_3_1,1,1470,"('ç', 'x', 'x')",sobɾekoxajs,sobɾekoxajs
90L_10NL,3,90L_10NL_3_1,1,1470,"('ç', 'x', 'x')",sobɾekoxajs,sobɾekoxajs
90L_10NL,3,90L_10NL_3_1,1,1470,"('ç', 'x', 'x')",sobɾekoxajs,sobɾekoxajs
90L_10NL,3,90L_10NL_3_1,1,1470,"('ç', 'x', 'x')",sobɾekoxajs,sobɾekoxajs
90L_10NL,3,90L_10NL_3_1,1,1470,"('ç', 'x', 'x')",sobɾekoxajs,sobɾekoxajs
90L_10NL,3,90L_10NL_3_1,1,1470,"('ç', 'x', 'x')",sobɾekoxajs,sobɾekoxajs
90L_10NL,3,90L_10NL_3_1,1,1470,"('ç', 'x', 'x')",sobɾekoxajs,sobɾekoxajs
90L_10NL,3,90L_10NL_3_1,1,1470,"('ç', 'x', 'x')",sobɾekoxajs,sobɾekoxajs
90L_10NL,3,90L_10NL_3_1,1,1470,"('ç', 'x', 'x')",sobɾekoxajs,sobɾekoxajs
90L_10NL,3,90L_10NL_3_1,1,1470,"('ç', 'x', 'x')",sobɾekoxajs,sobɾekoxajs
90L_10NL,3,90L_10NL_3_1,1,1470,"('ç', 'x', 'x')",sobɾekoxajs,sobɾekoxajs
90L_10NL,3,90L_10NL_3_1,1,735,"('x', 'x', 'x')",sobɾekoxajs,sobɾekoxajs
90L_10NL,3,90L_10NL_3_1,1,735,"('x', 'x', 'x')",sobɾekoxajs,sobɾekoxajs
90L_10NL,3,90L_10NL_3_1,1,735,"('x', 'x', 'x')",sobɾekoxajs,sobɾekoxajs
90L_10NL,3,90L_10NL_3_1,1,735,"('x', 'x', 'x')",sobɾekoxajs,sobɾekoxajs
90L_10NL,3,90L_10NL_3_1,1,735,"('x', 'x', 'x')",sobɾekoxajs,sobɾekoxajs
90L_10NL,3,90L_10NL_3_1,1,735,"('x', 'x', 'x')",sobɾekoxajs,sobɾekoxajs
90L_10NL,3,90L_10NL_3_1,1,735,"('x', 'x', 'x')",sobɾekoxajs,sobɾekoxajs
90L_10NL,3,90L_10NL_3_1,1,735,"('x', 'x', 'x')",sobɾekoxajs,sobɾekoxajs
90L_10NL,3,90L_10NL_3_1,1,735,"('x', 'x', 'x')",sobɾekoxajs,sobɾekoxajs
90L_10NL,3,90L_10NL_3_1,1,735,"('x', 'x', 'x')",sobɾekoxajs,sobɾekoxajs
90L_10NL,3,90L_10NL_3_1,1,735,"('x', 'x', 'x')",sobɾekoxajs,sobɾekoxajs
90L_10NL,3,90L_10NL_3_1,1,735,"('x', 'x', 'x')",sobɾekoxajs,sobɾekoxajs
90L_10NL,3,90L_10NL_3_1,1,735,"('x', 'x', 'x')",sobɾekoxajs,sobɾekoxajs
90L_10NL,3,90L_10NL_3_1,1,735,"('x', 'x', 'x')",sobɾekoxajs,sobɾekoxajs
90L_10NL,3,90L_10NL_3_1,1,735,"('x', 'x', 'x')",sobɾekoxajs,sobɾekoxajs
90L_10NL,3,90L_10NL_3_1,1,490,"('ç', 'ç', 'x')",sobɾekoxamos,sobɾekoxamos
90L_10NL,3,90L_10NL_3_1,1,490,"('ç', 'ç', 'x')",sobɾekoxamos,sobɾekoxamos
90L_10NL,3,90L_10NL_3_1,1,490,"('ç', 'ç', 'x')",sobɾekoxamos,sobɾekoxamos
90L_10NL,3,90L_10NL_3_1,1,490,"('ç', 'ç', 'x')",sobɾekoxamos,sobɾekoxamos
90L_10NL,3,90L_10NL_3_1,1,1470,"('ç', 'x', 'x')",sobɾekoxamos,sobɾekoxamos
90L_10NL,3,90L_10NL_3_1,1,1470,"('ç', 'x', 'x')",sobɾekoxamos,sobɾekoxamos
90L_10NL,3,90L_10NL_3_1,1,1470,"('ç', 'x', 'x')",sobɾekoxamos,sobɾekoxamos
90L_10NL,3,90L_10NL_3_1,1,1470,"('ç', 'x', 'x')",sobɾekoxamos,sobɾekoxamos
90L_10NL,3,90L_10NL_3_1,1,1470,"('ç', 'x', 'x')",sobɾekoxamos,sobɾekoxamos
90L_10NL,3,90L_10NL_3_1,1,1470,"('ç', 'x', 'x')",sobɾekoxamos,sobɾekoxamos
90L_10NL,3,90L_10NL_3_1,1,490,"('ç', 'ç', 'x')",sobɾekoxamos,sobɾekoxamos
90L_10NL,3,90L_10NL_3_1,1,490,"('ç', 'ç', 'x')",sobɾekoxamos,sobɾekoxamos
90L_10NL,3,90L_10NL_3_1,1,490,"('ç', 'ç', 'x')",sobɾekoxamos,sobɾekoxamos
90L_10NL,3,90L_10NL_3_1,1,1470,"('ç', 'x', 'x')",sobɾekoxamos,sobɾekoxamos
90L_10NL,3,90L_10NL_3_1,1,1470,"('ç', 'x', 'x')",sobɾekoxamos,sobɾekoxamos
90L_10NL,3,90L_10NL_3_1,1,1470,"('ç', 'x', 'x')",sobɾekoxamos,sobɾekoxamos
90L_10NL,3,90L_10NL_3_1,1,1470,"('ç', 'x', 'x')",sobɾekoxamos,sobɾekoxamos
90L_10NL,3,90L_10NL_3_1,1,1470,"('ç', 'x', 'x')",sobɾekoxamos,sobɾekoxamos
90L_10NL,3,90L_10NL_3_1,1,1470,"('ç', 'x', 'x')",sobɾekoxamos,sobɾekoxamos
90L_10NL,3,90L_10NL_3_1,1,490,"('ç', 'ç', 'x')",sobɾekoxamos,sobɾekoxamos
90L_10NL,3,90L_10NL_3_1,1,490,"('ç', 'ç', 'x')",sobɾekoxamos,sobɾekoxamos
90L_10NL,3,90L_10NL_3_1,1,1470,"('ç', 'x', 'x')",sobɾekoxamos,sobɾekoxamos
90L_10NL,3,90L_10NL_3_1,1,1470,"('ç', 'x', 'x')",sobɾekoxamos,sobɾekoxamos
90L_10NL,3,90L_10NL_3_1,1,1470,"('ç', 'x', 'x')",sobɾekoxamos,sobɾekoxamos
90L_10NL,3,90L_10NL_3_1,1,1470,"('ç', 'x', 'x')",sobɾekoxamos,sobɾekoxamos
90L_10NL,3,90L_10NL_3_1,1,1470,"('ç', 'x', 'x')",sobɾekoxamos,sobɾekoxamos
90L_10NL,3,90L_10NL_3_1,1,1470,"('ç', 'x', 'x')",sobɾekoxamos,sobɾekoxamos
90L_10NL,3,90L_10NL_3_1,1,490,"('ç', 'ç', 'x')",sobɾekoxamos,sobɾekoxamos
90L_10NL,3,90L_10NL_3_1,1,1470,"('ç', 'x', 'x')",sobɾekoxamos,sobɾekoxamos
90L_10NL,3,90L_10NL_3_1,1,1470,"('ç', 'x', 'x')",sobɾekoxamos,sobɾekoxamos
90L_10NL,3,90L_10NL_3_1,1,1470,"('ç', 'x', 'x')",sobɾekoxamos,sobɾekoxamos
90L_10NL,3,90L_10NL_3_1,1,1470,"('ç', 'x', 'x')",sobɾekoxamos,sobɾekoxamos
90L_10NL,3,90L_10NL_3_1,1,1470,"('ç', 'x', 'x')",sobɾekoxamos,sobɾekoxamos
90L_10NL,3,90L_10NL_3_1,1,1470,"('ç', 'x', 'x')",sobɾekoxamos,sobɾekoxamos
90L_10NL,3,90L_10NL_3_1,1,1470,"('ç', 'x', 'x')",sobɾekoxamos,sobɾekoxamos
90L_10NL,3,90L_10NL_3_1,1,1470,"('ç', 'x', 'x')",sobɾekoxamos,sobɾekoxamos
90L_10NL,3,90L_10NL_3_1,1,1470,"('ç', 'x', 'x')",sobɾekoxamos,sobɾekoxamos
90L_10NL,3,90L_10NL_3_1,1,1470,"('ç', 'x', 'x')",sobɾekoxamos,sobɾekoxamos
90L_10NL,3,90L_10NL_3_1,1,1470,"('ç', 'x', 'x')",sobɾekoxamos,sobɾekoxamos
90L_10NL,3,90L_10NL_3_1,1,1470,"('ç', 'x', 'x')",sobɾekoxamos,sobɾekoxamos
90L_10NL,3,90L_10NL_3_1,1,735,"('x', 'x', 'x')",sobɾekoxamos,sobɾekoxamos
90L_10NL,3,90L_10NL_3_1,1,735,"('x', 'x', 'x')",sobɾekoxamos,sobɾekoxamos
90L_10NL,3,90L_10NL_3_1,1,735,"('x', 'x', 'x')",sobɾekoxamos,sobɾekoxamos
90L_10NL,3,90L_10NL_3_1,1,735,"('x', 'x', 'x')",sobɾekoxamos,sobɾekoxamos
90L_10NL,3,90L_10NL_3_1,1,735,"('x', 'x', 'x')",sobɾekoxamos,sobɾekoxamos
90L_10NL,3,90L_10NL_3_1,1,735,"('x', 'x', 'x')",sobɾekoxamos,sobɾekoxamos
90L_10NL,3,90L_10NL_3_1,1,735,"('x', 'x', 'x')",sobɾekoxamos,sobɾekoxamos
90L_10NL,3,90L_10NL_3_1,1,735,"('x', 'x', 'x')",sobɾekoxamos,sobɾekoxamos
90L_10NL,3,90L_10NL_3_1,1,735,"('x', 'x', 'x')",sobɾekoxamos,sobɾekoxamos
90L_10NL,3,90L_10NL_3_1,1,735,"('x', 'x', 'x')",sobɾekoxamos,sobɾekoxamos
90L_10NL,3,90L_10NL_3_1,1,735,"('x', 'x', 'x')",sobɾekoxamos,sobɾekoxamos
90L_10NL,3,90L_10NL_3_1,1,735,"('x', 'x', 'x')",sobɾekoxamos,sobɾekoxamos
90L_10NL,3,90L_10NL_3_1,1,735,"('x', 'x', 'x')",sobɾekoxamos,sobɾekoxamos
90L_10NL,3,90L_10NL_3_1,1,735,"('x', 'x', 'x')",sobɾekoxamos,sobɾekoxamos
90L_10NL,3,90L_10NL_3_1,1,735,"('x', 'x', 'x')",sobɾekoxamos,sobɾekoxamos
90L_10NL,3,90L_10NL_3_1,1,490,"('ç', 'ç', 'x')",sobɾekoxan,sobɾekoxan
90L_10NL,3,90L_10NL_3_1,1,490,"('ç', 'ç', 'x')",sobɾekoxan,sobɾekoxan
90L_10NL,3,90L_10NL_3_1,1,490,"('ç', 'ç', 'x')",sobɾekoxan,sobɾekoxan
90L_10NL,3,90L_10NL_3_1,1,490,"('ç', 'ç', 'x')",sobɾekoxan,sobɾekoxan
90L_10NL,3,90L_10NL_3_1,1,1470,"('ç', 'x', 'x')",sobɾekoxan,sobɾekoxan
90L_10NL,3,90L_10NL_3_1,1,1470,"('ç', 'x', 'x')",sobɾekoxan,sobɾekoxan
90L_10NL,3,90L_10NL_3_1,1,1470,"('ç', 'x', 'x')",sobɾekoxan,sobɾekoxan
90L_10NL,3,90L_10NL_3_1,1,1470,"('ç', 'x', 'x')",sobɾekoxan,sobɾekoxan
90L_10NL,3,90L_10NL_3_1,1,1470,"('ç', 'x', 'x')",sobɾekoxan,sobɾekoxan
90L_10NL,3,90L_10NL_3_1,1,1470,"('ç', 'x', 'x')",sobɾekoxan,sobɾekoxan
90L_10NL,3,90L_10NL_3_1,1,490,"('ç', 'ç', 'x')",sobɾekoxan,sobɾekoxan
90L_10NL,3,90L_10NL_3_1,1,490,"('ç', 'ç', 'x')",sobɾekoxan,sobɾekoxan
90L_10NL,3,90L_10NL_3_1,1,490,"('ç', 'ç', 'x')",sobɾekoxan,sobɾekoxan
90L_10NL,3,90L_10NL_3_1,1,1470,"('ç', 'x', 'x')",sobɾekoxan,sobɾekoxan
90L_10NL,3,90L_10NL_3_1,1,1470,"('ç', 'x', 'x')",sobɾekoxan,sobɾekoxan
90L_10NL,3,90L_10NL_3_1,1,1470,"('ç', 'x', 'x')",sobɾekoxan,sobɾekoxan
90L_10NL,3,90L_10NL_3_1,1,1470,"('ç', 'x', 'x')",sobɾekoxan,sobɾekoxan
90L_10NL,3,90L_10NL_3_1,1,1470,"('ç', 'x', 'x')",sobɾekoxan,sobɾekoxan
90L_10NL,3,90L_10NL_3_1,1,1470,"('ç', 'x', 'x')",sobɾekoxan,sobɾekoxan
90L_10NL,3,90L_10NL_3_1,1,490,"('ç', 'ç', 'x')",sobɾekoxan,sobɾekoxan
90L_10NL,3,90L_10NL_3_1,1,490,"('ç', 'ç', 'x')",sobɾekoxan,sobɾekoxan
90L_10NL,3,90L_10NL_3_1,1,1470,"('ç', 'x', 'x')",sobɾekoxan,sobɾekoxan
90L_10NL,3,90L_10NL_3_1,1,1470,"('ç', 'x', 'x')",sobɾekoxan,sobɾekoxan
90L_10NL,3,90L_10NL_3_1,1,1470,"('ç', 'x', 'x')",sobɾekoxan,sobɾekoxan
90L_10NL,3,90L_10NL_3_1,1,1470,"('ç', 'x', 'x')",sobɾekoxan,sobɾekoxan
90L_10NL,3,90L_10NL_3_1,1,1470,"('ç', 'x', 'x')",sobɾekoxan,sobɾekoxan
90L_10NL,3,90L_10NL_3_1,1,1470,"('ç', 'x', 'x')",sobɾekoxan,sobɾekoxan
90L_10NL,3,90L_10NL_3_1,1,490,"('ç', 'ç', 'x')",sobɾekoxan,sobɾekoxan
90L_10NL,3,90L_10NL_3_1,1,1470,"('ç', 'x', 'x')",sobɾekoxan,sobɾekoxan
90L_10NL,3,90L_10NL_3_1,1,1470,"('ç', 'x', 'x')",sobɾekoxan,sobɾekoxan
90L_10NL,3,90L_10NL_3_1,1,1470,"('ç', 'x', 'x')",sobɾekoxan,sobɾekoxan
90L_10NL,3,90L_10NL_3_1,1,1470,"('ç', 'x', 'x')",sobɾekoxan,sobɾekoxan
90L_10NL,3,90L_10NL_3_1,1,1470,"('ç', 'x', 'x')",sobɾekoxan,sobɾekoxan
90L_10NL,3,90L_10NL_3_1,1,1470,"('ç', 'x', 'x')",sobɾekoxan,sobɾekoxan
90L_10NL,3,90L_10NL_3_1,1,1470,"('ç', 'x', 'x')",sobɾekoxan,sobɾekoxan
90L_10NL,3,90L_10NL_3_1,1,1470,"('ç', 'x', 'x')",sobɾekoxan,sobɾekoxan
90L_10NL,3,90L_10NL_3_1,1,1470,"('ç', 'x', 'x')",sobɾekoxan,sobɾekoxan
90L_10NL,3,90L_10NL_3_1,1,1470,"('ç', 'x', 'x')",sobɾekoxan,sobɾekoxan
90L_10NL,3,90L_10NL_3_1,1,1470,"('ç', 'x', 'x')",sobɾekoxan,sobɾekoxan
90L_10NL,3,90L_10NL_3_1,1,1470,"('ç', 'x', 'x')",sobɾekoxan,sobɾekoxan
90L_10NL,3,90L_10NL_3_1,1,735,"('x', 'x', 'x')",sobɾekoxan,sobɾekoxan
90L_10NL,3,90L_10NL_3_1,1,735,"('x', 'x', 'x')",sobɾekoxan,sobɾekoxan
90L_10NL,3,90L_10NL_3_1,1,735,"('x', 'x', 'x')",sobɾekoxan,sobɾekoxan
90L_10NL,3,90L_10NL_3_1,1,735,"('x', 'x', 'x')",sobɾekoxan,sobɾekoxan
90L_10NL,3,90L_10NL_3_1,1,735,"('x', 'x', 'x')",sobɾekoxan,sobɾekoxan
90L_10NL,3,90L_10NL_3_1,1,735,"('x', 'x', 'x')",sobɾekoxan,sobɾekoxan
90L_10NL,3,90L_10NL_3_1,1,735,"('x', 'x', 'x')",sobɾekoxan,sobɾekoxan
90L_10NL,3,90L_10NL_3_1,1,735,"('x', 'x', 'x')",sobɾekoxan,sobɾekoxan
90L_10NL,3,90L_10NL_3_1,1,735,"('x', 'x', 'x')",sobɾekoxan,sobɾekoxan
90L_10NL,3,90L_10NL_3_1,1,735,"('x', 'x', 'x')",sobɾekoxan,sobɾekoxan
90L_10NL,3,90L_10NL_3_1,1,735,"('x', 'x', 'x')",sobɾekoxan,sobɾekoxan
90L_10NL,3,90L_10NL_3_1,1,735,"('x', 'x', 'x')",sobɾekoxan,sobɾekoxan
90L_10NL,3,90L_10NL_3_1,1,735,"('x', 'x', 'x')",sobɾekoxan,sobɾekoxan
90L_10NL,3,90L_10NL_3_1,1,735,"('x', 'x', 'x')",sobɾekoxan,sobɾekoxan
90L_10NL,3,90L_10NL_3_1,1,735,"('x', 'x', 'x')",sobɾekoxan,sobɾekoxan
90L_10NL,3,90L_10NL_3_1,1,490,"('ç', 'ç', 'x')",sobɾekoxas,sobɾekoxas
90L_10NL,3,90L_10NL_3_1,1,490,"('ç', 'ç', 'x')",sobɾekoxas,sobɾekoxas
90L_10NL,3,90L_10NL_3_1,1,490,"('ç', 'ç', 'x')",sobɾekoxas,sobɾekoxas
90L_10NL,3,90L_10NL_3_1,1,490,"('ç', 'ç', 'x')",sobɾekoxas,sobɾekoxas
90L_10NL,3,90L_10NL_3_1,1,1470,"('ç', 'x', 'x')",sobɾekoxas,sobɾekoxas
90L_10NL,3,90L_10NL_3_1,1,1470,"('ç', 'x', 'x')",sobɾekoxas,sobɾekoxas
90L_10NL,3,90L_10NL_3_1,1,1470,"('ç', 'x', 'x')",sobɾekoxas,sobɾekoxas
90L_10NL,3,90L_10NL_3_1,1,1470,"('ç', 'x', 'x')",sobɾekoxas,sobɾekoxas
90L_10NL,3,90L_10NL_3_1,1,1470,"('ç', 'x', 'x')",sobɾekoxas,sobɾekoxas
90L_10NL,3,90L_10NL_3_1,1,1470,"('ç', 'x', 'x')",sobɾekoxas,sobɾekoxas
90L_10NL,3,90L_10NL_3_1,1,490,"('ç', 'ç', 'x')",sobɾekoxas,sobɾekoxas
90L_10NL,3,90L_10NL_3_1,1,490,"('ç', 'ç', 'x')",sobɾekoxas,sobɾekoxas
90L_10NL,3,90L_10NL_3_1,1,490,"('ç', 'ç', 'x')",sobɾekoxas,sobɾekoxas
90L_10NL,3,90L_10NL_3_1,1,1470,"('ç', 'x', 'x')",sobɾekoxas,sobɾekoxas
90L_10NL,3,90L_10NL_3_1,1,1470,"('ç', 'x', 'x')",sobɾekoxas,sobɾekoxas
90L_10NL,3,90L_10NL_3_1,1,1470,"('ç', 'x', 'x')",sobɾekoxas,sobɾekoxas
90L_10NL,3,90L_10NL_3_1,1,1470,"('ç', 'x', 'x')",sobɾekoxas,sobɾekoxas
90L_10NL,3,90L_10NL_3_1,1,1470,"('ç', 'x', 'x')",sobɾekoxas,sobɾekoxas
90L_10NL,3,90L_10NL_3_1,1,1470,"('ç', 'x', 'x')",sobɾekoxas,sobɾekoxas
90L_10NL,3,90L_10NL_3_1,1,490,"('ç', 'ç', 'x')",sobɾekoxas,sobɾekoxas
90L_10NL,3,90L_10NL_3_1,1,490,"('ç', 'ç', 'x')",sobɾekoxas,sobɾekoxas
90L_10NL,3,90L_10NL_3_1,1,1470,"('ç', 'x', 'x')",sobɾekoxas,sobɾekoxas
90L_10NL,3,90L_10NL_3_1,1,1470,"('ç', 'x', 'x')",sobɾekoxas,sobɾekoxas
90L_10NL,3,90L_10NL_3_1,1,1470,"('ç', 'x', 'x')",sobɾekoxas,sobɾekoxas
90L_10NL,3,90L_10NL_3_1,1,1470,"('ç', 'x', 'x')",sobɾekoxas,sobɾekoxas
90L_10NL,3,90L_10NL_3_1,1,1470,"('ç', 'x', 'x')",sobɾekoxas,sobɾekoxas
90L_10NL,3,90L_10NL_3_1,1,1470,"('ç', 'x', 'x')",sobɾekoxas,sobɾekoxas
90L_10NL,3,90L_10NL_3_1,1,490,"('ç', 'ç', 'x')",sobɾekoxas,sobɾekoxas
90L_10NL,3,90L_10NL_3_1,1,1470,"('ç', 'x', 'x')",sobɾekoxas,sobɾekoxas
90L_10NL,3,90L_10NL_3_1,1,1470,"('ç', 'x', 'x')",sobɾekoxas,sobɾekoxas
90L_10NL,3,90L_10NL_3_1,1,1470,"('ç', 'x', 'x')",sobɾekoxas,sobɾekoxas
90L_10NL,3,90L_10NL_3_1,1,1470,"('ç', 'x', 'x')",sobɾekoxas,sobɾekoxas
90L_10NL,3,90L_10NL_3_1,1,1470,"('ç', 'x', 'x')",sobɾekoxas,sobɾekoxas
90L_10NL,3,90L_10NL_3_1,1,1470,"('ç', 'x', 'x')",sobɾekoxas,sobɾekoxas
90L_10NL,3,90L_10NL_3_1,1,1470,"('ç', 'x', 'x')",sobɾekoxas,sobɾekoxas
90L_10NL,3,90L_10NL_3_1,1,1470,"('ç', 'x', 'x')",sobɾekoxas,sobɾekoxas
90L_10NL,3,90L_10NL_3_1,1,1470,"('ç', 'x', 'x')",sobɾekoxas,sobɾekoxas
90L_10NL,3,90L_10NL_3_1,1,1470,"('ç', 'x', 'x')",sobɾekoxas,sobɾekoxas
90L_10NL,3,90L_10NL_3_1,1,1470,"('ç', 'x', 'x')",sobɾekoxas,sobɾekoxas
90L_10NL,3,90L_10NL_3_1,1,1470,"('ç', 'x', 'x')",sobɾekoxas,sobɾekoxas
90L_10NL,3,90L_10NL_3_1,1,735,"('x', 'x', 'x')",sobɾekoxas,sobɾekoxas
90L_10NL,3,90L_10NL_3_1,1,735,"('x', 'x', 'x')",sobɾekoxas,sobɾekoxas
90L_10NL,3,90L_10NL_3_1,1,735,"('x', 'x', 'x')",sobɾekoxas,sobɾekoxas
90L_10NL,3,90L_10NL_3_1,1,735,"('x', 'x', 'x')",sobɾekoxas,sobɾekoxas
90L_10NL,3,90L_10NL_3_1,1,735,"('x', 'x', 'x')",sobɾekoxas,sobɾekoxas
90L_10NL,3,90L_10NL_3_1,1,735,"('x', 'x', 'x')",sobɾekoxas,sobɾekoxas
90L_10NL,3,90L_10NL_3_1,1,735,"('x', 'x', 'x')",sobɾekoxas,sobɾekoxas
90L_10NL,3,90L_10NL_3_1,1,735,"('x', 'x', 'x')",sobɾekoxas,sobɾekoxas
90L_10NL,3,90L_10NL_3_1,1,735,"('x', 'x', 'x')",sobɾekoxas,sobɾekoxas
90L_10NL,3,90L_10NL_3_1,1,735,"('x', 'x', 'x')",sobɾekoxas,sobɾekoxas
90L_10NL,3,90L_10NL_3_1,1,735,"('x', 'x', 'x')",sobɾekoxas,sobɾekoxas
90L_10NL,3,90L_10NL_3_1,1,735,"('x', 'x', 'x')",sobɾekoxas,sobɾekoxas
90L_10NL,3,90L_10NL_3_1,1,735,"('x', 'x', 'x')",sobɾekoxas,sobɾekoxas
90L_10NL,3,90L_10NL_3_1,1,735,"('x', 'x', 'x')",sobɾekoxas,sobɾekoxas
90L_10NL,3,90L_10NL_3_1,1,735,"('x', 'x', 'x')",sobɾekoxas,sobɾekoxas
90L_10NL,3,90L_10NL_3_1,1,490,"('ç', 'ç', 'x')",sobɾekoxa,sobɾekoxa
90L_10NL,3,90L_10NL_3_1,1,490,"('ç', 'ç', 'x')",sobɾekoxa,sobɾekoxa
90L_10NL,3,90L_10NL_3_1,1,490,"('ç', 'ç', 'x')",sobɾekoxa,sobɾekoxa
90L_10NL,3,90L_10NL_3_1,1,490,"('ç', 'ç', 'x')",sobɾekoxa,sobɾekoxa
90L_10NL,3,90L_10NL_3_1,1,1470,"('ç', 'x', 'x')",sobɾekoxa,sobɾekoxa
90L_10NL,3,90L_10NL_3_1,1,1470,"('ç', 'x', 'x')",sobɾekoxa,sobɾekoxa
90L_10NL,3,90L_10NL_3_1,1,1470,"('ç', 'x', 'x')",sobɾekoxa,sobɾekoxa
90L_10NL,3,90L_10NL_3_1,1,1470,"('ç', 'x', 'x')",sobɾekoxa,sobɾekoxa
90L_10NL,3,90L_10NL_3_1,1,1470,"('ç', 'x', 'x')",sobɾekoxa,sobɾekoxa
90L_10NL,3,90L_10NL_3_1,1,1470,"('ç', 'x', 'x')",sobɾekoxa,sobɾekoxa
90L_10NL,3,90L_10NL_3_1,1,490,"('ç', 'ç', 'x')",sobɾekoxa,sobɾekoxa
90L_10NL,3,90L_10NL_3_1,1,490,"('ç', 'ç', 'x')",sobɾekoxa,sobɾekoxa
90L_10NL,3,90L_10NL_3_1,1,490,"('ç', 'ç', 'x')",sobɾekoxa,sobɾekoxa
90L_10NL,3,90L_10NL_3_1,1,1470,"('ç', 'x', 'x')",sobɾekoxa,sobɾekoxa
90L_10NL,3,90L_10NL_3_1,1,1470,"('ç', 'x', 'x')",sobɾekoxa,sobɾekoxa
90L_10NL,3,90L_10NL_3_1,1,1470,"('ç', 'x', 'x')",sobɾekoxa,sobɾekoxa
90L_10NL,3,90L_10NL_3_1,1,1470,"('ç', 'x', 'x')",sobɾekoxa,sobɾekoxa
90L_10NL,3,90L_10NL_3_1,1,1470,"('ç', 'x', 'x')",sobɾekoxa,sobɾekoxa
90L_10NL,3,90L_10NL_3_1,1,1470,"('ç', 'x', 'x')",sobɾekoxa,sobɾekoxa
90L_10NL,3,90L_10NL_3_1,1,490,"('ç', 'ç', 'x')",sobɾekoxa,sobɾekoxa
90L_10NL,3,90L_10NL_3_1,1,490,"('ç', 'ç', 'x')",sobɾekoxa,sobɾekoxa
90L_10NL,3,90L_10NL_3_1,1,1470,"('ç', 'x', 'x')",sobɾekoxa,sobɾekoxa
90L_10NL,3,90L_10NL_3_1,1,1470,"('ç', 'x', 'x')",sobɾekoxa,sobɾekoxa
90L_10NL,3,90L_10NL_3_1,1,1470,"('ç', 'x', 'x')",sobɾekoxa,sobɾekoxa
90L_10NL,3,90L_10NL_3_1,1,1470,"('ç', 'x', 'x')",sobɾekoxa,sobɾekoxa
90L_10NL,3,90L_10NL_3_1,1,1470,"('ç', 'x', 'x')",sobɾekoxa,sobɾekoxa
90L_10NL,3,90L_10NL_3_1,1,1470,"('ç', 'x', 'x')",sobɾekoxa,sobɾekoxa
90L_10NL,3,90L_10NL_3_1,1,490,"('ç', 'ç', 'x')",sobɾekoxa,sobɾekoxa
90L_10NL,3,90L_10NL_3_1,1,1470,"('ç', 'x', 'x')",sobɾekoxa,sobɾekoxa
90L_10NL,3,90L_10NL_3_1,1,1470,"('ç', 'x', 'x')",sobɾekoxa,sobɾekoxa
90L_10NL,3,90L_10NL_3_1,1,1470,"('ç', 'x', 'x')",sobɾekoxa,sobɾekoxa
90L_10NL,3,90L_10NL_3_1,1,1470,"('ç', 'x', 'x')",sobɾekoxa,sobɾekoxa
90L_10NL,3,90L_10NL_3_1,1,1470,"('ç', 'x', 'x')",sobɾekoxa,sobɾekoxa
90L_10NL,3,90L_10NL_3_1,1,1470,"('ç', 'x', 'x')",sobɾekoxa,sobɾekoxa
90L_10NL,3,90L_10NL_3_1,1,1470,"('ç', 'x', 'x')",sobɾekoxa,sobɾekoxa
90L_10NL,3,90L_10NL_3_1,1,1470,"('ç', 'x', 'x')",sobɾekoxa,sobɾekoxa
90L_10NL,3,90L_10NL_3_1,1,1470,"('ç', 'x', 'x')",sobɾekoxa,sobɾekoxa
90L_10NL,3,90L_10NL_3_1,1,1470,"('ç', 'x', 'x')",sobɾekoxa,sobɾekoxa
90L_10NL,3,90L_10NL_3_1,1,1470,"('ç', 'x', 'x')",sobɾekoxa,sobɾekoxa
90L_10NL,3,90L_10NL_3_1,1,1470,"('ç', 'x', 'x')",sobɾekoxa,sobɾekoxa
90L_10NL,3,90L_10NL_3_1,1,735,"('x', 'x', 'x')",sobɾekoxa,sobɾekoxa
90L_10NL,3,90L_10NL_3_1,1,735,"('x', 'x', 'x')",sobɾekoxa,sobɾekoxa
90L_10NL,3,90L_10NL_3_1,1,735,"('x', 'x', 'x')",sobɾekoxa,sobɾekoxa
90L_10NL,3,90L_10NL_3_1,1,735,"('x', 'x', 'x')",sobɾekoxa,sobɾekoxa
90L_10NL,3,90L_10NL_3_1,1,735,"('x', 'x', 'x')",sobɾekoxa,sobɾekoxa
90L_10NL,3,90L_10NL_3_1,1,735,"('x', 'x', 'x')",sobɾekoxa,sobɾekoxa
90L_10NL,3,90L_10NL_3_1,1,735,"('x', 'x', 'x')",sobɾekoxa,sobɾekoxa
90L_10NL,3,90L_10NL_3_1,1,735,"('x', 'x', 'x')",sobɾekoxa,sobɾekoxa
90L_10NL,3,90L_10NL_3_1,1,735,"('x', 'x', 'x')",sobɾekoxa,sobɾekoxa
90L_10NL,3,90L_10NL_3_1,1,735,"('x', 'x', 'x')",sobɾekoxa,sobɾekoxa
90L_10NL,3,90L_10NL_3_1,1,735,"('x', 'x', 'x')",sobɾekoxa,sobɾekoxa
90L_10NL,3,90L_10NL_3_1,1,735,"('x', 'x', 'x')",sobɾekoxa,sobɾekoxa
90L_10NL,3,90L_10NL_3_1,1,735,"('x', 'x', 'x')",sobɾekoxa,sobɾekoxa
90L_10NL,3,90L_10NL_3_1,1,735,"('x', 'x', 'x')",sobɾekoxa,sobɾekoxa
90L_10NL,3,90L_10NL_3_1,1,735,"('x', 'x', 'x')",sobɾekoxa,sobɾekoxa
90L_10NL,3,90L_10NL_3_1,1,490,"('ç', 'ç', 'x')",sobɾekoxa,sobɾekoxa
90L_10NL,3,90L_10NL_3_1,1,490,"('ç', 'ç', 'x')",sobɾekoxa,sobɾekoxa
90L_10NL,3,90L_10NL_3_1,1,490,"('ç', 'ç', 'x')",sobɾekoxa,sobɾekoxa
90L_10NL,3,90L_10NL_3_1,1,490,"('ç', 'ç', 'x')",sobɾekoxa,sobɾekoxa
90L_10NL,3,90L_10NL_3_1,1,1470,"('ç', 'x', 'x')",sobɾekoxa,sobɾekoxa
90L_10NL,3,90L_10NL_3_1,1,1470,"('ç', 'x', 'x')",sobɾekoxa,sobɾekoxa
90L_10NL,3,90L_10NL_3_1,1,1470,"('ç', 'x', 'x')",sobɾekoxa,sobɾekoxa
90L_10NL,3,90L_10NL_3_1,1,1470,"('ç', 'x', 'x')",sobɾekoxa,sobɾekoxa
90L_10NL,3,90L_10NL_3_1,1,1470,"('ç', 'x', 'x')",sobɾekoxa,sobɾekoxa
90L_10NL,3,90L_10NL_3_1,1,1470,"('ç', 'x', 'x')",sobɾekoxa,sobɾekoxa
90L_10NL,3,90L_10NL_3_1,1,490,"('ç', 'ç', 'x')",sobɾekoxa,sobɾekoxa
90L_10NL,3,90L_10NL_3_1,1,490,"('ç', 'ç', 'x')",sobɾekoxa,sobɾekoxa
90L_10NL,3,90L_10NL_3_1,1,490,"('ç', 'ç', 'x')",sobɾekoxa,sobɾekoxa
90L_10NL,3,90L_10NL_3_1,1,1470,"('ç', 'x', 'x')",sobɾekoxa,sobɾekoxa
90L_10NL,3,90L_10NL_3_1,1,1470,"('ç', 'x', 'x')",sobɾekoxa,sobɾekoxa
90L_10NL,3,90L_10NL_3_1,1,1470,"('ç', 'x', 'x')",sobɾekoxa,sobɾekoxa
90L_10NL,3,90L_10NL_3_1,1,1470,"('ç', 'x', 'x')",sobɾekoxa,sobɾekoxa
90L_10NL,3,90L_10NL_3_1,1,1470,"('ç', 'x', 'x')",sobɾekoxa,sobɾekoxa
90L_10NL,3,90L_10NL_3_1,1,1470,"('ç', 'x', 'x')",sobɾekoxa,sobɾekoxa
90L_10NL,3,90L_10NL_3_1,1,490,"('ç', 'ç', 'x')",sobɾekoxa,sobɾekoxa
90L_10NL,3,90L_10NL_3_1,1,490,"('ç', 'ç', 'x')",sobɾekoxa,sobɾekoxa
90L_10NL,3,90L_10NL_3_1,1,1470,"('ç', 'x', 'x')",sobɾekoxa,sobɾekoxa
90L_10NL,3,90L_10NL_3_1,1,1470,"('ç', 'x', 'x')",sobɾekoxa,sobɾekoxa
90L_10NL,3,90L_10NL_3_1,1,1470,"('ç', 'x', 'x')",sobɾekoxa,sobɾekoxa
90L_10NL,3,90L_10NL_3_1,1,1470,"('ç', 'x', 'x')",sobɾekoxa,sobɾekoxa
90L_10NL,3,90L_10NL_3_1,1,1470,"('ç', 'x', 'x')",sobɾekoxa,sobɾekoxa
90L_10NL,3,90L_10NL_3_1,1,1470,"('ç', 'x', 'x')",sobɾekoxa,sobɾekoxa
90L_10NL,3,90L_10NL_3_1,1,490,"('ç', 'ç', 'x')",sobɾekoxa,sobɾekoxa
90L_10NL,3,90L_10NL_3_1,1,1470,"('ç', 'x', 'x')",sobɾekoxa,sobɾekoxa
90L_10NL,3,90L_10NL_3_1,1,1470,"('ç', 'x', 'x')",sobɾekoxa,sobɾekoxa
90L_10NL,3,90L_10NL_3_1,1,1470,"('ç', 'x', 'x')",sobɾekoxa,sobɾekoxa
90L_10NL,3,90L_10NL_3_1,1,1470,"('ç', 'x', 'x')",sobɾekoxa,sobɾekoxa
90L_10NL,3,90L_10NL_3_1,1,1470,"('ç', 'x', 'x')",sobɾekoxa,sobɾekoxa
90L_10NL,3,90L_10NL_3_1,1,1470,"('ç', 'x', 'x')",sobɾekoxa,sobɾekoxa
90L_10NL,3,90L_10NL_3_1,1,1470,"('ç', 'x', 'x')",sobɾekoxa,sobɾekoxa
90L_10NL,3,90L_10NL_3_1,1,1470,"('ç', 'x', 'x')",sobɾekoxa,sobɾekoxa
90L_10NL,3,90L_10NL_3_1,1,1470,"('ç', 'x', 'x')",sobɾekoxa,sobɾekoxa
90L_10NL,3,90L_10NL_3_1,1,1470,"('ç', 'x', 'x')",sobɾekoxa,sobɾekoxa
90L_10NL,3,90L_10NL_3_1,1,1470,"('ç', 'x', 'x')",sobɾekoxa,sobɾekoxa
90L_10NL,3,90L_10NL_3_1,1,1470,"('ç', 'x', 'x')",sobɾekoxa,sobɾekoxa
90L_10NL,3,90L_10NL_3_1,1,735,"('x', 'x', 'x')",sobɾekoxa,sobɾekoxa
90L_10NL,3,90L_10NL_3_1,1,735,"('x', 'x', 'x')",sobɾekoxa,sobɾekoxa
90L_10NL,3,90L_10NL_3_1,1,735,"('x', 'x', 'x')",sobɾekoxa,sobɾekoxa
90L_10NL,3,90L_10NL_3_1,1,735,"('x', 'x', 'x')",sobɾekoxa,sobɾekoxa
90L_10NL,3,90L_10NL_3_1,1,735,"('x', 'x', 'x')",sobɾekoxa,sobɾekoxa
90L_10NL,3,90L_10NL_3_1,1,735,"('x', 'x', 'x')",sobɾekoxa,sobɾekoxa
90L_10NL,3,90L_10NL_3_1,1,735,"('x', 'x', 'x')",sobɾekoxa,sobɾekoxa
90L_10NL,3,90L_10NL_3_1,1,735,"('x', 'x', 'x')",sobɾekoxa,sobɾekoxa
90L_10NL,3,90L_10NL_3_1,1,735,"('x', 'x', 'x')",sobɾekoxa,sobɾekoxa
90L_10NL,3,90L_10NL_3_1,1,735,"('x', 'x', 'x')",sobɾekoxa,sobɾekoxa
90L_10NL,3,90L_10NL_3_1,1,735,"('x', 'x', 'x')",sobɾekoxa,sobɾekoxa
90L_10NL,3,90L_10NL_3_1,1,735,"('x', 'x', 'x')",sobɾekoxa,sobɾekoxa
90L_10NL,3,90L_10NL_3_1,1,735,"('x', 'x', 'x')",sobɾekoxa,sobɾekoxa
90L_10NL,3,90L_10NL_3_1,1,735,"('x', 'x', 'x')",sobɾekoxa,sobɾekoxa
90L_10NL,3,90L_10NL_3_1,1,735,"('x', 'x', 'x')",sobɾekoxa,sobɾekoxa
90L_10NL,3,90L_10NL_3_1,1,490,"('ç', 'ç', 'x')",sobɾekoxo,sobɾekoxo
90L_10NL,3,90L_10NL_3_1,1,490,"('ç', 'ç', 'x')",sobɾekoxo,sobɾekoxo
90L_10NL,3,90L_10NL_3_1,1,490,"('ç', 'ç', 'x')",sobɾekoxo,sobɾekoxo
90L_10NL,3,90L_10NL_3_1,1,490,"('ç', 'ç', 'x')",sobɾekoxo,sobɾekoxo
90L_10NL,3,90L_10NL_3_1,1,1470,"('ç', 'x', 'x')",sobɾekoxo,sobɾekoxo
90L_10NL,3,90L_10NL_3_1,1,1470,"('ç', 'x', 'x')",sobɾekoxo,sobɾekoxo
90L_10NL,3,90L_10NL_3_1,1,1470,"('ç', 'x', 'x')",sobɾekoxo,sobɾekoxo
90L_10NL,3,90L_10NL_3_1,1,1470,"('ç', 'x', 'x')",sobɾekoxo,sobɾekoxo
90L_10NL,3,90L_10NL_3_1,1,1470,"('ç', 'x', 'x')",sobɾekoxo,sobɾekoxo
90L_10NL,3,90L_10NL_3_1,1,1470,"('ç', 'x', 'x')",sobɾekoxo,sobɾekoxo
90L_10NL,3,90L_10NL_3_1,1,490,"('ç', 'ç', 'x')",sobɾekoxo,sobɾekoxo
90L_10NL,3,90L_10NL_3_1,1,490,"('ç', 'ç', 'x')",sobɾekoxo,sobɾekoxo
90L_10NL,3,90L_10NL_3_1,1,490,"('ç', 'ç', 'x')",sobɾekoxo,sobɾekoxo
90L_10NL,3,90L_10NL_3_1,1,1470,"('ç', 'x', 'x')",sobɾekoxo,sobɾekoxo
90L_10NL,3,90L_10NL_3_1,1,1470,"('ç', 'x', 'x')",sobɾekoxo,sobɾekoxo
90L_10NL,3,90L_10NL_3_1,1,1470,"('ç', 'x', 'x')",sobɾekoxo,sobɾekoxo
90L_10NL,3,90L_10NL_3_1,1,1470,"('ç', 'x', 'x')",sobɾekoxo,sobɾekoxo
90L_10NL,3,90L_10NL_3_1,1,1470,"('ç', 'x', 'x')",sobɾekoxo,sobɾekoxo
90L_10NL,3,90L_10NL_3_1,1,1470,"('ç', 'x', 'x')",sobɾekoxo,sobɾekoxo
90L_10NL,3,90L_10NL_3_1,1,490,"('ç', 'ç', 'x')",sobɾekoxo,sobɾekoxo
90L_10NL,3,90L_10NL_3_1,1,490,"('ç', 'ç', 'x')",sobɾekoxo,sobɾekoxo
90L_10NL,3,90L_10NL_3_1,1,1470,"('ç', 'x', 'x')",sobɾekoxo,sobɾekoxo
90L_10NL,3,90L_10NL_3_1,1,1470,"('ç', 'x', 'x')",sobɾekoxo,sobɾekoxo
90L_10NL,3,90L_10NL_3_1,1,1470,"('ç', 'x', 'x')",sobɾekoxo,sobɾekoxo
90L_10NL,3,90L_10NL_3_1,1,1470,"('ç', 'x', 'x')",sobɾekoxo,sobɾekoxo
90L_10NL,3,90L_10NL_3_1,1,1470,"('ç', 'x', 'x')",sobɾekoxo,sobɾekoxo
90L_10NL,3,90L_10NL_3_1,1,1470,"('ç', 'x', 'x')",sobɾekoxo,sobɾekoxo
90L_10NL,3,90L_10NL_3_1,1,490,"('ç', 'ç', 'x')",sobɾekoxo,sobɾekoxo
90L_10NL,3,90L_10NL_3_1,1,1470,"('ç', 'x', 'x')",sobɾekoxo,sobɾekoxo
90L_10NL,3,90L_10NL_3_1,1,1470,"('ç', 'x', 'x')",sobɾekoxo,sobɾekoxo
90L_10NL,3,90L_10NL_3_1,1,1470,"('ç', 'x', 'x')",sobɾekoxo,sobɾekoxo
90L_10NL,3,90L_10NL_3_1,1,1470,"('ç', 'x', 'x')",sobɾekoxo,sobɾekoxo
90L_10NL,3,90L_10NL_3_1,1,1470,"('ç', 'x', 'x')",sobɾekoxo,sobɾekoxo
90L_10NL,3,90L_10NL_3_1,1,1470,"('ç', 'x', 'x')",sobɾekoxo,sobɾekoxo
90L_10NL,3,90L_10NL_3_1,1,1470,"('ç', 'x', 'x')",sobɾekoxo,sobɾekoxo
90L_10NL,3,90L_10NL_3_1,1,1470,"('ç', 'x', 'x')",sobɾekoxo,sobɾekoxo
90L_10NL,3,90L_10NL_3_1,1,1470,"('ç', 'x', 'x')",sobɾekoxo,sobɾekoxo
90L_10NL,3,90L_10NL_3_1,1,1470,"('ç', 'x', 'x')",sobɾekoxo,sobɾekoxo
90L_10NL,3,90L_10NL_3_1,1,1470,"('ç', 'x', 'x')",sobɾekoxo,sobɾekoxo
90L_10NL,3,90L_10NL_3_1,1,1470,"('ç', 'x', 'x')",sobɾekoxo,sobɾekoxo
90L_10NL,3,90L_10NL_3_1,1,735,"('x', 'x', 'x')",sobɾekoxo,sobɾekoxo
90L_10NL,3,90L_10NL_3_1,1,735,"('x', 'x', 'x')",sobɾekoxo,sobɾekoxo
90L_10NL,3,90L_10NL_3_1,1,735,"('x', 'x', 'x')",sobɾekoxo,sobɾekoxo
90L_10NL,3,90L_10NL_3_1,1,735,"('x', 'x', 'x')",sobɾekoxo,sobɾekoxo
90L_10NL,3,90L_10NL_3_1,1,735,"('x', 'x', 'x')",sobɾekoxo,sobɾekoxo
90L_10NL,3,90L_10NL_3_1,1,735,"('x', 'x', 'x')",sobɾekoxo,sobɾekoxo
90L_10NL,3,90L_10NL_3_1,1,735,"('x', 'x', 'x')",sobɾekoxo,sobɾekoxo
90L_10NL,3,90L_10NL_3_1,1,735,"('x', 'x', 'x')",sobɾekoxo,sobɾekoxo
90L_10NL,3,90L_10NL_3_1,1,735,"('x', 'x', 'x')",sobɾekoxo,sobɾekoxo
90L_10NL,3,90L_10NL_3_1,1,735,"('x', 'x', 'x')",sobɾekoxo,sobɾekoxo
90L_10NL,3,90L_10NL_3_1,1,735,"('x', 'x', 'x')",sobɾekoxo,sobɾekoxo
90L_10NL,3,90L_10NL_3_1,1,735,"('x', 'x', 'x')",sobɾekoxo,sobɾekoxo
90L_10NL,3,90L_10NL_3_1,1,735,"('x', 'x', 'x')",sobɾekoxo,sobɾekoxo
90L_10NL,3,90L_10NL_3_1,1,735,"('x', 'x', 'x')",sobɾekoxo,sobɾekoxo
90L_10NL,3,90L_10NL_3_1,1,735,"('x', 'x', 'x')",sobɾekoxo,sobɾekoxo
90L_10NL,3,90L_10NL_3_1,1,1085,"('s', 's', 's')",desapaɾesejs,desapaɾesejs
90L_10NL,3,90L_10NL_3_1,1,1085,"('s', 's', 's')",desapaɾesejs,desapaɾesejs
90L_10NL,3,90L_10NL_3_1,1,1085,"('s', 's', 's')",desapaɾesejs,desapaɾesejs
90L_10NL,3,90L_10NL_3_1,1,3500,"('s', 'sk', 's')",desapaɾesejs,desapaɾesejs
90L_10NL,3,90L_10NL_3_1,1,3500,"('s', 'sk', 's')",desapaɾesejs,desapaɾesejs
90L_10NL,3,90L_10NL_3_1,1,3500,"('s', 'sk', 's')",desapaɾesejs,desapaɾesejs
90L_10NL,3,90L_10NL_3_1,1,3500,"('s', 'sk', 's')",desapaɾesejs,desapaɾesejs
90L_10NL,3,90L_10NL_3_1,1,3500,"('s', 'sk', 's')",desapaɾesejs,desapaɾesejs
90L_10NL,3,90L_10NL_3_1,1,3500,"('s', 'sk', 's')",desapaɾesejs,desapaɾesejs
90L_10NL,3,90L_10NL_3_1,1,3500,"('s', 'sk', 's')",desapaɾesejs,desapaɾesejs
90L_10NL,3,90L_10NL_3_1,1,1085,"('s', 's', 's')",desapaɾesejs,desapaɾesejs
90L_10NL,3,90L_10NL_3_1,1,1085,"('s', 's', 's')",desapaɾesejs,desapaɾesejs
90L_10NL,3,90L_10NL_3_1,1,3500,"('s', 'sk', 's')",desapaɾesejs,desapaɾesejs
90L_10NL,3,90L_10NL_3_1,1,3500,"('s', 'sk', 's')",desapaɾesejs,desapaɾesejs
90L_10NL,3,90L_10NL_3_1,1,3500,"('s', 'sk', 's')",desapaɾesejs,desapaɾesejs
90L_10NL,3,90L_10NL_3_1,1,3500,"('s', 'sk', 's')",desapaɾesejs,desapaɾesejs
90L_10NL,3,90L_10NL_3_1,1,3500,"('s', 'sk', 's')",desapaɾesejs,desapaɾesejs
90L_10NL,3,90L_10NL_3_1,1,3500,"('s', 'sk', 's')",desapaɾesejs,desapaɾesejs
90L_10NL,3,90L_10NL_3_1,1,3500,"('s', 'sk', 's')",desapaɾesejs,desapaɾesejs
90L_10NL,3,90L_10NL_3_1,1,1085,"('s', 's', 's')",desapaɾesejs,desapaɾesejs
90L_10NL,3,90L_10NL_3_1,1,3500,"('s', 'sk', 's')",desapaɾesejs,desapaɾesejs
90L_10NL,3,90L_10NL_3_1,1,3500,"('s', 'sk', 's')",desapaɾesejs,desapaɾesejs
90L_10NL,3,90L_10NL_3_1,1,3500,"('s', 'sk', 's')",desapaɾesejs,desapaɾesejs
90L_10NL,3,90L_10NL_3_1,1,3500,"('s', 'sk', 's')",desapaɾesejs,desapaɾesejs
90L_10NL,3,90L_10NL_3_1,1,3500,"('s', 'sk', 's')",desapaɾesejs,desapaɾesejs
90L_10NL,3,90L_10NL_3_1,1,3500,"('s', 'sk', 's')",desapaɾesejs,desapaɾesejs
90L_10NL,3,90L_10NL_3_1,1,3500,"('s', 'sk', 's')",desapaɾesejs,desapaɾesejs
90L_10NL,3,90L_10NL_3_1,1,3500,"('s', 'sk', 's')",desapaɾesejs,desapaɾesejs
90L_10NL,3,90L_10NL_3_1,1,3500,"('s', 'sk', 's')",desapaɾesejs,desapaɾesejs
90L_10NL,3,90L_10NL_3_1,1,3500,"('s', 'sk', 's')",desapaɾesejs,desapaɾesejs
90L_10NL,3,90L_10NL_3_1,1,3500,"('s', 'sk', 's')",desapaɾesejs,desapaɾesejs
90L_10NL,3,90L_10NL_3_1,1,3500,"('s', 'sk', 's')",desapaɾesejs,desapaɾesejs
90L_10NL,3,90L_10NL_3_1,1,3500,"('s', 'sk', 's')",desapaɾesejs,desapaɾesejs
90L_10NL,3,90L_10NL_3_1,1,3500,"('s', 'sk', 's')",desapaɾesejs,desapaɾesejs
90L_10NL,3,90L_10NL_3_1,1,2625,"('sk', 'sk', 's')",desapaɾesejs,desapaɾesejs
90L_10NL,3,90L_10NL_3_1,1,2625,"('sk', 'sk', 's')",desapaɾesejs,desapaɾesejs
90L_10NL,3,90L_10NL_3_1,1,2625,"('sk', 'sk', 's')",desapaɾesejs,desapaɾesejs
90L_10NL,3,90L_10NL_3_1,1,2625,"('sk', 'sk', 's')",desapaɾesejs,desapaɾesejs
90L_10NL,3,90L_10NL_3_1,1,2625,"('sk', 'sk', 's')",desapaɾesejs,desapaɾesejs
90L_10NL,3,90L_10NL_3_1,1,2625,"('sk', 'sk', 's')",desapaɾesejs,desapaɾesejs
90L_10NL,3,90L_10NL_3_1,1,2625,"('sk', 'sk', 's')",desapaɾesejs,desapaɾesejs
90L_10NL,3,90L_10NL_3_1,1,2625,"('sk', 'sk', 's')",desapaɾesejs,desapaɾesejs
90L_10NL,3,90L_10NL_3_1,1,2625,"('sk', 'sk', 's')",desapaɾesejs,desapaɾesejs
90L_10NL,3,90L_10NL_3_1,1,2625,"('sk', 'sk', 's')",desapaɾesejs,desapaɾesejs
90L_10NL,3,90L_10NL_3_1,1,2625,"('sk', 'sk', 's')",desapaɾesejs,desapaɾesejs
90L_10NL,3,90L_10NL_3_1,1,2625,"('sk', 'sk', 's')",desapaɾesejs,desapaɾesejs
90L_10NL,3,90L_10NL_3_1,1,2625,"('sk', 'sk', 's')",desapaɾesejs,desapaɾesejs
90L_10NL,3,90L_10NL_3_1,1,2625,"('sk', 'sk', 's')",desapaɾesejs,desapaɾesejs
90L_10NL,3,90L_10NL_3_1,1,2625,"('sk', 'sk', 's')",desapaɾesejs,desapaɾesejs
90L_10NL,3,90L_10NL_3_1,1,2625,"('sk', 'sk', 's')",desapaɾesejs,desapaɾesejs
90L_10NL,3,90L_10NL_3_1,1,2625,"('sk', 'sk', 's')",desapaɾesejs,desapaɾesejs
90L_10NL,3,90L_10NL_3_1,1,2625,"('sk', 'sk', 's')",desapaɾesejs,desapaɾesejs
90L_10NL,3,90L_10NL_3_1,1,2625,"('sk', 'sk', 's')",desapaɾesejs,desapaɾesejs
90L_10NL,3,90L_10NL_3_1,1,2625,"('sk', 'sk', 's')",desapaɾesejs,desapaɾesejs
90L_10NL,3,90L_10NL_3_1,1,2625,"('sk', 'sk', 's')",desapaɾesejs,desapaɾesejs
90L_10NL,3,90L_10NL_3_1,1,1085,"('s', 's', 's')",desapaɾesemos,desapaɾesemos
90L_10NL,3,90L_10NL_3_1,1,1085,"('s', 's', 's')",desapaɾesemos,desapaɾesemos
90L_10NL,3,90L_10NL_3_1,1,1085,"('s', 's', 's')",desapaɾesemos,desapaɾesemos
90L_10NL,3,90L_10NL_3_1,1,3500,"('s', 'sk', 's')",desapaɾesemos,desapaɾesemos
90L_10NL,3,90L_10NL_3_1,1,3500,"('s', 'sk', 's')",desapaɾesemos,desapaɾesemos
90L_10NL,3,90L_10NL_3_1,1,3500,"('s', 'sk', 's')",desapaɾesemos,desapaɾesemos
90L_10NL,3,90L_10NL_3_1,1,3500,"('s', 'sk', 's')",desapaɾesemos,desapaɾesemos
90L_10NL,3,90L_10NL_3_1,1,3500,"('s', 'sk', 's')",desapaɾesemos,desapaɾesemos
90L_10NL,3,90L_10NL_3_1,1,3500,"('s', 'sk', 's')",desapaɾesemos,desapaɾesemos
90L_10NL,3,90L_10NL_3_1,1,3500,"('s', 'sk', 's')",desapaɾesemos,desapaɾesemos
90L_10NL,3,90L_10NL_3_1,1,1085,"('s', 's', 's')",desapaɾesemos,desapaɾesemos
90L_10NL,3,90L_10NL_3_1,1,1085,"('s', 's', 's')",desapaɾesemos,desapaɾesemos
90L_10NL,3,90L_10NL_3_1,1,3500,"('s', 'sk', 's')",desapaɾesemos,desapaɾesemos
90L_10NL,3,90L_10NL_3_1,1,3500,"('s', 'sk', 's')",desapaɾesemos,desapaɾesemos
90L_10NL,3,90L_10NL_3_1,1,3500,"('s', 'sk', 's')",desapaɾesemos,desapaɾesemos
90L_10NL,3,90L_10NL_3_1,1,3500,"('s', 'sk', 's')",desapaɾesemos,desapaɾesemos
90L_10NL,3,90L_10NL_3_1,1,3500,"('s', 'sk', 's')",desapaɾesemos,desapaɾesemos
90L_10NL,3,90L_10NL_3_1,1,3500,"('s', 'sk', 's')",desapaɾesemos,desapaɾesemos
90L_10NL,3,90L_10NL_3_1,1,3500,"('s', 'sk', 's')",desapaɾesemos,desapaɾesemos
90L_10NL,3,90L_10NL_3_1,1,1085,"('s', 's', 's')",desapaɾesemos,desapaɾesemos
90L_10NL,3,90L_10NL_3_1,1,3500,"('s', 'sk', 's')",desapaɾesemos,desapaɾesemos
90L_10NL,3,90L_10NL_3_1,1,3500,"('s', 'sk', 's')",desapaɾesemos,desapaɾesemos
90L_10NL,3,90L_10NL_3_1,1,3500,"('s', 'sk', 's')",desapaɾesemos,desapaɾesemos
90L_10NL,3,90L_10NL_3_1,1,3500,"('s', 'sk', 's')",desapaɾesemos,desapaɾesemos
90L_10NL,3,90L_10NL_3_1,1,3500,"('s', 'sk', 's')",desapaɾesemos,desapaɾesemos
90L_10NL,3,90L_10NL_3_1,1,3500,"('s', 'sk', 's')",desapaɾesemos,desapaɾesemos
90L_10NL,3,90L_10NL_3_1,1,3500,"('s', 'sk', 's')",desapaɾesemos,desapaɾesemos
90L_10NL,3,90L_10NL_3_1,1,3500,"('s', 'sk', 's')",desapaɾesemos,desapaɾesemos
90L_10NL,3,90L_10NL_3_1,1,3500,"('s', 'sk', 's')",desapaɾesemos,desapaɾesemos
90L_10NL,3,90L_10NL_3_1,1,3500,"('s', 'sk', 's')",desapaɾesemos,desapaɾesemos
90L_10NL,3,90L_10NL_3_1,1,3500,"('s', 'sk', 's')",desapaɾesemos,desapaɾesemos
90L_10NL,3,90L_10NL_3_1,1,3500,"('s', 'sk', 's')",desapaɾesemos,desapaɾesemos
90L_10NL,3,90L_10NL_3_1,1,3500,"('s', 'sk', 's')",desapaɾesemos,desapaɾesemos
90L_10NL,3,90L_10NL_3_1,1,3500,"('s', 'sk', 's')",desapaɾesemos,desapaɾesemos
90L_10NL,3,90L_10NL_3_1,1,2625,"('sk', 'sk', 's')",desapaɾesemos,desapaɾesemos
90L_10NL,3,90L_10NL_3_1,1,2625,"('sk', 'sk', 's')",desapaɾesemos,desapaɾesemos
90L_10NL,3,90L_10NL_3_1,1,2625,"('sk', 'sk', 's')",desapaɾesemos,desapaɾesemos
90L_10NL,3,90L_10NL_3_1,1,2625,"('sk', 'sk', 's')",desapaɾesemos,desapaɾesemos
90L_10NL,3,90L_10NL_3_1,1,2625,"('sk', 'sk', 's')",desapaɾesemos,desapaɾesemos
90L_10NL,3,90L_10NL_3_1,1,2625,"('sk', 'sk', 's')",desapaɾesemos,desapaɾesemos
90L_10NL,3,90L_10NL_3_1,1,2625,"('sk', 'sk', 's')",desapaɾesemos,desapaɾesemos
90L_10NL,3,90L_10NL_3_1,1,2625,"('sk', 'sk', 's')",desapaɾesemos,desapaɾesemos
90L_10NL,3,90L_10NL_3_1,1,2625,"('sk', 'sk', 's')",desapaɾesemos,desapaɾesemos
90L_10NL,3,90L_10NL_3_1,1,2625,"('sk', 'sk', 's')",desapaɾesemos,desapaɾesemos
90L_10NL,3,90L_10NL_3_1,1,2625,"('sk', 'sk', 's')",desapaɾesemos,desapaɾesemos
90L_10NL,3,90L_10NL_3_1,1,2625,"('sk', 'sk', 's')",desapaɾesemos,desapaɾesemos
90L_10NL,3,90L_10NL_3_1,1,2625,"('sk', 'sk', 's')",desapaɾesemos,desapaɾesemos
90L_10NL,3,90L_10NL_3_1,1,2625,"('sk', 'sk', 's')",desapaɾesemos,desapaɾesemos
90L_10NL,3,90L_10NL_3_1,1,2625,"('sk', 'sk', 's')",desapaɾesemos,desapaɾesemos
90L_10NL,3,90L_10NL_3_1,1,2625,"('sk', 'sk', 's')",desapaɾesemos,desapaɾesemos
90L_10NL,3,90L_10NL_3_1,1,2625,"('sk', 'sk', 's')",desapaɾesemos,desapaɾesemos
90L_10NL,3,90L_10NL_3_1,1,2625,"('sk', 'sk', 's')",desapaɾesemos,desapaɾesemos
90L_10NL,3,90L_10NL_3_1,1,2625,"('sk', 'sk', 's')",desapaɾesemos,desapaɾesemos
90L_10NL,3,90L_10NL_3_1,1,2625,"('sk', 'sk', 's')",desapaɾesemos,desapaɾesemos
90L_10NL,3,90L_10NL_3_1,1,2625,"('sk', 'sk', 's')",desapaɾesemos,desapaɾesemos
90L_10NL,3,90L_10NL_3_1,1,1085,"('s', 's', 's')",desapaɾesen,desapaɾesen
90L_10NL,3,90L_10NL_3_1,1,1085,"('s', 's', 's')",desapaɾesen,desapaɾesen
90L_10NL,3,90L_10NL_3_1,1,1085,"('s', 's', 's')",desapaɾesen,desapaɾesen
90L_10NL,3,90L_10NL_3_1,1,3500,"('s', 'sk', 's')",desapaɾesen,desapaɾesen
90L_10NL,3,90L_10NL_3_1,1,3500,"('s', 'sk', 's')",desapaɾesen,desapaɾesen
90L_10NL,3,90L_10NL_3_1,1,3500,"('s', 'sk', 's')",desapaɾesen,desapaɾesen
90L_10NL,3,90L_10NL_3_1,1,3500,"('s', 'sk', 's')",desapaɾesen,desapaɾesen
90L_10NL,3,90L_10NL_3_1,1,3500,"('s', 'sk', 's')",desapaɾesen,desapaɾesen
90L_10NL,3,90L_10NL_3_1,1,3500,"('s', 'sk', 's')",desapaɾesen,desapaɾesen
90L_10NL,3,90L_10NL_3_1,1,3500,"('s', 'sk', 's')",desapaɾesen,desapaɾesen
90L_10NL,3,90L_10NL_3_1,1,1085,"('s', 's', 's')",desapaɾesen,desapaɾesen
90L_10NL,3,90L_10NL_3_1,1,1085,"('s', 's', 's')",desapaɾesen,desapaɾesen
90L_10NL,3,90L_10NL_3_1,1,3500,"('s', 'sk', 's')",desapaɾesen,desapaɾesen
90L_10NL,3,90L_10NL_3_1,1,3500,"('s', 'sk', 's')",desapaɾesen,desapaɾesen
90L_10NL,3,90L_10NL_3_1,1,3500,"('s', 'sk', 's')",desapaɾesen,desapaɾesen
90L_10NL,3,90L_10NL_3_1,1,3500,"('s', 'sk', 's')",desapaɾesen,desapaɾesen
90L_10NL,3,90L_10NL_3_1,1,3500,"('s', 'sk', 's')",desapaɾesen,desapaɾesen
90L_10NL,3,90L_10NL_3_1,1,3500,"('s', 'sk', 's')",desapaɾesen,desapaɾesen
90L_10NL,3,90L_10NL_3_1,1,3500,"('s', 'sk', 's')",desapaɾesen,desapaɾesen
90L_10NL,3,90L_10NL_3_1,1,1085,"('s', 's', 's')",desapaɾesen,desapaɾesen
90L_10NL,3,90L_10NL_3_1,1,3500,"('s', 'sk', 's')",desapaɾesen,desapaɾesen
90L_10NL,3,90L_10NL_3_1,1,3500,"('s', 'sk', 's')",desapaɾesen,desapaɾesen
90L_10NL,3,90L_10NL_3_1,1,3500,"('s', 'sk', 's')",desapaɾesen,desapaɾesen
90L_10NL,3,90L_10NL_3_1,1,3500,"('s', 'sk', 's')",desapaɾesen,desapaɾesen
90L_10NL,3,90L_10NL_3_1,1,3500,"('s', 'sk', 's')",desapaɾesen,desapaɾesen
90L_10NL,3,90L_10NL_3_1,1,3500,"('s', 'sk', 's')",desapaɾesen,desapaɾesen
90L_10NL,3,90L_10NL_3_1,1,3500,"('s', 'sk', 's')",desapaɾesen,desapaɾesen
90L_10NL,3,90L_10NL_3_1,1,3500,"('s', 'sk', 's')",desapaɾesen,desapaɾesen
90L_10NL,3,90L_10NL_3_1,1,3500,"('s', 'sk', 's')",desapaɾesen,desapaɾesen
90L_10NL,3,90L_10NL_3_1,1,3500,"('s', 'sk', 's')",desapaɾesen,desapaɾesen
90L_10NL,3,90L_10NL_3_1,1,3500,"('s', 'sk', 's')",desapaɾesen,desapaɾesen
90L_10NL,3,90L_10NL_3_1,1,3500,"('s', 'sk', 's')",desapaɾesen,desapaɾesen
90L_10NL,3,90L_10NL_3_1,1,3500,"('s', 'sk', 's')",desapaɾesen,desapaɾesen
90L_10NL,3,90L_10NL_3_1,1,3500,"('s', 'sk', 's')",desapaɾesen,desapaɾesen
90L_10NL,3,90L_10NL_3_1,1,2625,"('sk', 'sk', 's')",desapaɾesen,desapaɾesen
90L_10NL,3,90L_10NL_3_1,1,2625,"('sk', 'sk', 's')",desapaɾesen,desapaɾesen
90L_10NL,3,90L_10NL_3_1,1,2625,"('sk', 'sk', 's')",desapaɾesen,desapaɾesen
90L_10NL,3,90L_10NL_3_1,1,2625,"('sk', 'sk', 's')",desapaɾesen,desapaɾesen
90L_10NL,3,90L_10NL_3_1,1,2625,"('sk', 'sk', 's')",desapaɾesen,desapaɾesen
90L_10NL,3,90L_10NL_3_1,1,2625,"('sk', 'sk', 's')",desapaɾesen,desapaɾesen
90L_10NL,3,90L_10NL_3_1,1,2625,"('sk', 'sk', 's')",desapaɾesen,desapaɾesen
90L_10NL,3,90L_10NL_3_1,1,2625,"('sk', 'sk', 's')",desapaɾesen,desapaɾesen
90L_10NL,3,90L_10NL_3_1,1,2625,"('sk', 'sk', 's')",desapaɾesen,desapaɾesen
90L_10NL,3,90L_10NL_3_1,1,2625,"('sk', 'sk', 's')",desapaɾesen,desapaɾesen
90L_10NL,3,90L_10NL_3_1,1,2625,"('sk', 'sk', 's')",desapaɾesen,desapaɾesen
90L_10NL,3,90L_10NL_3_1,1,2625,"('sk', 'sk', 's')",desapaɾesen,desapaɾesen
90L_10NL,3,90L_10NL_3_1,1,2625,"('sk', 'sk', 's')",desapaɾesen,desapaɾesen
90L_10NL,3,90L_10NL_3_1,1,2625,"('sk', 'sk', 's')",desapaɾesen,desapaɾesen
90L_10NL,3,90L_10NL_3_1,1,2625,"('sk', 'sk', 's')",desapaɾesen,desapaɾesen
90L_10NL,3,90L_10NL_3_1,1,2625,"('sk', 'sk', 's')",desapaɾesen,desapaɾesen
90L_10NL,3,90L_10NL_3_1,1,2625,"('sk', 'sk', 's')",desapaɾesen,desapaɾesen
90L_10NL,3,90L_10NL_3_1,1,2625,"('sk', 'sk', 's')",desapaɾesen,desapaɾesen
90L_10NL,3,90L_10NL_3_1,1,2625,"('sk', 'sk', 's')",desapaɾesen,desapaɾesen
90L_10NL,3,90L_10NL_3_1,1,2625,"('sk', 'sk', 's')",desapaɾesen,desapaɾesen
90L_10NL,3,90L_10NL_3_1,1,2625,"('sk', 'sk', 's')",desapaɾesen,desapaɾesen
90L_10NL,3,90L_10NL_3_1,1,1085,"('s', 's', 's')",desapaɾeses,desapaɾeses
90L_10NL,3,90L_10NL_3_1,1,1085,"('s', 's', 's')",desapaɾeses,desapaɾeses
90L_10NL,3,90L_10NL_3_1,1,1085,"('s', 's', 's')",desapaɾeses,desapaɾeses
90L_10NL,3,90L_10NL_3_1,1,3500,"('s', 'sk', 's')",desapaɾeses,desapaɾeses
90L_10NL,3,90L_10NL_3_1,1,3500,"('s', 'sk', 's')",desapaɾeses,desapaɾeses
90L_10NL,3,90L_10NL_3_1,1,3500,"('s', 'sk', 's')",desapaɾeses,desapaɾeses
90L_10NL,3,90L_10NL_3_1,1,3500,"('s', 'sk', 's')",desapaɾeses,desapaɾeses
90L_10NL,3,90L_10NL_3_1,1,3500,"('s', 'sk', 's')",desapaɾeses,desapaɾeses
90L_10NL,3,90L_10NL_3_1,1,3500,"('s', 'sk', 's')",desapaɾeses,desapaɾeses
90L_10NL,3,90L_10NL_3_1,1,3500,"('s', 'sk', 's')",desapaɾeses,desapaɾeses
90L_10NL,3,90L_10NL_3_1,1,1085,"('s', 's', 's')",desapaɾeses,desapaɾeses
90L_10NL,3,90L_10NL_3_1,1,1085,"('s', 's', 's')",desapaɾeses,desapaɾeses
90L_10NL,3,90L_10NL_3_1,1,3500,"('s', 'sk', 's')",desapaɾeses,desapaɾeses
90L_10NL,3,90L_10NL_3_1,1,3500,"('s', 'sk', 's')",desapaɾeses,desapaɾeses
90L_10NL,3,90L_10NL_3_1,1,3500,"('s', 'sk', 's')",desapaɾeses,desapaɾeses
90L_10NL,3,90L_10NL_3_1,1,3500,"('s', 'sk', 's')",desapaɾeses,desapaɾeses
90L_10NL,3,90L_10NL_3_1,1,3500,"('s', 'sk', 's')",desapaɾeses,desapaɾeses
90L_10NL,3,90L_10NL_3_1,1,3500,"('s', 'sk', 's')",desapaɾeses,desapaɾeses
90L_10NL,3,90L_10NL_3_1,1,3500,"('s', 'sk', 's')",desapaɾeses,desapaɾeses
90L_10NL,3,90L_10NL_3_1,1,1085,"('s', 's', 's')",desapaɾeses,desapaɾeses
90L_10NL,3,90L_10NL_3_1,1,3500,"('s', 'sk', 's')",desapaɾeses,desapaɾeses
90L_10NL,3,90L_10NL_3_1,1,3500,"('s', 'sk', 's')",desapaɾeses,desapaɾeses
90L_10NL,3,90L_10NL_3_1,1,3500,"('s', 'sk', 's')",desapaɾeses,desapaɾeses
90L_10NL,3,90L_10NL_3_1,1,3500,"('s', 'sk', 's')",desapaɾeses,desapaɾeses
90L_10NL,3,90L_10NL_3_1,1,3500,"('s', 'sk', 's')",desapaɾeses,desapaɾeses
90L_10NL,3,90L_10NL_3_1,1,3500,"('s', 'sk', 's')",desapaɾeses,desapaɾeses
90L_10NL,3,90L_10NL_3_1,1,3500,"('s', 'sk', 's')",desapaɾeses,desapaɾeses
90L_10NL,3,90L_10NL_3_1,1,3500,"('s', 'sk', 's')",desapaɾeses,desapaɾeses
90L_10NL,3,90L_10NL_3_1,1,3500,"('s', 'sk', 's')",desapaɾeses,desapaɾeses
90L_10NL,3,90L_10NL_3_1,1,3500,"('s', 'sk', 's')",desapaɾeses,desapaɾeses
90L_10NL,3,90L_10NL_3_1,1,3500,"('s', 'sk', 's')",desapaɾeses,desapaɾeses
90L_10NL,3,90L_10NL_3_1,1,3500,"('s', 'sk', 's')",desapaɾeses,desapaɾeses
90L_10NL,3,90L_10NL_3_1,1,3500,"('s', 'sk', 's')",desapaɾeses,desapaɾeses
90L_10NL,3,90L_10NL_3_1,1,3500,"('s', 'sk', 's')",desapaɾeses,desapaɾeses
90L_10NL,3,90L_10NL_3_1,1,2625,"('sk', 'sk', 's')",desapaɾeses,desapaɾeses
90L_10NL,3,90L_10NL_3_1,1,2625,"('sk', 'sk', 's')",desapaɾeses,desapaɾeses
90L_10NL,3,90L_10NL_3_1,1,2625,"('sk', 'sk', 's')",desapaɾeses,desapaɾeses
90L_10NL,3,90L_10NL_3_1,1,2625,"('sk', 'sk', 's')",desapaɾeses,desapaɾeses
90L_10NL,3,90L_10NL_3_1,1,2625,"('sk', 'sk', 's')",desapaɾeses,desapaɾeses
90L_10NL,3,90L_10NL_3_1,1,2625,"('sk', 'sk', 's')",desapaɾeses,desapaɾeses
90L_10NL,3,90L_10NL_3_1,1,2625,"('sk', 'sk', 's')",desapaɾeses,desapaɾeses
90L_10NL,3,90L_10NL_3_1,1,2625,"('sk', 'sk', 's')",desapaɾeses,desapaɾeses
90L_10NL,3,90L_10NL_3_1,1,2625,"('sk', 'sk', 's')",desapaɾeses,desapaɾeses
90L_10NL,3,90L_10NL_3_1,1,2625,"('sk', 'sk', 's')",desapaɾeses,desapaɾeses
90L_10NL,3,90L_10NL_3_1,1,2625,"('sk', 'sk', 's')",desapaɾeses,desapaɾeses
90L_10NL,3,90L_10NL_3_1,1,2625,"('sk', 'sk', 's')",desapaɾeses,desapaɾeses
90L_10NL,3,90L_10NL_3_1,1,2625,"('sk', 'sk', 's')",desapaɾeses,desapaɾeses
90L_10NL,3,90L_10NL_3_1,1,2625,"('sk', 'sk', 's')",desapaɾeses,desapaɾeses
90L_10NL,3,90L_10NL_3_1,1,2625,"('sk', 'sk', 's')",desapaɾeses,desapaɾeses
90L_10NL,3,90L_10NL_3_1,1,2625,"('sk', 'sk', 's')",desapaɾeses,desapaɾeses
90L_10NL,3,90L_10NL_3_1,1,2625,"('sk', 'sk', 's')",desapaɾeses,desapaɾeses
90L_10NL,3,90L_10NL_3_1,1,2625,"('sk', 'sk', 's')",desapaɾeses,desapaɾeses
90L_10NL,3,90L_10NL_3_1,1,2625,"('sk', 'sk', 's')",desapaɾeses,desapaɾeses
90L_10NL,3,90L_10NL_3_1,1,2625,"('sk', 'sk', 's')",desapaɾeses,desapaɾeses
90L_10NL,3,90L_10NL_3_1,1,2625,"('sk', 'sk', 's')",desapaɾeses,desapaɾeses
90L_10NL,3,90L_10NL_3_1,1,1085,"('s', 's', 's')",desapaɾese,desapaɾese
90L_10NL,3,90L_10NL_3_1,1,1085,"('s', 's', 's')",desapaɾese,desapaɾese
90L_10NL,3,90L_10NL_3_1,1,1085,"('s', 's', 's')",desapaɾese,desapaɾese
90L_10NL,3,90L_10NL_3_1,1,3500,"('s', 'sk', 's')",desapaɾese,desapaɾese
90L_10NL,3,90L_10NL_3_1,1,3500,"('s', 'sk', 's')",desapaɾese,desapaɾese
90L_10NL,3,90L_10NL_3_1,1,3500,"('s', 'sk', 's')",desapaɾese,desapaɾese
90L_10NL,3,90L_10NL_3_1,1,3500,"('s', 'sk', 's')",desapaɾese,desapaɾese
90L_10NL,3,90L_10NL_3_1,1,3500,"('s', 'sk', 's')",desapaɾese,desapaɾese
90L_10NL,3,90L_10NL_3_1,1,3500,"('s', 'sk', 's')",desapaɾese,desapaɾese
90L_10NL,3,90L_10NL_3_1,1,3500,"('s', 'sk', 's')",desapaɾese,desapaɾese
90L_10NL,3,90L_10NL_3_1,1,1085,"('s', 's', 's')",desapaɾese,desapaɾese
90L_10NL,3,90L_10NL_3_1,1,1085,"('s', 's', 's')",desapaɾese,desapaɾese
90L_10NL,3,90L_10NL_3_1,1,3500,"('s', 'sk', 's')",desapaɾese,desapaɾese
90L_10NL,3,90L_10NL_3_1,1,3500,"('s', 'sk', 's')",desapaɾese,desapaɾese
90L_10NL,3,90L_10NL_3_1,1,3500,"('s', 'sk', 's')",desapaɾese,desapaɾese
90L_10NL,3,90L_10NL_3_1,1,3500,"('s', 'sk', 's')",desapaɾese,desapaɾese
90L_10NL,3,90L_10NL_3_1,1,3500,"('s', 'sk', 's')",desapaɾese,desapaɾese
90L_10NL,3,90L_10NL_3_1,1,3500,"('s', 'sk', 's')",desapaɾese,desapaɾese
90L_10NL,3,90L_10NL_3_1,1,3500,"('s', 'sk', 's')",desapaɾese,desapaɾese
90L_10NL,3,90L_10NL_3_1,1,1085,"('s', 's', 's')",desapaɾese,desapaɾese
90L_10NL,3,90L_10NL_3_1,1,3500,"('s', 'sk', 's')",desapaɾese,desapaɾese
90L_10NL,3,90L_10NL_3_1,1,3500,"('s', 'sk', 's')",desapaɾese,desapaɾese
90L_10NL,3,90L_10NL_3_1,1,3500,"('s', 'sk', 's')",desapaɾese,desapaɾese
90L_10NL,3,90L_10NL_3_1,1,3500,"('s', 'sk', 's')",desapaɾese,desapaɾese
90L_10NL,3,90L_10NL_3_1,1,3500,"('s', 'sk', 's')",desapaɾese,desapaɾese
90L_10NL,3,90L_10NL_3_1,1,3500,"('s', 'sk', 's')",desapaɾese,desapaɾese
90L_10NL,3,90L_10NL_3_1,1,3500,"('s', 'sk', 's')",desapaɾese,desapaɾese
90L_10NL,3,90L_10NL_3_1,1,3500,"('s', 'sk', 's')",desapaɾese,desapaɾese
90L_10NL,3,90L_10NL_3_1,1,3500,"('s', 'sk', 's')",desapaɾese,desapaɾese
90L_10NL,3,90L_10NL_3_1,1,3500,"('s', 'sk', 's')",desapaɾese,desapaɾese
90L_10NL,3,90L_10NL_3_1,1,3500,"('s', 'sk', 's')",desapaɾese,desapaɾese
90L_10NL,3,90L_10NL_3_1,1,3500,"('s', 'sk', 's')",desapaɾese,desapaɾese
90L_10NL,3,90L_10NL_3_1,1,3500,"('s', 'sk', 's')",desapaɾese,desapaɾese
90L_10NL,3,90L_10NL_3_1,1,3500,"('s', 'sk', 's')",desapaɾese,desapaɾese
90L_10NL,3,90L_10NL_3_1,1,2625,"('sk', 'sk', 's')",desapaɾese,desapaɾese
90L_10NL,3,90L_10NL_3_1,1,2625,"('sk', 'sk', 's')",desapaɾese,desapaɾese
90L_10NL,3,90L_10NL_3_1,1,2625,"('sk', 'sk', 's')",desapaɾese,desapaɾese
90L_10NL,3,90L_10NL_3_1,1,2625,"('sk', 'sk', 's')",desapaɾese,desapaɾese
90L_10NL,3,90L_10NL_3_1,1,2625,"('sk', 'sk', 's')",desapaɾese,desapaɾese
90L_10NL,3,90L_10NL_3_1,1,2625,"('sk', 'sk', 's')",desapaɾese,desapaɾese
90L_10NL,3,90L_10NL_3_1,1,2625,"('sk', 'sk', 's')",desapaɾese,desapaɾese
90L_10NL,3,90L_10NL_3_1,1,2625,"('sk', 'sk', 's')",desapaɾese,desapaɾese
90L_10NL,3,90L_10NL_3_1,1,2625,"('sk', 'sk', 's')",desapaɾese,desapaɾese
90L_10NL,3,90L_10NL_3_1,1,2625,"('sk', 'sk', 's')",desapaɾese,desapaɾese
90L_10NL,3,90L_10NL_3_1,1,2625,"('sk', 'sk', 's')",desapaɾese,desapaɾese
90L_10NL,3,90L_10NL_3_1,1,2625,"('sk', 'sk', 's')",desapaɾese,desapaɾese
90L_10NL,3,90L_10NL_3_1,1,2625,"('sk', 'sk', 's')",desapaɾese,desapaɾese
90L_10NL,3,90L_10NL_3_1,1,2625,"('sk', 'sk', 's')",desapaɾese,desapaɾese
90L_10NL,3,90L_10NL_3_1,1,2625,"('sk', 'sk', 's')",desapaɾese,desapaɾese
90L_10NL,3,90L_10NL_3_1,1,2625,"('sk', 'sk', 's')",desapaɾese,desapaɾese
90L_10NL,3,90L_10NL_3_1,1,2625,"('sk', 'sk', 's')",desapaɾese,desapaɾese
90L_10NL,3,90L_10NL_3_1,1,2625,"('sk', 'sk', 's')",desapaɾese,desapaɾese
90L_10NL,3,90L_10NL_3_1,1,2625,"('sk', 'sk', 's')",desapaɾese,desapaɾese
90L_10NL,3,90L_10NL_3_1,1,2625,"('sk', 'sk', 's')",desapaɾese,desapaɾese
90L_10NL,3,90L_10NL_3_1,1,2625,"('sk', 'sk', 's')",desapaɾese,desapaɾese
90L_10NL,3,90L_10NL_3_1,1,1750,"('s', 's', 'sk')",desapaɾeskajs,desapaɾeskajs
90L_10NL,3,90L_10NL_3_1,1,1750,"('s', 's', 'sk')",desapaɾeskajs,desapaɾeskajs
90L_10NL,3,90L_10NL_3_1,1,1750,"('s', 's', 'sk')",desapaɾeskajs,desapaɾeskajs
90L_10NL,3,90L_10NL_3_1,1,1750,"('s', 's', 'sk')",desapaɾeskajs,desapaɾeskajs
90L_10NL,3,90L_10NL_3_1,1,5250,"('s', 'sk', 'sk')",desapaɾeskajs,desapaɾeskajs
90L_10NL,3,90L_10NL_3_1,1,5250,"('s', 'sk', 'sk')",desapaɾeskajs,desapaɾeskajs
90L_10NL,3,90L_10NL_3_1,1,5250,"('s', 'sk', 'sk')",desapaɾeskajs,desapaɾeskajs
90L_10NL,3,90L_10NL_3_1,1,5250,"('s', 'sk', 'sk')",desapaɾeskajs,desapaɾeskajs
90L_10NL,3,90L_10NL_3_1,1,5250,"('s', 'sk', 'sk')",desapaɾeskajs,desapaɾeskajs
90L_10NL,3,90L_10NL_3_1,1,5250,"('s', 'sk', 'sk')",desapaɾeskajs,desapaɾeskajs
90L_10NL,3,90L_10NL_3_1,1,1750,"('s', 's', 'sk')",desapaɾeskajs,desapaɾeskajs
90L_10NL,3,90L_10NL_3_1,1,1750,"('s', 's', 'sk')",desapaɾeskajs,desapaɾeskajs
90L_10NL,3,90L_10NL_3_1,1,1750,"('s', 's', 'sk')",desapaɾeskajs,desapaɾeskajs
90L_10NL,3,90L_10NL_3_1,1,5250,"('s', 'sk', 'sk')",desapaɾeskajs,desapaɾeskajs
90L_10NL,3,90L_10NL_3_1,1,5250,"('s', 'sk', 'sk')",desapaɾeskajs,desapaɾeskajs
90L_10NL,3,90L_10NL_3_1,1,5250,"('s', 'sk', 'sk')",desapaɾeskajs,desapaɾeskajs
90L_10NL,3,90L_10NL_3_1,1,5250,"('s', 'sk', 'sk')",desapaɾeskajs,desapaɾeskajs
90L_10NL,3,90L_10NL_3_1,1,5250,"('s', 'sk', 'sk')",desapaɾeskajs,desapaɾeskajs
90L_10NL,3,90L_10NL_3_1,1,5250,"('s', 'sk', 'sk')",desapaɾeskajs,desapaɾeskajs
90L_10NL,3,90L_10NL_3_1,1,1750,"('s', 's', 'sk')",desapaɾeskajs,desapaɾeskajs
90L_10NL,3,90L_10NL_3_1,1,1750,"('s', 's', 'sk')",desapaɾeskajs,desapaɾeskajs
90L_10NL,3,90L_10NL_3_1,1,5250,"('s', 'sk', 'sk')",desapaɾeskajs,desapaɾeskajs
90L_10NL,3,90L_10NL_3_1,1,5250,"('s', 'sk', 'sk')",desapaɾeskajs,desapaɾeskajs
90L_10NL,3,90L_10NL_3_1,1,5250,"('s', 'sk', 'sk')",desapaɾeskajs,desapaɾeskajs
90L_10NL,3,90L_10NL_3_1,1,5250,"('s', 'sk', 'sk')",desapaɾeskajs,desapaɾeskajs
90L_10NL,3,90L_10NL_3_1,1,5250,"('s', 'sk', 'sk')",desapaɾeskajs,desapaɾeskajs
90L_10NL,3,90L_10NL_3_1,1,5250,"('s', 'sk', 'sk')",desapaɾeskajs,desapaɾeskajs
90L_10NL,3,90L_10NL_3_1,1,1750,"('s', 's', 'sk')",desapaɾeskajs,desapaɾeskajs
90L_10NL,3,90L_10NL_3_1,1,5250,"('s', 'sk', 'sk')",desapaɾeskajs,desapaɾeskajs
90L_10NL,3,90L_10NL_3_1,1,5250,"('s', 'sk', 'sk')",desapaɾeskajs,desapaɾeskajs
90L_10NL,3,90L_10NL_3_1,1,5250,"('s', 'sk', 'sk')",desapaɾeskajs,desapaɾeskajs
90L_10NL,3,90L_10NL_3_1,1,5250,"('s', 'sk', 'sk')",desapaɾeskajs,desapaɾeskajs
90L_10NL,3,90L_10NL_3_1,1,5250,"('s', 'sk', 'sk')",desapaɾeskajs,desapaɾeskajs
90L_10NL,3,90L_10NL_3_1,1,5250,"('s', 'sk', 'sk')",desapaɾeskajs,desapaɾeskajs
90L_10NL,3,90L_10NL_3_1,1,5250,"('s', 'sk', 'sk')",desapaɾeskajs,desapaɾeskajs
90L_10NL,3,90L_10NL_3_1,1,5250,"('s', 'sk', 'sk')",desapaɾeskajs,desapaɾeskajs
90L_10NL,3,90L_10NL_3_1,1,5250,"('s', 'sk', 'sk')",desapaɾeskajs,desapaɾeskajs
90L_10NL,3,90L_10NL_3_1,1,5250,"('s', 'sk', 'sk')",desapaɾeskajs,desapaɾeskajs
90L_10NL,3,90L_10NL_3_1,1,5250,"('s', 'sk', 'sk')",desapaɾeskajs,desapaɾeskajs
90L_10NL,3,90L_10NL_3_1,1,5250,"('s', 'sk', 'sk')",desapaɾeskajs,desapaɾeskajs
90L_10NL,3,90L_10NL_3_1,1,2625,"('sk', 'sk', 'sk')",desapaɾeskajs,desapaɾeskajs
90L_10NL,3,90L_10NL_3_1,1,2625,"('sk', 'sk', 'sk')",desapaɾeskajs,desapaɾeskajs
90L_10NL,3,90L_10NL_3_1,1,2625,"('sk', 'sk', 'sk')",desapaɾeskajs,desapaɾeskajs
90L_10NL,3,90L_10NL_3_1,1,2625,"('sk', 'sk', 'sk')",desapaɾeskajs,desapaɾeskajs
90L_10NL,3,90L_10NL_3_1,1,2625,"('sk', 'sk', 'sk')",desapaɾeskajs,desapaɾeskajs
90L_10NL,3,90L_10NL_3_1,1,2625,"('sk', 'sk', 'sk')",desapaɾeskajs,desapaɾeskajs
90L_10NL,3,90L_10NL_3_1,1,2625,"('sk', 'sk', 'sk')",desapaɾeskajs,desapaɾeskajs
90L_10NL,3,90L_10NL_3_1,1,2625,"('sk', 'sk', 'sk')",desapaɾeskajs,desapaɾeskajs
90L_10NL,3,90L_10NL_3_1,1,2625,"('sk', 'sk', 'sk')",desapaɾeskajs,desapaɾeskajs
90L_10NL,3,90L_10NL_3_1,1,2625,"('sk', 'sk', 'sk')",desapaɾeskajs,desapaɾeskajs
90L_10NL,3,90L_10NL_3_1,1,2625,"('sk', 'sk', 'sk')",desapaɾeskajs,desapaɾeskajs
90L_10NL,3,90L_10NL_3_1,1,2625,"('sk', 'sk', 'sk')",desapaɾeskajs,desapaɾeskajs
90L_10NL,3,90L_10NL_3_1,1,2625,"('sk', 'sk', 'sk')",desapaɾeskajs,desapaɾeskajs
90L_10NL,3,90L_10NL_3_1,1,2625,"('sk', 'sk', 'sk')",desapaɾeskajs,desapaɾeskajs
90L_10NL,3,90L_10NL_3_1,1,2625,"('sk', 'sk', 'sk')",desapaɾeskajs,desapaɾeskajs
90L_10NL,3,90L_10NL_3_1,1,1750,"('s', 's', 'sk')",desapaɾeskamos,desapaɾeskamos
90L_10NL,3,90L_10NL_3_1,1,1750,"('s', 's', 'sk')",desapaɾeskamos,desapaɾeskamos
90L_10NL,3,90L_10NL_3_1,1,1750,"('s', 's', 'sk')",desapaɾeskamos,desapaɾeskamos
90L_10NL,3,90L_10NL_3_1,1,1750,"('s', 's', 'sk')",desapaɾeskamos,desapaɾeskamos
90L_10NL,3,90L_10NL_3_1,1,5250,"('s', 'sk', 'sk')",desapaɾeskamos,desapaɾeskamos
90L_10NL,3,90L_10NL_3_1,1,5250,"('s', 'sk', 'sk')",desapaɾeskamos,desapaɾeskamos
90L_10NL,3,90L_10NL_3_1,1,5250,"('s', 'sk', 'sk')",desapaɾeskamos,desapaɾeskamos
90L_10NL,3,90L_10NL_3_1,1,5250,"('s', 'sk', 'sk')",desapaɾeskamos,desapaɾeskamos
90L_10NL,3,90L_10NL_3_1,1,5250,"('s', 'sk', 'sk')",desapaɾeskamos,desapaɾeskamos
90L_10NL,3,90L_10NL_3_1,1,5250,"('s', 'sk', 'sk')",desapaɾeskamos,desapaɾeskamos
90L_10NL,3,90L_10NL_3_1,1,1750,"('s', 's', 'sk')",desapaɾeskamos,desapaɾeskamos
90L_10NL,3,90L_10NL_3_1,1,1750,"('s', 's', 'sk')",desapaɾeskamos,desapaɾeskamos
90L_10NL,3,90L_10NL_3_1,1,1750,"('s', 's', 'sk')",desapaɾeskamos,desapaɾeskamos
90L_10NL,3,90L_10NL_3_1,1,5250,"('s', 'sk', 'sk')",desapaɾeskamos,desapaɾeskamos
90L_10NL,3,90L_10NL_3_1,1,5250,"('s', 'sk', 'sk')",desapaɾeskamos,desapaɾeskamos
90L_10NL,3,90L_10NL_3_1,1,5250,"('s', 'sk', 'sk')",desapaɾeskamos,desapaɾeskamos
90L_10NL,3,90L_10NL_3_1,1,5250,"('s', 'sk', 'sk')",desapaɾeskamos,desapaɾeskamos
90L_10NL,3,90L_10NL_3_1,1,5250,"('s', 'sk', 'sk')",desapaɾeskamos,desapaɾeskamos
90L_10NL,3,90L_10NL_3_1,1,5250,"('s', 'sk', 'sk')",desapaɾeskamos,desapaɾeskamos
90L_10NL,3,90L_10NL_3_1,1,1750,"('s', 's', 'sk')",desapaɾeskamos,desapaɾeskamos
90L_10NL,3,90L_10NL_3_1,1,1750,"('s', 's', 'sk')",desapaɾeskamos,desapaɾeskamos
90L_10NL,3,90L_10NL_3_1,1,5250,"('s', 'sk', 'sk')",desapaɾeskamos,desapaɾeskamos
90L_10NL,3,90L_10NL_3_1,1,5250,"('s', 'sk', 'sk')",desapaɾeskamos,desapaɾeskamos
90L_10NL,3,90L_10NL_3_1,1,5250,"('s', 'sk', 'sk')",desapaɾeskamos,desapaɾeskamos
90L_10NL,3,90L_10NL_3_1,1,5250,"('s', 'sk', 'sk')",desapaɾeskamos,desapaɾeskamos
90L_10NL,3,90L_10NL_3_1,1,5250,"('s', 'sk', 'sk')",desapaɾeskamos,desapaɾeskamos
90L_10NL,3,90L_10NL_3_1,1,5250,"('s', 'sk', 'sk')",desapaɾeskamos,desapaɾeskamos
90L_10NL,3,90L_10NL_3_1,1,1750,"('s', 's', 'sk')",desapaɾeskamos,desapaɾeskamos
90L_10NL,3,90L_10NL_3_1,1,5250,"('s', 'sk', 'sk')",desapaɾeskamos,desapaɾeskamos
90L_10NL,3,90L_10NL_3_1,1,5250,"('s', 'sk', 'sk')",desapaɾeskamos,desapaɾeskamos
90L_10NL,3,90L_10NL_3_1,1,5250,"('s', 'sk', 'sk')",desapaɾeskamos,desapaɾeskamos
90L_10NL,3,90L_10NL_3_1,1,5250,"('s', 'sk', 'sk')",desapaɾeskamos,desapaɾeskamos
90L_10NL,3,90L_10NL_3_1,1,5250,"('s', 'sk', 'sk')",desapaɾeskamos,desapaɾeskamos
90L_10NL,3,90L_10NL_3_1,1,5250,"('s', 'sk', 'sk')",desapaɾeskamos,desapaɾeskamos
90L_10NL,3,90L_10NL_3_1,1,5250,"('s', 'sk', 'sk')",desapaɾeskamos,desapaɾeskamos
90L_10NL,3,90L_10NL_3_1,1,5250,"('s', 'sk', 'sk')",desapaɾeskamos,desapaɾeskamos
90L_10NL,3,90L_10NL_3_1,1,5250,"('s', 'sk', 'sk')",desapaɾeskamos,desapaɾeskamos
90L_10NL,3,90L_10NL_3_1,1,5250,"('s', 'sk', 'sk')",desapaɾeskamos,desapaɾeskamos
90L_10NL,3,90L_10NL_3_1,1,5250,"('s', 'sk', 'sk')",desapaɾeskamos,desapaɾeskamos
90L_10NL,3,90L_10NL_3_1,1,5250,"('s', 'sk', 'sk')",desapaɾeskamos,desapaɾeskamos
90L_10NL,3,90L_10NL_3_1,1,2625,"('sk', 'sk', 'sk')",desapaɾeskamos,desapaɾeskamos
90L_10NL,3,90L_10NL_3_1,1,2625,"('sk', 'sk', 'sk')",desapaɾeskamos,desapaɾeskamos
90L_10NL,3,90L_10NL_3_1,1,2625,"('sk', 'sk', 'sk')",desapaɾeskamos,desapaɾeskamos
90L_10NL,3,90L_10NL_3_1,1,2625,"('sk', 'sk', 'sk')",desapaɾeskamos,desapaɾeskamos
90L_10NL,3,90L_10NL_3_1,1,2625,"('sk', 'sk', 'sk')",desapaɾeskamos,desapaɾeskamos
90L_10NL,3,90L_10NL_3_1,1,2625,"('sk', 'sk', 'sk')",desapaɾeskamos,desapaɾeskamos
90L_10NL,3,90L_10NL_3_1,1,2625,"('sk', 'sk', 'sk')",desapaɾeskamos,desapaɾeskamos
90L_10NL,3,90L_10NL_3_1,1,2625,"('sk', 'sk', 'sk')",desapaɾeskamos,desapaɾeskamos
90L_10NL,3,90L_10NL_3_1,1,2625,"('sk', 'sk', 'sk')",desapaɾeskamos,desapaɾeskamos
90L_10NL,3,90L_10NL_3_1,1,2625,"('sk', 'sk', 'sk')",desapaɾeskamos,desapaɾeskamos
90L_10NL,3,90L_10NL_3_1,1,2625,"('sk', 'sk', 'sk')",desapaɾeskamos,desapaɾeskamos
90L_10NL,3,90L_10NL_3_1,1,2625,"('sk', 'sk', 'sk')",desapaɾeskamos,desapaɾeskamos
90L_10NL,3,90L_10NL_3_1,1,2625,"('sk', 'sk', 'sk')",desapaɾeskamos,desapaɾeskamos
90L_10NL,3,90L_10NL_3_1,1,2625,"('sk', 'sk', 'sk')",desapaɾeskamos,desapaɾeskamos
90L_10NL,3,90L_10NL_3_1,1,2625,"('sk', 'sk', 'sk')",desapaɾeskamos,desapaɾeskamos
90L_10NL,3,90L_10NL_3_1,1,1750,"('s', 's', 'sk')",desapaɾeskan,desapaɾeskan
90L_10NL,3,90L_10NL_3_1,1,1750,"('s', 's', 'sk')",desapaɾeskan,desapaɾeskan
90L_10NL,3,90L_10NL_3_1,1,1750,"('s', 's', 'sk')",desapaɾeskan,desapaɾeskan
90L_10NL,3,90L_10NL_3_1,1,1750,"('s', 's', 'sk')",desapaɾeskan,desapaɾeskan
90L_10NL,3,90L_10NL_3_1,1,5250,"('s', 'sk', 'sk')",desapaɾeskan,desapaɾeskan
90L_10NL,3,90L_10NL_3_1,1,5250,"('s', 'sk', 'sk')",desapaɾeskan,desapaɾeskan
90L_10NL,3,90L_10NL_3_1,1,5250,"('s', 'sk', 'sk')",desapaɾeskan,desapaɾeskan
90L_10NL,3,90L_10NL_3_1,1,5250,"('s', 'sk', 'sk')",desapaɾeskan,desapaɾeskan
90L_10NL,3,90L_10NL_3_1,1,5250,"('s', 'sk', 'sk')",desapaɾeskan,desapaɾeskan
90L_10NL,3,90L_10NL_3_1,1,5250,"('s', 'sk', 'sk')",desapaɾeskan,desapaɾeskan
90L_10NL,3,90L_10NL_3_1,1,1750,"('s', 's', 'sk')",desapaɾeskan,desapaɾeskan
90L_10NL,3,90L_10NL_3_1,1,1750,"('s', 's', 'sk')",desapaɾeskan,desapaɾeskan
90L_10NL,3,90L_10NL_3_1,1,1750,"('s', 's', 'sk')",desapaɾeskan,desapaɾeskan
90L_10NL,3,90L_10NL_3_1,1,5250,"('s', 'sk', 'sk')",desapaɾeskan,desapaɾeskan
90L_10NL,3,90L_10NL_3_1,1,5250,"('s', 'sk', 'sk')",desapaɾeskan,desapaɾeskan
90L_10NL,3,90L_10NL_3_1,1,5250,"('s', 'sk', 'sk')",desapaɾeskan,desapaɾeskan
90L_10NL,3,90L_10NL_3_1,1,5250,"('s', 'sk', 'sk')",desapaɾeskan,desapaɾeskan
90L_10NL,3,90L_10NL_3_1,1,5250,"('s', 'sk', 'sk')",desapaɾeskan,desapaɾeskan
90L_10NL,3,90L_10NL_3_1,1,5250,"('s', 'sk', 'sk')",desapaɾeskan,desapaɾeskan
90L_10NL,3,90L_10NL_3_1,1,1750,"('s', 's', 'sk')",desapaɾeskan,desapaɾeskan
90L_10NL,3,90L_10NL_3_1,1,1750,"('s', 's', 'sk')",desapaɾeskan,desapaɾeskan
90L_10NL,3,90L_10NL_3_1,1,5250,"('s', 'sk', 'sk')",desapaɾeskan,desapaɾeskan
90L_10NL,3,90L_10NL_3_1,1,5250,"('s', 'sk', 'sk')",desapaɾeskan,desapaɾeskan
90L_10NL,3,90L_10NL_3_1,1,5250,"('s', 'sk', 'sk')",desapaɾeskan,desapaɾeskan
90L_10NL,3,90L_10NL_3_1,1,5250,"('s', 'sk', 'sk')",desapaɾeskan,desapaɾeskan
90L_10NL,3,90L_10NL_3_1,1,5250,"('s', 'sk', 'sk')",desapaɾeskan,desapaɾeskan
90L_10NL,3,90L_10NL_3_1,1,5250,"('s', 'sk', 'sk')",desapaɾeskan,desapaɾeskan
90L_10NL,3,90L_10NL_3_1,1,1750,"('s', 's', 'sk')",desapaɾeskan,desapaɾeskan
90L_10NL,3,90L_10NL_3_1,1,5250,"('s', 'sk', 'sk')",desapaɾeskan,desapaɾeskan
90L_10NL,3,90L_10NL_3_1,1,5250,"('s', 'sk', 'sk')",desapaɾeskan,desapaɾeskan
90L_10NL,3,90L_10NL_3_1,1,5250,"('s', 'sk', 'sk')",desapaɾeskan,desapaɾeskan
90L_10NL,3,90L_10NL_3_1,1,5250,"('s', 'sk', 'sk')",desapaɾeskan,desapaɾeskan
90L_10NL,3,90L_10NL_3_1,1,5250,"('s', 'sk', 'sk')",desapaɾeskan,desapaɾeskan
90L_10NL,3,90L_10NL_3_1,1,5250,"('s', 'sk', 'sk')",desapaɾeskan,desapaɾeskan
90L_10NL,3,90L_10NL_3_1,1,5250,"('s', 'sk', 'sk')",desapaɾeskan,desapaɾeskan
90L_10NL,3,90L_10NL_3_1,1,5250,"('s', 'sk', 'sk')",desapaɾeskan,desapaɾeskan
90L_10NL,3,90L_10NL_3_1,1,5250,"('s', 'sk', 'sk')",desapaɾeskan,desapaɾeskan
90L_10NL,3,90L_10NL_3_1,1,5250,"('s', 'sk', 'sk')",desapaɾeskan,desapaɾeskan
90L_10NL,3,90L_10NL_3_1,1,5250,"('s', 'sk', 'sk')",desapaɾeskan,desapaɾeskan
90L_10NL,3,90L_10NL_3_1,1,5250,"('s', 'sk', 'sk')",desapaɾeskan,desapaɾeskan
90L_10NL,3,90L_10NL_3_1,1,2625,"('sk', 'sk', 'sk')",desapaɾeskan,desapaɾeskan
90L_10NL,3,90L_10NL_3_1,1,2625,"('sk', 'sk', 'sk')",desapaɾeskan,desapaɾeskan
90L_10NL,3,90L_10NL_3_1,1,2625,"('sk', 'sk', 'sk')",desapaɾeskan,desapaɾeskan
90L_10NL,3,90L_10NL_3_1,1,2625,"('sk', 'sk', 'sk')",desapaɾeskan,desapaɾeskan
90L_10NL,3,90L_10NL_3_1,1,2625,"('sk', 'sk', 'sk')",desapaɾeskan,desapaɾeskan
90L_10NL,3,90L_10NL_3_1,1,2625,"('sk', 'sk', 'sk')",desapaɾeskan,desapaɾeskan
90L_10NL,3,90L_10NL_3_1,1,2625,"('sk', 'sk', 'sk')",desapaɾeskan,desapaɾeskan
90L_10NL,3,90L_10NL_3_1,1,2625,"('sk', 'sk', 'sk')",desapaɾeskan,desapaɾeskan
90L_10NL,3,90L_10NL_3_1,1,2625,"('sk', 'sk', 'sk')",desapaɾeskan,desapaɾeskan
90L_10NL,3,90L_10NL_3_1,1,2625,"('sk', 'sk', 'sk')",desapaɾeskan,desapaɾeskan
90L_10NL,3,90L_10NL_3_1,1,2625,"('sk', 'sk', 'sk')",desapaɾeskan,desapaɾeskan
90L_10NL,3,90L_10NL_3_1,1,2625,"('sk', 'sk', 'sk')",desapaɾeskan,desapaɾeskan
90L_10NL,3,90L_10NL_3_1,1,2625,"('sk', 'sk', 'sk')",desapaɾeskan,desapaɾeskan
90L_10NL,3,90L_10NL_3_1,1,2625,"('sk', 'sk', 'sk')",desapaɾeskan,desapaɾeskan
90L_10NL,3,90L_10NL_3_1,1,2625,"('sk', 'sk', 'sk')",desapaɾeskan,desapaɾeskan
90L_10NL,3,90L_10NL_3_1,1,1750,"('s', 's', 'sk')",desapaɾeskas,desapaɾeskas
90L_10NL,3,90L_10NL_3_1,1,1750,"('s', 's', 'sk')",desapaɾeskas,desapaɾeskas
90L_10NL,3,90L_10NL_3_1,1,1750,"('s', 's', 'sk')",desapaɾeskas,desapaɾeskas
90L_10NL,3,90L_10NL_3_1,1,1750,"('s', 's', 'sk')",desapaɾeskas,desapaɾeskas
90L_10NL,3,90L_10NL_3_1,1,5250,"('s', 'sk', 'sk')",desapaɾeskas,desapaɾeskas
90L_10NL,3,90L_10NL_3_1,1,5250,"('s', 'sk', 'sk')",desapaɾeskas,desapaɾeskas
90L_10NL,3,90L_10NL_3_1,1,5250,"('s', 'sk', 'sk')",desapaɾeskas,desapaɾeskas
90L_10NL,3,90L_10NL_3_1,1,5250,"('s', 'sk', 'sk')",desapaɾeskas,desapaɾeskas
90L_10NL,3,90L_10NL_3_1,1,5250,"('s', 'sk', 'sk')",desapaɾeskas,desapaɾeskas
90L_10NL,3,90L_10NL_3_1,1,5250,"('s', 'sk', 'sk')",desapaɾeskas,desapaɾeskas
90L_10NL,3,90L_10NL_3_1,1,1750,"('s', 's', 'sk')",desapaɾeskas,desapaɾeskas
90L_10NL,3,90L_10NL_3_1,1,1750,"('s', 's', 'sk')",desapaɾeskas,desapaɾeskas
90L_10NL,3,90L_10NL_3_1,1,1750,"('s', 's', 'sk')",desapaɾeskas,desapaɾeskas
90L_10NL,3,90L_10NL_3_1,1,5250,"('s', 'sk', 'sk')",desapaɾeskas,desapaɾeskas
90L_10NL,3,90L_10NL_3_1,1,5250,"('s', 'sk', 'sk')",desapaɾeskas,desapaɾeskas
90L_10NL,3,90L_10NL_3_1,1,5250,"('s', 'sk', 'sk')",desapaɾeskas,desapaɾeskas
90L_10NL,3,90L_10NL_3_1,1,5250,"('s', 'sk', 'sk')",desapaɾeskas,desapaɾeskas
90L_10NL,3,90L_10NL_3_1,1,5250,"('s', 'sk', 'sk')",desapaɾeskas,desapaɾeskas
90L_10NL,3,90L_10NL_3_1,1,5250,"('s', 'sk', 'sk')",desapaɾeskas,desapaɾeskas
90L_10NL,3,90L_10NL_3_1,1,1750,"('s', 's', 'sk')",desapaɾeskas,desapaɾeskas
90L_10NL,3,90L_10NL_3_1,1,1750,"('s', 's', 'sk')",desapaɾeskas,desapaɾeskas
90L_10NL,3,90L_10NL_3_1,1,5250,"('s', 'sk', 'sk')",desapaɾeskas,desapaɾeskas
90L_10NL,3,90L_10NL_3_1,1,5250,"('s', 'sk', 'sk')",desapaɾeskas,desapaɾeskas
90L_10NL,3,90L_10NL_3_1,1,5250,"('s', 'sk', 'sk')",desapaɾeskas,desapaɾeskas
90L_10NL,3,90L_10NL_3_1,1,5250,"('s', 'sk', 'sk')",desapaɾeskas,desapaɾeskas
90L_10NL,3,90L_10NL_3_1,1,5250,"('s', 'sk', 'sk')",desapaɾeskas,desapaɾeskas
90L_10NL,3,90L_10NL_3_1,1,5250,"('s', 'sk', 'sk')",desapaɾeskas,desapaɾeskas
90L_10NL,3,90L_10NL_3_1,1,1750,"('s', 's', 'sk')",desapaɾeskas,desapaɾeskas
90L_10NL,3,90L_10NL_3_1,1,5250,"('s', 'sk', 'sk')",desapaɾeskas,desapaɾeskas
90L_10NL,3,90L_10NL_3_1,1,5250,"('s', 'sk', 'sk')",desapaɾeskas,desapaɾeskas
90L_10NL,3,90L_10NL_3_1,1,5250,"('s', 'sk', 'sk')",desapaɾeskas,desapaɾeskas
90L_10NL,3,90L_10NL_3_1,1,5250,"('s', 'sk', 'sk')",desapaɾeskas,desapaɾeskas
90L_10NL,3,90L_10NL_3_1,1,5250,"('s', 'sk', 'sk')",desapaɾeskas,desapaɾeskas
90L_10NL,3,90L_10NL_3_1,1,5250,"('s', 'sk', 'sk')",desapaɾeskas,desapaɾeskas
90L_10NL,3,90L_10NL_3_1,1,5250,"('s', 'sk', 'sk')",desapaɾeskas,desapaɾeskas
90L_10NL,3,90L_10NL_3_1,1,5250,"('s', 'sk', 'sk')",desapaɾeskas,desapaɾeskas
90L_10NL,3,90L_10NL_3_1,1,5250,"('s', 'sk', 'sk')",desapaɾeskas,desapaɾeskas
90L_10NL,3,90L_10NL_3_1,1,5250,"('s', 'sk', 'sk')",desapaɾeskas,desapaɾeskas
90L_10NL,3,90L_10NL_3_1,1,5250,"('s', 'sk', 'sk')",desapaɾeskas,desapaɾeskas
90L_10NL,3,90L_10NL_3_1,1,5250,"('s', 'sk', 'sk')",desapaɾeskas,desapaɾeskas
90L_10NL,3,90L_10NL_3_1,1,2625,"('sk', 'sk', 'sk')",desapaɾeskas,desapaɾeskas
90L_10NL,3,90L_10NL_3_1,1,2625,"('sk', 'sk', 'sk')",desapaɾeskas,desapaɾeskas
90L_10NL,3,90L_10NL_3_1,1,2625,"('sk', 'sk', 'sk')",desapaɾeskas,desapaɾeskas
90L_10NL,3,90L_10NL_3_1,1,2625,"('sk', 'sk', 'sk')",desapaɾeskas,desapaɾeskas
90L_10NL,3,90L_10NL_3_1,1,2625,"('sk', 'sk', 'sk')",desapaɾeskas,desapaɾeskas
90L_10NL,3,90L_10NL_3_1,1,2625,"('sk', 'sk', 'sk')",desapaɾeskas,desapaɾeskas
90L_10NL,3,90L_10NL_3_1,1,2625,"('sk', 'sk', 'sk')",desapaɾeskas,desapaɾeskas
90L_10NL,3,90L_10NL_3_1,1,2625,"('sk', 'sk', 'sk')",desapaɾeskas,desapaɾeskas
90L_10NL,3,90L_10NL_3_1,1,2625,"('sk', 'sk', 'sk')",desapaɾeskas,desapaɾeskas
90L_10NL,3,90L_10NL_3_1,1,2625,"('sk', 'sk', 'sk')",desapaɾeskas,desapaɾeskas
90L_10NL,3,90L_10NL_3_1,1,2625,"('sk', 'sk', 'sk')",desapaɾeskas,desapaɾeskas
90L_10NL,3,90L_10NL_3_1,1,2625,"('sk', 'sk', 'sk')",desapaɾeskas,desapaɾeskas
90L_10NL,3,90L_10NL_3_1,1,2625,"('sk', 'sk', 'sk')",desapaɾeskas,desapaɾeskas
90L_10NL,3,90L_10NL_3_1,1,2625,"('sk', 'sk', 'sk')",desapaɾeskas,desapaɾeskas
90L_10NL,3,90L_10NL_3_1,1,2625,"('sk', 'sk', 'sk')",desapaɾeskas,desapaɾeskas
90L_10NL,3,90L_10NL_3_1,1,1750,"('s', 's', 'sk')",desapaɾeska,desapaɾeska
90L_10NL,3,90L_10NL_3_1,1,1750,"('s', 's', 'sk')",desapaɾeska,desapaɾeska
90L_10NL,3,90L_10NL_3_1,1,1750,"('s', 's', 'sk')",desapaɾeska,desapaɾeska
90L_10NL,3,90L_10NL_3_1,1,1750,"('s', 's', 'sk')",desapaɾeska,desapaɾeska
90L_10NL,3,90L_10NL_3_1,1,5250,"('s', 'sk', 'sk')",desapaɾeska,desapaɾeska
90L_10NL,3,90L_10NL_3_1,1,5250,"('s', 'sk', 'sk')",desapaɾeska,desapaɾeska
90L_10NL,3,90L_10NL_3_1,1,5250,"('s', 'sk', 'sk')",desapaɾeska,desapaɾeska
90L_10NL,3,90L_10NL_3_1,1,5250,"('s', 'sk', 'sk')",desapaɾeska,desapaɾeska
90L_10NL,3,90L_10NL_3_1,1,5250,"('s', 'sk', 'sk')",desapaɾeska,desapaɾeska
90L_10NL,3,90L_10NL_3_1,1,5250,"('s', 'sk', 'sk')",desapaɾeska,desapaɾeska
90L_10NL,3,90L_10NL_3_1,1,1750,"('s', 's', 'sk')",desapaɾeska,desapaɾeska
90L_10NL,3,90L_10NL_3_1,1,1750,"('s', 's', 'sk')",desapaɾeska,desapaɾeska
90L_10NL,3,90L_10NL_3_1,1,1750,"('s', 's', 'sk')",desapaɾeska,desapaɾeska
90L_10NL,3,90L_10NL_3_1,1,5250,"('s', 'sk', 'sk')",desapaɾeska,desapaɾeska
90L_10NL,3,90L_10NL_3_1,1,5250,"('s', 'sk', 'sk')",desapaɾeska,desapaɾeska
90L_10NL,3,90L_10NL_3_1,1,5250,"('s', 'sk', 'sk')",desapaɾeska,desapaɾeska
90L_10NL,3,90L_10NL_3_1,1,5250,"('s', 'sk', 'sk')",desapaɾeska,desapaɾeska
90L_10NL,3,90L_10NL_3_1,1,5250,"('s', 'sk', 'sk')",desapaɾeska,desapaɾeska
90L_10NL,3,90L_10NL_3_1,1,5250,"('s', 'sk', 'sk')",desapaɾeska,desapaɾeska
90L_10NL,3,90L_10NL_3_1,1,1750,"('s', 's', 'sk')",desapaɾeska,desapaɾeska
90L_10NL,3,90L_10NL_3_1,1,1750,"('s', 's', 'sk')",desapaɾeska,desapaɾeska
90L_10NL,3,90L_10NL_3_1,1,5250,"('s', 'sk', 'sk')",desapaɾeska,desapaɾeska
90L_10NL,3,90L_10NL_3_1,1,5250,"('s', 'sk', 'sk')",desapaɾeska,desapaɾeska
90L_10NL,3,90L_10NL_3_1,1,5250,"('s', 'sk', 'sk')",desapaɾeska,desapaɾeska
90L_10NL,3,90L_10NL_3_1,1,5250,"('s', 'sk', 'sk')",desapaɾeska,desapaɾeska
90L_10NL,3,90L_10NL_3_1,1,5250,"('s', 'sk', 'sk')",desapaɾeska,desapaɾeska
90L_10NL,3,90L_10NL_3_1,1,5250,"('s', 'sk', 'sk')",desapaɾeska,desapaɾeska
90L_10NL,3,90L_10NL_3_1,1,1750,"('s', 's', 'sk')",desapaɾeska,desapaɾeska
90L_10NL,3,90L_10NL_3_1,1,5250,"('s', 'sk', 'sk')",desapaɾeska,desapaɾeska
90L_10NL,3,90L_10NL_3_1,1,5250,"('s', 'sk', 'sk')",desapaɾeska,desapaɾeska
90L_10NL,3,90L_10NL_3_1,1,5250,"('s', 'sk', 'sk')",desapaɾeska,desapaɾeska
90L_10NL,3,90L_10NL_3_1,1,5250,"('s', 'sk', 'sk')",desapaɾeska,desapaɾeska
90L_10NL,3,90L_10NL_3_1,1,5250,"('s', 'sk', 'sk')",desapaɾeska,desapaɾeska
90L_10NL,3,90L_10NL_3_1,1,5250,"('s', 'sk', 'sk')",desapaɾeska,desapaɾeska
90L_10NL,3,90L_10NL_3_1,1,5250,"('s', 'sk', 'sk')",desapaɾeska,desapaɾeska
90L_10NL,3,90L_10NL_3_1,1,5250,"('s', 'sk', 'sk')",desapaɾeska,desapaɾeska
90L_10NL,3,90L_10NL_3_1,1,5250,"('s', 'sk', 'sk')",desapaɾeska,desapaɾeska
90L_10NL,3,90L_10NL_3_1,1,5250,"('s', 'sk', 'sk')",desapaɾeska,desapaɾeska
90L_10NL,3,90L_10NL_3_1,1,5250,"('s', 'sk', 'sk')",desapaɾeska,desapaɾeska
90L_10NL,3,90L_10NL_3_1,1,5250,"('s', 'sk', 'sk')",desapaɾeska,desapaɾeska
90L_10NL,3,90L_10NL_3_1,1,2625,"('sk', 'sk', 'sk')",desapaɾeska,desapaɾeska
90L_10NL,3,90L_10NL_3_1,1,2625,"('sk', 'sk', 'sk')",desapaɾeska,desapaɾeska
90L_10NL,3,90L_10NL_3_1,1,2625,"('sk', 'sk', 'sk')",desapaɾeska,desapaɾeska
90L_10NL,3,90L_10NL_3_1,1,2625,"('sk', 'sk', 'sk')",desapaɾeska,desapaɾeska
90L_10NL,3,90L_10NL_3_1,1,2625,"('sk', 'sk', 'sk')",desapaɾeska,desapaɾeska
90L_10NL,3,90L_10NL_3_1,1,2625,"('sk', 'sk', 'sk')",desapaɾeska,desapaɾeska
90L_10NL,3,90L_10NL_3_1,1,2625,"('sk', 'sk', 'sk')",desapaɾeska,desapaɾeska
90L_10NL,3,90L_10NL_3_1,1,2625,"('sk', 'sk', 'sk')",desapaɾeska,desapaɾeska
90L_10NL,3,90L_10NL_3_1,1,2625,"('sk', 'sk', 'sk')",desapaɾeska,desapaɾeska
90L_10NL,3,90L_10NL_3_1,1,2625,"('sk', 'sk', 'sk')",desapaɾeska,desapaɾeska
90L_10NL,3,90L_10NL_3_1,1,2625,"('sk', 'sk', 'sk')",desapaɾeska,desapaɾeska
90L_10NL,3,90L_10NL_3_1,1,2625,"('sk', 'sk', 'sk')",desapaɾeska,desapaɾeska
90L_10NL,3,90L_10NL_3_1,1,2625,"('sk', 'sk', 'sk')",desapaɾeska,desapaɾeska
90L_10NL,3,90L_10NL_3_1,1,2625,"('sk', 'sk', 'sk')",desapaɾeska,desapaɾeska
90L_10NL,3,90L_10NL_3_1,1,2625,"('sk', 'sk', 'sk')",desapaɾeska,desapaɾeska
90L_10NL,3,90L_10NL_3_1,1,1750,"('s', 's', 'sk')",desapaɾeska,desapaɾeska
90L_10NL,3,90L_10NL_3_1,1,1750,"('s', 's', 'sk')",desapaɾeska,desapaɾeska
90L_10NL,3,90L_10NL_3_1,1,1750,"('s', 's', 'sk')",desapaɾeska,desapaɾeska
90L_10NL,3,90L_10NL_3_1,1,1750,"('s', 's', 'sk')",desapaɾeska,desapaɾeska
90L_10NL,3,90L_10NL_3_1,1,5250,"('s', 'sk', 'sk')",desapaɾeska,desapaɾeska
90L_10NL,3,90L_10NL_3_1,1,5250,"('s', 'sk', 'sk')",desapaɾeska,desapaɾeska
90L_10NL,3,90L_10NL_3_1,1,5250,"('s', 'sk', 'sk')",desapaɾeska,desapaɾeska
90L_10NL,3,90L_10NL_3_1,1,5250,"('s', 'sk', 'sk')",desapaɾeska,desapaɾeska
90L_10NL,3,90L_10NL_3_1,1,5250,"('s', 'sk', 'sk')",desapaɾeska,desapaɾeska
90L_10NL,3,90L_10NL_3_1,1,5250,"('s', 'sk', 'sk')",desapaɾeska,desapaɾeska
90L_10NL,3,90L_10NL_3_1,1,1750,"('s', 's', 'sk')",desapaɾeska,desapaɾeska
90L_10NL,3,90L_10NL_3_1,1,1750,"('s', 's', 'sk')",desapaɾeska,desapaɾeska
90L_10NL,3,90L_10NL_3_1,1,1750,"('s', 's', 'sk')",desapaɾeska,desapaɾeska
90L_10NL,3,90L_10NL_3_1,1,5250,"('s', 'sk', 'sk')",desapaɾeska,desapaɾeska
90L_10NL,3,90L_10NL_3_1,1,5250,"('s', 'sk', 'sk')",desapaɾeska,desapaɾeska
90L_10NL,3,90L_10NL_3_1,1,5250,"('s', 'sk', 'sk')",desapaɾeska,desapaɾeska
90L_10NL,3,90L_10NL_3_1,1,5250,"('s', 'sk', 'sk')",desapaɾeska,desapaɾeska
90L_10NL,3,90L_10NL_3_1,1,5250,"('s', 'sk', 'sk')",desapaɾeska,desapaɾeska
90L_10NL,3,90L_10NL_3_1,1,5250,"('s', 'sk', 'sk')",desapaɾeska,desapaɾeska
90L_10NL,3,90L_10NL_3_1,1,1750,"('s', 's', 'sk')",desapaɾeska,desapaɾeska
90L_10NL,3,90L_10NL_3_1,1,1750,"('s', 's', 'sk')",desapaɾeska,desapaɾeska
90L_10NL,3,90L_10NL_3_1,1,5250,"('s', 'sk', 'sk')",desapaɾeska,desapaɾeska
90L_10NL,3,90L_10NL_3_1,1,5250,"('s', 'sk', 'sk')",desapaɾeska,desapaɾeska
90L_10NL,3,90L_10NL_3_1,1,5250,"('s', 'sk', 'sk')",desapaɾeska,desapaɾeska
90L_10NL,3,90L_10NL_3_1,1,5250,"('s', 'sk', 'sk')",desapaɾeska,desapaɾeska
90L_10NL,3,90L_10NL_3_1,1,5250,"('s', 'sk', 'sk')",desapaɾeska,desapaɾeska
90L_10NL,3,90L_10NL_3_1,1,5250,"('s', 'sk', 'sk')",desapaɾeska,desapaɾeska
90L_10NL,3,90L_10NL_3_1,1,1750,"('s', 's', 'sk')",desapaɾeska,desapaɾeska
90L_10NL,3,90L_10NL_3_1,1,5250,"('s', 'sk', 'sk')",desapaɾeska,desapaɾeska
90L_10NL,3,90L_10NL_3_1,1,5250,"('s', 'sk', 'sk')",desapaɾeska,desapaɾeska
90L_10NL,3,90L_10NL_3_1,1,5250,"('s', 'sk', 'sk')",desapaɾeska,desapaɾeska
90L_10NL,3,90L_10NL_3_1,1,5250,"('s', 'sk', 'sk')",desapaɾeska,desapaɾeska
90L_10NL,3,90L_10NL_3_1,1,5250,"('s', 'sk', 'sk')",desapaɾeska,desapaɾeska
90L_10NL,3,90L_10NL_3_1,1,5250,"('s', 'sk', 'sk')",desapaɾeska,desapaɾeska
90L_10NL,3,90L_10NL_3_1,1,5250,"('s', 'sk', 'sk')",desapaɾeska,desapaɾeska
90L_10NL,3,90L_10NL_3_1,1,5250,"('s', 'sk', 'sk')",desapaɾeska,desapaɾeska
90L_10NL,3,90L_10NL_3_1,1,5250,"('s', 'sk', 'sk')",desapaɾeska,desapaɾeska
90L_10NL,3,90L_10NL_3_1,1,5250,"('s', 'sk', 'sk')",desapaɾeska,desapaɾeska
90L_10NL,3,90L_10NL_3_1,1,5250,"('s', 'sk', 'sk')",desapaɾeska,desapaɾeska
90L_10NL,3,90L_10NL_3_1,1,5250,"('s', 'sk', 'sk')",desapaɾeska,desapaɾeska
90L_10NL,3,90L_10NL_3_1,1,2625,"('sk', 'sk', 'sk')",desapaɾeska,desapaɾeska
90L_10NL,3,90L_10NL_3_1,1,2625,"('sk', 'sk', 'sk')",desapaɾeska,desapaɾeska
90L_10NL,3,90L_10NL_3_1,1,2625,"('sk', 'sk', 'sk')",desapaɾeska,desapaɾeska
90L_10NL,3,90L_10NL_3_1,1,2625,"('sk', 'sk', 'sk')",desapaɾeska,desapaɾeska
90L_10NL,3,90L_10NL_3_1,1,2625,"('sk', 'sk', 'sk')",desapaɾeska,desapaɾeska
90L_10NL,3,90L_10NL_3_1,1,2625,"('sk', 'sk', 'sk')",desapaɾeska,desapaɾeska
90L_10NL,3,90L_10NL_3_1,1,2625,"('sk', 'sk', 'sk')",desapaɾeska,desapaɾeska
90L_10NL,3,90L_10NL_3_1,1,2625,"('sk', 'sk', 'sk')",desapaɾeska,desapaɾeska
90L_10NL,3,90L_10NL_3_1,1,2625,"('sk', 'sk', 'sk')",desapaɾeska,desapaɾeska
90L_10NL,3,90L_10NL_3_1,1,2625,"('sk', 'sk', 'sk')",desapaɾeska,desapaɾeska
90L_10NL,3,90L_10NL_3_1,1,2625,"('sk', 'sk', 'sk')",desapaɾeska,desapaɾeska
90L_10NL,3,90L_10NL_3_1,1,2625,"('sk', 'sk', 'sk')",desapaɾeska,desapaɾeska
90L_10NL,3,90L_10NL_3_1,1,2625,"('sk', 'sk', 'sk')",desapaɾeska,desapaɾeska
90L_10NL,3,90L_10NL_3_1,1,2625,"('sk', 'sk', 'sk')",desapaɾeska,desapaɾeska
90L_10NL,3,90L_10NL_3_1,1,2625,"('sk', 'sk', 'sk')",desapaɾeska,desapaɾeska
90L_10NL,3,90L_10NL_3_1,1,1750,"('s', 's', 'sk')",desapaɾesko,desapaɾesko
90L_10NL,3,90L_10NL_3_1,1,1750,"('s', 's', 'sk')",desapaɾesko,desapaɾesko
90L_10NL,3,90L_10NL_3_1,1,1750,"('s', 's', 'sk')",desapaɾesko,desapaɾesko
90L_10NL,3,90L_10NL_3_1,1,1750,"('s', 's', 'sk')",desapaɾesko,desapaɾesko
90L_10NL,3,90L_10NL_3_1,1,5250,"('s', 'sk', 'sk')",desapaɾesko,desapaɾesko
90L_10NL,3,90L_10NL_3_1,1,5250,"('s', 'sk', 'sk')",desapaɾesko,desapaɾesko
90L_10NL,3,90L_10NL_3_1,1,5250,"('s', 'sk', 'sk')",desapaɾesko,desapaɾesko
90L_10NL,3,90L_10NL_3_1,1,5250,"('s', 'sk', 'sk')",desapaɾesko,desapaɾesko
90L_10NL,3,90L_10NL_3_1,1,5250,"('s', 'sk', 'sk')",desapaɾesko,desapaɾesko
90L_10NL,3,90L_10NL_3_1,1,5250,"('s', 'sk', 'sk')",desapaɾesko,desapaɾesko
90L_10NL,3,90L_10NL_3_1,1,1750,"('s', 's', 'sk')",desapaɾesko,desapaɾesko
90L_10NL,3,90L_10NL_3_1,1,1750,"('s', 's', 'sk')",desapaɾesko,desapaɾesko
90L_10NL,3,90L_10NL_3_1,1,1750,"('s', 's', 'sk')",desapaɾesko,desapaɾesko
90L_10NL,3,90L_10NL_3_1,1,5250,"('s', 'sk', 'sk')",desapaɾesko,desapaɾesko
90L_10NL,3,90L_10NL_3_1,1,5250,"('s', 'sk', 'sk')",desapaɾesko,desapaɾesko
90L_10NL,3,90L_10NL_3_1,1,5250,"('s', 'sk', 'sk')",desapaɾesko,desapaɾesko
90L_10NL,3,90L_10NL_3_1,1,5250,"('s', 'sk', 'sk')",desapaɾesko,desapaɾesko
90L_10NL,3,90L_10NL_3_1,1,5250,"('s', 'sk', 'sk')",desapaɾesko,desapaɾesko
90L_10NL,3,90L_10NL_3_1,1,5250,"('s', 'sk', 'sk')",desapaɾesko,desapaɾesko
90L_10NL,3,90L_10NL_3_1,1,1750,"('s', 's', 'sk')",desapaɾesko,desapaɾesko
90L_10NL,3,90L_10NL_3_1,1,1750,"('s', 's', 'sk')",desapaɾesko,desapaɾesko
90L_10NL,3,90L_10NL_3_1,1,5250,"('s', 'sk', 'sk')",desapaɾesko,desapaɾesko
90L_10NL,3,90L_10NL_3_1,1,5250,"('s', 'sk', 'sk')",desapaɾesko,desapaɾesko
90L_10NL,3,90L_10NL_3_1,1,5250,"('s', 'sk', 'sk')",desapaɾesko,desapaɾesko
90L_10NL,3,90L_10NL_3_1,1,5250,"('s', 'sk', 'sk')",desapaɾesko,desapaɾesko
90L_10NL,3,90L_10NL_3_1,1,5250,"('s', 'sk', 'sk')",desapaɾesko,desapaɾesko
90L_10NL,3,90L_10NL_3_1,1,5250,"('s', 'sk', 'sk')",desapaɾesko,desapaɾesko
90L_10NL,3,90L_10NL_3_1,1,1750,"('s', 's', 'sk')",desapaɾesko,desapaɾesko
90L_10NL,3,90L_10NL_3_1,1,5250,"('s', 'sk', 'sk')",desapaɾesko,desapaɾesko
90L_10NL,3,90L_10NL_3_1,1,5250,"('s', 'sk', 'sk')",desapaɾesko,desapaɾesko
90L_10NL,3,90L_10NL_3_1,1,5250,"('s', 'sk', 'sk')",desapaɾesko,desapaɾesko
90L_10NL,3,90L_10NL_3_1,1,5250,"('s', 'sk', 'sk')",desapaɾesko,desapaɾesko
90L_10NL,3,90L_10NL_3_1,1,5250,"('s', 'sk', 'sk')",desapaɾesko,desapaɾesko
90L_10NL,3,90L_10NL_3_1,1,5250,"('s', 'sk', 'sk')",desapaɾesko,desapaɾesko
90L_10NL,3,90L_10NL_3_1,1,5250,"('s', 'sk', 'sk')",desapaɾesko,desapaɾesko
90L_10NL,3,90L_10NL_3_1,1,5250,"('s', 'sk', 'sk')",desapaɾesko,desapaɾesko
90L_10NL,3,90L_10NL_3_1,1,5250,"('s', 'sk', 'sk')",desapaɾesko,desapaɾesko
90L_10NL,3,90L_10NL_3_1,1,5250,"('s', 'sk', 'sk')",desapaɾesko,desapaɾesko
90L_10NL,3,90L_10NL_3_1,1,5250,"('s', 'sk', 'sk')",desapaɾesko,desapaɾesko
90L_10NL,3,90L_10NL_3_1,1,5250,"('s', 'sk', 'sk')",desapaɾesko,desapaɾesko
90L_10NL,3,90L_10NL_3_1,1,2625,"('sk', 'sk', 'sk')",desapaɾesko,desapaɾesko
90L_10NL,3,90L_10NL_3_1,1,2625,"('sk', 'sk', 'sk')",desapaɾesko,desapaɾesko
90L_10NL,3,90L_10NL_3_1,1,2625,"('sk', 'sk', 'sk')",desapaɾesko,desapaɾesko
90L_10NL,3,90L_10NL_3_1,1,2625,"('sk', 'sk', 'sk')",desapaɾesko,desapaɾesko
90L_10NL,3,90L_10NL_3_1,1,2625,"('sk', 'sk', 'sk')",desapaɾesko,desapaɾesko
90L_10NL,3,90L_10NL_3_1,1,2625,"('sk', 'sk', 'sk')",desapaɾesko,desapaɾesko
90L_10NL,3,90L_10NL_3_1,1,2625,"('sk', 'sk', 'sk')",desapaɾesko,desapaɾesko
90L_10NL,3,90L_10NL_3_1,1,2625,"('sk', 'sk', 'sk')",desapaɾesko,desapaɾesko
90L_10NL,3,90L_10NL_3_1,1,2625,"('sk', 'sk', 'sk')",desapaɾesko,desapaɾesko
90L_10NL,3,90L_10NL_3_1,1,2625,"('sk', 'sk', 'sk')",desapaɾesko,desapaɾesko
90L_10NL,3,90L_10NL_3_1,1,2625,"('sk', 'sk', 'sk')",desapaɾesko,desapaɾesko
90L_10NL,3,90L_10NL_3_1,1,2625,"('sk', 'sk', 'sk')",desapaɾesko,desapaɾesko
90L_10NL,3,90L_10NL_3_1,1,2625,"('sk', 'sk', 'sk')",desapaɾesko,desapaɾesko
90L_10NL,3,90L_10NL_3_1,1,2625,"('sk', 'sk', 'sk')",desapaɾesko,desapaɾesko
90L_10NL,3,90L_10NL_3_1,1,2625,"('sk', 'sk', 'sk')",desapaɾesko,desapaɾesko
90L_10NL,3,90L_10NL_3_1,0,1085,"('s', 's', 's')",ensesejs,enseɡesejs
90L_10NL,3,90L_10NL_3_1,0,1085,"('s', 's', 's')",ensesejs,enseɡesejs
90L_10NL,3,90L_10NL_3_1,0,1085,"('s', 's', 's')",ensesejs,enseɡesejs
90L_10NL,3,90L_10NL_3_1,0,3500,"('s', 'sk', 's')",enesɡesejs,enseɡesejs
90L_10NL,3,90L_10NL_3_1,0,3500,"('s', 'sk', 's')",enesɡesejs,enseɡesejs
90L_10NL,3,90L_10NL_3_1,1,3500,"('s', 'sk', 's')",enseɡesejs,enseɡesejs
90L_10NL,3,90L_10NL_3_1,1,3500,"('s', 'sk', 's')",enseɡesejs,enseɡesejs
90L_10NL,3,90L_10NL_3_1,1,3500,"('s', 'sk', 's')",enseɡesejs,enseɡesejs
90L_10NL,3,90L_10NL_3_1,1,3500,"('s', 'sk', 's')",enseɡesejs,enseɡesejs
90L_10NL,3,90L_10NL_3_1,1,3500,"('s', 'sk', 's')",enseɡesejs,enseɡesejs
90L_10NL,3,90L_10NL_3_1,0,1085,"('s', 's', 's')",enesɡesejs,enseɡesejs
90L_10NL,3,90L_10NL_3_1,0,1085,"('s', 's', 's')",enesɡesejs,enseɡesejs
90L_10NL,3,90L_10NL_3_1,0,3500,"('s', 'sk', 's')",enesɡesejs,enseɡesejs
90L_10NL,3,90L_10NL_3_1,0,3500,"('s', 'sk', 's')",enesɡesejs,enseɡesejs
90L_10NL,3,90L_10NL_3_1,0,3500,"('s', 'sk', 's')",enesɡesejs,enseɡesejs
90L_10NL,3,90L_10NL_3_1,0,3500,"('s', 'sk', 's')",enesɡesejs,enseɡesejs
90L_10NL,3,90L_10NL_3_1,0,3500,"('s', 'sk', 's')",enesɡesejs,enseɡesejs
90L_10NL,3,90L_10NL_3_1,0,3500,"('s', 'sk', 's')",enesɡesejs,enseɡesejs
90L_10NL,3,90L_10NL_3_1,0,3500,"('s', 'sk', 's')",enesɡesejs,enseɡesejs
90L_10NL,3,90L_10NL_3_1,0,1085,"('s', 's', 's')",enesɡesejs,enseɡesejs
90L_10NL,3,90L_10NL_3_1,0,3500,"('s', 'sk', 's')",enesɡesejs,enseɡesejs
90L_10NL,3,90L_10NL_3_1,0,3500,"('s', 'sk', 's')",enesɡesejs,enseɡesejs
90L_10NL,3,90L_10NL_3_1,0,3500,"('s', 'sk', 's')",enesɡesejs,enseɡesejs
90L_10NL,3,90L_10NL_3_1,0,3500,"('s', 'sk', 's')",enesɡesejs,enseɡesejs
90L_10NL,3,90L_10NL_3_1,0,3500,"('s', 'sk', 's')",enesɡesejs,enseɡesejs
90L_10NL,3,90L_10NL_3_1,0,3500,"('s', 'sk', 's')",enesɡesejs,enseɡesejs
90L_10NL,3,90L_10NL_3_1,0,3500,"('s', 'sk', 's')",enesɡesejs,enseɡesejs
90L_10NL,3,90L_10NL_3_1,1,3500,"('s', 'sk', 's')",enseɡesejs,enseɡesejs
90L_10NL,3,90L_10NL_3_1,1,3500,"('s', 'sk', 's')",enseɡesejs,enseɡesejs
90L_10NL,3,90L_10NL_3_1,0,3500,"('s', 'sk', 's')",enesɡesejs,enseɡesejs
90L_10NL,3,90L_10NL_3_1,0,3500,"('s', 'sk', 's')",enesɡesejs,enseɡesejs
90L_10NL,3,90L_10NL_3_1,0,3500,"('s', 'sk', 's')",enesɡesejs,enseɡesejs
90L_10NL,3,90L_10NL_3_1,0,3500,"('s', 'sk', 's')",enesɡesejs,enseɡesejs
90L_10NL,3,90L_10NL_3_1,0,3500,"('s', 'sk', 's')",enesɡesejs,enseɡesejs
90L_10NL,3,90L_10NL_3_1,0,2625,"('sk', 'sk', 's')",enesɡesejs,enseɡesejs
90L_10NL,3,90L_10NL_3_1,0,2625,"('sk', 'sk', 's')",enesɡesejs,enseɡesejs
90L_10NL,3,90L_10NL_3_1,0,2625,"('sk', 'sk', 's')",enesɡesejs,enseɡesejs
90L_10NL,3,90L_10NL_3_1,0,2625,"('sk', 'sk', 's')",enesɡesejs,enseɡesejs
90L_10NL,3,90L_10NL_3_1,0,2625,"('sk', 'sk', 's')",enesɡesejs,enseɡesejs
90L_10NL,3,90L_10NL_3_1,1,2625,"('sk', 'sk', 's')",enseɡesejs,enseɡesejs
90L_10NL,3,90L_10NL_3_1,1,2625,"('sk', 'sk', 's')",enseɡesejs,enseɡesejs
90L_10NL,3,90L_10NL_3_1,0,2625,"('sk', 'sk', 's')",ensesejs,enseɡesejs
90L_10NL,3,90L_10NL_3_1,1,2625,"('sk', 'sk', 's')",enseɡesejs,enseɡesejs
90L_10NL,3,90L_10NL_3_1,1,2625,"('sk', 'sk', 's')",enseɡesejs,enseɡesejs
90L_10NL,3,90L_10NL_3_1,1,2625,"('sk', 'sk', 's')",enseɡesejs,enseɡesejs
90L_10NL,3,90L_10NL_3_1,0,2625,"('sk', 'sk', 's')",enesɡesejs,enseɡesejs
90L_10NL,3,90L_10NL_3_1,0,2625,"('sk', 'sk', 's')",enesɡesejs,enseɡesejs
90L_10NL,3,90L_10NL_3_1,0,2625,"('sk', 'sk', 's')",enesɡesejs,enseɡesejs
90L_10NL,3,90L_10NL_3_1,0,2625,"('sk', 'sk', 's')",enesɡesejs,enseɡesejs
90L_10NL,3,90L_10NL_3_1,0,2625,"('sk', 'sk', 's')",enesɡesejs,enseɡesejs
90L_10NL,3,90L_10NL_3_1,0,2625,"('sk', 'sk', 's')",enesɡesejs,enseɡesejs
90L_10NL,3,90L_10NL_3_1,0,2625,"('sk', 'sk', 's')",enesɡesejs,enseɡesejs
90L_10NL,3,90L_10NL_3_1,0,2625,"('sk', 'sk', 's')",enesɡesejs,enseɡesejs
90L_10NL,3,90L_10NL_3_1,0,2625,"('sk', 'sk', 's')",enesɡesejs,enseɡesejs
90L_10NL,3,90L_10NL_3_1,0,2625,"('sk', 'sk', 's')",enesɡesejs,enseɡesejs
90L_10NL,3,90L_10NL_3_1,1,1085,"('s', 's', 's')",enseɡesemos,enseɡesemos
90L_10NL,3,90L_10NL_3_1,0,1085,"('s', 's', 's')",enesɡesemos,enseɡesemos
90L_10NL,3,90L_10NL_3_1,0,1085,"('s', 's', 's')",enesɡesemos,enseɡesemos
90L_10NL,3,90L_10NL_3_1,1,3500,"('s', 'sk', 's')",enseɡesemos,enseɡesemos
90L_10NL,3,90L_10NL_3_1,0,3500,"('s', 'sk', 's')",enesɡesemos,enseɡesemos
90L_10NL,3,90L_10NL_3_1,0,3500,"('s', 'sk', 's')",enesɡesemos,enseɡesemos
90L_10NL,3,90L_10NL_3_1,1,3500,"('s', 'sk', 's')",enseɡesemos,enseɡesemos
90L_10NL,3,90L_10NL_3_1,1,3500,"('s', 'sk', 's')",enseɡesemos,enseɡesemos
90L_10NL,3,90L_10NL_3_1,1,3500,"('s', 'sk', 's')",enseɡesemos,enseɡesemos
90L_10NL,3,90L_10NL_3_1,1,3500,"('s', 'sk', 's')",enseɡesemos,enseɡesemos
90L_10NL,3,90L_10NL_3_1,0,1085,"('s', 's', 's')",enesɡesemos,enseɡesemos
90L_10NL,3,90L_10NL_3_1,0,1085,"('s', 's', 's')",enesɡesemos,enseɡesemos
90L_10NL,3,90L_10NL_3_1,1,3500,"('s', 'sk', 's')",enseɡesemos,enseɡesemos
90L_10NL,3,90L_10NL_3_1,0,3500,"('s', 'sk', 's')",enesɡesemos,enseɡesemos
90L_10NL,3,90L_10NL_3_1,0,3500,"('s', 'sk', 's')",enesɡesemos,enseɡesemos
90L_10NL,3,90L_10NL_3_1,0,3500,"('s', 'sk', 's')",enesɡesemos,enseɡesemos
90L_10NL,3,90L_10NL_3_1,0,3500,"('s', 'sk', 's')",enesɡesemos,enseɡesemos
90L_10NL,3,90L_10NL_3_1,0,3500,"('s', 'sk', 's')",enesɡesemos,enseɡesemos
90L_10NL,3,90L_10NL_3_1,0,3500,"('s', 'sk', 's')",enesɡesemos,enseɡesemos
90L_10NL,3,90L_10NL_3_1,0,1085,"('s', 's', 's')",enesɡesemos,enseɡesemos
90L_10NL,3,90L_10NL_3_1,1,3500,"('s', 'sk', 's')",enseɡesemos,enseɡesemos
90L_10NL,3,90L_10NL_3_1,0,3500,"('s', 'sk', 's')",enesɡesemos,enseɡesemos
90L_10NL,3,90L_10NL_3_1,0,3500,"('s', 'sk', 's')",enesɡesemos,enseɡesemos
90L_10NL,3,90L_10NL_3_1,0,3500,"('s', 'sk', 's')",enesɡesemos,enseɡesemos
90L_10NL,3,90L_10NL_3_1,0,3500,"('s', 'sk', 's')",enesɡesemos,enseɡesemos
90L_10NL,3,90L_10NL_3_1,0,3500,"('s', 'sk', 's')",enesɡesemos,enseɡesemos
90L_10NL,3,90L_10NL_3_1,0,3500,"('s', 'sk', 's')",enesɡesemos,enseɡesemos
90L_10NL,3,90L_10NL_3_1,1,3500,"('s', 'sk', 's')",enseɡesemos,enseɡesemos
90L_10NL,3,90L_10NL_3_1,1,3500,"('s', 'sk', 's')",enseɡesemos,enseɡesemos
90L_10NL,3,90L_10NL_3_1,0,3500,"('s', 'sk', 's')",enesɡesemos,enseɡesemos
90L_10NL,3,90L_10NL_3_1,0,3500,"('s', 'sk', 's')",enesɡesemos,enseɡesemos
90L_10NL,3,90L_10NL_3_1,0,3500,"('s', 'sk', 's')",enesɡesemos,enseɡesemos
90L_10NL,3,90L_10NL_3_1,0,3500,"('s', 'sk', 's')",enesɡesemos,enseɡesemos
90L_10NL,3,90L_10NL_3_1,1,3500,"('s', 'sk', 's')",enseɡesemos,enseɡesemos
90L_10NL,3,90L_10NL_3_1,1,2625,"('sk', 'sk', 's')",enseɡesemos,enseɡesemos
90L_10NL,3,90L_10NL_3_1,1,2625,"('sk', 'sk', 's')",enseɡesemos,enseɡesemos
90L_10NL,3,90L_10NL_3_1,1,2625,"('sk', 'sk', 's')",enseɡesemos,enseɡesemos
90L_10NL,3,90L_10NL_3_1,1,2625,"('sk', 'sk', 's')",enseɡesemos,enseɡesemos
90L_10NL,3,90L_10NL_3_1,1,2625,"('sk', 'sk', 's')",enseɡesemos,enseɡesemos
90L_10NL,3,90L_10NL_3_1,1,2625,"('sk', 'sk', 's')",enseɡesemos,enseɡesemos
90L_10NL,3,90L_10NL_3_1,1,2625,"('sk', 'sk', 's')",enseɡesemos,enseɡesemos
90L_10NL,3,90L_10NL_3_1,1,2625,"('sk', 'sk', 's')",enseɡesemos,enseɡesemos
90L_10NL,3,90L_10NL_3_1,1,2625,"('sk', 'sk', 's')",enseɡesemos,enseɡesemos
90L_10NL,3,90L_10NL_3_1,1,2625,"('sk', 'sk', 's')",enseɡesemos,enseɡesemos
90L_10NL,3,90L_10NL_3_1,1,2625,"('sk', 'sk', 's')",enseɡesemos,enseɡesemos
90L_10NL,3,90L_10NL_3_1,0,2625,"('sk', 'sk', 's')",enesɡesemos,enseɡesemos
90L_10NL,3,90L_10NL_3_1,0,2625,"('sk', 'sk', 's')",enesɡesemos,enseɡesemos
90L_10NL,3,90L_10NL_3_1,0,2625,"('sk', 'sk', 's')",enesɡesemos,enseɡesemos
90L_10NL,3,90L_10NL_3_1,1,2625,"('sk', 'sk', 's')",enseɡesemos,enseɡesemos
90L_10NL,3,90L_10NL_3_1,1,2625,"('sk', 'sk', 's')",enseɡesemos,enseɡesemos
90L_10NL,3,90L_10NL_3_1,1,2625,"('sk', 'sk', 's')",enseɡesemos,enseɡesemos
90L_10NL,3,90L_10NL_3_1,1,2625,"('sk', 'sk', 's')",enseɡesemos,enseɡesemos
90L_10NL,3,90L_10NL_3_1,0,2625,"('sk', 'sk', 's')",enesɡesemos,enseɡesemos
90L_10NL,3,90L_10NL_3_1,1,2625,"('sk', 'sk', 's')",enseɡesemos,enseɡesemos
90L_10NL,3,90L_10NL_3_1,1,2625,"('sk', 'sk', 's')",enseɡesemos,enseɡesemos
90L_10NL,3,90L_10NL_3_1,1,1085,"('s', 's', 's')",enseɡesen,enseɡesen
90L_10NL,3,90L_10NL_3_1,1,1085,"('s', 's', 's')",enseɡesen,enseɡesen
90L_10NL,3,90L_10NL_3_1,1,1085,"('s', 's', 's')",enseɡesen,enseɡesen
90L_10NL,3,90L_10NL_3_1,1,3500,"('s', 'sk', 's')",enseɡesen,enseɡesen
90L_10NL,3,90L_10NL_3_1,1,3500,"('s', 'sk', 's')",enseɡesen,enseɡesen
90L_10NL,3,90L_10NL_3_1,1,3500,"('s', 'sk', 's')",enseɡesen,enseɡesen
90L_10NL,3,90L_10NL_3_1,1,3500,"('s', 'sk', 's')",enseɡesen,enseɡesen
90L_10NL,3,90L_10NL_3_1,1,3500,"('s', 'sk', 's')",enseɡesen,enseɡesen
90L_10NL,3,90L_10NL_3_1,1,3500,"('s', 'sk', 's')",enseɡesen,enseɡesen
90L_10NL,3,90L_10NL_3_1,1,3500,"('s', 'sk', 's')",enseɡesen,enseɡesen
90L_10NL,3,90L_10NL_3_1,0,1085,"('s', 's', 's')",ensesesen,enseɡesen
90L_10NL,3,90L_10NL_3_1,0,1085,"('s', 's', 's')",ensesesen,enseɡesen
90L_10NL,3,90L_10NL_3_1,1,3500,"('s', 'sk', 's')",enseɡesen,enseɡesen
90L_10NL,3,90L_10NL_3_1,1,3500,"('s', 'sk', 's')",enseɡesen,enseɡesen
90L_10NL,3,90L_10NL_3_1,1,3500,"('s', 'sk', 's')",enseɡesen,enseɡesen
90L_10NL,3,90L_10NL_3_1,1,3500,"('s', 'sk', 's')",enseɡesen,enseɡesen
90L_10NL,3,90L_10NL_3_1,1,3500,"('s', 'sk', 's')",enseɡesen,enseɡesen
90L_10NL,3,90L_10NL_3_1,1,3500,"('s', 'sk', 's')",enseɡesen,enseɡesen
90L_10NL,3,90L_10NL_3_1,1,3500,"('s', 'sk', 's')",enseɡesen,enseɡesen
90L_10NL,3,90L_10NL_3_1,1,1085,"('s', 's', 's')",enseɡesen,enseɡesen
90L_10NL,3,90L_10NL_3_1,1,3500,"('s', 'sk', 's')",enseɡesen,enseɡesen
90L_10NL,3,90L_10NL_3_1,1,3500,"('s', 'sk', 's')",enseɡesen,enseɡesen
90L_10NL,3,90L_10NL_3_1,1,3500,"('s', 'sk', 's')",enseɡesen,enseɡesen
90L_10NL,3,90L_10NL_3_1,1,3500,"('s', 'sk', 's')",enseɡesen,enseɡesen
90L_10NL,3,90L_10NL_3_1,1,3500,"('s', 'sk', 's')",enseɡesen,enseɡesen
90L_10NL,3,90L_10NL_3_1,1,3500,"('s', 'sk', 's')",enseɡesen,enseɡesen
90L_10NL,3,90L_10NL_3_1,1,3500,"('s', 'sk', 's')",enseɡesen,enseɡesen
90L_10NL,3,90L_10NL_3_1,1,3500,"('s', 'sk', 's')",enseɡesen,enseɡesen
90L_10NL,3,90L_10NL_3_1,1,3500,"('s', 'sk', 's')",enseɡesen,enseɡesen
90L_10NL,3,90L_10NL_3_1,1,3500,"('s', 'sk', 's')",enseɡesen,enseɡesen
90L_10NL,3,90L_10NL_3_1,1,3500,"('s', 'sk', 's')",enseɡesen,enseɡesen
90L_10NL,3,90L_10NL_3_1,1,3500,"('s', 'sk', 's')",enseɡesen,enseɡesen
90L_10NL,3,90L_10NL_3_1,1,3500,"('s', 'sk', 's')",enseɡesen,enseɡesen
90L_10NL,3,90L_10NL_3_1,1,3500,"('s', 'sk', 's')",enseɡesen,enseɡesen
90L_10NL,3,90L_10NL_3_1,1,2625,"('sk', 'sk', 's')",enseɡesen,enseɡesen
90L_10NL,3,90L_10NL_3_1,1,2625,"('sk', 'sk', 's')",enseɡesen,enseɡesen
90L_10NL,3,90L_10NL_3_1,1,2625,"('sk', 'sk', 's')",enseɡesen,enseɡesen
90L_10NL,3,90L_10NL_3_1,1,2625,"('sk', 'sk', 's')",enseɡesen,enseɡesen
90L_10NL,3,90L_10NL_3_1,1,2625,"('sk', 'sk', 's')",enseɡesen,enseɡesen
90L_10NL,3,90L_10NL_3_1,1,2625,"('sk', 'sk', 's')",enseɡesen,enseɡesen
90L_10NL,3,90L_10NL_3_1,1,2625,"('sk', 'sk', 's')",enseɡesen,enseɡesen
90L_10NL,3,90L_10NL_3_1,1,2625,"('sk', 'sk', 's')",enseɡesen,enseɡesen
90L_10NL,3,90L_10NL_3_1,1,2625,"('sk', 'sk', 's')",enseɡesen,enseɡesen
90L_10NL,3,90L_10NL_3_1,1,2625,"('sk', 'sk', 's')",enseɡesen,enseɡesen
90L_10NL,3,90L_10NL_3_1,1,2625,"('sk', 'sk', 's')",enseɡesen,enseɡesen
90L_10NL,3,90L_10NL_3_1,1,2625,"('sk', 'sk', 's')",enseɡesen,enseɡesen
90L_10NL,3,90L_10NL_3_1,1,2625,"('sk', 'sk', 's')",enseɡesen,enseɡesen
90L_10NL,3,90L_10NL_3_1,1,2625,"('sk', 'sk', 's')",enseɡesen,enseɡesen
90L_10NL,3,90L_10NL_3_1,1,2625,"('sk', 'sk', 's')",enseɡesen,enseɡesen
90L_10NL,3,90L_10NL_3_1,1,2625,"('sk', 'sk', 's')",enseɡesen,enseɡesen
90L_10NL,3,90L_10NL_3_1,1,2625,"('sk', 'sk', 's')",enseɡesen,enseɡesen
90L_10NL,3,90L_10NL_3_1,1,2625,"('sk', 'sk', 's')",enseɡesen,enseɡesen
90L_10NL,3,90L_10NL_3_1,1,2625,"('sk', 'sk', 's')",enseɡesen,enseɡesen
90L_10NL,3,90L_10NL_3_1,1,2625,"('sk', 'sk', 's')",enseɡesen,enseɡesen
90L_10NL,3,90L_10NL_3_1,1,2625,"('sk', 'sk', 's')",enseɡesen,enseɡesen
90L_10NL,3,90L_10NL_3_1,1,1085,"('s', 's', 's')",enseɡeses,enseɡeses
90L_10NL,3,90L_10NL_3_1,1,1085,"('s', 's', 's')",enseɡeses,enseɡeses
90L_10NL,3,90L_10NL_3_1,1,1085,"('s', 's', 's')",enseɡeses,enseɡeses
90L_10NL,3,90L_10NL_3_1,1,3500,"('s', 'sk', 's')",enseɡeses,enseɡeses
90L_10NL,3,90L_10NL_3_1,1,3500,"('s', 'sk', 's')",enseɡeses,enseɡeses
90L_10NL,3,90L_10NL_3_1,1,3500,"('s', 'sk', 's')",enseɡeses,enseɡeses
90L_10NL,3,90L_10NL_3_1,1,3500,"('s', 'sk', 's')",enseɡeses,enseɡeses
90L_10NL,3,90L_10NL_3_1,1,3500,"('s', 'sk', 's')",enseɡeses,enseɡeses
90L_10NL,3,90L_10NL_3_1,1,3500,"('s', 'sk', 's')",enseɡeses,enseɡeses
90L_10NL,3,90L_10NL_3_1,1,3500,"('s', 'sk', 's')",enseɡeses,enseɡeses
90L_10NL,3,90L_10NL_3_1,1,1085,"('s', 's', 's')",enseɡeses,enseɡeses
90L_10NL,3,90L_10NL_3_1,1,1085,"('s', 's', 's')",enseɡeses,enseɡeses
90L_10NL,3,90L_10NL_3_1,1,3500,"('s', 'sk', 's')",enseɡeses,enseɡeses
90L_10NL,3,90L_10NL_3_1,1,3500,"('s', 'sk', 's')",enseɡeses,enseɡeses
90L_10NL,3,90L_10NL_3_1,1,3500,"('s', 'sk', 's')",enseɡeses,enseɡeses
90L_10NL,3,90L_10NL_3_1,1,3500,"('s', 'sk', 's')",enseɡeses,enseɡeses
90L_10NL,3,90L_10NL_3_1,1,3500,"('s', 'sk', 's')",enseɡeses,enseɡeses
90L_10NL,3,90L_10NL_3_1,1,3500,"('s', 'sk', 's')",enseɡeses,enseɡeses
90L_10NL,3,90L_10NL_3_1,1,3500,"('s', 'sk', 's')",enseɡeses,enseɡeses
90L_10NL,3,90L_10NL_3_1,1,1085,"('s', 's', 's')",enseɡeses,enseɡeses
90L_10NL,3,90L_10NL_3_1,1,3500,"('s', 'sk', 's')",enseɡeses,enseɡeses
90L_10NL,3,90L_10NL_3_1,1,3500,"('s', 'sk', 's')",enseɡeses,enseɡeses
90L_10NL,3,90L_10NL_3_1,1,3500,"('s', 'sk', 's')",enseɡeses,enseɡeses
90L_10NL,3,90L_10NL_3_1,1,3500,"('s', 'sk', 's')",enseɡeses,enseɡeses
90L_10NL,3,90L_10NL_3_1,1,3500,"('s', 'sk', 's')",enseɡeses,enseɡeses
90L_10NL,3,90L_10NL_3_1,1,3500,"('s', 'sk', 's')",enseɡeses,enseɡeses
90L_10NL,3,90L_10NL_3_1,1,3500,"('s', 'sk', 's')",enseɡeses,enseɡeses
90L_10NL,3,90L_10NL_3_1,1,3500,"('s', 'sk', 's')",enseɡeses,enseɡeses
90L_10NL,3,90L_10NL_3_1,1,3500,"('s', 'sk', 's')",enseɡeses,enseɡeses
90L_10NL,3,90L_10NL_3_1,1,3500,"('s', 'sk', 's')",enseɡeses,enseɡeses
90L_10NL,3,90L_10NL_3_1,1,3500,"('s', 'sk', 's')",enseɡeses,enseɡeses
90L_10NL,3,90L_10NL_3_1,1,3500,"('s', 'sk', 's')",enseɡeses,enseɡeses
90L_10NL,3,90L_10NL_3_1,1,3500,"('s', 'sk', 's')",enseɡeses,enseɡeses
90L_10NL,3,90L_10NL_3_1,1,3500,"('s', 'sk', 's')",enseɡeses,enseɡeses
90L_10NL,3,90L_10NL_3_1,1,2625,"('sk', 'sk', 's')",enseɡeses,enseɡeses
90L_10NL,3,90L_10NL_3_1,1,2625,"('sk', 'sk', 's')",enseɡeses,enseɡeses
90L_10NL,3,90L_10NL_3_1,1,2625,"('sk', 'sk', 's')",enseɡeses,enseɡeses
90L_10NL,3,90L_10NL_3_1,1,2625,"('sk', 'sk', 's')",enseɡeses,enseɡeses
90L_10NL,3,90L_10NL_3_1,1,2625,"('sk', 'sk', 's')",enseɡeses,enseɡeses
90L_10NL,3,90L_10NL_3_1,1,2625,"('sk', 'sk', 's')",enseɡeses,enseɡeses
90L_10NL,3,90L_10NL_3_1,1,2625,"('sk', 'sk', 's')",enseɡeses,enseɡeses
90L_10NL,3,90L_10NL_3_1,1,2625,"('sk', 'sk', 's')",enseɡeses,enseɡeses
90L_10NL,3,90L_10NL_3_1,1,2625,"('sk', 'sk', 's')",enseɡeses,enseɡeses
90L_10NL,3,90L_10NL_3_1,1,2625,"('sk', 'sk', 's')",enseɡeses,enseɡeses
90L_10NL,3,90L_10NL_3_1,1,2625,"('sk', 'sk', 's')",enseɡeses,enseɡeses
90L_10NL,3,90L_10NL_3_1,1,2625,"('sk', 'sk', 's')",enseɡeses,enseɡeses
90L_10NL,3,90L_10NL_3_1,1,2625,"('sk', 'sk', 's')",enseɡeses,enseɡeses
90L_10NL,3,90L_10NL_3_1,1,2625,"('sk', 'sk', 's')",enseɡeses,enseɡeses
90L_10NL,3,90L_10NL_3_1,1,2625,"('sk', 'sk', 's')",enseɡeses,enseɡeses
90L_10NL,3,90L_10NL_3_1,1,2625,"('sk', 'sk', 's')",enseɡeses,enseɡeses
90L_10NL,3,90L_10NL_3_1,1,2625,"('sk', 'sk', 's')",enseɡeses,enseɡeses
90L_10NL,3,90L_10NL_3_1,1,2625,"('sk', 'sk', 's')",enseɡeses,enseɡeses
90L_10NL,3,90L_10NL_3_1,1,2625,"('sk', 'sk', 's')",enseɡeses,enseɡeses
90L_10NL,3,90L_10NL_3_1,1,2625,"('sk', 'sk', 's')",enseɡeses,enseɡeses
90L_10NL,3,90L_10NL_3_1,1,2625,"('sk', 'sk', 's')",enseɡeses,enseɡeses
90L_10NL,3,90L_10NL_3_1,1,1085,"('s', 's', 's')",enseɡese,enseɡese
90L_10NL,3,90L_10NL_3_1,1,1085,"('s', 's', 's')",enseɡese,enseɡese
90L_10NL,3,90L_10NL_3_1,1,1085,"('s', 's', 's')",enseɡese,enseɡese
90L_10NL,3,90L_10NL_3_1,1,3500,"('s', 'sk', 's')",enseɡese,enseɡese
90L_10NL,3,90L_10NL_3_1,1,3500,"('s', 'sk', 's')",enseɡese,enseɡese
90L_10NL,3,90L_10NL_3_1,1,3500,"('s', 'sk', 's')",enseɡese,enseɡese
90L_10NL,3,90L_10NL_3_1,1,3500,"('s', 'sk', 's')",enseɡese,enseɡese
90L_10NL,3,90L_10NL_3_1,1,3500,"('s', 'sk', 's')",enseɡese,enseɡese
90L_10NL,3,90L_10NL_3_1,1,3500,"('s', 'sk', 's')",enseɡese,enseɡese
90L_10NL,3,90L_10NL_3_1,1,3500,"('s', 'sk', 's')",enseɡese,enseɡese
90L_10NL,3,90L_10NL_3_1,0,1085,"('s', 's', 's')",ensesese,enseɡese
90L_10NL,3,90L_10NL_3_1,0,1085,"('s', 's', 's')",ensesese,enseɡese
90L_10NL,3,90L_10NL_3_1,1,3500,"('s', 'sk', 's')",enseɡese,enseɡese
90L_10NL,3,90L_10NL_3_1,1,3500,"('s', 'sk', 's')",enseɡese,enseɡese
90L_10NL,3,90L_10NL_3_1,1,3500,"('s', 'sk', 's')",enseɡese,enseɡese
90L_10NL,3,90L_10NL_3_1,1,3500,"('s', 'sk', 's')",enseɡese,enseɡese
90L_10NL,3,90L_10NL_3_1,1,3500,"('s', 'sk', 's')",enseɡese,enseɡese
90L_10NL,3,90L_10NL_3_1,1,3500,"('s', 'sk', 's')",enseɡese,enseɡese
90L_10NL,3,90L_10NL_3_1,1,3500,"('s', 'sk', 's')",enseɡese,enseɡese
90L_10NL,3,90L_10NL_3_1,1,1085,"('s', 's', 's')",enseɡese,enseɡese
90L_10NL,3,90L_10NL_3_1,1,3500,"('s', 'sk', 's')",enseɡese,enseɡese
90L_10NL,3,90L_10NL_3_1,1,3500,"('s', 'sk', 's')",enseɡese,enseɡese
90L_10NL,3,90L_10NL_3_1,1,3500,"('s', 'sk', 's')",enseɡese,enseɡese
90L_10NL,3,90L_10NL_3_1,1,3500,"('s', 'sk', 's')",enseɡese,enseɡese
90L_10NL,3,90L_10NL_3_1,1,3500,"('s', 'sk', 's')",enseɡese,enseɡese
90L_10NL,3,90L_10NL_3_1,1,3500,"('s', 'sk', 's')",enseɡese,enseɡese
90L_10NL,3,90L_10NL_3_1,1,3500,"('s', 'sk', 's')",enseɡese,enseɡese
90L_10NL,3,90L_10NL_3_1,1,3500,"('s', 'sk', 's')",enseɡese,enseɡese
90L_10NL,3,90L_10NL_3_1,1,3500,"('s', 'sk', 's')",enseɡese,enseɡese
90L_10NL,3,90L_10NL_3_1,1,3500,"('s', 'sk', 's')",enseɡese,enseɡese
90L_10NL,3,90L_10NL_3_1,1,3500,"('s', 'sk', 's')",enseɡese,enseɡese
90L_10NL,3,90L_10NL_3_1,1,3500,"('s', 'sk', 's')",enseɡese,enseɡese
90L_10NL,3,90L_10NL_3_1,1,3500,"('s', 'sk', 's')",enseɡese,enseɡese
90L_10NL,3,90L_10NL_3_1,1,3500,"('s', 'sk', 's')",enseɡese,enseɡese
90L_10NL,3,90L_10NL_3_1,1,2625,"('sk', 'sk', 's')",enseɡese,enseɡese
90L_10NL,3,90L_10NL_3_1,1,2625,"('sk', 'sk', 's')",enseɡese,enseɡese
90L_10NL,3,90L_10NL_3_1,1,2625,"('sk', 'sk', 's')",enseɡese,enseɡese
90L_10NL,3,90L_10NL_3_1,1,2625,"('sk', 'sk', 's')",enseɡese,enseɡese
90L_10NL,3,90L_10NL_3_1,1,2625,"('sk', 'sk', 's')",enseɡese,enseɡese
90L_10NL,3,90L_10NL_3_1,1,2625,"('sk', 'sk', 's')",enseɡese,enseɡese
90L_10NL,3,90L_10NL_3_1,1,2625,"('sk', 'sk', 's')",enseɡese,enseɡese
90L_10NL,3,90L_10NL_3_1,1,2625,"('sk', 'sk', 's')",enseɡese,enseɡese
90L_10NL,3,90L_10NL_3_1,1,2625,"('sk', 'sk', 's')",enseɡese,enseɡese
90L_10NL,3,90L_10NL_3_1,1,2625,"('sk', 'sk', 's')",enseɡese,enseɡese
90L_10NL,3,90L_10NL_3_1,1,2625,"('sk', 'sk', 's')",enseɡese,enseɡese
90L_10NL,3,90L_10NL_3_1,1,2625,"('sk', 'sk', 's')",enseɡese,enseɡese
90L_10NL,3,90L_10NL_3_1,1,2625,"('sk', 'sk', 's')",enseɡese,enseɡese
90L_10NL,3,90L_10NL_3_1,1,2625,"('sk', 'sk', 's')",enseɡese,enseɡese
90L_10NL,3,90L_10NL_3_1,1,2625,"('sk', 'sk', 's')",enseɡese,enseɡese
90L_10NL,3,90L_10NL_3_1,1,2625,"('sk', 'sk', 's')",enseɡese,enseɡese
90L_10NL,3,90L_10NL_3_1,1,2625,"('sk', 'sk', 's')",enseɡese,enseɡese
90L_10NL,3,90L_10NL_3_1,1,2625,"('sk', 'sk', 's')",enseɡese,enseɡese
90L_10NL,3,90L_10NL_3_1,1,2625,"('sk', 'sk', 's')",enseɡese,enseɡese
90L_10NL,3,90L_10NL_3_1,1,2625,"('sk', 'sk', 's')",enseɡese,enseɡese
90L_10NL,3,90L_10NL_3_1,1,2625,"('sk', 'sk', 's')",enseɡese,enseɡese
90L_10NL,3,90L_10NL_3_1,0,1750,"('s', 's', 'sk')",enesɡeskajs,enseɡeskajs
90L_10NL,3,90L_10NL_3_1,0,1750,"('s', 's', 'sk')",enesɡeskajs,enseɡeskajs
90L_10NL,3,90L_10NL_3_1,0,1750,"('s', 's', 'sk')",enesɡeskajs,enseɡeskajs
90L_10NL,3,90L_10NL_3_1,0,1750,"('s', 's', 'sk')",enesɡeskajs,enseɡeskajs
90L_10NL,3,90L_10NL_3_1,0,5250,"('s', 'sk', 'sk')",enesɡeskajs,enseɡeskajs
90L_10NL,3,90L_10NL_3_1,0,5250,"('s', 'sk', 'sk')",enesɡeskajs,enseɡeskajs
90L_10NL,3,90L_10NL_3_1,0,5250,"('s', 'sk', 'sk')",enesɡeskajs,enseɡeskajs
90L_10NL,3,90L_10NL_3_1,0,5250,"('s', 'sk', 'sk')",enesɡeskajs,enseɡeskajs
90L_10NL,3,90L_10NL_3_1,0,5250,"('s', 'sk', 'sk')",enesɡeskajs,enseɡeskajs
90L_10NL,3,90L_10NL_3_1,0,5250,"('s', 'sk', 'sk')",enesɡeskajs,enseɡeskajs
90L_10NL,3,90L_10NL_3_1,0,1750,"('s', 's', 'sk')",ensesɡajs,enseɡeskajs
90L_10NL,3,90L_10NL_3_1,0,1750,"('s', 's', 'sk')",enesɡeskajs,enseɡeskajs
90L_10NL,3,90L_10NL_3_1,0,1750,"('s', 's', 'sk')",enesɡeskajs,enseɡeskajs
90L_10NL,3,90L_10NL_3_1,0,5250,"('s', 'sk', 'sk')",enesɡeskajs,enseɡeskajs
90L_10NL,3,90L_10NL_3_1,1,5250,"('s', 'sk', 'sk')",enseɡeskajs,enseɡeskajs
90L_10NL,3,90L_10NL_3_1,1,5250,"('s', 'sk', 'sk')",enseɡeskajs,enseɡeskajs
90L_10NL,3,90L_10NL_3_1,1,5250,"('s', 'sk', 'sk')",enseɡeskajs,enseɡeskajs
90L_10NL,3,90L_10NL_3_1,1,5250,"('s', 'sk', 'sk')",enseɡeskajs,enseɡeskajs
90L_10NL,3,90L_10NL_3_1,1,5250,"('s', 'sk', 'sk')",enseɡeskajs,enseɡeskajs
90L_10NL,3,90L_10NL_3_1,0,1750,"('s', 's', 'sk')",enesɡeskajs,enseɡeskajs
90L_10NL,3,90L_10NL_3_1,0,1750,"('s', 's', 'sk')",enesɡeskajs,enseɡeskajs
90L_10NL,3,90L_10NL_3_1,0,5250,"('s', 'sk', 'sk')",enesɡeskajs,enseɡeskajs
90L_10NL,3,90L_10NL_3_1,0,5250,"('s', 'sk', 'sk')",enesɡeskajs,enseɡeskajs
90L_10NL,3,90L_10NL_3_1,0,5250,"('s', 'sk', 'sk')",enesɡeskajs,enseɡeskajs
90L_10NL,3,90L_10NL_3_1,0,5250,"('s', 'sk', 'sk')",enesɡeskajs,enseɡeskajs
90L_10NL,3,90L_10NL_3_1,0,5250,"('s', 'sk', 'sk')",enesɡeskajs,enseɡeskajs
90L_10NL,3,90L_10NL_3_1,0,5250,"('s', 'sk', 'sk')",enesɡeskajs,enseɡeskajs
90L_10NL,3,90L_10NL_3_1,0,1750,"('s', 's', 'sk')",enesɡeskajs,enseɡeskajs
90L_10NL,3,90L_10NL_3_1,0,5250,"('s', 'sk', 'sk')",enesɡeskajs,enseɡeskajs
90L_10NL,3,90L_10NL_3_1,0,5250,"('s', 'sk', 'sk')",enesɡeskajs,enseɡeskajs
90L_10NL,3,90L_10NL_3_1,0,5250,"('s', 'sk', 'sk')",enesɡeskajs,enseɡeskajs
90L_10NL,3,90L_10NL_3_1,0,5250,"('s', 'sk', 'sk')",enesɡeskajs,enseɡeskajs
90L_10NL,3,90L_10NL_3_1,0,5250,"('s', 'sk', 'sk')",enesɡeskajs,enseɡeskajs
90L_10NL,3,90L_10NL_3_1,0,5250,"('s', 'sk', 'sk')",enesɡeskajs,enseɡeskajs
90L_10NL,3,90L_10NL_3_1,1,5250,"('s', 'sk', 'sk')",enseɡeskajs,enseɡeskajs
90L_10NL,3,90L_10NL_3_1,0,5250,"('s', 'sk', 'sk')",enesɡeskajs,enseɡeskajs
90L_10NL,3,90L_10NL_3_1,0,5250,"('s', 'sk', 'sk')",enesɡeskajs,enseɡeskajs
90L_10NL,3,90L_10NL_3_1,0,5250,"('s', 'sk', 'sk')",enesɡeskajs,enseɡeskajs
90L_10NL,3,90L_10NL_3_1,0,5250,"('s', 'sk', 'sk')",enesɡeskajs,enseɡeskajs
90L_10NL,3,90L_10NL_3_1,0,5250,"('s', 'sk', 'sk')",enesɡeskajs,enseɡeskajs
90L_10NL,3,90L_10NL_3_1,1,2625,"('sk', 'sk', 'sk')",enseɡeskajs,enseɡeskajs
90L_10NL,3,90L_10NL_3_1,1,2625,"('sk', 'sk', 'sk')",enseɡeskajs,enseɡeskajs
90L_10NL,3,90L_10NL_3_1,1,2625,"('sk', 'sk', 'sk')",enseɡeskajs,enseɡeskajs
90L_10NL,3,90L_10NL_3_1,1,2625,"('sk', 'sk', 'sk')",enseɡeskajs,enseɡeskajs
90L_10NL,3,90L_10NL_3_1,1,2625,"('sk', 'sk', 'sk')",enseɡeskajs,enseɡeskajs
90L_10NL,3,90L_10NL_3_1,0,2625,"('sk', 'sk', 'sk')",enesɡeskajs,enseɡeskajs
90L_10NL,3,90L_10NL_3_1,0,2625,"('sk', 'sk', 'sk')",enesɡeskajs,enseɡeskajs
90L_10NL,3,90L_10NL_3_1,0,2625,"('sk', 'sk', 'sk')",enesɡeskajs,enseɡeskajs
90L_10NL,3,90L_10NL_3_1,0,2625,"('sk', 'sk', 'sk')",enesɡeskajs,enseɡeskajs
90L_10NL,3,90L_10NL_3_1,0,2625,"('sk', 'sk', 'sk')",enesɡeskajs,enseɡeskajs
90L_10NL,3,90L_10NL_3_1,0,2625,"('sk', 'sk', 'sk')",enesɡeskajs,enseɡeskajs
90L_10NL,3,90L_10NL_3_1,0,2625,"('sk', 'sk', 'sk')",enesɡeskajs,enseɡeskajs
90L_10NL,3,90L_10NL_3_1,0,2625,"('sk', 'sk', 'sk')",enesɡeskajs,enseɡeskajs
90L_10NL,3,90L_10NL_3_1,0,2625,"('sk', 'sk', 'sk')",enesɡeskajs,enseɡeskajs
90L_10NL,3,90L_10NL_3_1,0,2625,"('sk', 'sk', 'sk')",enesɡeskajs,enseɡeskajs
90L_10NL,3,90L_10NL_3_1,1,1750,"('s', 's', 'sk')",enseɡeskamos,enseɡeskamos
90L_10NL,3,90L_10NL_3_1,0,1750,"('s', 's', 'sk')",enesɡeskamos,enseɡeskamos
90L_10NL,3,90L_10NL_3_1,0,1750,"('s', 's', 'sk')",enesɡeskamos,enseɡeskamos
90L_10NL,3,90L_10NL_3_1,0,1750,"('s', 's', 'sk')",enesɡeskamos,enseɡeskamos
90L_10NL,3,90L_10NL_3_1,1,5250,"('s', 'sk', 'sk')",enseɡeskamos,enseɡeskamos
90L_10NL,3,90L_10NL_3_1,0,5250,"('s', 'sk', 'sk')",enesɡeskamos,enseɡeskamos
90L_10NL,3,90L_10NL_3_1,0,5250,"('s', 'sk', 'sk')",enesɡeskamos,enseɡeskamos
90L_10NL,3,90L_10NL_3_1,0,5250,"('s', 'sk', 'sk')",enesɡeskamos,enseɡeskamos
90L_10NL,3,90L_10NL_3_1,0,5250,"('s', 'sk', 'sk')",enesɡeskamos,enseɡeskamos
90L_10NL,3,90L_10NL_3_1,1,5250,"('s', 'sk', 'sk')",enseɡeskamos,enseɡeskamos
90L_10NL,3,90L_10NL_3_1,1,1750,"('s', 's', 'sk')",enseɡeskamos,enseɡeskamos
90L_10NL,3,90L_10NL_3_1,1,1750,"('s', 's', 'sk')",enseɡeskamos,enseɡeskamos
90L_10NL,3,90L_10NL_3_1,1,1750,"('s', 's', 'sk')",enseɡeskamos,enseɡeskamos
90L_10NL,3,90L_10NL_3_1,1,5250,"('s', 'sk', 'sk')",enseɡeskamos,enseɡeskamos
90L_10NL,3,90L_10NL_3_1,1,5250,"('s', 'sk', 'sk')",enseɡeskamos,enseɡeskamos
90L_10NL,3,90L_10NL_3_1,1,5250,"('s', 'sk', 'sk')",enseɡeskamos,enseɡeskamos
90L_10NL,3,90L_10NL_3_1,1,5250,"('s', 'sk', 'sk')",enseɡeskamos,enseɡeskamos
90L_10NL,3,90L_10NL_3_1,1,5250,"('s', 'sk', 'sk')",enseɡeskamos,enseɡeskamos
90L_10NL,3,90L_10NL_3_1,1,5250,"('s', 'sk', 'sk')",enseɡeskamos,enseɡeskamos
90L_10NL,3,90L_10NL_3_1,0,1750,"('s', 's', 'sk')",enesɡeskamos,enseɡeskamos
90L_10NL,3,90L_10NL_3_1,0,1750,"('s', 's', 'sk')",enesɡeskamos,enseɡeskamos
90L_10NL,3,90L_10NL_3_1,0,5250,"('s', 'sk', 'sk')",enesɡeskamos,enseɡeskamos
90L_10NL,3,90L_10NL_3_1,0,5250,"('s', 'sk', 'sk')",enesɡeskamos,enseɡeskamos
90L_10NL,3,90L_10NL_3_1,0,5250,"('s', 'sk', 'sk')",enesɡeskamos,enseɡeskamos
90L_10NL,3,90L_10NL_3_1,0,5250,"('s', 'sk', 'sk')",enesɡeskamos,enseɡeskamos
90L_10NL,3,90L_10NL_3_1,0,5250,"('s', 'sk', 'sk')",enesɡeskamos,enseɡeskamos
90L_10NL,3,90L_10NL_3_1,0,5250,"('s', 'sk', 'sk')",enesɡeskamos,enseɡeskamos
90L_10NL,3,90L_10NL_3_1,0,1750,"('s', 's', 'sk')",enesɡeskamos,enseɡeskamos
90L_10NL,3,90L_10NL_3_1,0,5250,"('s', 'sk', 'sk')",enesɡeskamos,enseɡeskamos
90L_10NL,3,90L_10NL_3_1,0,5250,"('s', 'sk', 'sk')",enesɡeskamos,enseɡeskamos
90L_10NL,3,90L_10NL_3_1,0,5250,"('s', 'sk', 'sk')",enesɡeskamos,enseɡeskamos
90L_10NL,3,90L_10NL_3_1,0,5250,"('s', 'sk', 'sk')",enesɡeskamos,enseɡeskamos
90L_10NL,3,90L_10NL_3_1,0,5250,"('s', 'sk', 'sk')",enesɡeskamos,enseɡeskamos
90L_10NL,3,90L_10NL_3_1,0,5250,"('s', 'sk', 'sk')",enesɡeskamos,enseɡeskamos
90L_10NL,3,90L_10NL_3_1,1,5250,"('s', 'sk', 'sk')",enseɡeskamos,enseɡeskamos
90L_10NL,3,90L_10NL_3_1,0,5250,"('s', 'sk', 'sk')",enesɡeskamos,enseɡeskamos
90L_10NL,3,90L_10NL_3_1,0,5250,"('s', 'sk', 'sk')",enesɡeskamos,enseɡeskamos
90L_10NL,3,90L_10NL_3_1,0,5250,"('s', 'sk', 'sk')",enesɡeskamos,enseɡeskamos
90L_10NL,3,90L_10NL_3_1,0,5250,"('s', 'sk', 'sk')",enesɡeskamos,enseɡeskamos
90L_10NL,3,90L_10NL_3_1,0,5250,"('s', 'sk', 'sk')",enesɡeskamos,enseɡeskamos
90L_10NL,3,90L_10NL_3_1,1,2625,"('sk', 'sk', 'sk')",enseɡeskamos,enseɡeskamos
90L_10NL,3,90L_10NL_3_1,1,2625,"('sk', 'sk', 'sk')",enseɡeskamos,enseɡeskamos
90L_10NL,3,90L_10NL_3_1,1,2625,"('sk', 'sk', 'sk')",enseɡeskamos,enseɡeskamos
90L_10NL,3,90L_10NL_3_1,0,2625,"('sk', 'sk', 'sk')",enesɡeskamos,enseɡeskamos
90L_10NL,3,90L_10NL_3_1,1,2625,"('sk', 'sk', 'sk')",enseɡeskamos,enseɡeskamos
90L_10NL,3,90L_10NL_3_1,0,2625,"('sk', 'sk', 'sk')",enesɡeskamos,enseɡeskamos
90L_10NL,3,90L_10NL_3_1,0,2625,"('sk', 'sk', 'sk')",enesɡeskamos,enseɡeskamos
90L_10NL,3,90L_10NL_3_1,0,2625,"('sk', 'sk', 'sk')",enesɡeskamos,enseɡeskamos
90L_10NL,3,90L_10NL_3_1,1,2625,"('sk', 'sk', 'sk')",enseɡeskamos,enseɡeskamos
90L_10NL,3,90L_10NL_3_1,0,2625,"('sk', 'sk', 'sk')",enesɡeskamos,enseɡeskamos
90L_10NL,3,90L_10NL_3_1,0,2625,"('sk', 'sk', 'sk')",enesɡeskamos,enseɡeskamos
90L_10NL,3,90L_10NL_3_1,1,2625,"('sk', 'sk', 'sk')",enseɡeskamos,enseɡeskamos
90L_10NL,3,90L_10NL_3_1,0,2625,"('sk', 'sk', 'sk')",enesɡeskamos,enseɡeskamos
90L_10NL,3,90L_10NL_3_1,0,2625,"('sk', 'sk', 'sk')",enesɡeskamos,enseɡeskamos
90L_10NL,3,90L_10NL_3_1,0,2625,"('sk', 'sk', 'sk')",enesɡeskamos,enseɡeskamos
90L_10NL,3,90L_10NL_3_1,1,1750,"('s', 's', 'sk')",enseɡeskan,enseɡeskan
90L_10NL,3,90L_10NL_3_1,1,1750,"('s', 's', 'sk')",enseɡeskan,enseɡeskan
90L_10NL,3,90L_10NL_3_1,1,1750,"('s', 's', 'sk')",enseɡeskan,enseɡeskan
90L_10NL,3,90L_10NL_3_1,1,1750,"('s', 's', 'sk')",enseɡeskan,enseɡeskan
90L_10NL,3,90L_10NL_3_1,1,5250,"('s', 'sk', 'sk')",enseɡeskan,enseɡeskan
90L_10NL,3,90L_10NL_3_1,0,5250,"('s', 'sk', 'sk')",enesɡeskan,enseɡeskan
90L_10NL,3,90L_10NL_3_1,1,5250,"('s', 'sk', 'sk')",enseɡeskan,enseɡeskan
90L_10NL,3,90L_10NL_3_1,1,5250,"('s', 'sk', 'sk')",enseɡeskan,enseɡeskan
90L_10NL,3,90L_10NL_3_1,1,5250,"('s', 'sk', 'sk')",enseɡeskan,enseɡeskan
90L_10NL,3,90L_10NL_3_1,1,5250,"('s', 'sk', 'sk')",enseɡeskan,enseɡeskan
90L_10NL,3,90L_10NL_3_1,0,1750,"('s', 's', 'sk')",ensesɡan,enseɡeskan
90L_10NL,3,90L_10NL_3_1,0,1750,"('s', 's', 'sk')",ensesɡan,enseɡeskan
90L_10NL,3,90L_10NL_3_1,0,1750,"('s', 's', 'sk')",ensesɡan,enseɡeskan
90L_10NL,3,90L_10NL_3_1,1,5250,"('s', 'sk', 'sk')",enseɡeskan,enseɡeskan
90L_10NL,3,90L_10NL_3_1,1,5250,"('s', 'sk', 'sk')",enseɡeskan,enseɡeskan
90L_10NL,3,90L_10NL_3_1,1,5250,"('s', 'sk', 'sk')",enseɡeskan,enseɡeskan
90L_10NL,3,90L_10NL_3_1,1,5250,"('s', 'sk', 'sk')",enseɡeskan,enseɡeskan
90L_10NL,3,90L_10NL_3_1,1,5250,"('s', 'sk', 'sk')",enseɡeskan,enseɡeskan
90L_10NL,3,90L_10NL_3_1,1,5250,"('s', 'sk', 'sk')",enseɡeskan,enseɡeskan
90L_10NL,3,90L_10NL_3_1,0,1750,"('s', 's', 'sk')",enesɡeskan,enseɡeskan
90L_10NL,3,90L_10NL_3_1,1,1750,"('s', 's', 'sk')",enseɡeskan,enseɡeskan
90L_10NL,3,90L_10NL_3_1,1,5250,"('s', 'sk', 'sk')",enseɡeskan,enseɡeskan
90L_10NL,3,90L_10NL_3_1,0,5250,"('s', 'sk', 'sk')",enesɡeskan,enseɡeskan
90L_10NL,3,90L_10NL_3_1,0,5250,"('s', 'sk', 'sk')",enesɡeskan,enseɡeskan
90L_10NL,3,90L_10NL_3_1,0,5250,"('s', 'sk', 'sk')",enesɡeskan,enseɡeskan
90L_10NL,3,90L_10NL_3_1,0,5250,"('s', 'sk', 'sk')",enesɡeskan,enseɡeskan
90L_10NL,3,90L_10NL_3_1,0,5250,"('s', 'sk', 'sk')",enesɡeskan,enseɡeskan
90L_10NL,3,90L_10NL_3_1,1,1750,"('s', 's', 'sk')",enseɡeskan,enseɡeskan
90L_10NL,3,90L_10NL_3_1,1,5250,"('s', 'sk', 'sk')",enseɡeskan,enseɡeskan
90L_10NL,3,90L_10NL_3_1,1,5250,"('s', 'sk', 'sk')",enseɡeskan,enseɡeskan
90L_10NL,3,90L_10NL_3_1,0,5250,"('s', 'sk', 'sk')",enesɡeskan,enseɡeskan
90L_10NL,3,90L_10NL_3_1,0,5250,"('s', 'sk', 'sk')",enesɡeskan,enseɡeskan
90L_10NL,3,90L_10NL_3_1,0,5250,"('s', 'sk', 'sk')",enesɡeskan,enseɡeskan
90L_10NL,3,90L_10NL_3_1,1,5250,"('s', 'sk', 'sk')",enseɡeskan,enseɡeskan
90L_10NL,3,90L_10NL_3_1,1,5250,"('s', 'sk', 'sk')",enseɡeskan,enseɡeskan
90L_10NL,3,90L_10NL_3_1,1,5250,"('s', 'sk', 'sk')",enseɡeskan,enseɡeskan
90L_10NL,3,90L_10NL_3_1,1,5250,"('s', 'sk', 'sk')",enseɡeskan,enseɡeskan
90L_10NL,3,90L_10NL_3_1,1,5250,"('s', 'sk', 'sk')",enseɡeskan,enseɡeskan
90L_10NL,3,90L_10NL_3_1,1,5250,"('s', 'sk', 'sk')",enseɡeskan,enseɡeskan
90L_10NL,3,90L_10NL_3_1,1,5250,"('s', 'sk', 'sk')",enseɡeskan,enseɡeskan
90L_10NL,3,90L_10NL_3_1,0,2625,"('sk', 'sk', 'sk')",enesɡeskan,enseɡeskan
90L_10NL,3,90L_10NL_3_1,1,2625,"('sk', 'sk', 'sk')",enseɡeskan,enseɡeskan
90L_10NL,3,90L_10NL_3_1,1,2625,"('sk', 'sk', 'sk')",enseɡeskan,enseɡeskan
90L_10NL,3,90L_10NL_3_1,1,2625,"('sk', 'sk', 'sk')",enseɡeskan,enseɡeskan
90L_10NL,3,90L_10NL_3_1,1,2625,"('sk', 'sk', 'sk')",enseɡeskan,enseɡeskan
90L_10NL,3,90L_10NL_3_1,1,2625,"('sk', 'sk', 'sk')",enseɡeskan,enseɡeskan
90L_10NL,3,90L_10NL_3_1,1,2625,"('sk', 'sk', 'sk')",enseɡeskan,enseɡeskan
90L_10NL,3,90L_10NL_3_1,1,2625,"('sk', 'sk', 'sk')",enseɡeskan,enseɡeskan
90L_10NL,3,90L_10NL_3_1,1,2625,"('sk', 'sk', 'sk')",enseɡeskan,enseɡeskan
90L_10NL,3,90L_10NL_3_1,1,2625,"('sk', 'sk', 'sk')",enseɡeskan,enseɡeskan
90L_10NL,3,90L_10NL_3_1,1,2625,"('sk', 'sk', 'sk')",enseɡeskan,enseɡeskan
90L_10NL,3,90L_10NL_3_1,1,2625,"('sk', 'sk', 'sk')",enseɡeskan,enseɡeskan
90L_10NL,3,90L_10NL_3_1,1,2625,"('sk', 'sk', 'sk')",enseɡeskan,enseɡeskan
90L_10NL,3,90L_10NL_3_1,1,2625,"('sk', 'sk', 'sk')",enseɡeskan,enseɡeskan
90L_10NL,3,90L_10NL_3_1,1,2625,"('sk', 'sk', 'sk')",enseɡeskan,enseɡeskan
90L_10NL,3,90L_10NL_3_1,1,1750,"('s', 's', 'sk')",enseɡeskas,enseɡeskas
90L_10NL,3,90L_10NL_3_1,1,1750,"('s', 's', 'sk')",enseɡeskas,enseɡeskas
90L_10NL,3,90L_10NL_3_1,1,1750,"('s', 's', 'sk')",enseɡeskas,enseɡeskas
90L_10NL,3,90L_10NL_3_1,1,1750,"('s', 's', 'sk')",enseɡeskas,enseɡeskas
90L_10NL,3,90L_10NL_3_1,1,5250,"('s', 'sk', 'sk')",enseɡeskas,enseɡeskas
90L_10NL,3,90L_10NL_3_1,1,5250,"('s', 'sk', 'sk')",enseɡeskas,enseɡeskas
90L_10NL,3,90L_10NL_3_1,0,5250,"('s', 'sk', 'sk')",enesɡeskas,enseɡeskas
90L_10NL,3,90L_10NL_3_1,1,5250,"('s', 'sk', 'sk')",enseɡeskas,enseɡeskas
90L_10NL,3,90L_10NL_3_1,1,5250,"('s', 'sk', 'sk')",enseɡeskas,enseɡeskas
90L_10NL,3,90L_10NL_3_1,1,5250,"('s', 'sk', 'sk')",enseɡeskas,enseɡeskas
90L_10NL,3,90L_10NL_3_1,1,1750,"('s', 's', 'sk')",enseɡeskas,enseɡeskas
90L_10NL,3,90L_10NL_3_1,1,1750,"('s', 's', 'sk')",enseɡeskas,enseɡeskas
90L_10NL,3,90L_10NL_3_1,1,1750,"('s', 's', 'sk')",enseɡeskas,enseɡeskas
90L_10NL,3,90L_10NL_3_1,1,5250,"('s', 'sk', 'sk')",enseɡeskas,enseɡeskas
90L_10NL,3,90L_10NL_3_1,1,5250,"('s', 'sk', 'sk')",enseɡeskas,enseɡeskas
90L_10NL,3,90L_10NL_3_1,1,5250,"('s', 'sk', 'sk')",enseɡeskas,enseɡeskas
90L_10NL,3,90L_10NL_3_1,1,5250,"('s', 'sk', 'sk')",enseɡeskas,enseɡeskas
90L_10NL,3,90L_10NL_3_1,1,5250,"('s', 'sk', 'sk')",enseɡeskas,enseɡeskas
90L_10NL,3,90L_10NL_3_1,1,5250,"('s', 'sk', 'sk')",enseɡeskas,enseɡeskas
90L_10NL,3,90L_10NL_3_1,1,1750,"('s', 's', 'sk')",enseɡeskas,enseɡeskas
90L_10NL,3,90L_10NL_3_1,1,1750,"('s', 's', 'sk')",enseɡeskas,enseɡeskas
90L_10NL,3,90L_10NL_3_1,1,5250,"('s', 'sk', 'sk')",enseɡeskas,enseɡeskas
90L_10NL,3,90L_10NL_3_1,1,5250,"('s', 'sk', 'sk')",enseɡeskas,enseɡeskas
90L_10NL,3,90L_10NL_3_1,0,5250,"('s', 'sk', 'sk')",enesɡeskas,enseɡeskas
90L_10NL,3,90L_10NL_3_1,0,5250,"('s', 'sk', 'sk')",enesɡeskas,enseɡeskas
90L_10NL,3,90L_10NL_3_1,0,5250,"('s', 'sk', 'sk')",enesɡeskas,enseɡeskas
90L_10NL,3,90L_10NL_3_1,0,5250,"('s', 'sk', 'sk')",enesɡeskas,enseɡeskas
90L_10NL,3,90L_10NL_3_1,1,1750,"('s', 's', 'sk')",enseɡeskas,enseɡeskas
90L_10NL,3,90L_10NL_3_1,1,5250,"('s', 'sk', 'sk')",enseɡeskas,enseɡeskas
90L_10NL,3,90L_10NL_3_1,1,5250,"('s', 'sk', 'sk')",enseɡeskas,enseɡeskas
90L_10NL,3,90L_10NL_3_1,0,5250,"('s', 'sk', 'sk')",enesɡeskas,enseɡeskas
90L_10NL,3,90L_10NL_3_1,1,5250,"('s', 'sk', 'sk')",enseɡeskas,enseɡeskas
90L_10NL,3,90L_10NL_3_1,1,5250,"('s', 'sk', 'sk')",enseɡeskas,enseɡeskas
90L_10NL,3,90L_10NL_3_1,1,5250,"('s', 'sk', 'sk')",enseɡeskas,enseɡeskas
90L_10NL,3,90L_10NL_3_1,1,5250,"('s', 'sk', 'sk')",enseɡeskas,enseɡeskas
90L_10NL,3,90L_10NL_3_1,1,5250,"('s', 'sk', 'sk')",enseɡeskas,enseɡeskas
90L_10NL,3,90L_10NL_3_1,1,5250,"('s', 'sk', 'sk')",enseɡeskas,enseɡeskas
90L_10NL,3,90L_10NL_3_1,1,5250,"('s', 'sk', 'sk')",enseɡeskas,enseɡeskas
90L_10NL,3,90L_10NL_3_1,1,5250,"('s', 'sk', 'sk')",enseɡeskas,enseɡeskas
90L_10NL,3,90L_10NL_3_1,1,5250,"('s', 'sk', 'sk')",enseɡeskas,enseɡeskas
90L_10NL,3,90L_10NL_3_1,1,2625,"('sk', 'sk', 'sk')",enseɡeskas,enseɡeskas
90L_10NL,3,90L_10NL_3_1,1,2625,"('sk', 'sk', 'sk')",enseɡeskas,enseɡeskas
90L_10NL,3,90L_10NL_3_1,1,2625,"('sk', 'sk', 'sk')",enseɡeskas,enseɡeskas
90L_10NL,3,90L_10NL_3_1,1,2625,"('sk', 'sk', 'sk')",enseɡeskas,enseɡeskas
90L_10NL,3,90L_10NL_3_1,1,2625,"('sk', 'sk', 'sk')",enseɡeskas,enseɡeskas
90L_10NL,3,90L_10NL_3_1,1,2625,"('sk', 'sk', 'sk')",enseɡeskas,enseɡeskas
90L_10NL,3,90L_10NL_3_1,1,2625,"('sk', 'sk', 'sk')",enseɡeskas,enseɡeskas
90L_10NL,3,90L_10NL_3_1,1,2625,"('sk', 'sk', 'sk')",enseɡeskas,enseɡeskas
90L_10NL,3,90L_10NL_3_1,1,2625,"('sk', 'sk', 'sk')",enseɡeskas,enseɡeskas
90L_10NL,3,90L_10NL_3_1,1,2625,"('sk', 'sk', 'sk')",enseɡeskas,enseɡeskas
90L_10NL,3,90L_10NL_3_1,1,2625,"('sk', 'sk', 'sk')",enseɡeskas,enseɡeskas
90L_10NL,3,90L_10NL_3_1,1,2625,"('sk', 'sk', 'sk')",enseɡeskas,enseɡeskas
90L_10NL,3,90L_10NL_3_1,1,2625,"('sk', 'sk', 'sk')",enseɡeskas,enseɡeskas
90L_10NL,3,90L_10NL_3_1,1,2625,"('sk', 'sk', 'sk')",enseɡeskas,enseɡeskas
90L_10NL,3,90L_10NL_3_1,1,2625,"('sk', 'sk', 'sk')",enseɡeskas,enseɡeskas
90L_10NL,3,90L_10NL_3_1,1,1750,"('s', 's', 'sk')",enseɡeska,enseɡeska
90L_10NL,3,90L_10NL_3_1,1,1750,"('s', 's', 'sk')",enseɡeska,enseɡeska
90L_10NL,3,90L_10NL_3_1,1,1750,"('s', 's', 'sk')",enseɡeska,enseɡeska
90L_10NL,3,90L_10NL_3_1,1,1750,"('s', 's', 'sk')",enseɡeska,enseɡeska
90L_10NL,3,90L_10NL_3_1,1,5250,"('s', 'sk', 'sk')",enseɡeska,enseɡeska
90L_10NL,3,90L_10NL_3_1,1,5250,"('s', 'sk', 'sk')",enseɡeska,enseɡeska
90L_10NL,3,90L_10NL_3_1,1,5250,"('s', 'sk', 'sk')",enseɡeska,enseɡeska
90L_10NL,3,90L_10NL_3_1,1,5250,"('s', 'sk', 'sk')",enseɡeska,enseɡeska
90L_10NL,3,90L_10NL_3_1,1,5250,"('s', 'sk', 'sk')",enseɡeska,enseɡeska
90L_10NL,3,90L_10NL_3_1,1,5250,"('s', 'sk', 'sk')",enseɡeska,enseɡeska
90L_10NL,3,90L_10NL_3_1,1,1750,"('s', 's', 'sk')",enseɡeska,enseɡeska
90L_10NL,3,90L_10NL_3_1,1,1750,"('s', 's', 'sk')",enseɡeska,enseɡeska
90L_10NL,3,90L_10NL_3_1,1,1750,"('s', 's', 'sk')",enseɡeska,enseɡeska
90L_10NL,3,90L_10NL_3_1,1,5250,"('s', 'sk', 'sk')",enseɡeska,enseɡeska
90L_10NL,3,90L_10NL_3_1,1,5250,"('s', 'sk', 'sk')",enseɡeska,enseɡeska
90L_10NL,3,90L_10NL_3_1,1,5250,"('s', 'sk', 'sk')",enseɡeska,enseɡeska
90L_10NL,3,90L_10NL_3_1,1,5250,"('s', 'sk', 'sk')",enseɡeska,enseɡeska
90L_10NL,3,90L_10NL_3_1,1,5250,"('s', 'sk', 'sk')",enseɡeska,enseɡeska
90L_10NL,3,90L_10NL_3_1,1,5250,"('s', 'sk', 'sk')",enseɡeska,enseɡeska
90L_10NL,3,90L_10NL_3_1,1,1750,"('s', 's', 'sk')",enseɡeska,enseɡeska
90L_10NL,3,90L_10NL_3_1,1,1750,"('s', 's', 'sk')",enseɡeska,enseɡeska
90L_10NL,3,90L_10NL_3_1,1,5250,"('s', 'sk', 'sk')",enseɡeska,enseɡeska
90L_10NL,3,90L_10NL_3_1,1,5250,"('s', 'sk', 'sk')",enseɡeska,enseɡeska
90L_10NL,3,90L_10NL_3_1,0,5250,"('s', 'sk', 'sk')",enesɡeska,enseɡeska
90L_10NL,3,90L_10NL_3_1,0,5250,"('s', 'sk', 'sk')",enesɡeska,enseɡeska
90L_10NL,3,90L_10NL_3_1,1,5250,"('s', 'sk', 'sk')",enseɡeska,enseɡeska
90L_10NL,3,90L_10NL_3_1,0,5250,"('s', 'sk', 'sk')",enesɡeska,enseɡeska
90L_10NL,3,90L_10NL_3_1,1,1750,"('s', 's', 'sk')",enseɡeska,enseɡeska
90L_10NL,3,90L_10NL_3_1,1,5250,"('s', 'sk', 'sk')",enseɡeska,enseɡeska
90L_10NL,3,90L_10NL_3_1,1,5250,"('s', 'sk', 'sk')",enseɡeska,enseɡeska
90L_10NL,3,90L_10NL_3_1,0,5250,"('s', 'sk', 'sk')",enesɡeska,enseɡeska
90L_10NL,3,90L_10NL_3_1,1,5250,"('s', 'sk', 'sk')",enseɡeska,enseɡeska
90L_10NL,3,90L_10NL_3_1,1,5250,"('s', 'sk', 'sk')",enseɡeska,enseɡeska
90L_10NL,3,90L_10NL_3_1,1,5250,"('s', 'sk', 'sk')",enseɡeska,enseɡeska
90L_10NL,3,90L_10NL_3_1,1,5250,"('s', 'sk', 'sk')",enseɡeska,enseɡeska
90L_10NL,3,90L_10NL_3_1,1,5250,"('s', 'sk', 'sk')",enseɡeska,enseɡeska
90L_10NL,3,90L_10NL_3_1,1,5250,"('s', 'sk', 'sk')",enseɡeska,enseɡeska
90L_10NL,3,90L_10NL_3_1,1,5250,"('s', 'sk', 'sk')",enseɡeska,enseɡeska
90L_10NL,3,90L_10NL_3_1,1,5250,"('s', 'sk', 'sk')",enseɡeska,enseɡeska
90L_10NL,3,90L_10NL_3_1,1,5250,"('s', 'sk', 'sk')",enseɡeska,enseɡeska
90L_10NL,3,90L_10NL_3_1,0,2625,"('sk', 'sk', 'sk')",enesɡeska,enseɡeska
90L_10NL,3,90L_10NL_3_1,1,2625,"('sk', 'sk', 'sk')",enseɡeska,enseɡeska
90L_10NL,3,90L_10NL_3_1,1,2625,"('sk', 'sk', 'sk')",enseɡeska,enseɡeska
90L_10NL,3,90L_10NL_3_1,1,2625,"('sk', 'sk', 'sk')",enseɡeska,enseɡeska
90L_10NL,3,90L_10NL_3_1,1,2625,"('sk', 'sk', 'sk')",enseɡeska,enseɡeska
90L_10NL,3,90L_10NL_3_1,1,2625,"('sk', 'sk', 'sk')",enseɡeska,enseɡeska
90L_10NL,3,90L_10NL_3_1,1,2625,"('sk', 'sk', 'sk')",enseɡeska,enseɡeska
90L_10NL,3,90L_10NL_3_1,1,2625,"('sk', 'sk', 'sk')",enseɡeska,enseɡeska
90L_10NL,3,90L_10NL_3_1,1,2625,"('sk', 'sk', 'sk')",enseɡeska,enseɡeska
90L_10NL,3,90L_10NL_3_1,0,2625,"('sk', 'sk', 'sk')",enesɡeska,enseɡeska
90L_10NL,3,90L_10NL_3_1,1,2625,"('sk', 'sk', 'sk')",enseɡeska,enseɡeska
90L_10NL,3,90L_10NL_3_1,1,2625,"('sk', 'sk', 'sk')",enseɡeska,enseɡeska
90L_10NL,3,90L_10NL_3_1,1,2625,"('sk', 'sk', 'sk')",enseɡeska,enseɡeska
90L_10NL,3,90L_10NL_3_1,1,2625,"('sk', 'sk', 'sk')",enseɡeska,enseɡeska
90L_10NL,3,90L_10NL_3_1,1,2625,"('sk', 'sk', 'sk')",enseɡeska,enseɡeska
90L_10NL,3,90L_10NL_3_1,1,1750,"('s', 's', 'sk')",enseɡeska,enseɡeska
90L_10NL,3,90L_10NL_3_1,1,1750,"('s', 's', 'sk')",enseɡeska,enseɡeska
90L_10NL,3,90L_10NL_3_1,1,1750,"('s', 's', 'sk')",enseɡeska,enseɡeska
90L_10NL,3,90L_10NL_3_1,1,1750,"('s', 's', 'sk')",enseɡeska,enseɡeska
90L_10NL,3,90L_10NL_3_1,1,5250,"('s', 'sk', 'sk')",enseɡeska,enseɡeska
90L_10NL,3,90L_10NL_3_1,1,5250,"('s', 'sk', 'sk')",enseɡeska,enseɡeska
90L_10NL,3,90L_10NL_3_1,1,5250,"('s', 'sk', 'sk')",enseɡeska,enseɡeska
90L_10NL,3,90L_10NL_3_1,1,5250,"('s', 'sk', 'sk')",enseɡeska,enseɡeska
90L_10NL,3,90L_10NL_3_1,1,5250,"('s', 'sk', 'sk')",enseɡeska,enseɡeska
90L_10NL,3,90L_10NL_3_1,1,5250,"('s', 'sk', 'sk')",enseɡeska,enseɡeska
90L_10NL,3,90L_10NL_3_1,1,1750,"('s', 's', 'sk')",enseɡeska,enseɡeska
90L_10NL,3,90L_10NL_3_1,1,1750,"('s', 's', 'sk')",enseɡeska,enseɡeska
90L_10NL,3,90L_10NL_3_1,1,1750,"('s', 's', 'sk')",enseɡeska,enseɡeska
90L_10NL,3,90L_10NL_3_1,1,5250,"('s', 'sk', 'sk')",enseɡeska,enseɡeska
90L_10NL,3,90L_10NL_3_1,1,5250,"('s', 'sk', 'sk')",enseɡeska,enseɡeska
90L_10NL,3,90L_10NL_3_1,1,5250,"('s', 'sk', 'sk')",enseɡeska,enseɡeska
90L_10NL,3,90L_10NL_3_1,1,5250,"('s', 'sk', 'sk')",enseɡeska,enseɡeska
90L_10NL,3,90L_10NL_3_1,1,5250,"('s', 'sk', 'sk')",enseɡeska,enseɡeska
90L_10NL,3,90L_10NL_3_1,1,5250,"('s', 'sk', 'sk')",enseɡeska,enseɡeska
90L_10NL,3,90L_10NL_3_1,1,1750,"('s', 's', 'sk')",enseɡeska,enseɡeska
90L_10NL,3,90L_10NL_3_1,1,1750,"('s', 's', 'sk')",enseɡeska,enseɡeska
90L_10NL,3,90L_10NL_3_1,1,5250,"('s', 'sk', 'sk')",enseɡeska,enseɡeska
90L_10NL,3,90L_10NL_3_1,1,5250,"('s', 'sk', 'sk')",enseɡeska,enseɡeska
90L_10NL,3,90L_10NL_3_1,0,5250,"('s', 'sk', 'sk')",enesɡeska,enseɡeska
90L_10NL,3,90L_10NL_3_1,0,5250,"('s', 'sk', 'sk')",enesɡeska,enseɡeska
90L_10NL,3,90L_10NL_3_1,1,5250,"('s', 'sk', 'sk')",enseɡeska,enseɡeska
90L_10NL,3,90L_10NL_3_1,0,5250,"('s', 'sk', 'sk')",enesɡeska,enseɡeska
90L_10NL,3,90L_10NL_3_1,1,1750,"('s', 's', 'sk')",enseɡeska,enseɡeska
90L_10NL,3,90L_10NL_3_1,1,5250,"('s', 'sk', 'sk')",enseɡeska,enseɡeska
90L_10NL,3,90L_10NL_3_1,1,5250,"('s', 'sk', 'sk')",enseɡeska,enseɡeska
90L_10NL,3,90L_10NL_3_1,0,5250,"('s', 'sk', 'sk')",enesɡeska,enseɡeska
90L_10NL,3,90L_10NL_3_1,1,5250,"('s', 'sk', 'sk')",enseɡeska,enseɡeska
90L_10NL,3,90L_10NL_3_1,1,5250,"('s', 'sk', 'sk')",enseɡeska,enseɡeska
90L_10NL,3,90L_10NL_3_1,1,5250,"('s', 'sk', 'sk')",enseɡeska,enseɡeska
90L_10NL,3,90L_10NL_3_1,1,5250,"('s', 'sk', 'sk')",enseɡeska,enseɡeska
90L_10NL,3,90L_10NL_3_1,1,5250,"('s', 'sk', 'sk')",enseɡeska,enseɡeska
90L_10NL,3,90L_10NL_3_1,1,5250,"('s', 'sk', 'sk')",enseɡeska,enseɡeska
90L_10NL,3,90L_10NL_3_1,1,5250,"('s', 'sk', 'sk')",enseɡeska,enseɡeska
90L_10NL,3,90L_10NL_3_1,1,5250,"('s', 'sk', 'sk')",enseɡeska,enseɡeska
90L_10NL,3,90L_10NL_3_1,1,5250,"('s', 'sk', 'sk')",enseɡeska,enseɡeska
90L_10NL,3,90L_10NL_3_1,0,2625,"('sk', 'sk', 'sk')",enesɡeska,enseɡeska
90L_10NL,3,90L_10NL_3_1,1,2625,"('sk', 'sk', 'sk')",enseɡeska,enseɡeska
90L_10NL,3,90L_10NL_3_1,1,2625,"('sk', 'sk', 'sk')",enseɡeska,enseɡeska
90L_10NL,3,90L_10NL_3_1,1,2625,"('sk', 'sk', 'sk')",enseɡeska,enseɡeska
90L_10NL,3,90L_10NL_3_1,1,2625,"('sk', 'sk', 'sk')",enseɡeska,enseɡeska
90L_10NL,3,90L_10NL_3_1,1,2625,"('sk', 'sk', 'sk')",enseɡeska,enseɡeska
90L_10NL,3,90L_10NL_3_1,1,2625,"('sk', 'sk', 'sk')",enseɡeska,enseɡeska
90L_10NL,3,90L_10NL_3_1,1,2625,"('sk', 'sk', 'sk')",enseɡeska,enseɡeska
90L_10NL,3,90L_10NL_3_1,1,2625,"('sk', 'sk', 'sk')",enseɡeska,enseɡeska
90L_10NL,3,90L_10NL_3_1,0,2625,"('sk', 'sk', 'sk')",enesɡeska,enseɡeska
90L_10NL,3,90L_10NL_3_1,1,2625,"('sk', 'sk', 'sk')",enseɡeska,enseɡeska
90L_10NL,3,90L_10NL_3_1,1,2625,"('sk', 'sk', 'sk')",enseɡeska,enseɡeska
90L_10NL,3,90L_10NL_3_1,1,2625,"('sk', 'sk', 'sk')",enseɡeska,enseɡeska
90L_10NL,3,90L_10NL_3_1,1,2625,"('sk', 'sk', 'sk')",enseɡeska,enseɡeska
90L_10NL,3,90L_10NL_3_1,1,2625,"('sk', 'sk', 'sk')",enseɡeska,enseɡeska
90L_10NL,3,90L_10NL_3_1,1,1750,"('s', 's', 'sk')",enseɡesko,enseɡesko
90L_10NL,3,90L_10NL_3_1,1,1750,"('s', 's', 'sk')",enseɡesko,enseɡesko
90L_10NL,3,90L_10NL_3_1,1,1750,"('s', 's', 'sk')",enseɡesko,enseɡesko
90L_10NL,3,90L_10NL_3_1,1,1750,"('s', 's', 'sk')",enseɡesko,enseɡesko
90L_10NL,3,90L_10NL_3_1,1,5250,"('s', 'sk', 'sk')",enseɡesko,enseɡesko
90L_10NL,3,90L_10NL_3_1,1,5250,"('s', 'sk', 'sk')",enseɡesko,enseɡesko
90L_10NL,3,90L_10NL_3_1,1,5250,"('s', 'sk', 'sk')",enseɡesko,enseɡesko
90L_10NL,3,90L_10NL_3_1,1,5250,"('s', 'sk', 'sk')",enseɡesko,enseɡesko
90L_10NL,3,90L_10NL_3_1,1,5250,"('s', 'sk', 'sk')",enseɡesko,enseɡesko
90L_10NL,3,90L_10NL_3_1,1,5250,"('s', 'sk', 'sk')",enseɡesko,enseɡesko
90L_10NL,3,90L_10NL_3_1,1,1750,"('s', 's', 'sk')",enseɡesko,enseɡesko
90L_10NL,3,90L_10NL_3_1,1,1750,"('s', 's', 'sk')",enseɡesko,enseɡesko
90L_10NL,3,90L_10NL_3_1,1,1750,"('s', 's', 'sk')",enseɡesko,enseɡesko
90L_10NL,3,90L_10NL_3_1,1,5250,"('s', 'sk', 'sk')",enseɡesko,enseɡesko
90L_10NL,3,90L_10NL_3_1,1,5250,"('s', 'sk', 'sk')",enseɡesko,enseɡesko
90L_10NL,3,90L_10NL_3_1,1,5250,"('s', 'sk', 'sk')",enseɡesko,enseɡesko
90L_10NL,3,90L_10NL_3_1,1,5250,"('s', 'sk', 'sk')",enseɡesko,enseɡesko
90L_10NL,3,90L_10NL_3_1,1,5250,"('s', 'sk', 'sk')",enseɡesko,enseɡesko
90L_10NL,3,90L_10NL_3_1,1,5250,"('s', 'sk', 'sk')",enseɡesko,enseɡesko
90L_10NL,3,90L_10NL_3_1,0,1750,"('s', 's', 'sk')",enesɡesko,enseɡesko
90L_10NL,3,90L_10NL_3_1,0,1750,"('s', 's', 'sk')",enesɡesko,enseɡesko
90L_10NL,3,90L_10NL_3_1,1,5250,"('s', 'sk', 'sk')",enseɡesko,enseɡesko
90L_10NL,3,90L_10NL_3_1,1,5250,"('s', 'sk', 'sk')",enseɡesko,enseɡesko
90L_10NL,3,90L_10NL_3_1,0,5250,"('s', 'sk', 'sk')",enesɡesko,enseɡesko
90L_10NL,3,90L_10NL_3_1,0,5250,"('s', 'sk', 'sk')",enesɡesko,enseɡesko
90L_10NL,3,90L_10NL_3_1,0,5250,"('s', 'sk', 'sk')",enesɡesko,enseɡesko
90L_10NL,3,90L_10NL_3_1,0,5250,"('s', 'sk', 'sk')",enesɡesko,enseɡesko
90L_10NL,3,90L_10NL_3_1,1,1750,"('s', 's', 'sk')",enseɡesko,enseɡesko
90L_10NL,3,90L_10NL_3_1,1,5250,"('s', 'sk', 'sk')",enseɡesko,enseɡesko
90L_10NL,3,90L_10NL_3_1,1,5250,"('s', 'sk', 'sk')",enseɡesko,enseɡesko
90L_10NL,3,90L_10NL_3_1,0,5250,"('s', 'sk', 'sk')",enesɡesko,enseɡesko
90L_10NL,3,90L_10NL_3_1,1,5250,"('s', 'sk', 'sk')",enseɡesko,enseɡesko
90L_10NL,3,90L_10NL_3_1,1,5250,"('s', 'sk', 'sk')",enseɡesko,enseɡesko
90L_10NL,3,90L_10NL_3_1,1,5250,"('s', 'sk', 'sk')",enseɡesko,enseɡesko
90L_10NL,3,90L_10NL_3_1,1,5250,"('s', 'sk', 'sk')",enseɡesko,enseɡesko
90L_10NL,3,90L_10NL_3_1,1,5250,"('s', 'sk', 'sk')",enseɡesko,enseɡesko
90L_10NL,3,90L_10NL_3_1,1,5250,"('s', 'sk', 'sk')",enseɡesko,enseɡesko
90L_10NL,3,90L_10NL_3_1,1,5250,"('s', 'sk', 'sk')",enseɡesko,enseɡesko
90L_10NL,3,90L_10NL_3_1,1,5250,"('s', 'sk', 'sk')",enseɡesko,enseɡesko
90L_10NL,3,90L_10NL_3_1,1,5250,"('s', 'sk', 'sk')",enseɡesko,enseɡesko
90L_10NL,3,90L_10NL_3_1,1,2625,"('sk', 'sk', 'sk')",enseɡesko,enseɡesko
90L_10NL,3,90L_10NL_3_1,1,2625,"('sk', 'sk', 'sk')",enseɡesko,enseɡesko
90L_10NL,3,90L_10NL_3_1,1,2625,"('sk', 'sk', 'sk')",enseɡesko,enseɡesko
90L_10NL,3,90L_10NL_3_1,1,2625,"('sk', 'sk', 'sk')",enseɡesko,enseɡesko
90L_10NL,3,90L_10NL_3_1,1,2625,"('sk', 'sk', 'sk')",enseɡesko,enseɡesko
90L_10NL,3,90L_10NL_3_1,1,2625,"('sk', 'sk', 'sk')",enseɡesko,enseɡesko
90L_10NL,3,90L_10NL_3_1,1,2625,"('sk', 'sk', 'sk')",enseɡesko,enseɡesko
90L_10NL,3,90L_10NL_3_1,1,2625,"('sk', 'sk', 'sk')",enseɡesko,enseɡesko
90L_10NL,3,90L_10NL_3_1,1,2625,"('sk', 'sk', 'sk')",enseɡesko,enseɡesko
90L_10NL,3,90L_10NL_3_1,1,2625,"('sk', 'sk', 'sk')",enseɡesko,enseɡesko
90L_10NL,3,90L_10NL_3_1,1,2625,"('sk', 'sk', 'sk')",enseɡesko,enseɡesko
90L_10NL,3,90L_10NL_3_1,1,2625,"('sk', 'sk', 'sk')",enseɡesko,enseɡesko
90L_10NL,3,90L_10NL_3_1,1,2625,"('sk', 'sk', 'sk')",enseɡesko,enseɡesko
90L_10NL,3,90L_10NL_3_1,1,2625,"('sk', 'sk', 'sk')",enseɡesko,enseɡesko
90L_10NL,3,90L_10NL_3_1,1,2625,"('sk', 'sk', 'sk')",enseɡesko,enseɡesko
90L_10NL,3,90L_10NL_3_1,1,1085,"('s', 's', 's')",desfaboɾesejs,desfaboɾesejs
90L_10NL,3,90L_10NL_3_1,1,1085,"('s', 's', 's')",desfaboɾesejs,desfaboɾesejs
90L_10NL,3,90L_10NL_3_1,1,1085,"('s', 's', 's')",desfaboɾesejs,desfaboɾesejs
90L_10NL,3,90L_10NL_3_1,1,3500,"('s', 'sk', 's')",desfaboɾesejs,desfaboɾesejs
90L_10NL,3,90L_10NL_3_1,1,3500,"('s', 'sk', 's')",desfaboɾesejs,desfaboɾesejs
90L_10NL,3,90L_10NL_3_1,1,3500,"('s', 'sk', 's')",desfaboɾesejs,desfaboɾesejs
90L_10NL,3,90L_10NL_3_1,1,3500,"('s', 'sk', 's')",desfaboɾesejs,desfaboɾesejs
90L_10NL,3,90L_10NL_3_1,1,3500,"('s', 'sk', 's')",desfaboɾesejs,desfaboɾesejs
90L_10NL,3,90L_10NL_3_1,1,3500,"('s', 'sk', 's')",desfaboɾesejs,desfaboɾesejs
90L_10NL,3,90L_10NL_3_1,1,3500,"('s', 'sk', 's')",desfaboɾesejs,desfaboɾesejs
90L_10NL,3,90L_10NL_3_1,1,1085,"('s', 's', 's')",desfaboɾesejs,desfaboɾesejs
90L_10NL,3,90L_10NL_3_1,1,1085,"('s', 's', 's')",desfaboɾesejs,desfaboɾesejs
90L_10NL,3,90L_10NL_3_1,1,3500,"('s', 'sk', 's')",desfaboɾesejs,desfaboɾesejs
90L_10NL,3,90L_10NL_3_1,1,3500,"('s', 'sk', 's')",desfaboɾesejs,desfaboɾesejs
90L_10NL,3,90L_10NL_3_1,1,3500,"('s', 'sk', 's')",desfaboɾesejs,desfaboɾesejs
90L_10NL,3,90L_10NL_3_1,1,3500,"('s', 'sk', 's')",desfaboɾesejs,desfaboɾesejs
90L_10NL,3,90L_10NL_3_1,1,3500,"('s', 'sk', 's')",desfaboɾesejs,desfaboɾesejs
90L_10NL,3,90L_10NL_3_1,1,3500,"('s', 'sk', 's')",desfaboɾesejs,desfaboɾesejs
90L_10NL,3,90L_10NL_3_1,1,3500,"('s', 'sk', 's')",desfaboɾesejs,desfaboɾesejs
90L_10NL,3,90L_10NL_3_1,1,1085,"('s', 's', 's')",desfaboɾesejs,desfaboɾesejs
90L_10NL,3,90L_10NL_3_1,1,3500,"('s', 'sk', 's')",desfaboɾesejs,desfaboɾesejs
90L_10NL,3,90L_10NL_3_1,1,3500,"('s', 'sk', 's')",desfaboɾesejs,desfaboɾesejs
90L_10NL,3,90L_10NL_3_1,1,3500,"('s', 'sk', 's')",desfaboɾesejs,desfaboɾesejs
90L_10NL,3,90L_10NL_3_1,1,3500,"('s', 'sk', 's')",desfaboɾesejs,desfaboɾesejs
90L_10NL,3,90L_10NL_3_1,1,3500,"('s', 'sk', 's')",desfaboɾesejs,desfaboɾesejs
90L_10NL,3,90L_10NL_3_1,1,3500,"('s', 'sk', 's')",desfaboɾesejs,desfaboɾesejs
90L_10NL,3,90L_10NL_3_1,1,3500,"('s', 'sk', 's')",desfaboɾesejs,desfaboɾesejs
90L_10NL,3,90L_10NL_3_1,1,3500,"('s', 'sk', 's')",desfaboɾesejs,desfaboɾesejs
90L_10NL,3,90L_10NL_3_1,1,3500,"('s', 'sk', 's')",desfaboɾesejs,desfaboɾesejs
90L_10NL,3,90L_10NL_3_1,1,3500,"('s', 'sk', 's')",desfaboɾesejs,desfaboɾesejs
90L_10NL,3,90L_10NL_3_1,1,3500,"('s', 'sk', 's')",desfaboɾesejs,desfaboɾesejs
90L_10NL,3,90L_10NL_3_1,1,3500,"('s', 'sk', 's')",desfaboɾesejs,desfaboɾesejs
90L_10NL,3,90L_10NL_3_1,1,3500,"('s', 'sk', 's')",desfaboɾesejs,desfaboɾesejs
90L_10NL,3,90L_10NL_3_1,1,3500,"('s', 'sk', 's')",desfaboɾesejs,desfaboɾesejs
90L_10NL,3,90L_10NL_3_1,1,2625,"('sk', 'sk', 's')",desfaboɾesejs,desfaboɾesejs
90L_10NL,3,90L_10NL_3_1,1,2625,"('sk', 'sk', 's')",desfaboɾesejs,desfaboɾesejs
90L_10NL,3,90L_10NL_3_1,1,2625,"('sk', 'sk', 's')",desfaboɾesejs,desfaboɾesejs
90L_10NL,3,90L_10NL_3_1,1,2625,"('sk', 'sk', 's')",desfaboɾesejs,desfaboɾesejs
90L_10NL,3,90L_10NL_3_1,1,2625,"('sk', 'sk', 's')",desfaboɾesejs,desfaboɾesejs
90L_10NL,3,90L_10NL_3_1,1,2625,"('sk', 'sk', 's')",desfaboɾesejs,desfaboɾesejs
90L_10NL,3,90L_10NL_3_1,1,2625,"('sk', 'sk', 's')",desfaboɾesejs,desfaboɾesejs
90L_10NL,3,90L_10NL_3_1,1,2625,"('sk', 'sk', 's')",desfaboɾesejs,desfaboɾesejs
90L_10NL,3,90L_10NL_3_1,1,2625,"('sk', 'sk', 's')",desfaboɾesejs,desfaboɾesejs
90L_10NL,3,90L_10NL_3_1,1,2625,"('sk', 'sk', 's')",desfaboɾesejs,desfaboɾesejs
90L_10NL,3,90L_10NL_3_1,1,2625,"('sk', 'sk', 's')",desfaboɾesejs,desfaboɾesejs
90L_10NL,3,90L_10NL_3_1,1,2625,"('sk', 'sk', 's')",desfaboɾesejs,desfaboɾesejs
90L_10NL,3,90L_10NL_3_1,1,2625,"('sk', 'sk', 's')",desfaboɾesejs,desfaboɾesejs
90L_10NL,3,90L_10NL_3_1,1,2625,"('sk', 'sk', 's')",desfaboɾesejs,desfaboɾesejs
90L_10NL,3,90L_10NL_3_1,1,2625,"('sk', 'sk', 's')",desfaboɾesejs,desfaboɾesejs
90L_10NL,3,90L_10NL_3_1,1,2625,"('sk', 'sk', 's')",desfaboɾesejs,desfaboɾesejs
90L_10NL,3,90L_10NL_3_1,1,2625,"('sk', 'sk', 's')",desfaboɾesejs,desfaboɾesejs
90L_10NL,3,90L_10NL_3_1,1,2625,"('sk', 'sk', 's')",desfaboɾesejs,desfaboɾesejs
90L_10NL,3,90L_10NL_3_1,1,2625,"('sk', 'sk', 's')",desfaboɾesejs,desfaboɾesejs
90L_10NL,3,90L_10NL_3_1,1,2625,"('sk', 'sk', 's')",desfaboɾesejs,desfaboɾesejs
90L_10NL,3,90L_10NL_3_1,1,2625,"('sk', 'sk', 's')",desfaboɾesejs,desfaboɾesejs
90L_10NL,3,90L_10NL_3_1,1,1085,"('s', 's', 's')",desfaboɾesemos,desfaboɾesemos
90L_10NL,3,90L_10NL_3_1,1,1085,"('s', 's', 's')",desfaboɾesemos,desfaboɾesemos
90L_10NL,3,90L_10NL_3_1,1,1085,"('s', 's', 's')",desfaboɾesemos,desfaboɾesemos
90L_10NL,3,90L_10NL_3_1,1,3500,"('s', 'sk', 's')",desfaboɾesemos,desfaboɾesemos
90L_10NL,3,90L_10NL_3_1,1,3500,"('s', 'sk', 's')",desfaboɾesemos,desfaboɾesemos
90L_10NL,3,90L_10NL_3_1,1,3500,"('s', 'sk', 's')",desfaboɾesemos,desfaboɾesemos
90L_10NL,3,90L_10NL_3_1,1,3500,"('s', 'sk', 's')",desfaboɾesemos,desfaboɾesemos
90L_10NL,3,90L_10NL_3_1,1,3500,"('s', 'sk', 's')",desfaboɾesemos,desfaboɾesemos
90L_10NL,3,90L_10NL_3_1,1,3500,"('s', 'sk', 's')",desfaboɾesemos,desfaboɾesemos
90L_10NL,3,90L_10NL_3_1,1,3500,"('s', 'sk', 's')",desfaboɾesemos,desfaboɾesemos
90L_10NL,3,90L_10NL_3_1,1,1085,"('s', 's', 's')",desfaboɾesemos,desfaboɾesemos
90L_10NL,3,90L_10NL_3_1,1,1085,"('s', 's', 's')",desfaboɾesemos,desfaboɾesemos
90L_10NL,3,90L_10NL_3_1,1,3500,"('s', 'sk', 's')",desfaboɾesemos,desfaboɾesemos
90L_10NL,3,90L_10NL_3_1,1,3500,"('s', 'sk', 's')",desfaboɾesemos,desfaboɾesemos
90L_10NL,3,90L_10NL_3_1,1,3500,"('s', 'sk', 's')",desfaboɾesemos,desfaboɾesemos
90L_10NL,3,90L_10NL_3_1,1,3500,"('s', 'sk', 's')",desfaboɾesemos,desfaboɾesemos
90L_10NL,3,90L_10NL_3_1,1,3500,"('s', 'sk', 's')",desfaboɾesemos,desfaboɾesemos
90L_10NL,3,90L_10NL_3_1,1,3500,"('s', 'sk', 's')",desfaboɾesemos,desfaboɾesemos
90L_10NL,3,90L_10NL_3_1,1,3500,"('s', 'sk', 's')",desfaboɾesemos,desfaboɾesemos
90L_10NL,3,90L_10NL_3_1,1,1085,"('s', 's', 's')",desfaboɾesemos,desfaboɾesemos
90L_10NL,3,90L_10NL_3_1,1,3500,"('s', 'sk', 's')",desfaboɾesemos,desfaboɾesemos
90L_10NL,3,90L_10NL_3_1,1,3500,"('s', 'sk', 's')",desfaboɾesemos,desfaboɾesemos
90L_10NL,3,90L_10NL_3_1,1,3500,"('s', 'sk', 's')",desfaboɾesemos,desfaboɾesemos
90L_10NL,3,90L_10NL_3_1,1,3500,"('s', 'sk', 's')",desfaboɾesemos,desfaboɾesemos
90L_10NL,3,90L_10NL_3_1,1,3500,"('s', 'sk', 's')",desfaboɾesemos,desfaboɾesemos
90L_10NL,3,90L_10NL_3_1,1,3500,"('s', 'sk', 's')",desfaboɾesemos,desfaboɾesemos
90L_10NL,3,90L_10NL_3_1,1,3500,"('s', 'sk', 's')",desfaboɾesemos,desfaboɾesemos
90L_10NL,3,90L_10NL_3_1,1,3500,"('s', 'sk', 's')",desfaboɾesemos,desfaboɾesemos
90L_10NL,3,90L_10NL_3_1,1,3500,"('s', 'sk', 's')",desfaboɾesemos,desfaboɾesemos
90L_10NL,3,90L_10NL_3_1,1,3500,"('s', 'sk', 's')",desfaboɾesemos,desfaboɾesemos
90L_10NL,3,90L_10NL_3_1,1,3500,"('s', 'sk', 's')",desfaboɾesemos,desfaboɾesemos
90L_10NL,3,90L_10NL_3_1,1,3500,"('s', 'sk', 's')",desfaboɾesemos,desfaboɾesemos
90L_10NL,3,90L_10NL_3_1,1,3500,"('s', 'sk', 's')",desfaboɾesemos,desfaboɾesemos
90L_10NL,3,90L_10NL_3_1,1,3500,"('s', 'sk', 's')",desfaboɾesemos,desfaboɾesemos
90L_10NL,3,90L_10NL_3_1,1,2625,"('sk', 'sk', 's')",desfaboɾesemos,desfaboɾesemos
90L_10NL,3,90L_10NL_3_1,1,2625,"('sk', 'sk', 's')",desfaboɾesemos,desfaboɾesemos
90L_10NL,3,90L_10NL_3_1,1,2625,"('sk', 'sk', 's')",desfaboɾesemos,desfaboɾesemos
90L_10NL,3,90L_10NL_3_1,1,2625,"('sk', 'sk', 's')",desfaboɾesemos,desfaboɾesemos
90L_10NL,3,90L_10NL_3_1,1,2625,"('sk', 'sk', 's')",desfaboɾesemos,desfaboɾesemos
90L_10NL,3,90L_10NL_3_1,1,2625,"('sk', 'sk', 's')",desfaboɾesemos,desfaboɾesemos
90L_10NL,3,90L_10NL_3_1,1,2625,"('sk', 'sk', 's')",desfaboɾesemos,desfaboɾesemos
90L_10NL,3,90L_10NL_3_1,1,2625,"('sk', 'sk', 's')",desfaboɾesemos,desfaboɾesemos
90L_10NL,3,90L_10NL_3_1,1,2625,"('sk', 'sk', 's')",desfaboɾesemos,desfaboɾesemos
90L_10NL,3,90L_10NL_3_1,1,2625,"('sk', 'sk', 's')",desfaboɾesemos,desfaboɾesemos
90L_10NL,3,90L_10NL_3_1,1,2625,"('sk', 'sk', 's')",desfaboɾesemos,desfaboɾesemos
90L_10NL,3,90L_10NL_3_1,1,2625,"('sk', 'sk', 's')",desfaboɾesemos,desfaboɾesemos
90L_10NL,3,90L_10NL_3_1,1,2625,"('sk', 'sk', 's')",desfaboɾesemos,desfaboɾesemos
90L_10NL,3,90L_10NL_3_1,1,2625,"('sk', 'sk', 's')",desfaboɾesemos,desfaboɾesemos
90L_10NL,3,90L_10NL_3_1,1,2625,"('sk', 'sk', 's')",desfaboɾesemos,desfaboɾesemos
90L_10NL,3,90L_10NL_3_1,1,2625,"('sk', 'sk', 's')",desfaboɾesemos,desfaboɾesemos
90L_10NL,3,90L_10NL_3_1,1,2625,"('sk', 'sk', 's')",desfaboɾesemos,desfaboɾesemos
90L_10NL,3,90L_10NL_3_1,1,2625,"('sk', 'sk', 's')",desfaboɾesemos,desfaboɾesemos
90L_10NL,3,90L_10NL_3_1,1,2625,"('sk', 'sk', 's')",desfaboɾesemos,desfaboɾesemos
90L_10NL,3,90L_10NL_3_1,1,2625,"('sk', 'sk', 's')",desfaboɾesemos,desfaboɾesemos
90L_10NL,3,90L_10NL_3_1,1,2625,"('sk', 'sk', 's')",desfaboɾesemos,desfaboɾesemos
90L_10NL,3,90L_10NL_3_1,1,1085,"('s', 's', 's')",desfaboɾesen,desfaboɾesen
90L_10NL,3,90L_10NL_3_1,1,1085,"('s', 's', 's')",desfaboɾesen,desfaboɾesen
90L_10NL,3,90L_10NL_3_1,1,1085,"('s', 's', 's')",desfaboɾesen,desfaboɾesen
90L_10NL,3,90L_10NL_3_1,1,3500,"('s', 'sk', 's')",desfaboɾesen,desfaboɾesen
90L_10NL,3,90L_10NL_3_1,1,3500,"('s', 'sk', 's')",desfaboɾesen,desfaboɾesen
90L_10NL,3,90L_10NL_3_1,1,3500,"('s', 'sk', 's')",desfaboɾesen,desfaboɾesen
90L_10NL,3,90L_10NL_3_1,1,3500,"('s', 'sk', 's')",desfaboɾesen,desfaboɾesen
90L_10NL,3,90L_10NL_3_1,1,3500,"('s', 'sk', 's')",desfaboɾesen,desfaboɾesen
90L_10NL,3,90L_10NL_3_1,1,3500,"('s', 'sk', 's')",desfaboɾesen,desfaboɾesen
90L_10NL,3,90L_10NL_3_1,1,3500,"('s', 'sk', 's')",desfaboɾesen,desfaboɾesen
90L_10NL,3,90L_10NL_3_1,1,1085,"('s', 's', 's')",desfaboɾesen,desfaboɾesen
90L_10NL,3,90L_10NL_3_1,1,1085,"('s', 's', 's')",desfaboɾesen,desfaboɾesen
90L_10NL,3,90L_10NL_3_1,1,3500,"('s', 'sk', 's')",desfaboɾesen,desfaboɾesen
90L_10NL,3,90L_10NL_3_1,1,3500,"('s', 'sk', 's')",desfaboɾesen,desfaboɾesen
90L_10NL,3,90L_10NL_3_1,1,3500,"('s', 'sk', 's')",desfaboɾesen,desfaboɾesen
90L_10NL,3,90L_10NL_3_1,1,3500,"('s', 'sk', 's')",desfaboɾesen,desfaboɾesen
90L_10NL,3,90L_10NL_3_1,1,3500,"('s', 'sk', 's')",desfaboɾesen,desfaboɾesen
90L_10NL,3,90L_10NL_3_1,1,3500,"('s', 'sk', 's')",desfaboɾesen,desfaboɾesen
90L_10NL,3,90L_10NL_3_1,1,3500,"('s', 'sk', 's')",desfaboɾesen,desfaboɾesen
90L_10NL,3,90L_10NL_3_1,1,1085,"('s', 's', 's')",desfaboɾesen,desfaboɾesen
90L_10NL,3,90L_10NL_3_1,1,3500,"('s', 'sk', 's')",desfaboɾesen,desfaboɾesen
90L_10NL,3,90L_10NL_3_1,1,3500,"('s', 'sk', 's')",desfaboɾesen,desfaboɾesen
90L_10NL,3,90L_10NL_3_1,1,3500,"('s', 'sk', 's')",desfaboɾesen,desfaboɾesen
90L_10NL,3,90L_10NL_3_1,1,3500,"('s', 'sk', 's')",desfaboɾesen,desfaboɾesen
90L_10NL,3,90L_10NL_3_1,1,3500,"('s', 'sk', 's')",desfaboɾesen,desfaboɾesen
90L_10NL,3,90L_10NL_3_1,1,3500,"('s', 'sk', 's')",desfaboɾesen,desfaboɾesen
90L_10NL,3,90L_10NL_3_1,1,3500,"('s', 'sk', 's')",desfaboɾesen,desfaboɾesen
90L_10NL,3,90L_10NL_3_1,1,3500,"('s', 'sk', 's')",desfaboɾesen,desfaboɾesen
90L_10NL,3,90L_10NL_3_1,1,3500,"('s', 'sk', 's')",desfaboɾesen,desfaboɾesen
90L_10NL,3,90L_10NL_3_1,1,3500,"('s', 'sk', 's')",desfaboɾesen,desfaboɾesen
90L_10NL,3,90L_10NL_3_1,1,3500,"('s', 'sk', 's')",desfaboɾesen,desfaboɾesen
90L_10NL,3,90L_10NL_3_1,1,3500,"('s', 'sk', 's')",desfaboɾesen,desfaboɾesen
90L_10NL,3,90L_10NL_3_1,1,3500,"('s', 'sk', 's')",desfaboɾesen,desfaboɾesen
90L_10NL,3,90L_10NL_3_1,1,3500,"('s', 'sk', 's')",desfaboɾesen,desfaboɾesen
90L_10NL,3,90L_10NL_3_1,1,2625,"('sk', 'sk', 's')",desfaboɾesen,desfaboɾesen
90L_10NL,3,90L_10NL_3_1,1,2625,"('sk', 'sk', 's')",desfaboɾesen,desfaboɾesen
90L_10NL,3,90L_10NL_3_1,1,2625,"('sk', 'sk', 's')",desfaboɾesen,desfaboɾesen
90L_10NL,3,90L_10NL_3_1,1,2625,"('sk', 'sk', 's')",desfaboɾesen,desfaboɾesen
90L_10NL,3,90L_10NL_3_1,1,2625,"('sk', 'sk', 's')",desfaboɾesen,desfaboɾesen
90L_10NL,3,90L_10NL_3_1,1,2625,"('sk', 'sk', 's')",desfaboɾesen,desfaboɾesen
90L_10NL,3,90L_10NL_3_1,1,2625,"('sk', 'sk', 's')",desfaboɾesen,desfaboɾesen
90L_10NL,3,90L_10NL_3_1,1,2625,"('sk', 'sk', 's')",desfaboɾesen,desfaboɾesen
90L_10NL,3,90L_10NL_3_1,1,2625,"('sk', 'sk', 's')",desfaboɾesen,desfaboɾesen
90L_10NL,3,90L_10NL_3_1,1,2625,"('sk', 'sk', 's')",desfaboɾesen,desfaboɾesen
90L_10NL,3,90L_10NL_3_1,1,2625,"('sk', 'sk', 's')",desfaboɾesen,desfaboɾesen
90L_10NL,3,90L_10NL_3_1,1,2625,"('sk', 'sk', 's')",desfaboɾesen,desfaboɾesen
90L_10NL,3,90L_10NL_3_1,1,2625,"('sk', 'sk', 's')",desfaboɾesen,desfaboɾesen
90L_10NL,3,90L_10NL_3_1,1,2625,"('sk', 'sk', 's')",desfaboɾesen,desfaboɾesen
90L_10NL,3,90L_10NL_3_1,1,2625,"('sk', 'sk', 's')",desfaboɾesen,desfaboɾesen
90L_10NL,3,90L_10NL_3_1,1,2625,"('sk', 'sk', 's')",desfaboɾesen,desfaboɾesen
90L_10NL,3,90L_10NL_3_1,1,2625,"('sk', 'sk', 's')",desfaboɾesen,desfaboɾesen
90L_10NL,3,90L_10NL_3_1,1,2625,"('sk', 'sk', 's')",desfaboɾesen,desfaboɾesen
90L_10NL,3,90L_10NL_3_1,1,2625,"('sk', 'sk', 's')",desfaboɾesen,desfaboɾesen
90L_10NL,3,90L_10NL_3_1,1,2625,"('sk', 'sk', 's')",desfaboɾesen,desfaboɾesen
90L_10NL,3,90L_10NL_3_1,1,2625,"('sk', 'sk', 's')",desfaboɾesen,desfaboɾesen
90L_10NL,3,90L_10NL_3_1,1,1085,"('s', 's', 's')",desfaboɾeses,desfaboɾeses
90L_10NL,3,90L_10NL_3_1,1,1085,"('s', 's', 's')",desfaboɾeses,desfaboɾeses
90L_10NL,3,90L_10NL_3_1,1,1085,"('s', 's', 's')",desfaboɾeses,desfaboɾeses
90L_10NL,3,90L_10NL_3_1,1,3500,"('s', 'sk', 's')",desfaboɾeses,desfaboɾeses
90L_10NL,3,90L_10NL_3_1,1,3500,"('s', 'sk', 's')",desfaboɾeses,desfaboɾeses
90L_10NL,3,90L_10NL_3_1,1,3500,"('s', 'sk', 's')",desfaboɾeses,desfaboɾeses
90L_10NL,3,90L_10NL_3_1,1,3500,"('s', 'sk', 's')",desfaboɾeses,desfaboɾeses
90L_10NL,3,90L_10NL_3_1,1,3500,"('s', 'sk', 's')",desfaboɾeses,desfaboɾeses
90L_10NL,3,90L_10NL_3_1,1,3500,"('s', 'sk', 's')",desfaboɾeses,desfaboɾeses
90L_10NL,3,90L_10NL_3_1,1,3500,"('s', 'sk', 's')",desfaboɾeses,desfaboɾeses
90L_10NL,3,90L_10NL_3_1,1,1085,"('s', 's', 's')",desfaboɾeses,desfaboɾeses
90L_10NL,3,90L_10NL_3_1,1,1085,"('s', 's', 's')",desfaboɾeses,desfaboɾeses
90L_10NL,3,90L_10NL_3_1,1,3500,"('s', 'sk', 's')",desfaboɾeses,desfaboɾeses
90L_10NL,3,90L_10NL_3_1,1,3500,"('s', 'sk', 's')",desfaboɾeses,desfaboɾeses
90L_10NL,3,90L_10NL_3_1,1,3500,"('s', 'sk', 's')",desfaboɾeses,desfaboɾeses
90L_10NL,3,90L_10NL_3_1,1,3500,"('s', 'sk', 's')",desfaboɾeses,desfaboɾeses
90L_10NL,3,90L_10NL_3_1,1,3500,"('s', 'sk', 's')",desfaboɾeses,desfaboɾeses
90L_10NL,3,90L_10NL_3_1,1,3500,"('s', 'sk', 's')",desfaboɾeses,desfaboɾeses
90L_10NL,3,90L_10NL_3_1,1,3500,"('s', 'sk', 's')",desfaboɾeses,desfaboɾeses
90L_10NL,3,90L_10NL_3_1,1,1085,"('s', 's', 's')",desfaboɾeses,desfaboɾeses
90L_10NL,3,90L_10NL_3_1,1,3500,"('s', 'sk', 's')",desfaboɾeses,desfaboɾeses
90L_10NL,3,90L_10NL_3_1,1,3500,"('s', 'sk', 's')",desfaboɾeses,desfaboɾeses
90L_10NL,3,90L_10NL_3_1,1,3500,"('s', 'sk', 's')",desfaboɾeses,desfaboɾeses
90L_10NL,3,90L_10NL_3_1,1,3500,"('s', 'sk', 's')",desfaboɾeses,desfaboɾeses
90L_10NL,3,90L_10NL_3_1,1,3500,"('s', 'sk', 's')",desfaboɾeses,desfaboɾeses
90L_10NL,3,90L_10NL_3_1,1,3500,"('s', 'sk', 's')",desfaboɾeses,desfaboɾeses
90L_10NL,3,90L_10NL_3_1,1,3500,"('s', 'sk', 's')",desfaboɾeses,desfaboɾeses
90L_10NL,3,90L_10NL_3_1,1,3500,"('s', 'sk', 's')",desfaboɾeses,desfaboɾeses
90L_10NL,3,90L_10NL_3_1,1,3500,"('s', 'sk', 's')",desfaboɾeses,desfaboɾeses
90L_10NL,3,90L_10NL_3_1,1,3500,"('s', 'sk', 's')",desfaboɾeses,desfaboɾeses
90L_10NL,3,90L_10NL_3_1,1,3500,"('s', 'sk', 's')",desfaboɾeses,desfaboɾeses
90L_10NL,3,90L_10NL_3_1,1,3500,"('s', 'sk', 's')",desfaboɾeses,desfaboɾeses
90L_10NL,3,90L_10NL_3_1,1,3500,"('s', 'sk', 's')",desfaboɾeses,desfaboɾeses
90L_10NL,3,90L_10NL_3_1,1,3500,"('s', 'sk', 's')",desfaboɾeses,desfaboɾeses
90L_10NL,3,90L_10NL_3_1,1,2625,"('sk', 'sk', 's')",desfaboɾeses,desfaboɾeses
90L_10NL,3,90L_10NL_3_1,1,2625,"('sk', 'sk', 's')",desfaboɾeses,desfaboɾeses
90L_10NL,3,90L_10NL_3_1,1,2625,"('sk', 'sk', 's')",desfaboɾeses,desfaboɾeses
90L_10NL,3,90L_10NL_3_1,1,2625,"('sk', 'sk', 's')",desfaboɾeses,desfaboɾeses
90L_10NL,3,90L_10NL_3_1,1,2625,"('sk', 'sk', 's')",desfaboɾeses,desfaboɾeses
90L_10NL,3,90L_10NL_3_1,1,2625,"('sk', 'sk', 's')",desfaboɾeses,desfaboɾeses
90L_10NL,3,90L_10NL_3_1,1,2625,"('sk', 'sk', 's')",desfaboɾeses,desfaboɾeses
90L_10NL,3,90L_10NL_3_1,1,2625,"('sk', 'sk', 's')",desfaboɾeses,desfaboɾeses
90L_10NL,3,90L_10NL_3_1,1,2625,"('sk', 'sk', 's')",desfaboɾeses,desfaboɾeses
90L_10NL,3,90L_10NL_3_1,1,2625,"('sk', 'sk', 's')",desfaboɾeses,desfaboɾeses
90L_10NL,3,90L_10NL_3_1,1,2625,"('sk', 'sk', 's')",desfaboɾeses,desfaboɾeses
90L_10NL,3,90L_10NL_3_1,1,2625,"('sk', 'sk', 's')",desfaboɾeses,desfaboɾeses
90L_10NL,3,90L_10NL_3_1,1,2625,"('sk', 'sk', 's')",desfaboɾeses,desfaboɾeses
90L_10NL,3,90L_10NL_3_1,1,2625,"('sk', 'sk', 's')",desfaboɾeses,desfaboɾeses
90L_10NL,3,90L_10NL_3_1,1,2625,"('sk', 'sk', 's')",desfaboɾeses,desfaboɾeses
90L_10NL,3,90L_10NL_3_1,1,2625,"('sk', 'sk', 's')",desfaboɾeses,desfaboɾeses
90L_10NL,3,90L_10NL_3_1,1,2625,"('sk', 'sk', 's')",desfaboɾeses,desfaboɾeses
90L_10NL,3,90L_10NL_3_1,1,2625,"('sk', 'sk', 's')",desfaboɾeses,desfaboɾeses
90L_10NL,3,90L_10NL_3_1,1,2625,"('sk', 'sk', 's')",desfaboɾeses,desfaboɾeses
90L_10NL,3,90L_10NL_3_1,1,2625,"('sk', 'sk', 's')",desfaboɾeses,desfaboɾeses
90L_10NL,3,90L_10NL_3_1,1,2625,"('sk', 'sk', 's')",desfaboɾeses,desfaboɾeses
90L_10NL,3,90L_10NL_3_1,1,1085,"('s', 's', 's')",desfaboɾese,desfaboɾese
90L_10NL,3,90L_10NL_3_1,1,1085,"('s', 's', 's')",desfaboɾese,desfaboɾese
90L_10NL,3,90L_10NL_3_1,1,1085,"('s', 's', 's')",desfaboɾese,desfaboɾese
90L_10NL,3,90L_10NL_3_1,1,3500,"('s', 'sk', 's')",desfaboɾese,desfaboɾese
90L_10NL,3,90L_10NL_3_1,1,3500,"('s', 'sk', 's')",desfaboɾese,desfaboɾese
90L_10NL,3,90L_10NL_3_1,1,3500,"('s', 'sk', 's')",desfaboɾese,desfaboɾese
90L_10NL,3,90L_10NL_3_1,1,3500,"('s', 'sk', 's')",desfaboɾese,desfaboɾese
90L_10NL,3,90L_10NL_3_1,1,3500,"('s', 'sk', 's')",desfaboɾese,desfaboɾese
90L_10NL,3,90L_10NL_3_1,1,3500,"('s', 'sk', 's')",desfaboɾese,desfaboɾese
90L_10NL,3,90L_10NL_3_1,1,3500,"('s', 'sk', 's')",desfaboɾese,desfaboɾese
90L_10NL,3,90L_10NL_3_1,1,1085,"('s', 's', 's')",desfaboɾese,desfaboɾese
90L_10NL,3,90L_10NL_3_1,1,1085,"('s', 's', 's')",desfaboɾese,desfaboɾese
90L_10NL,3,90L_10NL_3_1,1,3500,"('s', 'sk', 's')",desfaboɾese,desfaboɾese
90L_10NL,3,90L_10NL_3_1,1,3500,"('s', 'sk', 's')",desfaboɾese,desfaboɾese
90L_10NL,3,90L_10NL_3_1,1,3500,"('s', 'sk', 's')",desfaboɾese,desfaboɾese
90L_10NL,3,90L_10NL_3_1,1,3500,"('s', 'sk', 's')",desfaboɾese,desfaboɾese
90L_10NL,3,90L_10NL_3_1,1,3500,"('s', 'sk', 's')",desfaboɾese,desfaboɾese
90L_10NL,3,90L_10NL_3_1,1,3500,"('s', 'sk', 's')",desfaboɾese,desfaboɾese
90L_10NL,3,90L_10NL_3_1,1,3500,"('s', 'sk', 's')",desfaboɾese,desfaboɾese
90L_10NL,3,90L_10NL_3_1,1,1085,"('s', 's', 's')",desfaboɾese,desfaboɾese
90L_10NL,3,90L_10NL_3_1,1,3500,"('s', 'sk', 's')",desfaboɾese,desfaboɾese
90L_10NL,3,90L_10NL_3_1,1,3500,"('s', 'sk', 's')",desfaboɾese,desfaboɾese
90L_10NL,3,90L_10NL_3_1,1,3500,"('s', 'sk', 's')",desfaboɾese,desfaboɾese
90L_10NL,3,90L_10NL_3_1,1,3500,"('s', 'sk', 's')",desfaboɾese,desfaboɾese
90L_10NL,3,90L_10NL_3_1,1,3500,"('s', 'sk', 's')",desfaboɾese,desfaboɾese
90L_10NL,3,90L_10NL_3_1,1,3500,"('s', 'sk', 's')",desfaboɾese,desfaboɾese
90L_10NL,3,90L_10NL_3_1,1,3500,"('s', 'sk', 's')",desfaboɾese,desfaboɾese
90L_10NL,3,90L_10NL_3_1,1,3500,"('s', 'sk', 's')",desfaboɾese,desfaboɾese
90L_10NL,3,90L_10NL_3_1,1,3500,"('s', 'sk', 's')",desfaboɾese,desfaboɾese
90L_10NL,3,90L_10NL_3_1,1,3500,"('s', 'sk', 's')",desfaboɾese,desfaboɾese
90L_10NL,3,90L_10NL_3_1,1,3500,"('s', 'sk', 's')",desfaboɾese,desfaboɾese
90L_10NL,3,90L_10NL_3_1,1,3500,"('s', 'sk', 's')",desfaboɾese,desfaboɾese
90L_10NL,3,90L_10NL_3_1,1,3500,"('s', 'sk', 's')",desfaboɾese,desfaboɾese
90L_10NL,3,90L_10NL_3_1,1,3500,"('s', 'sk', 's')",desfaboɾese,desfaboɾese
90L_10NL,3,90L_10NL_3_1,1,2625,"('sk', 'sk', 's')",desfaboɾese,desfaboɾese
90L_10NL,3,90L_10NL_3_1,1,2625,"('sk', 'sk', 's')",desfaboɾese,desfaboɾese
90L_10NL,3,90L_10NL_3_1,1,2625,"('sk', 'sk', 's')",desfaboɾese,desfaboɾese
90L_10NL,3,90L_10NL_3_1,1,2625,"('sk', 'sk', 's')",desfaboɾese,desfaboɾese
90L_10NL,3,90L_10NL_3_1,1,2625,"('sk', 'sk', 's')",desfaboɾese,desfaboɾese
90L_10NL,3,90L_10NL_3_1,1,2625,"('sk', 'sk', 's')",desfaboɾese,desfaboɾese
90L_10NL,3,90L_10NL_3_1,1,2625,"('sk', 'sk', 's')",desfaboɾese,desfaboɾese
90L_10NL,3,90L_10NL_3_1,1,2625,"('sk', 'sk', 's')",desfaboɾese,desfaboɾese
90L_10NL,3,90L_10NL_3_1,1,2625,"('sk', 'sk', 's')",desfaboɾese,desfaboɾese
90L_10NL,3,90L_10NL_3_1,1,2625,"('sk', 'sk', 's')",desfaboɾese,desfaboɾese
90L_10NL,3,90L_10NL_3_1,1,2625,"('sk', 'sk', 's')",desfaboɾese,desfaboɾese
90L_10NL,3,90L_10NL_3_1,1,2625,"('sk', 'sk', 's')",desfaboɾese,desfaboɾese
90L_10NL,3,90L_10NL_3_1,1,2625,"('sk', 'sk', 's')",desfaboɾese,desfaboɾese
90L_10NL,3,90L_10NL_3_1,1,2625,"('sk', 'sk', 's')",desfaboɾese,desfaboɾese
90L_10NL,3,90L_10NL_3_1,1,2625,"('sk', 'sk', 's')",desfaboɾese,desfaboɾese
90L_10NL,3,90L_10NL_3_1,1,2625,"('sk', 'sk', 's')",desfaboɾese,desfaboɾese
90L_10NL,3,90L_10NL_3_1,1,2625,"('sk', 'sk', 's')",desfaboɾese,desfaboɾese
90L_10NL,3,90L_10NL_3_1,1,2625,"('sk', 'sk', 's')",desfaboɾese,desfaboɾese
90L_10NL,3,90L_10NL_3_1,1,2625,"('sk', 'sk', 's')",desfaboɾese,desfaboɾese
90L_10NL,3,90L_10NL_3_1,1,2625,"('sk', 'sk', 's')",desfaboɾese,desfaboɾese
90L_10NL,3,90L_10NL_3_1,1,2625,"('sk', 'sk', 's')",desfaboɾese,desfaboɾese
90L_10NL,3,90L_10NL_3_1,1,1750,"('s', 's', 'sk')",desfaboɾeskajs,desfaboɾeskajs
90L_10NL,3,90L_10NL_3_1,1,1750,"('s', 's', 'sk')",desfaboɾeskajs,desfaboɾeskajs
90L_10NL,3,90L_10NL_3_1,1,1750,"('s', 's', 'sk')",desfaboɾeskajs,desfaboɾeskajs
90L_10NL,3,90L_10NL_3_1,1,1750,"('s', 's', 'sk')",desfaboɾeskajs,desfaboɾeskajs
90L_10NL,3,90L_10NL_3_1,1,5250,"('s', 'sk', 'sk')",desfaboɾeskajs,desfaboɾeskajs
90L_10NL,3,90L_10NL_3_1,1,5250,"('s', 'sk', 'sk')",desfaboɾeskajs,desfaboɾeskajs
90L_10NL,3,90L_10NL_3_1,1,5250,"('s', 'sk', 'sk')",desfaboɾeskajs,desfaboɾeskajs
90L_10NL,3,90L_10NL_3_1,1,5250,"('s', 'sk', 'sk')",desfaboɾeskajs,desfaboɾeskajs
90L_10NL,3,90L_10NL_3_1,1,5250,"('s', 'sk', 'sk')",desfaboɾeskajs,desfaboɾeskajs
90L_10NL,3,90L_10NL_3_1,1,5250,"('s', 'sk', 'sk')",desfaboɾeskajs,desfaboɾeskajs
90L_10NL,3,90L_10NL_3_1,1,1750,"('s', 's', 'sk')",desfaboɾeskajs,desfaboɾeskajs
90L_10NL,3,90L_10NL_3_1,1,1750,"('s', 's', 'sk')",desfaboɾeskajs,desfaboɾeskajs
90L_10NL,3,90L_10NL_3_1,1,1750,"('s', 's', 'sk')",desfaboɾeskajs,desfaboɾeskajs
90L_10NL,3,90L_10NL_3_1,1,5250,"('s', 'sk', 'sk')",desfaboɾeskajs,desfaboɾeskajs
90L_10NL,3,90L_10NL_3_1,1,5250,"('s', 'sk', 'sk')",desfaboɾeskajs,desfaboɾeskajs
90L_10NL,3,90L_10NL_3_1,1,5250,"('s', 'sk', 'sk')",desfaboɾeskajs,desfaboɾeskajs
90L_10NL,3,90L_10NL_3_1,1,5250,"('s', 'sk', 'sk')",desfaboɾeskajs,desfaboɾeskajs
90L_10NL,3,90L_10NL_3_1,1,5250,"('s', 'sk', 'sk')",desfaboɾeskajs,desfaboɾeskajs
90L_10NL,3,90L_10NL_3_1,1,5250,"('s', 'sk', 'sk')",desfaboɾeskajs,desfaboɾeskajs
90L_10NL,3,90L_10NL_3_1,1,1750,"('s', 's', 'sk')",desfaboɾeskajs,desfaboɾeskajs
90L_10NL,3,90L_10NL_3_1,1,1750,"('s', 's', 'sk')",desfaboɾeskajs,desfaboɾeskajs
90L_10NL,3,90L_10NL_3_1,1,5250,"('s', 'sk', 'sk')",desfaboɾeskajs,desfaboɾeskajs
90L_10NL,3,90L_10NL_3_1,1,5250,"('s', 'sk', 'sk')",desfaboɾeskajs,desfaboɾeskajs
90L_10NL,3,90L_10NL_3_1,1,5250,"('s', 'sk', 'sk')",desfaboɾeskajs,desfaboɾeskajs
90L_10NL,3,90L_10NL_3_1,1,5250,"('s', 'sk', 'sk')",desfaboɾeskajs,desfaboɾeskajs
90L_10NL,3,90L_10NL_3_1,1,5250,"('s', 'sk', 'sk')",desfaboɾeskajs,desfaboɾeskajs
90L_10NL,3,90L_10NL_3_1,1,5250,"('s', 'sk', 'sk')",desfaboɾeskajs,desfaboɾeskajs
90L_10NL,3,90L_10NL_3_1,1,1750,"('s', 's', 'sk')",desfaboɾeskajs,desfaboɾeskajs
90L_10NL,3,90L_10NL_3_1,1,5250,"('s', 'sk', 'sk')",desfaboɾeskajs,desfaboɾeskajs
90L_10NL,3,90L_10NL_3_1,1,5250,"('s', 'sk', 'sk')",desfaboɾeskajs,desfaboɾeskajs
90L_10NL,3,90L_10NL_3_1,1,5250,"('s', 'sk', 'sk')",desfaboɾeskajs,desfaboɾeskajs
90L_10NL,3,90L_10NL_3_1,1,5250,"('s', 'sk', 'sk')",desfaboɾeskajs,desfaboɾeskajs
90L_10NL,3,90L_10NL_3_1,1,5250,"('s', 'sk', 'sk')",desfaboɾeskajs,desfaboɾeskajs
90L_10NL,3,90L_10NL_3_1,1,5250,"('s', 'sk', 'sk')",desfaboɾeskajs,desfaboɾeskajs
90L_10NL,3,90L_10NL_3_1,1,5250,"('s', 'sk', 'sk')",desfaboɾeskajs,desfaboɾeskajs
90L_10NL,3,90L_10NL_3_1,1,5250,"('s', 'sk', 'sk')",desfaboɾeskajs,desfaboɾeskajs
90L_10NL,3,90L_10NL_3_1,1,5250,"('s', 'sk', 'sk')",desfaboɾeskajs,desfaboɾeskajs
90L_10NL,3,90L_10NL_3_1,1,5250,"('s', 'sk', 'sk')",desfaboɾeskajs,desfaboɾeskajs
90L_10NL,3,90L_10NL_3_1,1,5250,"('s', 'sk', 'sk')",desfaboɾeskajs,desfaboɾeskajs
90L_10NL,3,90L_10NL_3_1,1,5250,"('s', 'sk', 'sk')",desfaboɾeskajs,desfaboɾeskajs
90L_10NL,3,90L_10NL_3_1,1,2625,"('sk', 'sk', 'sk')",desfaboɾeskajs,desfaboɾeskajs
90L_10NL,3,90L_10NL_3_1,1,2625,"('sk', 'sk', 'sk')",desfaboɾeskajs,desfaboɾeskajs
90L_10NL,3,90L_10NL_3_1,1,2625,"('sk', 'sk', 'sk')",desfaboɾeskajs,desfaboɾeskajs
90L_10NL,3,90L_10NL_3_1,1,2625,"('sk', 'sk', 'sk')",desfaboɾeskajs,desfaboɾeskajs
90L_10NL,3,90L_10NL_3_1,1,2625,"('sk', 'sk', 'sk')",desfaboɾeskajs,desfaboɾeskajs
90L_10NL,3,90L_10NL_3_1,1,2625,"('sk', 'sk', 'sk')",desfaboɾeskajs,desfaboɾeskajs
90L_10NL,3,90L_10NL_3_1,1,2625,"('sk', 'sk', 'sk')",desfaboɾeskajs,desfaboɾeskajs
90L_10NL,3,90L_10NL_3_1,1,2625,"('sk', 'sk', 'sk')",desfaboɾeskajs,desfaboɾeskajs
90L_10NL,3,90L_10NL_3_1,1,2625,"('sk', 'sk', 'sk')",desfaboɾeskajs,desfaboɾeskajs
90L_10NL,3,90L_10NL_3_1,1,2625,"('sk', 'sk', 'sk')",desfaboɾeskajs,desfaboɾeskajs
90L_10NL,3,90L_10NL_3_1,1,2625,"('sk', 'sk', 'sk')",desfaboɾeskajs,desfaboɾeskajs
90L_10NL,3,90L_10NL_3_1,1,2625,"('sk', 'sk', 'sk')",desfaboɾeskajs,desfaboɾeskajs
90L_10NL,3,90L_10NL_3_1,1,2625,"('sk', 'sk', 'sk')",desfaboɾeskajs,desfaboɾeskajs
90L_10NL,3,90L_10NL_3_1,1,2625,"('sk', 'sk', 'sk')",desfaboɾeskajs,desfaboɾeskajs
90L_10NL,3,90L_10NL_3_1,1,2625,"('sk', 'sk', 'sk')",desfaboɾeskajs,desfaboɾeskajs
90L_10NL,3,90L_10NL_3_1,1,1750,"('s', 's', 'sk')",desfaboɾeskamos,desfaboɾeskamos
90L_10NL,3,90L_10NL_3_1,1,1750,"('s', 's', 'sk')",desfaboɾeskamos,desfaboɾeskamos
90L_10NL,3,90L_10NL_3_1,1,1750,"('s', 's', 'sk')",desfaboɾeskamos,desfaboɾeskamos
90L_10NL,3,90L_10NL_3_1,1,1750,"('s', 's', 'sk')",desfaboɾeskamos,desfaboɾeskamos
90L_10NL,3,90L_10NL_3_1,1,5250,"('s', 'sk', 'sk')",desfaboɾeskamos,desfaboɾeskamos
90L_10NL,3,90L_10NL_3_1,1,5250,"('s', 'sk', 'sk')",desfaboɾeskamos,desfaboɾeskamos
90L_10NL,3,90L_10NL_3_1,1,5250,"('s', 'sk', 'sk')",desfaboɾeskamos,desfaboɾeskamos
90L_10NL,3,90L_10NL_3_1,1,5250,"('s', 'sk', 'sk')",desfaboɾeskamos,desfaboɾeskamos
90L_10NL,3,90L_10NL_3_1,1,5250,"('s', 'sk', 'sk')",desfaboɾeskamos,desfaboɾeskamos
90L_10NL,3,90L_10NL_3_1,1,5250,"('s', 'sk', 'sk')",desfaboɾeskamos,desfaboɾeskamos
90L_10NL,3,90L_10NL_3_1,1,1750,"('s', 's', 'sk')",desfaboɾeskamos,desfaboɾeskamos
90L_10NL,3,90L_10NL_3_1,1,1750,"('s', 's', 'sk')",desfaboɾeskamos,desfaboɾeskamos
90L_10NL,3,90L_10NL_3_1,1,1750,"('s', 's', 'sk')",desfaboɾeskamos,desfaboɾeskamos
90L_10NL,3,90L_10NL_3_1,1,5250,"('s', 'sk', 'sk')",desfaboɾeskamos,desfaboɾeskamos
90L_10NL,3,90L_10NL_3_1,1,5250,"('s', 'sk', 'sk')",desfaboɾeskamos,desfaboɾeskamos
90L_10NL,3,90L_10NL_3_1,1,5250,"('s', 'sk', 'sk')",desfaboɾeskamos,desfaboɾeskamos
90L_10NL,3,90L_10NL_3_1,1,5250,"('s', 'sk', 'sk')",desfaboɾeskamos,desfaboɾeskamos
90L_10NL,3,90L_10NL_3_1,1,5250,"('s', 'sk', 'sk')",desfaboɾeskamos,desfaboɾeskamos
90L_10NL,3,90L_10NL_3_1,1,5250,"('s', 'sk', 'sk')",desfaboɾeskamos,desfaboɾeskamos
90L_10NL,3,90L_10NL_3_1,1,1750,"('s', 's', 'sk')",desfaboɾeskamos,desfaboɾeskamos
90L_10NL,3,90L_10NL_3_1,1,1750,"('s', 's', 'sk')",desfaboɾeskamos,desfaboɾeskamos
90L_10NL,3,90L_10NL_3_1,1,5250,"('s', 'sk', 'sk')",desfaboɾeskamos,desfaboɾeskamos
90L_10NL,3,90L_10NL_3_1,1,5250,"('s', 'sk', 'sk')",desfaboɾeskamos,desfaboɾeskamos
90L_10NL,3,90L_10NL_3_1,1,5250,"('s', 'sk', 'sk')",desfaboɾeskamos,desfaboɾeskamos
90L_10NL,3,90L_10NL_3_1,1,5250,"('s', 'sk', 'sk')",desfaboɾeskamos,desfaboɾeskamos
90L_10NL,3,90L_10NL_3_1,1,5250,"('s', 'sk', 'sk')",desfaboɾeskamos,desfaboɾeskamos
90L_10NL,3,90L_10NL_3_1,1,5250,"('s', 'sk', 'sk')",desfaboɾeskamos,desfaboɾeskamos
90L_10NL,3,90L_10NL_3_1,1,1750,"('s', 's', 'sk')",desfaboɾeskamos,desfaboɾeskamos
90L_10NL,3,90L_10NL_3_1,1,5250,"('s', 'sk', 'sk')",desfaboɾeskamos,desfaboɾeskamos
90L_10NL,3,90L_10NL_3_1,1,5250,"('s', 'sk', 'sk')",desfaboɾeskamos,desfaboɾeskamos
90L_10NL,3,90L_10NL_3_1,1,5250,"('s', 'sk', 'sk')",desfaboɾeskamos,desfaboɾeskamos
90L_10NL,3,90L_10NL_3_1,1,5250,"('s', 'sk', 'sk')",desfaboɾeskamos,desfaboɾeskamos
90L_10NL,3,90L_10NL_3_1,1,5250,"('s', 'sk', 'sk')",desfaboɾeskamos,desfaboɾeskamos
90L_10NL,3,90L_10NL_3_1,1,5250,"('s', 'sk', 'sk')",desfaboɾeskamos,desfaboɾeskamos
90L_10NL,3,90L_10NL_3_1,1,5250,"('s', 'sk', 'sk')",desfaboɾeskamos,desfaboɾeskamos
90L_10NL,3,90L_10NL_3_1,1,5250,"('s', 'sk', 'sk')",desfaboɾeskamos,desfaboɾeskamos
90L_10NL,3,90L_10NL_3_1,1,5250,"('s', 'sk', 'sk')",desfaboɾeskamos,desfaboɾeskamos
90L_10NL,3,90L_10NL_3_1,1,5250,"('s', 'sk', 'sk')",desfaboɾeskamos,desfaboɾeskamos
90L_10NL,3,90L_10NL_3_1,1,5250,"('s', 'sk', 'sk')",desfaboɾeskamos,desfaboɾeskamos
90L_10NL,3,90L_10NL_3_1,1,5250,"('s', 'sk', 'sk')",desfaboɾeskamos,desfaboɾeskamos
90L_10NL,3,90L_10NL_3_1,1,2625,"('sk', 'sk', 'sk')",desfaboɾeskamos,desfaboɾeskamos
90L_10NL,3,90L_10NL_3_1,1,2625,"('sk', 'sk', 'sk')",desfaboɾeskamos,desfaboɾeskamos
90L_10NL,3,90L_10NL_3_1,1,2625,"('sk', 'sk', 'sk')",desfaboɾeskamos,desfaboɾeskamos
90L_10NL,3,90L_10NL_3_1,1,2625,"('sk', 'sk', 'sk')",desfaboɾeskamos,desfaboɾeskamos
90L_10NL,3,90L_10NL_3_1,1,2625,"('sk', 'sk', 'sk')",desfaboɾeskamos,desfaboɾeskamos
90L_10NL,3,90L_10NL_3_1,1,2625,"('sk', 'sk', 'sk')",desfaboɾeskamos,desfaboɾeskamos
90L_10NL,3,90L_10NL_3_1,1,2625,"('sk', 'sk', 'sk')",desfaboɾeskamos,desfaboɾeskamos
90L_10NL,3,90L_10NL_3_1,1,2625,"('sk', 'sk', 'sk')",desfaboɾeskamos,desfaboɾeskamos
90L_10NL,3,90L_10NL_3_1,1,2625,"('sk', 'sk', 'sk')",desfaboɾeskamos,desfaboɾeskamos
90L_10NL,3,90L_10NL_3_1,1,2625,"('sk', 'sk', 'sk')",desfaboɾeskamos,desfaboɾeskamos
90L_10NL,3,90L_10NL_3_1,1,2625,"('sk', 'sk', 'sk')",desfaboɾeskamos,desfaboɾeskamos
90L_10NL,3,90L_10NL_3_1,1,2625,"('sk', 'sk', 'sk')",desfaboɾeskamos,desfaboɾeskamos
90L_10NL,3,90L_10NL_3_1,1,2625,"('sk', 'sk', 'sk')",desfaboɾeskamos,desfaboɾeskamos
90L_10NL,3,90L_10NL_3_1,1,2625,"('sk', 'sk', 'sk')",desfaboɾeskamos,desfaboɾeskamos
90L_10NL,3,90L_10NL_3_1,1,2625,"('sk', 'sk', 'sk')",desfaboɾeskamos,desfaboɾeskamos
90L_10NL,3,90L_10NL_3_1,1,1750,"('s', 's', 'sk')",desfaboɾeskan,desfaboɾeskan
90L_10NL,3,90L_10NL_3_1,1,1750,"('s', 's', 'sk')",desfaboɾeskan,desfaboɾeskan
90L_10NL,3,90L_10NL_3_1,1,1750,"('s', 's', 'sk')",desfaboɾeskan,desfaboɾeskan
90L_10NL,3,90L_10NL_3_1,1,1750,"('s', 's', 'sk')",desfaboɾeskan,desfaboɾeskan
90L_10NL,3,90L_10NL_3_1,1,5250,"('s', 'sk', 'sk')",desfaboɾeskan,desfaboɾeskan
90L_10NL,3,90L_10NL_3_1,1,5250,"('s', 'sk', 'sk')",desfaboɾeskan,desfaboɾeskan
90L_10NL,3,90L_10NL_3_1,1,5250,"('s', 'sk', 'sk')",desfaboɾeskan,desfaboɾeskan
90L_10NL,3,90L_10NL_3_1,1,5250,"('s', 'sk', 'sk')",desfaboɾeskan,desfaboɾeskan
90L_10NL,3,90L_10NL_3_1,1,5250,"('s', 'sk', 'sk')",desfaboɾeskan,desfaboɾeskan
90L_10NL,3,90L_10NL_3_1,1,5250,"('s', 'sk', 'sk')",desfaboɾeskan,desfaboɾeskan
90L_10NL,3,90L_10NL_3_1,1,1750,"('s', 's', 'sk')",desfaboɾeskan,desfaboɾeskan
90L_10NL,3,90L_10NL_3_1,1,1750,"('s', 's', 'sk')",desfaboɾeskan,desfaboɾeskan
90L_10NL,3,90L_10NL_3_1,1,1750,"('s', 's', 'sk')",desfaboɾeskan,desfaboɾeskan
90L_10NL,3,90L_10NL_3_1,1,5250,"('s', 'sk', 'sk')",desfaboɾeskan,desfaboɾeskan
90L_10NL,3,90L_10NL_3_1,1,5250,"('s', 'sk', 'sk')",desfaboɾeskan,desfaboɾeskan
90L_10NL,3,90L_10NL_3_1,1,5250,"('s', 'sk', 'sk')",desfaboɾeskan,desfaboɾeskan
90L_10NL,3,90L_10NL_3_1,1,5250,"('s', 'sk', 'sk')",desfaboɾeskan,desfaboɾeskan
90L_10NL,3,90L_10NL_3_1,1,5250,"('s', 'sk', 'sk')",desfaboɾeskan,desfaboɾeskan
90L_10NL,3,90L_10NL_3_1,1,5250,"('s', 'sk', 'sk')",desfaboɾeskan,desfaboɾeskan
90L_10NL,3,90L_10NL_3_1,1,1750,"('s', 's', 'sk')",desfaboɾeskan,desfaboɾeskan
90L_10NL,3,90L_10NL_3_1,1,1750,"('s', 's', 'sk')",desfaboɾeskan,desfaboɾeskan
90L_10NL,3,90L_10NL_3_1,1,5250,"('s', 'sk', 'sk')",desfaboɾeskan,desfaboɾeskan
90L_10NL,3,90L_10NL_3_1,1,5250,"('s', 'sk', 'sk')",desfaboɾeskan,desfaboɾeskan
90L_10NL,3,90L_10NL_3_1,1,5250,"('s', 'sk', 'sk')",desfaboɾeskan,desfaboɾeskan
90L_10NL,3,90L_10NL_3_1,1,5250,"('s', 'sk', 'sk')",desfaboɾeskan,desfaboɾeskan
90L_10NL,3,90L_10NL_3_1,1,5250,"('s', 'sk', 'sk')",desfaboɾeskan,desfaboɾeskan
90L_10NL,3,90L_10NL_3_1,1,5250,"('s', 'sk', 'sk')",desfaboɾeskan,desfaboɾeskan
90L_10NL,3,90L_10NL_3_1,1,1750,"('s', 's', 'sk')",desfaboɾeskan,desfaboɾeskan
90L_10NL,3,90L_10NL_3_1,1,5250,"('s', 'sk', 'sk')",desfaboɾeskan,desfaboɾeskan
90L_10NL,3,90L_10NL_3_1,1,5250,"('s', 'sk', 'sk')",desfaboɾeskan,desfaboɾeskan
90L_10NL,3,90L_10NL_3_1,1,5250,"('s', 'sk', 'sk')",desfaboɾeskan,desfaboɾeskan
90L_10NL,3,90L_10NL_3_1,1,5250,"('s', 'sk', 'sk')",desfaboɾeskan,desfaboɾeskan
90L_10NL,3,90L_10NL_3_1,1,5250,"('s', 'sk', 'sk')",desfaboɾeskan,desfaboɾeskan
90L_10NL,3,90L_10NL_3_1,1,5250,"('s', 'sk', 'sk')",desfaboɾeskan,desfaboɾeskan
90L_10NL,3,90L_10NL_3_1,1,5250,"('s', 'sk', 'sk')",desfaboɾeskan,desfaboɾeskan
90L_10NL,3,90L_10NL_3_1,1,5250,"('s', 'sk', 'sk')",desfaboɾeskan,desfaboɾeskan
90L_10NL,3,90L_10NL_3_1,1,5250,"('s', 'sk', 'sk')",desfaboɾeskan,desfaboɾeskan
90L_10NL,3,90L_10NL_3_1,1,5250,"('s', 'sk', 'sk')",desfaboɾeskan,desfaboɾeskan
90L_10NL,3,90L_10NL_3_1,1,5250,"('s', 'sk', 'sk')",desfaboɾeskan,desfaboɾeskan
90L_10NL,3,90L_10NL_3_1,1,5250,"('s', 'sk', 'sk')",desfaboɾeskan,desfaboɾeskan
90L_10NL,3,90L_10NL_3_1,1,2625,"('sk', 'sk', 'sk')",desfaboɾeskan,desfaboɾeskan
90L_10NL,3,90L_10NL_3_1,1,2625,"('sk', 'sk', 'sk')",desfaboɾeskan,desfaboɾeskan
90L_10NL,3,90L_10NL_3_1,1,2625,"('sk', 'sk', 'sk')",desfaboɾeskan,desfaboɾeskan
90L_10NL,3,90L_10NL_3_1,1,2625,"('sk', 'sk', 'sk')",desfaboɾeskan,desfaboɾeskan
90L_10NL,3,90L_10NL_3_1,1,2625,"('sk', 'sk', 'sk')",desfaboɾeskan,desfaboɾeskan
90L_10NL,3,90L_10NL_3_1,1,2625,"('sk', 'sk', 'sk')",desfaboɾeskan,desfaboɾeskan
90L_10NL,3,90L_10NL_3_1,1,2625,"('sk', 'sk', 'sk')",desfaboɾeskan,desfaboɾeskan
90L_10NL,3,90L_10NL_3_1,1,2625,"('sk', 'sk', 'sk')",desfaboɾeskan,desfaboɾeskan
90L_10NL,3,90L_10NL_3_1,1,2625,"('sk', 'sk', 'sk')",desfaboɾeskan,desfaboɾeskan
90L_10NL,3,90L_10NL_3_1,1,2625,"('sk', 'sk', 'sk')",desfaboɾeskan,desfaboɾeskan
90L_10NL,3,90L_10NL_3_1,1,2625,"('sk', 'sk', 'sk')",desfaboɾeskan,desfaboɾeskan
90L_10NL,3,90L_10NL_3_1,1,2625,"('sk', 'sk', 'sk')",desfaboɾeskan,desfaboɾeskan
90L_10NL,3,90L_10NL_3_1,1,2625,"('sk', 'sk', 'sk')",desfaboɾeskan,desfaboɾeskan
90L_10NL,3,90L_10NL_3_1,1,2625,"('sk', 'sk', 'sk')",desfaboɾeskan,desfaboɾeskan
90L_10NL,3,90L_10NL_3_1,1,2625,"('sk', 'sk', 'sk')",desfaboɾeskan,desfaboɾeskan
90L_10NL,3,90L_10NL_3_1,1,1750,"('s', 's', 'sk')",desfaboɾeskas,desfaboɾeskas
90L_10NL,3,90L_10NL_3_1,1,1750,"('s', 's', 'sk')",desfaboɾeskas,desfaboɾeskas
90L_10NL,3,90L_10NL_3_1,1,1750,"('s', 's', 'sk')",desfaboɾeskas,desfaboɾeskas
90L_10NL,3,90L_10NL_3_1,1,1750,"('s', 's', 'sk')",desfaboɾeskas,desfaboɾeskas
90L_10NL,3,90L_10NL_3_1,1,5250,"('s', 'sk', 'sk')",desfaboɾeskas,desfaboɾeskas
90L_10NL,3,90L_10NL_3_1,1,5250,"('s', 'sk', 'sk')",desfaboɾeskas,desfaboɾeskas
90L_10NL,3,90L_10NL_3_1,1,5250,"('s', 'sk', 'sk')",desfaboɾeskas,desfaboɾeskas
90L_10NL,3,90L_10NL_3_1,1,5250,"('s', 'sk', 'sk')",desfaboɾeskas,desfaboɾeskas
90L_10NL,3,90L_10NL_3_1,1,5250,"('s', 'sk', 'sk')",desfaboɾeskas,desfaboɾeskas
90L_10NL,3,90L_10NL_3_1,1,5250,"('s', 'sk', 'sk')",desfaboɾeskas,desfaboɾeskas
90L_10NL,3,90L_10NL_3_1,1,1750,"('s', 's', 'sk')",desfaboɾeskas,desfaboɾeskas
90L_10NL,3,90L_10NL_3_1,1,1750,"('s', 's', 'sk')",desfaboɾeskas,desfaboɾeskas
90L_10NL,3,90L_10NL_3_1,1,1750,"('s', 's', 'sk')",desfaboɾeskas,desfaboɾeskas
90L_10NL,3,90L_10NL_3_1,1,5250,"('s', 'sk', 'sk')",desfaboɾeskas,desfaboɾeskas
90L_10NL,3,90L_10NL_3_1,1,5250,"('s', 'sk', 'sk')",desfaboɾeskas,desfaboɾeskas
90L_10NL,3,90L_10NL_3_1,1,5250,"('s', 'sk', 'sk')",desfaboɾeskas,desfaboɾeskas
90L_10NL,3,90L_10NL_3_1,1,5250,"('s', 'sk', 'sk')",desfaboɾeskas,desfaboɾeskas
90L_10NL,3,90L_10NL_3_1,1,5250,"('s', 'sk', 'sk')",desfaboɾeskas,desfaboɾeskas
90L_10NL,3,90L_10NL_3_1,1,5250,"('s', 'sk', 'sk')",desfaboɾeskas,desfaboɾeskas
90L_10NL,3,90L_10NL_3_1,1,1750,"('s', 's', 'sk')",desfaboɾeskas,desfaboɾeskas
90L_10NL,3,90L_10NL_3_1,1,1750,"('s', 's', 'sk')",desfaboɾeskas,desfaboɾeskas
90L_10NL,3,90L_10NL_3_1,1,5250,"('s', 'sk', 'sk')",desfaboɾeskas,desfaboɾeskas
90L_10NL,3,90L_10NL_3_1,1,5250,"('s', 'sk', 'sk')",desfaboɾeskas,desfaboɾeskas
90L_10NL,3,90L_10NL_3_1,1,5250,"('s', 'sk', 'sk')",desfaboɾeskas,desfaboɾeskas
90L_10NL,3,90L_10NL_3_1,1,5250,"('s', 'sk', 'sk')",desfaboɾeskas,desfaboɾeskas
90L_10NL,3,90L_10NL_3_1,1,5250,"('s', 'sk', 'sk')",desfaboɾeskas,desfaboɾeskas
90L_10NL,3,90L_10NL_3_1,1,5250,"('s', 'sk', 'sk')",desfaboɾeskas,desfaboɾeskas
90L_10NL,3,90L_10NL_3_1,1,1750,"('s', 's', 'sk')",desfaboɾeskas,desfaboɾeskas
90L_10NL,3,90L_10NL_3_1,1,5250,"('s', 'sk', 'sk')",desfaboɾeskas,desfaboɾeskas
90L_10NL,3,90L_10NL_3_1,1,5250,"('s', 'sk', 'sk')",desfaboɾeskas,desfaboɾeskas
90L_10NL,3,90L_10NL_3_1,1,5250,"('s', 'sk', 'sk')",desfaboɾeskas,desfaboɾeskas
90L_10NL,3,90L_10NL_3_1,1,5250,"('s', 'sk', 'sk')",desfaboɾeskas,desfaboɾeskas
90L_10NL,3,90L_10NL_3_1,1,5250,"('s', 'sk', 'sk')",desfaboɾeskas,desfaboɾeskas
90L_10NL,3,90L_10NL_3_1,1,5250,"('s', 'sk', 'sk')",desfaboɾeskas,desfaboɾeskas
90L_10NL,3,90L_10NL_3_1,1,5250,"('s', 'sk', 'sk')",desfaboɾeskas,desfaboɾeskas
90L_10NL,3,90L_10NL_3_1,1,5250,"('s', 'sk', 'sk')",desfaboɾeskas,desfaboɾeskas
90L_10NL,3,90L_10NL_3_1,1,5250,"('s', 'sk', 'sk')",desfaboɾeskas,desfaboɾeskas
90L_10NL,3,90L_10NL_3_1,1,5250,"('s', 'sk', 'sk')",desfaboɾeskas,desfaboɾeskas
90L_10NL,3,90L_10NL_3_1,1,5250,"('s', 'sk', 'sk')",desfaboɾeskas,desfaboɾeskas
90L_10NL,3,90L_10NL_3_1,1,5250,"('s', 'sk', 'sk')",desfaboɾeskas,desfaboɾeskas
90L_10NL,3,90L_10NL_3_1,1,2625,"('sk', 'sk', 'sk')",desfaboɾeskas,desfaboɾeskas
90L_10NL,3,90L_10NL_3_1,1,2625,"('sk', 'sk', 'sk')",desfaboɾeskas,desfaboɾeskas
90L_10NL,3,90L_10NL_3_1,1,2625,"('sk', 'sk', 'sk')",desfaboɾeskas,desfaboɾeskas
90L_10NL,3,90L_10NL_3_1,1,2625,"('sk', 'sk', 'sk')",desfaboɾeskas,desfaboɾeskas
90L_10NL,3,90L_10NL_3_1,1,2625,"('sk', 'sk', 'sk')",desfaboɾeskas,desfaboɾeskas
90L_10NL,3,90L_10NL_3_1,1,2625,"('sk', 'sk', 'sk')",desfaboɾeskas,desfaboɾeskas
90L_10NL,3,90L_10NL_3_1,1,2625,"('sk', 'sk', 'sk')",desfaboɾeskas,desfaboɾeskas
90L_10NL,3,90L_10NL_3_1,1,2625,"('sk', 'sk', 'sk')",desfaboɾeskas,desfaboɾeskas
90L_10NL,3,90L_10NL_3_1,1,2625,"('sk', 'sk', 'sk')",desfaboɾeskas,desfaboɾeskas
90L_10NL,3,90L_10NL_3_1,1,2625,"('sk', 'sk', 'sk')",desfaboɾeskas,desfaboɾeskas
90L_10NL,3,90L_10NL_3_1,1,2625,"('sk', 'sk', 'sk')",desfaboɾeskas,desfaboɾeskas
90L_10NL,3,90L_10NL_3_1,1,2625,"('sk', 'sk', 'sk')",desfaboɾeskas,desfaboɾeskas
90L_10NL,3,90L_10NL_3_1,1,2625,"('sk', 'sk', 'sk')",desfaboɾeskas,desfaboɾeskas
90L_10NL,3,90L_10NL_3_1,1,2625,"('sk', 'sk', 'sk')",desfaboɾeskas,desfaboɾeskas
90L_10NL,3,90L_10NL_3_1,1,2625,"('sk', 'sk', 'sk')",desfaboɾeskas,desfaboɾeskas
90L_10NL,3,90L_10NL_3_1,1,1750,"('s', 's', 'sk')",desfaboɾeska,desfaboɾeska
90L_10NL,3,90L_10NL_3_1,1,1750,"('s', 's', 'sk')",desfaboɾeska,desfaboɾeska
90L_10NL,3,90L_10NL_3_1,1,1750,"('s', 's', 'sk')",desfaboɾeska,desfaboɾeska
90L_10NL,3,90L_10NL_3_1,1,1750,"('s', 's', 'sk')",desfaboɾeska,desfaboɾeska
90L_10NL,3,90L_10NL_3_1,1,5250,"('s', 'sk', 'sk')",desfaboɾeska,desfaboɾeska
90L_10NL,3,90L_10NL_3_1,1,5250,"('s', 'sk', 'sk')",desfaboɾeska,desfaboɾeska
90L_10NL,3,90L_10NL_3_1,1,5250,"('s', 'sk', 'sk')",desfaboɾeska,desfaboɾeska
90L_10NL,3,90L_10NL_3_1,1,5250,"('s', 'sk', 'sk')",desfaboɾeska,desfaboɾeska
90L_10NL,3,90L_10NL_3_1,1,5250,"('s', 'sk', 'sk')",desfaboɾeska,desfaboɾeska
90L_10NL,3,90L_10NL_3_1,1,5250,"('s', 'sk', 'sk')",desfaboɾeska,desfaboɾeska
90L_10NL,3,90L_10NL_3_1,1,1750,"('s', 's', 'sk')",desfaboɾeska,desfaboɾeska
90L_10NL,3,90L_10NL_3_1,1,1750,"('s', 's', 'sk')",desfaboɾeska,desfaboɾeska
90L_10NL,3,90L_10NL_3_1,1,1750,"('s', 's', 'sk')",desfaboɾeska,desfaboɾeska
90L_10NL,3,90L_10NL_3_1,1,5250,"('s', 'sk', 'sk')",desfaboɾeska,desfaboɾeska
90L_10NL,3,90L_10NL_3_1,1,5250,"('s', 'sk', 'sk')",desfaboɾeska,desfaboɾeska
90L_10NL,3,90L_10NL_3_1,1,5250,"('s', 'sk', 'sk')",desfaboɾeska,desfaboɾeska
90L_10NL,3,90L_10NL_3_1,1,5250,"('s', 'sk', 'sk')",desfaboɾeska,desfaboɾeska
90L_10NL,3,90L_10NL_3_1,1,5250,"('s', 'sk', 'sk')",desfaboɾeska,desfaboɾeska
90L_10NL,3,90L_10NL_3_1,1,5250,"('s', 'sk', 'sk')",desfaboɾeska,desfaboɾeska
90L_10NL,3,90L_10NL_3_1,1,1750,"('s', 's', 'sk')",desfaboɾeska,desfaboɾeska
90L_10NL,3,90L_10NL_3_1,1,1750,"('s', 's', 'sk')",desfaboɾeska,desfaboɾeska
90L_10NL,3,90L_10NL_3_1,1,5250,"('s', 'sk', 'sk')",desfaboɾeska,desfaboɾeska
90L_10NL,3,90L_10NL_3_1,1,5250,"('s', 'sk', 'sk')",desfaboɾeska,desfaboɾeska
90L_10NL,3,90L_10NL_3_1,1,5250,"('s', 'sk', 'sk')",desfaboɾeska,desfaboɾeska
90L_10NL,3,90L_10NL_3_1,1,5250,"('s', 'sk', 'sk')",desfaboɾeska,desfaboɾeska
90L_10NL,3,90L_10NL_3_1,1,5250,"('s', 'sk', 'sk')",desfaboɾeska,desfaboɾeska
90L_10NL,3,90L_10NL_3_1,1,5250,"('s', 'sk', 'sk')",desfaboɾeska,desfaboɾeska
90L_10NL,3,90L_10NL_3_1,1,1750,"('s', 's', 'sk')",desfaboɾeska,desfaboɾeska
90L_10NL,3,90L_10NL_3_1,1,5250,"('s', 'sk', 'sk')",desfaboɾeska,desfaboɾeska
90L_10NL,3,90L_10NL_3_1,1,5250,"('s', 'sk', 'sk')",desfaboɾeska,desfaboɾeska
90L_10NL,3,90L_10NL_3_1,1,5250,"('s', 'sk', 'sk')",desfaboɾeska,desfaboɾeska
90L_10NL,3,90L_10NL_3_1,1,5250,"('s', 'sk', 'sk')",desfaboɾeska,desfaboɾeska
90L_10NL,3,90L_10NL_3_1,1,5250,"('s', 'sk', 'sk')",desfaboɾeska,desfaboɾeska
90L_10NL,3,90L_10NL_3_1,1,5250,"('s', 'sk', 'sk')",desfaboɾeska,desfaboɾeska
90L_10NL,3,90L_10NL_3_1,1,5250,"('s', 'sk', 'sk')",desfaboɾeska,desfaboɾeska
90L_10NL,3,90L_10NL_3_1,1,5250,"('s', 'sk', 'sk')",desfaboɾeska,desfaboɾeska
90L_10NL,3,90L_10NL_3_1,1,5250,"('s', 'sk', 'sk')",desfaboɾeska,desfaboɾeska
90L_10NL,3,90L_10NL_3_1,1,5250,"('s', 'sk', 'sk')",desfaboɾeska,desfaboɾeska
90L_10NL,3,90L_10NL_3_1,1,5250,"('s', 'sk', 'sk')",desfaboɾeska,desfaboɾeska
90L_10NL,3,90L_10NL_3_1,1,5250,"('s', 'sk', 'sk')",desfaboɾeska,desfaboɾeska
90L_10NL,3,90L_10NL_3_1,1,2625,"('sk', 'sk', 'sk')",desfaboɾeska,desfaboɾeska
90L_10NL,3,90L_10NL_3_1,1,2625,"('sk', 'sk', 'sk')",desfaboɾeska,desfaboɾeska
90L_10NL,3,90L_10NL_3_1,1,2625,"('sk', 'sk', 'sk')",desfaboɾeska,desfaboɾeska
90L_10NL,3,90L_10NL_3_1,1,2625,"('sk', 'sk', 'sk')",desfaboɾeska,desfaboɾeska
90L_10NL,3,90L_10NL_3_1,1,2625,"('sk', 'sk', 'sk')",desfaboɾeska,desfaboɾeska
90L_10NL,3,90L_10NL_3_1,1,2625,"('sk', 'sk', 'sk')",desfaboɾeska,desfaboɾeska
90L_10NL,3,90L_10NL_3_1,1,2625,"('sk', 'sk', 'sk')",desfaboɾeska,desfaboɾeska
90L_10NL,3,90L_10NL_3_1,1,2625,"('sk', 'sk', 'sk')",desfaboɾeska,desfaboɾeska
90L_10NL,3,90L_10NL_3_1,1,2625,"('sk', 'sk', 'sk')",desfaboɾeska,desfaboɾeska
90L_10NL,3,90L_10NL_3_1,1,2625,"('sk', 'sk', 'sk')",desfaboɾeska,desfaboɾeska
90L_10NL,3,90L_10NL_3_1,1,2625,"('sk', 'sk', 'sk')",desfaboɾeska,desfaboɾeska
90L_10NL,3,90L_10NL_3_1,1,2625,"('sk', 'sk', 'sk')",desfaboɾeska,desfaboɾeska
90L_10NL,3,90L_10NL_3_1,1,2625,"('sk', 'sk', 'sk')",desfaboɾeska,desfaboɾeska
90L_10NL,3,90L_10NL_3_1,1,2625,"('sk', 'sk', 'sk')",desfaboɾeska,desfaboɾeska
90L_10NL,3,90L_10NL_3_1,1,2625,"('sk', 'sk', 'sk')",desfaboɾeska,desfaboɾeska
90L_10NL,3,90L_10NL_3_1,1,1750,"('s', 's', 'sk')",desfaboɾeska,desfaboɾeska
90L_10NL,3,90L_10NL_3_1,1,1750,"('s', 's', 'sk')",desfaboɾeska,desfaboɾeska
90L_10NL,3,90L_10NL_3_1,1,1750,"('s', 's', 'sk')",desfaboɾeska,desfaboɾeska
90L_10NL,3,90L_10NL_3_1,1,1750,"('s', 's', 'sk')",desfaboɾeska,desfaboɾeska
90L_10NL,3,90L_10NL_3_1,1,5250,"('s', 'sk', 'sk')",desfaboɾeska,desfaboɾeska
90L_10NL,3,90L_10NL_3_1,1,5250,"('s', 'sk', 'sk')",desfaboɾeska,desfaboɾeska
90L_10NL,3,90L_10NL_3_1,1,5250,"('s', 'sk', 'sk')",desfaboɾeska,desfaboɾeska
90L_10NL,3,90L_10NL_3_1,1,5250,"('s', 'sk', 'sk')",desfaboɾeska,desfaboɾeska
90L_10NL,3,90L_10NL_3_1,1,5250,"('s', 'sk', 'sk')",desfaboɾeska,desfaboɾeska
90L_10NL,3,90L_10NL_3_1,1,5250,"('s', 'sk', 'sk')",desfaboɾeska,desfaboɾeska
90L_10NL,3,90L_10NL_3_1,1,1750,"('s', 's', 'sk')",desfaboɾeska,desfaboɾeska
90L_10NL,3,90L_10NL_3_1,1,1750,"('s', 's', 'sk')",desfaboɾeska,desfaboɾeska
90L_10NL,3,90L_10NL_3_1,1,1750,"('s', 's', 'sk')",desfaboɾeska,desfaboɾeska
90L_10NL,3,90L_10NL_3_1,1,5250,"('s', 'sk', 'sk')",desfaboɾeska,desfaboɾeska
90L_10NL,3,90L_10NL_3_1,1,5250,"('s', 'sk', 'sk')",desfaboɾeska,desfaboɾeska
90L_10NL,3,90L_10NL_3_1,1,5250,"('s', 'sk', 'sk')",desfaboɾeska,desfaboɾeska
90L_10NL,3,90L_10NL_3_1,1,5250,"('s', 'sk', 'sk')",desfaboɾeska,desfaboɾeska
90L_10NL,3,90L_10NL_3_1,1,5250,"('s', 'sk', 'sk')",desfaboɾeska,desfaboɾeska
90L_10NL,3,90L_10NL_3_1,1,5250,"('s', 'sk', 'sk')",desfaboɾeska,desfaboɾeska
90L_10NL,3,90L_10NL_3_1,1,1750,"('s', 's', 'sk')",desfaboɾeska,desfaboɾeska
90L_10NL,3,90L_10NL_3_1,1,1750,"('s', 's', 'sk')",desfaboɾeska,desfaboɾeska
90L_10NL,3,90L_10NL_3_1,1,5250,"('s', 'sk', 'sk')",desfaboɾeska,desfaboɾeska
90L_10NL,3,90L_10NL_3_1,1,5250,"('s', 'sk', 'sk')",desfaboɾeska,desfaboɾeska
90L_10NL,3,90L_10NL_3_1,1,5250,"('s', 'sk', 'sk')",desfaboɾeska,desfaboɾeska
90L_10NL,3,90L_10NL_3_1,1,5250,"('s', 'sk', 'sk')",desfaboɾeska,desfaboɾeska
90L_10NL,3,90L_10NL_3_1,1,5250,"('s', 'sk', 'sk')",desfaboɾeska,desfaboɾeska
90L_10NL,3,90L_10NL_3_1,1,5250,"('s', 'sk', 'sk')",desfaboɾeska,desfaboɾeska
90L_10NL,3,90L_10NL_3_1,1,1750,"('s', 's', 'sk')",desfaboɾeska,desfaboɾeska
90L_10NL,3,90L_10NL_3_1,1,5250,"('s', 'sk', 'sk')",desfaboɾeska,desfaboɾeska
90L_10NL,3,90L_10NL_3_1,1,5250,"('s', 'sk', 'sk')",desfaboɾeska,desfaboɾeska
90L_10NL,3,90L_10NL_3_1,1,5250,"('s', 'sk', 'sk')",desfaboɾeska,desfaboɾeska
90L_10NL,3,90L_10NL_3_1,1,5250,"('s', 'sk', 'sk')",desfaboɾeska,desfaboɾeska
90L_10NL,3,90L_10NL_3_1,1,5250,"('s', 'sk', 'sk')",desfaboɾeska,desfaboɾeska
90L_10NL,3,90L_10NL_3_1,1,5250,"('s', 'sk', 'sk')",desfaboɾeska,desfaboɾeska
90L_10NL,3,90L_10NL_3_1,1,5250,"('s', 'sk', 'sk')",desfaboɾeska,desfaboɾeska
90L_10NL,3,90L_10NL_3_1,1,5250,"('s', 'sk', 'sk')",desfaboɾeska,desfaboɾeska
90L_10NL,3,90L_10NL_3_1,1,5250,"('s', 'sk', 'sk')",desfaboɾeska,desfaboɾeska
90L_10NL,3,90L_10NL_3_1,1,5250,"('s', 'sk', 'sk')",desfaboɾeska,desfaboɾeska
90L_10NL,3,90L_10NL_3_1,1,5250,"('s', 'sk', 'sk')",desfaboɾeska,desfaboɾeska
90L_10NL,3,90L_10NL_3_1,1,5250,"('s', 'sk', 'sk')",desfaboɾeska,desfaboɾeska
90L_10NL,3,90L_10NL_3_1,1,2625,"('sk', 'sk', 'sk')",desfaboɾeska,desfaboɾeska
90L_10NL,3,90L_10NL_3_1,1,2625,"('sk', 'sk', 'sk')",desfaboɾeska,desfaboɾeska
90L_10NL,3,90L_10NL_3_1,1,2625,"('sk', 'sk', 'sk')",desfaboɾeska,desfaboɾeska
90L_10NL,3,90L_10NL_3_1,1,2625,"('sk', 'sk', 'sk')",desfaboɾeska,desfaboɾeska
90L_10NL,3,90L_10NL_3_1,1,2625,"('sk', 'sk', 'sk')",desfaboɾeska,desfaboɾeska
90L_10NL,3,90L_10NL_3_1,1,2625,"('sk', 'sk', 'sk')",desfaboɾeska,desfaboɾeska
90L_10NL,3,90L_10NL_3_1,1,2625,"('sk', 'sk', 'sk')",desfaboɾeska,desfaboɾeska
90L_10NL,3,90L_10NL_3_1,1,2625,"('sk', 'sk', 'sk')",desfaboɾeska,desfaboɾeska
90L_10NL,3,90L_10NL_3_1,1,2625,"('sk', 'sk', 'sk')",desfaboɾeska,desfaboɾeska
90L_10NL,3,90L_10NL_3_1,1,2625,"('sk', 'sk', 'sk')",desfaboɾeska,desfaboɾeska
90L_10NL,3,90L_10NL_3_1,1,2625,"('sk', 'sk', 'sk')",desfaboɾeska,desfaboɾeska
90L_10NL,3,90L_10NL_3_1,1,2625,"('sk', 'sk', 'sk')",desfaboɾeska,desfaboɾeska
90L_10NL,3,90L_10NL_3_1,1,2625,"('sk', 'sk', 'sk')",desfaboɾeska,desfaboɾeska
90L_10NL,3,90L_10NL_3_1,1,2625,"('sk', 'sk', 'sk')",desfaboɾeska,desfaboɾeska
90L_10NL,3,90L_10NL_3_1,1,2625,"('sk', 'sk', 'sk')",desfaboɾeska,desfaboɾeska
90L_10NL,3,90L_10NL_3_1,1,1750,"('s', 's', 'sk')",desfaboɾesko,desfaboɾesko
90L_10NL,3,90L_10NL_3_1,1,1750,"('s', 's', 'sk')",desfaboɾesko,desfaboɾesko
90L_10NL,3,90L_10NL_3_1,1,1750,"('s', 's', 'sk')",desfaboɾesko,desfaboɾesko
90L_10NL,3,90L_10NL_3_1,1,1750,"('s', 's', 'sk')",desfaboɾesko,desfaboɾesko
90L_10NL,3,90L_10NL_3_1,1,5250,"('s', 'sk', 'sk')",desfaboɾesko,desfaboɾesko
90L_10NL,3,90L_10NL_3_1,1,5250,"('s', 'sk', 'sk')",desfaboɾesko,desfaboɾesko
90L_10NL,3,90L_10NL_3_1,1,5250,"('s', 'sk', 'sk')",desfaboɾesko,desfaboɾesko
90L_10NL,3,90L_10NL_3_1,1,5250,"('s', 'sk', 'sk')",desfaboɾesko,desfaboɾesko
90L_10NL,3,90L_10NL_3_1,1,5250,"('s', 'sk', 'sk')",desfaboɾesko,desfaboɾesko
90L_10NL,3,90L_10NL_3_1,1,5250,"('s', 'sk', 'sk')",desfaboɾesko,desfaboɾesko
90L_10NL,3,90L_10NL_3_1,1,1750,"('s', 's', 'sk')",desfaboɾesko,desfaboɾesko
90L_10NL,3,90L_10NL_3_1,1,1750,"('s', 's', 'sk')",desfaboɾesko,desfaboɾesko
90L_10NL,3,90L_10NL_3_1,1,1750,"('s', 's', 'sk')",desfaboɾesko,desfaboɾesko
90L_10NL,3,90L_10NL_3_1,1,5250,"('s', 'sk', 'sk')",desfaboɾesko,desfaboɾesko
90L_10NL,3,90L_10NL_3_1,1,5250,"('s', 'sk', 'sk')",desfaboɾesko,desfaboɾesko
90L_10NL,3,90L_10NL_3_1,1,5250,"('s', 'sk', 'sk')",desfaboɾesko,desfaboɾesko
90L_10NL,3,90L_10NL_3_1,1,5250,"('s', 'sk', 'sk')",desfaboɾesko,desfaboɾesko
90L_10NL,3,90L_10NL_3_1,1,5250,"('s', 'sk', 'sk')",desfaboɾesko,desfaboɾesko
90L_10NL,3,90L_10NL_3_1,1,5250,"('s', 'sk', 'sk')",desfaboɾesko,desfaboɾesko
90L_10NL,3,90L_10NL_3_1,1,1750,"('s', 's', 'sk')",desfaboɾesko,desfaboɾesko
90L_10NL,3,90L_10NL_3_1,1,1750,"('s', 's', 'sk')",desfaboɾesko,desfaboɾesko
90L_10NL,3,90L_10NL_3_1,1,5250,"('s', 'sk', 'sk')",desfaboɾesko,desfaboɾesko
90L_10NL,3,90L_10NL_3_1,1,5250,"('s', 'sk', 'sk')",desfaboɾesko,desfaboɾesko
90L_10NL,3,90L_10NL_3_1,1,5250,"('s', 'sk', 'sk')",desfaboɾesko,desfaboɾesko
90L_10NL,3,90L_10NL_3_1,1,5250,"('s', 'sk', 'sk')",desfaboɾesko,desfaboɾesko
90L_10NL,3,90L_10NL_3_1,1,5250,"('s', 'sk', 'sk')",desfaboɾesko,desfaboɾesko
90L_10NL,3,90L_10NL_3_1,1,5250,"('s', 'sk', 'sk')",desfaboɾesko,desfaboɾesko
90L_10NL,3,90L_10NL_3_1,1,1750,"('s', 's', 'sk')",desfaboɾesko,desfaboɾesko
90L_10NL,3,90L_10NL_3_1,1,5250,"('s', 'sk', 'sk')",desfaboɾesko,desfaboɾesko
90L_10NL,3,90L_10NL_3_1,1,5250,"('s', 'sk', 'sk')",desfaboɾesko,desfaboɾesko
90L_10NL,3,90L_10NL_3_1,1,5250,"('s', 'sk', 'sk')",desfaboɾesko,desfaboɾesko
90L_10NL,3,90L_10NL_3_1,1,5250,"('s', 'sk', 'sk')",desfaboɾesko,desfaboɾesko
90L_10NL,3,90L_10NL_3_1,1,5250,"('s', 'sk', 'sk')",desfaboɾesko,desfaboɾesko
90L_10NL,3,90L_10NL_3_1,1,5250,"('s', 'sk', 'sk')",desfaboɾesko,desfaboɾesko
90L_10NL,3,90L_10NL_3_1,1,5250,"('s', 'sk', 'sk')",desfaboɾesko,desfaboɾesko
90L_10NL,3,90L_10NL_3_1,1,5250,"('s', 'sk', 'sk')",desfaboɾesko,desfaboɾesko
90L_10NL,3,90L_10NL_3_1,1,5250,"('s', 'sk', 'sk')",desfaboɾesko,desfaboɾesko
90L_10NL,3,90L_10NL_3_1,1,5250,"('s', 'sk', 'sk')",desfaboɾesko,desfaboɾesko
90L_10NL,3,90L_10NL_3_1,1,5250,"('s', 'sk', 'sk')",desfaboɾesko,desfaboɾesko
90L_10NL,3,90L_10NL_3_1,1,5250,"('s', 'sk', 'sk')",desfaboɾesko,desfaboɾesko
90L_10NL,3,90L_10NL_3_1,1,2625,"('sk', 'sk', 'sk')",desfaboɾesko,desfaboɾesko
90L_10NL,3,90L_10NL_3_1,1,2625,"('sk', 'sk', 'sk')",desfaboɾesko,desfaboɾesko
90L_10NL,3,90L_10NL_3_1,1,2625,"('sk', 'sk', 'sk')",desfaboɾesko,desfaboɾesko
90L_10NL,3,90L_10NL_3_1,1,2625,"('sk', 'sk', 'sk')",desfaboɾesko,desfaboɾesko
90L_10NL,3,90L_10NL_3_1,1,2625,"('sk', 'sk', 'sk')",desfaboɾesko,desfaboɾesko
90L_10NL,3,90L_10NL_3_1,1,2625,"('sk', 'sk', 'sk')",desfaboɾesko,desfaboɾesko
90L_10NL,3,90L_10NL_3_1,1,2625,"('sk', 'sk', 'sk')",desfaboɾesko,desfaboɾesko
90L_10NL,3,90L_10NL_3_1,1,2625,"('sk', 'sk', 'sk')",desfaboɾesko,desfaboɾesko
90L_10NL,3,90L_10NL_3_1,1,2625,"('sk', 'sk', 'sk')",desfaboɾesko,desfaboɾesko
90L_10NL,3,90L_10NL_3_1,1,2625,"('sk', 'sk', 'sk')",desfaboɾesko,desfaboɾesko
90L_10NL,3,90L_10NL_3_1,1,2625,"('sk', 'sk', 'sk')",desfaboɾesko,desfaboɾesko
90L_10NL,3,90L_10NL_3_1,1,2625,"('sk', 'sk', 'sk')",desfaboɾesko,desfaboɾesko
90L_10NL,3,90L_10NL_3_1,1,2625,"('sk', 'sk', 'sk')",desfaboɾesko,desfaboɾesko
90L_10NL,3,90L_10NL_3_1,1,2625,"('sk', 'sk', 'sk')",desfaboɾesko,desfaboɾesko
90L_10NL,3,90L_10NL_3_1,1,2625,"('sk', 'sk', 'sk')",desfaboɾesko,desfaboɾesko
90L_10NL,3,90L_10NL_3_1,1,210,"('ç', 'ç', 'ç')",ɾekoçejs,ɾekoçejs
90L_10NL,3,90L_10NL_3_1,1,210,"('ç', 'ç', 'ç')",ɾekoçejs,ɾekoçejs
90L_10NL,3,90L_10NL_3_1,1,210,"('ç', 'ç', 'ç')",ɾekoçejs,ɾekoçejs
90L_10NL,3,90L_10NL_3_1,1,980,"('ç', 'x', 'ç')",ɾekoçejs,ɾekoçejs
90L_10NL,3,90L_10NL_3_1,1,980,"('ç', 'x', 'ç')",ɾekoçejs,ɾekoçejs
90L_10NL,3,90L_10NL_3_1,1,980,"('ç', 'x', 'ç')",ɾekoçejs,ɾekoçejs
90L_10NL,3,90L_10NL_3_1,1,980,"('ç', 'x', 'ç')",ɾekoçejs,ɾekoçejs
90L_10NL,3,90L_10NL_3_1,1,980,"('ç', 'x', 'ç')",ɾekoçejs,ɾekoçejs
90L_10NL,3,90L_10NL_3_1,1,980,"('ç', 'x', 'ç')",ɾekoçejs,ɾekoçejs
90L_10NL,3,90L_10NL_3_1,1,980,"('ç', 'x', 'ç')",ɾekoçejs,ɾekoçejs
90L_10NL,3,90L_10NL_3_1,1,210,"('ç', 'ç', 'ç')",ɾekoçejs,ɾekoçejs
90L_10NL,3,90L_10NL_3_1,1,210,"('ç', 'ç', 'ç')",ɾekoçejs,ɾekoçejs
90L_10NL,3,90L_10NL_3_1,1,980,"('ç', 'x', 'ç')",ɾekoçejs,ɾekoçejs
90L_10NL,3,90L_10NL_3_1,1,980,"('ç', 'x', 'ç')",ɾekoçejs,ɾekoçejs
90L_10NL,3,90L_10NL_3_1,1,980,"('ç', 'x', 'ç')",ɾekoçejs,ɾekoçejs
90L_10NL,3,90L_10NL_3_1,1,980,"('ç', 'x', 'ç')",ɾekoçejs,ɾekoçejs
90L_10NL,3,90L_10NL_3_1,1,980,"('ç', 'x', 'ç')",ɾekoçejs,ɾekoçejs
90L_10NL,3,90L_10NL_3_1,1,980,"('ç', 'x', 'ç')",ɾekoçejs,ɾekoçejs
90L_10NL,3,90L_10NL_3_1,1,980,"('ç', 'x', 'ç')",ɾekoçejs,ɾekoçejs
90L_10NL,3,90L_10NL_3_1,1,210,"('ç', 'ç', 'ç')",ɾekoçejs,ɾekoçejs
90L_10NL,3,90L_10NL_3_1,1,980,"('ç', 'x', 'ç')",ɾekoçejs,ɾekoçejs
90L_10NL,3,90L_10NL_3_1,1,980,"('ç', 'x', 'ç')",ɾekoçejs,ɾekoçejs
90L_10NL,3,90L_10NL_3_1,1,980,"('ç', 'x', 'ç')",ɾekoçejs,ɾekoçejs
90L_10NL,3,90L_10NL_3_1,1,980,"('ç', 'x', 'ç')",ɾekoçejs,ɾekoçejs
90L_10NL,3,90L_10NL_3_1,1,980,"('ç', 'x', 'ç')",ɾekoçejs,ɾekoçejs
90L_10NL,3,90L_10NL_3_1,1,980,"('ç', 'x', 'ç')",ɾekoçejs,ɾekoçejs
90L_10NL,3,90L_10NL_3_1,1,980,"('ç', 'x', 'ç')",ɾekoçejs,ɾekoçejs
90L_10NL,3,90L_10NL_3_1,1,980,"('ç', 'x', 'ç')",ɾekoçejs,ɾekoçejs
90L_10NL,3,90L_10NL_3_1,1,980,"('ç', 'x', 'ç')",ɾekoçejs,ɾekoçejs
90L_10NL,3,90L_10NL_3_1,1,980,"('ç', 'x', 'ç')",ɾekoçejs,ɾekoçejs
90L_10NL,3,90L_10NL_3_1,1,980,"('ç', 'x', 'ç')",ɾekoçejs,ɾekoçejs
90L_10NL,3,90L_10NL_3_1,1,980,"('ç', 'x', 'ç')",ɾekoçejs,ɾekoçejs
90L_10NL,3,90L_10NL_3_1,1,980,"('ç', 'x', 'ç')",ɾekoçejs,ɾekoçejs
90L_10NL,3,90L_10NL_3_1,1,980,"('ç', 'x', 'ç')",ɾekoçejs,ɾekoçejs
90L_10NL,3,90L_10NL_3_1,1,735,"('x', 'x', 'ç')",ɾekoçejs,ɾekoçejs
90L_10NL,3,90L_10NL_3_1,1,735,"('x', 'x', 'ç')",ɾekoçejs,ɾekoçejs
90L_10NL,3,90L_10NL_3_1,1,735,"('x', 'x', 'ç')",ɾekoçejs,ɾekoçejs
90L_10NL,3,90L_10NL_3_1,1,735,"('x', 'x', 'ç')",ɾekoçejs,ɾekoçejs
90L_10NL,3,90L_10NL_3_1,1,735,"('x', 'x', 'ç')",ɾekoçejs,ɾekoçejs
90L_10NL,3,90L_10NL_3_1,1,735,"('x', 'x', 'ç')",ɾekoçejs,ɾekoçejs
90L_10NL,3,90L_10NL_3_1,1,735,"('x', 'x', 'ç')",ɾekoçejs,ɾekoçejs
90L_10NL,3,90L_10NL_3_1,1,735,"('x', 'x', 'ç')",ɾekoçejs,ɾekoçejs
90L_10NL,3,90L_10NL_3_1,1,735,"('x', 'x', 'ç')",ɾekoçejs,ɾekoçejs
90L_10NL,3,90L_10NL_3_1,1,735,"('x', 'x', 'ç')",ɾekoçejs,ɾekoçejs
90L_10NL,3,90L_10NL_3_1,1,735,"('x', 'x', 'ç')",ɾekoçejs,ɾekoçejs
90L_10NL,3,90L_10NL_3_1,1,735,"('x', 'x', 'ç')",ɾekoçejs,ɾekoçejs
90L_10NL,3,90L_10NL_3_1,1,735,"('x', 'x', 'ç')",ɾekoçejs,ɾekoçejs
90L_10NL,3,90L_10NL_3_1,1,735,"('x', 'x', 'ç')",ɾekoçejs,ɾekoçejs
90L_10NL,3,90L_10NL_3_1,1,735,"('x', 'x', 'ç')",ɾekoçejs,ɾekoçejs
90L_10NL,3,90L_10NL_3_1,1,735,"('x', 'x', 'ç')",ɾekoçejs,ɾekoçejs
90L_10NL,3,90L_10NL_3_1,1,735,"('x', 'x', 'ç')",ɾekoçejs,ɾekoçejs
90L_10NL,3,90L_10NL_3_1,1,735,"('x', 'x', 'ç')",ɾekoçejs,ɾekoçejs
90L_10NL,3,90L_10NL_3_1,1,735,"('x', 'x', 'ç')",ɾekoçejs,ɾekoçejs
90L_10NL,3,90L_10NL_3_1,1,735,"('x', 'x', 'ç')",ɾekoçejs,ɾekoçejs
90L_10NL,3,90L_10NL_3_1,1,735,"('x', 'x', 'ç')",ɾekoçejs,ɾekoçejs
90L_10NL,3,90L_10NL_3_1,1,210,"('ç', 'ç', 'ç')",ɾekoçemos,ɾekoçemos
90L_10NL,3,90L_10NL_3_1,1,210,"('ç', 'ç', 'ç')",ɾekoçemos,ɾekoçemos
90L_10NL,3,90L_10NL_3_1,1,210,"('ç', 'ç', 'ç')",ɾekoçemos,ɾekoçemos
90L_10NL,3,90L_10NL_3_1,1,980,"('ç', 'x', 'ç')",ɾekoçemos,ɾekoçemos
90L_10NL,3,90L_10NL_3_1,1,980,"('ç', 'x', 'ç')",ɾekoçemos,ɾekoçemos
90L_10NL,3,90L_10NL_3_1,1,980,"('ç', 'x', 'ç')",ɾekoçemos,ɾekoçemos
90L_10NL,3,90L_10NL_3_1,1,980,"('ç', 'x', 'ç')",ɾekoçemos,ɾekoçemos
90L_10NL,3,90L_10NL_3_1,1,980,"('ç', 'x', 'ç')",ɾekoçemos,ɾekoçemos
90L_10NL,3,90L_10NL_3_1,1,980,"('ç', 'x', 'ç')",ɾekoçemos,ɾekoçemos
90L_10NL,3,90L_10NL_3_1,1,980,"('ç', 'x', 'ç')",ɾekoçemos,ɾekoçemos
90L_10NL,3,90L_10NL_3_1,1,210,"('ç', 'ç', 'ç')",ɾekoçemos,ɾekoçemos
90L_10NL,3,90L_10NL_3_1,1,210,"('ç', 'ç', 'ç')",ɾekoçemos,ɾekoçemos
90L_10NL,3,90L_10NL_3_1,1,980,"('ç', 'x', 'ç')",ɾekoçemos,ɾekoçemos
90L_10NL,3,90L_10NL_3_1,1,980,"('ç', 'x', 'ç')",ɾekoçemos,ɾekoçemos
90L_10NL,3,90L_10NL_3_1,1,980,"('ç', 'x', 'ç')",ɾekoçemos,ɾekoçemos
90L_10NL,3,90L_10NL_3_1,1,980,"('ç', 'x', 'ç')",ɾekoçemos,ɾekoçemos
90L_10NL,3,90L_10NL_3_1,1,980,"('ç', 'x', 'ç')",ɾekoçemos,ɾekoçemos
90L_10NL,3,90L_10NL_3_1,1,980,"('ç', 'x', 'ç')",ɾekoçemos,ɾekoçemos
90L_10NL,3,90L_10NL_3_1,1,980,"('ç', 'x', 'ç')",ɾekoçemos,ɾekoçemos
90L_10NL,3,90L_10NL_3_1,1,210,"('ç', 'ç', 'ç')",ɾekoçemos,ɾekoçemos
90L_10NL,3,90L_10NL_3_1,1,980,"('ç', 'x', 'ç')",ɾekoçemos,ɾekoçemos
90L_10NL,3,90L_10NL_3_1,1,980,"('ç', 'x', 'ç')",ɾekoçemos,ɾekoçemos
90L_10NL,3,90L_10NL_3_1,1,980,"('ç', 'x', 'ç')",ɾekoçemos,ɾekoçemos
90L_10NL,3,90L_10NL_3_1,1,980,"('ç', 'x', 'ç')",ɾekoçemos,ɾekoçemos
90L_10NL,3,90L_10NL_3_1,1,980,"('ç', 'x', 'ç')",ɾekoçemos,ɾekoçemos
90L_10NL,3,90L_10NL_3_1,1,980,"('ç', 'x', 'ç')",ɾekoçemos,ɾekoçemos
90L_10NL,3,90L_10NL_3_1,1,980,"('ç', 'x', 'ç')",ɾekoçemos,ɾekoçemos
90L_10NL,3,90L_10NL_3_1,1,980,"('ç', 'x', 'ç')",ɾekoçemos,ɾekoçemos
90L_10NL,3,90L_10NL_3_1,1,980,"('ç', 'x', 'ç')",ɾekoçemos,ɾekoçemos
90L_10NL,3,90L_10NL_3_1,1,980,"('ç', 'x', 'ç')",ɾekoçemos,ɾekoçemos
90L_10NL,3,90L_10NL_3_1,1,980,"('ç', 'x', 'ç')",ɾekoçemos,ɾekoçemos
90L_10NL,3,90L_10NL_3_1,1,980,"('ç', 'x', 'ç')",ɾekoçemos,ɾekoçemos
90L_10NL,3,90L_10NL_3_1,1,980,"('ç', 'x', 'ç')",ɾekoçemos,ɾekoçemos
90L_10NL,3,90L_10NL_3_1,1,980,"('ç', 'x', 'ç')",ɾekoçemos,ɾekoçemos
90L_10NL,3,90L_10NL_3_1,1,735,"('x', 'x', 'ç')",ɾekoçemos,ɾekoçemos
90L_10NL,3,90L_10NL_3_1,1,735,"('x', 'x', 'ç')",ɾekoçemos,ɾekoçemos
90L_10NL,3,90L_10NL_3_1,1,735,"('x', 'x', 'ç')",ɾekoçemos,ɾekoçemos
90L_10NL,3,90L_10NL_3_1,1,735,"('x', 'x', 'ç')",ɾekoçemos,ɾekoçemos
90L_10NL,3,90L_10NL_3_1,1,735,"('x', 'x', 'ç')",ɾekoçemos,ɾekoçemos
90L_10NL,3,90L_10NL_3_1,1,735,"('x', 'x', 'ç')",ɾekoçemos,ɾekoçemos
90L_10NL,3,90L_10NL_3_1,1,735,"('x', 'x', 'ç')",ɾekoçemos,ɾekoçemos
90L_10NL,3,90L_10NL_3_1,1,735,"('x', 'x', 'ç')",ɾekoçemos,ɾekoçemos
90L_10NL,3,90L_10NL_3_1,1,735,"('x', 'x', 'ç')",ɾekoçemos,ɾekoçemos
90L_10NL,3,90L_10NL_3_1,1,735,"('x', 'x', 'ç')",ɾekoçemos,ɾekoçemos
90L_10NL,3,90L_10NL_3_1,1,735,"('x', 'x', 'ç')",ɾekoçemos,ɾekoçemos
90L_10NL,3,90L_10NL_3_1,1,735,"('x', 'x', 'ç')",ɾekoçemos,ɾekoçemos
90L_10NL,3,90L_10NL_3_1,1,735,"('x', 'x', 'ç')",ɾekoçemos,ɾekoçemos
90L_10NL,3,90L_10NL_3_1,1,735,"('x', 'x', 'ç')",ɾekoçemos,ɾekoçemos
90L_10NL,3,90L_10NL_3_1,1,735,"('x', 'x', 'ç')",ɾekoçemos,ɾekoçemos
90L_10NL,3,90L_10NL_3_1,1,735,"('x', 'x', 'ç')",ɾekoçemos,ɾekoçemos
90L_10NL,3,90L_10NL_3_1,1,735,"('x', 'x', 'ç')",ɾekoçemos,ɾekoçemos
90L_10NL,3,90L_10NL_3_1,1,735,"('x', 'x', 'ç')",ɾekoçemos,ɾekoçemos
90L_10NL,3,90L_10NL_3_1,1,735,"('x', 'x', 'ç')",ɾekoçemos,ɾekoçemos
90L_10NL,3,90L_10NL_3_1,1,735,"('x', 'x', 'ç')",ɾekoçemos,ɾekoçemos
90L_10NL,3,90L_10NL_3_1,1,735,"('x', 'x', 'ç')",ɾekoçemos,ɾekoçemos
90L_10NL,3,90L_10NL_3_1,1,210,"('ç', 'ç', 'ç')",ɾekoçen,ɾekoçen
90L_10NL,3,90L_10NL_3_1,1,210,"('ç', 'ç', 'ç')",ɾekoçen,ɾekoçen
90L_10NL,3,90L_10NL_3_1,1,210,"('ç', 'ç', 'ç')",ɾekoçen,ɾekoçen
90L_10NL,3,90L_10NL_3_1,1,980,"('ç', 'x', 'ç')",ɾekoçen,ɾekoçen
90L_10NL,3,90L_10NL_3_1,1,980,"('ç', 'x', 'ç')",ɾekoçen,ɾekoçen
90L_10NL,3,90L_10NL_3_1,1,980,"('ç', 'x', 'ç')",ɾekoçen,ɾekoçen
90L_10NL,3,90L_10NL_3_1,1,980,"('ç', 'x', 'ç')",ɾekoçen,ɾekoçen
90L_10NL,3,90L_10NL_3_1,1,980,"('ç', 'x', 'ç')",ɾekoçen,ɾekoçen
90L_10NL,3,90L_10NL_3_1,1,980,"('ç', 'x', 'ç')",ɾekoçen,ɾekoçen
90L_10NL,3,90L_10NL_3_1,1,980,"('ç', 'x', 'ç')",ɾekoçen,ɾekoçen
90L_10NL,3,90L_10NL_3_1,1,210,"('ç', 'ç', 'ç')",ɾekoçen,ɾekoçen
90L_10NL,3,90L_10NL_3_1,1,210,"('ç', 'ç', 'ç')",ɾekoçen,ɾekoçen
90L_10NL,3,90L_10NL_3_1,1,980,"('ç', 'x', 'ç')",ɾekoçen,ɾekoçen
90L_10NL,3,90L_10NL_3_1,1,980,"('ç', 'x', 'ç')",ɾekoçen,ɾekoçen
90L_10NL,3,90L_10NL_3_1,1,980,"('ç', 'x', 'ç')",ɾekoçen,ɾekoçen
90L_10NL,3,90L_10NL_3_1,1,980,"('ç', 'x', 'ç')",ɾekoçen,ɾekoçen
90L_10NL,3,90L_10NL_3_1,1,980,"('ç', 'x', 'ç')",ɾekoçen,ɾekoçen
90L_10NL,3,90L_10NL_3_1,1,980,"('ç', 'x', 'ç')",ɾekoçen,ɾekoçen
90L_10NL,3,90L_10NL_3_1,1,980,"('ç', 'x', 'ç')",ɾekoçen,ɾekoçen
90L_10NL,3,90L_10NL_3_1,1,210,"('ç', 'ç', 'ç')",ɾekoçen,ɾekoçen
90L_10NL,3,90L_10NL_3_1,1,980,"('ç', 'x', 'ç')",ɾekoçen,ɾekoçen
90L_10NL,3,90L_10NL_3_1,1,980,"('ç', 'x', 'ç')",ɾekoçen,ɾekoçen
90L_10NL,3,90L_10NL_3_1,1,980,"('ç', 'x', 'ç')",ɾekoçen,ɾekoçen
90L_10NL,3,90L_10NL_3_1,1,980,"('ç', 'x', 'ç')",ɾekoçen,ɾekoçen
90L_10NL,3,90L_10NL_3_1,1,980,"('ç', 'x', 'ç')",ɾekoçen,ɾekoçen
90L_10NL,3,90L_10NL_3_1,1,980,"('ç', 'x', 'ç')",ɾekoçen,ɾekoçen
90L_10NL,3,90L_10NL_3_1,1,980,"('ç', 'x', 'ç')",ɾekoçen,ɾekoçen
90L_10NL,3,90L_10NL_3_1,1,980,"('ç', 'x', 'ç')",ɾekoçen,ɾekoçen
90L_10NL,3,90L_10NL_3_1,1,980,"('ç', 'x', 'ç')",ɾekoçen,ɾekoçen
90L_10NL,3,90L_10NL_3_1,1,980,"('ç', 'x', 'ç')",ɾekoçen,ɾekoçen
90L_10NL,3,90L_10NL_3_1,1,980,"('ç', 'x', 'ç')",ɾekoçen,ɾekoçen
90L_10NL,3,90L_10NL_3_1,1,980,"('ç', 'x', 'ç')",ɾekoçen,ɾekoçen
90L_10NL,3,90L_10NL_3_1,1,980,"('ç', 'x', 'ç')",ɾekoçen,ɾekoçen
90L_10NL,3,90L_10NL_3_1,1,980,"('ç', 'x', 'ç')",ɾekoçen,ɾekoçen
90L_10NL,3,90L_10NL_3_1,1,735,"('x', 'x', 'ç')",ɾekoçen,ɾekoçen
90L_10NL,3,90L_10NL_3_1,1,735,"('x', 'x', 'ç')",ɾekoçen,ɾekoçen
90L_10NL,3,90L_10NL_3_1,1,735,"('x', 'x', 'ç')",ɾekoçen,ɾekoçen
90L_10NL,3,90L_10NL_3_1,1,735,"('x', 'x', 'ç')",ɾekoçen,ɾekoçen
90L_10NL,3,90L_10NL_3_1,1,735,"('x', 'x', 'ç')",ɾekoçen,ɾekoçen
90L_10NL,3,90L_10NL_3_1,1,735,"('x', 'x', 'ç')",ɾekoçen,ɾekoçen
90L_10NL,3,90L_10NL_3_1,1,735,"('x', 'x', 'ç')",ɾekoçen,ɾekoçen
90L_10NL,3,90L_10NL_3_1,1,735,"('x', 'x', 'ç')",ɾekoçen,ɾekoçen
90L_10NL,3,90L_10NL_3_1,1,735,"('x', 'x', 'ç')",ɾekoçen,ɾekoçen
90L_10NL,3,90L_10NL_3_1,1,735,"('x', 'x', 'ç')",ɾekoçen,ɾekoçen
90L_10NL,3,90L_10NL_3_1,1,735,"('x', 'x', 'ç')",ɾekoçen,ɾekoçen
90L_10NL,3,90L_10NL_3_1,1,735,"('x', 'x', 'ç')",ɾekoçen,ɾekoçen
90L_10NL,3,90L_10NL_3_1,1,735,"('x', 'x', 'ç')",ɾekoçen,ɾekoçen
90L_10NL,3,90L_10NL_3_1,1,735,"('x', 'x', 'ç')",ɾekoçen,ɾekoçen
90L_10NL,3,90L_10NL_3_1,1,735,"('x', 'x', 'ç')",ɾekoçen,ɾekoçen
90L_10NL,3,90L_10NL_3_1,1,735,"('x', 'x', 'ç')",ɾekoçen,ɾekoçen
90L_10NL,3,90L_10NL_3_1,1,735,"('x', 'x', 'ç')",ɾekoçen,ɾekoçen
90L_10NL,3,90L_10NL_3_1,1,735,"('x', 'x', 'ç')",ɾekoçen,ɾekoçen
90L_10NL,3,90L_10NL_3_1,1,735,"('x', 'x', 'ç')",ɾekoçen,ɾekoçen
90L_10NL,3,90L_10NL_3_1,1,735,"('x', 'x', 'ç')",ɾekoçen,ɾekoçen
90L_10NL,3,90L_10NL_3_1,1,735,"('x', 'x', 'ç')",ɾekoçen,ɾekoçen
90L_10NL,3,90L_10NL_3_1,1,210,"('ç', 'ç', 'ç')",ɾekoçes,ɾekoçes
90L_10NL,3,90L_10NL_3_1,1,210,"('ç', 'ç', 'ç')",ɾekoçes,ɾekoçes
90L_10NL,3,90L_10NL_3_1,1,210,"('ç', 'ç', 'ç')",ɾekoçes,ɾekoçes
90L_10NL,3,90L_10NL_3_1,1,980,"('ç', 'x', 'ç')",ɾekoçes,ɾekoçes
90L_10NL,3,90L_10NL_3_1,1,980,"('ç', 'x', 'ç')",ɾekoçes,ɾekoçes
90L_10NL,3,90L_10NL_3_1,1,980,"('ç', 'x', 'ç')",ɾekoçes,ɾekoçes
90L_10NL,3,90L_10NL_3_1,1,980,"('ç', 'x', 'ç')",ɾekoçes,ɾekoçes
90L_10NL,3,90L_10NL_3_1,1,980,"('ç', 'x', 'ç')",ɾekoçes,ɾekoçes
90L_10NL,3,90L_10NL_3_1,1,980,"('ç', 'x', 'ç')",ɾekoçes,ɾekoçes
90L_10NL,3,90L_10NL_3_1,1,980,"('ç', 'x', 'ç')",ɾekoçes,ɾekoçes
90L_10NL,3,90L_10NL_3_1,1,210,"('ç', 'ç', 'ç')",ɾekoçes,ɾekoçes
90L_10NL,3,90L_10NL_3_1,1,210,"('ç', 'ç', 'ç')",ɾekoçes,ɾekoçes
90L_10NL,3,90L_10NL_3_1,1,980,"('ç', 'x', 'ç')",ɾekoçes,ɾekoçes
90L_10NL,3,90L_10NL_3_1,1,980,"('ç', 'x', 'ç')",ɾekoçes,ɾekoçes
90L_10NL,3,90L_10NL_3_1,1,980,"('ç', 'x', 'ç')",ɾekoçes,ɾekoçes
90L_10NL,3,90L_10NL_3_1,1,980,"('ç', 'x', 'ç')",ɾekoçes,ɾekoçes
90L_10NL,3,90L_10NL_3_1,1,980,"('ç', 'x', 'ç')",ɾekoçes,ɾekoçes
90L_10NL,3,90L_10NL_3_1,1,980,"('ç', 'x', 'ç')",ɾekoçes,ɾekoçes
90L_10NL,3,90L_10NL_3_1,1,980,"('ç', 'x', 'ç')",ɾekoçes,ɾekoçes
90L_10NL,3,90L_10NL_3_1,1,210,"('ç', 'ç', 'ç')",ɾekoçes,ɾekoçes
90L_10NL,3,90L_10NL_3_1,1,980,"('ç', 'x', 'ç')",ɾekoçes,ɾekoçes
90L_10NL,3,90L_10NL_3_1,1,980,"('ç', 'x', 'ç')",ɾekoçes,ɾekoçes
90L_10NL,3,90L_10NL_3_1,1,980,"('ç', 'x', 'ç')",ɾekoçes,ɾekoçes
90L_10NL,3,90L_10NL_3_1,1,980,"('ç', 'x', 'ç')",ɾekoçes,ɾekoçes
90L_10NL,3,90L_10NL_3_1,1,980,"('ç', 'x', 'ç')",ɾekoçes,ɾekoçes
90L_10NL,3,90L_10NL_3_1,1,980,"('ç', 'x', 'ç')",ɾekoçes,ɾekoçes
90L_10NL,3,90L_10NL_3_1,1,980,"('ç', 'x', 'ç')",ɾekoçes,ɾekoçes
90L_10NL,3,90L_10NL_3_1,1,980,"('ç', 'x', 'ç')",ɾekoçes,ɾekoçes
90L_10NL,3,90L_10NL_3_1,1,980,"('ç', 'x', 'ç')",ɾekoçes,ɾekoçes
90L_10NL,3,90L_10NL_3_1,1,980,"('ç', 'x', 'ç')",ɾekoçes,ɾekoçes
90L_10NL,3,90L_10NL_3_1,1,980,"('ç', 'x', 'ç')",ɾekoçes,ɾekoçes
90L_10NL,3,90L_10NL_3_1,1,980,"('ç', 'x', 'ç')",ɾekoçes,ɾekoçes
90L_10NL,3,90L_10NL_3_1,1,980,"('ç', 'x', 'ç')",ɾekoçes,ɾekoçes
90L_10NL,3,90L_10NL_3_1,1,980,"('ç', 'x', 'ç')",ɾekoçes,ɾekoçes
90L_10NL,3,90L_10NL_3_1,1,735,"('x', 'x', 'ç')",ɾekoçes,ɾekoçes
90L_10NL,3,90L_10NL_3_1,1,735,"('x', 'x', 'ç')",ɾekoçes,ɾekoçes
90L_10NL,3,90L_10NL_3_1,1,735,"('x', 'x', 'ç')",ɾekoçes,ɾekoçes
90L_10NL,3,90L_10NL_3_1,1,735,"('x', 'x', 'ç')",ɾekoçes,ɾekoçes
90L_10NL,3,90L_10NL_3_1,1,735,"('x', 'x', 'ç')",ɾekoçes,ɾekoçes
90L_10NL,3,90L_10NL_3_1,1,735,"('x', 'x', 'ç')",ɾekoçes,ɾekoçes
90L_10NL,3,90L_10NL_3_1,1,735,"('x', 'x', 'ç')",ɾekoçes,ɾekoçes
90L_10NL,3,90L_10NL_3_1,1,735,"('x', 'x', 'ç')",ɾekoçes,ɾekoçes
90L_10NL,3,90L_10NL_3_1,1,735,"('x', 'x', 'ç')",ɾekoçes,ɾekoçes
90L_10NL,3,90L_10NL_3_1,1,735,"('x', 'x', 'ç')",ɾekoçes,ɾekoçes
90L_10NL,3,90L_10NL_3_1,1,735,"('x', 'x', 'ç')",ɾekoçes,ɾekoçes
90L_10NL,3,90L_10NL_3_1,1,735,"('x', 'x', 'ç')",ɾekoçes,ɾekoçes
90L_10NL,3,90L_10NL_3_1,1,735,"('x', 'x', 'ç')",ɾekoçes,ɾekoçes
90L_10NL,3,90L_10NL_3_1,1,735,"('x', 'x', 'ç')",ɾekoçes,ɾekoçes
90L_10NL,3,90L_10NL_3_1,1,735,"('x', 'x', 'ç')",ɾekoçes,ɾekoçes
90L_10NL,3,90L_10NL_3_1,1,735,"('x', 'x', 'ç')",ɾekoçes,ɾekoçes
90L_10NL,3,90L_10NL_3_1,1,735,"('x', 'x', 'ç')",ɾekoçes,ɾekoçes
90L_10NL,3,90L_10NL_3_1,1,735,"('x', 'x', 'ç')",ɾekoçes,ɾekoçes
90L_10NL,3,90L_10NL_3_1,1,735,"('x', 'x', 'ç')",ɾekoçes,ɾekoçes
90L_10NL,3,90L_10NL_3_1,1,735,"('x', 'x', 'ç')",ɾekoçes,ɾekoçes
90L_10NL,3,90L_10NL_3_1,1,735,"('x', 'x', 'ç')",ɾekoçes,ɾekoçes
90L_10NL,3,90L_10NL_3_1,1,210,"('ç', 'ç', 'ç')",ɾekoçe,ɾekoçe
90L_10NL,3,90L_10NL_3_1,1,210,"('ç', 'ç', 'ç')",ɾekoçe,ɾekoçe
90L_10NL,3,90L_10NL_3_1,1,210,"('ç', 'ç', 'ç')",ɾekoçe,ɾekoçe
90L_10NL,3,90L_10NL_3_1,1,980,"('ç', 'x', 'ç')",ɾekoçe,ɾekoçe
90L_10NL,3,90L_10NL_3_1,1,980,"('ç', 'x', 'ç')",ɾekoçe,ɾekoçe
90L_10NL,3,90L_10NL_3_1,1,980,"('ç', 'x', 'ç')",ɾekoçe,ɾekoçe
90L_10NL,3,90L_10NL_3_1,1,980,"('ç', 'x', 'ç')",ɾekoçe,ɾekoçe
90L_10NL,3,90L_10NL_3_1,1,980,"('ç', 'x', 'ç')",ɾekoçe,ɾekoçe
90L_10NL,3,90L_10NL_3_1,1,980,"('ç', 'x', 'ç')",ɾekoçe,ɾekoçe
90L_10NL,3,90L_10NL_3_1,1,980,"('ç', 'x', 'ç')",ɾekoçe,ɾekoçe
90L_10NL,3,90L_10NL_3_1,1,210,"('ç', 'ç', 'ç')",ɾekoçe,ɾekoçe
90L_10NL,3,90L_10NL_3_1,1,210,"('ç', 'ç', 'ç')",ɾekoçe,ɾekoçe
90L_10NL,3,90L_10NL_3_1,1,980,"('ç', 'x', 'ç')",ɾekoçe,ɾekoçe
90L_10NL,3,90L_10NL_3_1,1,980,"('ç', 'x', 'ç')",ɾekoçe,ɾekoçe
90L_10NL,3,90L_10NL_3_1,1,980,"('ç', 'x', 'ç')",ɾekoçe,ɾekoçe
90L_10NL,3,90L_10NL_3_1,1,980,"('ç', 'x', 'ç')",ɾekoçe,ɾekoçe
90L_10NL,3,90L_10NL_3_1,1,980,"('ç', 'x', 'ç')",ɾekoçe,ɾekoçe
90L_10NL,3,90L_10NL_3_1,1,980,"('ç', 'x', 'ç')",ɾekoçe,ɾekoçe
90L_10NL,3,90L_10NL_3_1,1,980,"('ç', 'x', 'ç')",ɾekoçe,ɾekoçe
90L_10NL,3,90L_10NL_3_1,1,210,"('ç', 'ç', 'ç')",ɾekoçe,ɾekoçe
90L_10NL,3,90L_10NL_3_1,1,980,"('ç', 'x', 'ç')",ɾekoçe,ɾekoçe
90L_10NL,3,90L_10NL_3_1,1,980,"('ç', 'x', 'ç')",ɾekoçe,ɾekoçe
90L_10NL,3,90L_10NL_3_1,1,980,"('ç', 'x', 'ç')",ɾekoçe,ɾekoçe
90L_10NL,3,90L_10NL_3_1,1,980,"('ç', 'x', 'ç')",ɾekoçe,ɾekoçe
90L_10NL,3,90L_10NL_3_1,1,980,"('ç', 'x', 'ç')",ɾekoçe,ɾekoçe
90L_10NL,3,90L_10NL_3_1,1,980,"('ç', 'x', 'ç')",ɾekoçe,ɾekoçe
90L_10NL,3,90L_10NL_3_1,1,980,"('ç', 'x', 'ç')",ɾekoçe,ɾekoçe
90L_10NL,3,90L_10NL_3_1,1,980,"('ç', 'x', 'ç')",ɾekoçe,ɾekoçe
90L_10NL,3,90L_10NL_3_1,1,980,"('ç', 'x', 'ç')",ɾekoçe,ɾekoçe
90L_10NL,3,90L_10NL_3_1,1,980,"('ç', 'x', 'ç')",ɾekoçe,ɾekoçe
90L_10NL,3,90L_10NL_3_1,1,980,"('ç', 'x', 'ç')",ɾekoçe,ɾekoçe
90L_10NL,3,90L_10NL_3_1,1,980,"('ç', 'x', 'ç')",ɾekoçe,ɾekoçe
90L_10NL,3,90L_10NL_3_1,1,980,"('ç', 'x', 'ç')",ɾekoçe,ɾekoçe
90L_10NL,3,90L_10NL_3_1,1,980,"('ç', 'x', 'ç')",ɾekoçe,ɾekoçe
90L_10NL,3,90L_10NL_3_1,1,735,"('x', 'x', 'ç')",ɾekoçe,ɾekoçe
90L_10NL,3,90L_10NL_3_1,1,735,"('x', 'x', 'ç')",ɾekoçe,ɾekoçe
90L_10NL,3,90L_10NL_3_1,1,735,"('x', 'x', 'ç')",ɾekoçe,ɾekoçe
90L_10NL,3,90L_10NL_3_1,1,735,"('x', 'x', 'ç')",ɾekoçe,ɾekoçe
90L_10NL,3,90L_10NL_3_1,1,735,"('x', 'x', 'ç')",ɾekoçe,ɾekoçe
90L_10NL,3,90L_10NL_3_1,1,735,"('x', 'x', 'ç')",ɾekoçe,ɾekoçe
90L_10NL,3,90L_10NL_3_1,1,735,"('x', 'x', 'ç')",ɾekoçe,ɾekoçe
90L_10NL,3,90L_10NL_3_1,1,735,"('x', 'x', 'ç')",ɾekoçe,ɾekoçe
90L_10NL,3,90L_10NL_3_1,1,735,"('x', 'x', 'ç')",ɾekoçe,ɾekoçe
90L_10NL,3,90L_10NL_3_1,1,735,"('x', 'x', 'ç')",ɾekoçe,ɾekoçe
90L_10NL,3,90L_10NL_3_1,1,735,"('x', 'x', 'ç')",ɾekoçe,ɾekoçe
90L_10NL,3,90L_10NL_3_1,1,735,"('x', 'x', 'ç')",ɾekoçe,ɾekoçe
90L_10NL,3,90L_10NL_3_1,1,735,"('x', 'x', 'ç')",ɾekoçe,ɾekoçe
90L_10NL,3,90L_10NL_3_1,1,735,"('x', 'x', 'ç')",ɾekoçe,ɾekoçe
90L_10NL,3,90L_10NL_3_1,1,735,"('x', 'x', 'ç')",ɾekoçe,ɾekoçe
90L_10NL,3,90L_10NL_3_1,1,735,"('x', 'x', 'ç')",ɾekoçe,ɾekoçe
90L_10NL,3,90L_10NL_3_1,1,735,"('x', 'x', 'ç')",ɾekoçe,ɾekoçe
90L_10NL,3,90L_10NL_3_1,1,735,"('x', 'x', 'ç')",ɾekoçe,ɾekoçe
90L_10NL,3,90L_10NL_3_1,1,735,"('x', 'x', 'ç')",ɾekoçe,ɾekoçe
90L_10NL,3,90L_10NL_3_1,1,735,"('x', 'x', 'ç')",ɾekoçe,ɾekoçe
90L_10NL,3,90L_10NL_3_1,1,735,"('x', 'x', 'ç')",ɾekoçe,ɾekoçe
90L_10NL,3,90L_10NL_3_1,1,490,"('ç', 'ç', 'x')",ɾekoxajs,ɾekoxajs
90L_10NL,3,90L_10NL_3_1,1,490,"('ç', 'ç', 'x')",ɾekoxajs,ɾekoxajs
90L_10NL,3,90L_10NL_3_1,1,490,"('ç', 'ç', 'x')",ɾekoxajs,ɾekoxajs
90L_10NL,3,90L_10NL_3_1,1,490,"('ç', 'ç', 'x')",ɾekoxajs,ɾekoxajs
90L_10NL,3,90L_10NL_3_1,1,1470,"('ç', 'x', 'x')",ɾekoxajs,ɾekoxajs
90L_10NL,3,90L_10NL_3_1,1,1470,"('ç', 'x', 'x')",ɾekoxajs,ɾekoxajs
90L_10NL,3,90L_10NL_3_1,1,1470,"('ç', 'x', 'x')",ɾekoxajs,ɾekoxajs
90L_10NL,3,90L_10NL_3_1,1,1470,"('ç', 'x', 'x')",ɾekoxajs,ɾekoxajs
90L_10NL,3,90L_10NL_3_1,1,1470,"('ç', 'x', 'x')",ɾekoxajs,ɾekoxajs
90L_10NL,3,90L_10NL_3_1,1,1470,"('ç', 'x', 'x')",ɾekoxajs,ɾekoxajs
90L_10NL,3,90L_10NL_3_1,1,490,"('ç', 'ç', 'x')",ɾekoxajs,ɾekoxajs
90L_10NL,3,90L_10NL_3_1,1,490,"('ç', 'ç', 'x')",ɾekoxajs,ɾekoxajs
90L_10NL,3,90L_10NL_3_1,1,490,"('ç', 'ç', 'x')",ɾekoxajs,ɾekoxajs
90L_10NL,3,90L_10NL_3_1,1,1470,"('ç', 'x', 'x')",ɾekoxajs,ɾekoxajs
90L_10NL,3,90L_10NL_3_1,1,1470,"('ç', 'x', 'x')",ɾekoxajs,ɾekoxajs
90L_10NL,3,90L_10NL_3_1,1,1470,"('ç', 'x', 'x')",ɾekoxajs,ɾekoxajs
90L_10NL,3,90L_10NL_3_1,1,1470,"('ç', 'x', 'x')",ɾekoxajs,ɾekoxajs
90L_10NL,3,90L_10NL_3_1,1,1470,"('ç', 'x', 'x')",ɾekoxajs,ɾekoxajs
90L_10NL,3,90L_10NL_3_1,1,1470,"('ç', 'x', 'x')",ɾekoxajs,ɾekoxajs
90L_10NL,3,90L_10NL_3_1,1,490,"('ç', 'ç', 'x')",ɾekoxajs,ɾekoxajs
90L_10NL,3,90L_10NL_3_1,1,490,"('ç', 'ç', 'x')",ɾekoxajs,ɾekoxajs
90L_10NL,3,90L_10NL_3_1,1,1470,"('ç', 'x', 'x')",ɾekoxajs,ɾekoxajs
90L_10NL,3,90L_10NL_3_1,1,1470,"('ç', 'x', 'x')",ɾekoxajs,ɾekoxajs
90L_10NL,3,90L_10NL_3_1,1,1470,"('ç', 'x', 'x')",ɾekoxajs,ɾekoxajs
90L_10NL,3,90L_10NL_3_1,1,1470,"('ç', 'x', 'x')",ɾekoxajs,ɾekoxajs
90L_10NL,3,90L_10NL_3_1,1,1470,"('ç', 'x', 'x')",ɾekoxajs,ɾekoxajs
90L_10NL,3,90L_10NL_3_1,1,1470,"('ç', 'x', 'x')",ɾekoxajs,ɾekoxajs
90L_10NL,3,90L_10NL_3_1,1,490,"('ç', 'ç', 'x')",ɾekoxajs,ɾekoxajs
90L_10NL,3,90L_10NL_3_1,1,1470,"('ç', 'x', 'x')",ɾekoxajs,ɾekoxajs
90L_10NL,3,90L_10NL_3_1,1,1470,"('ç', 'x', 'x')",ɾekoxajs,ɾekoxajs
90L_10NL,3,90L_10NL_3_1,1,1470,"('ç', 'x', 'x')",ɾekoxajs,ɾekoxajs
90L_10NL,3,90L_10NL_3_1,1,1470,"('ç', 'x', 'x')",ɾekoxajs,ɾekoxajs
90L_10NL,3,90L_10NL_3_1,1,1470,"('ç', 'x', 'x')",ɾekoxajs,ɾekoxajs
90L_10NL,3,90L_10NL_3_1,1,1470,"('ç', 'x', 'x')",ɾekoxajs,ɾekoxajs
90L_10NL,3,90L_10NL_3_1,1,1470,"('ç', 'x', 'x')",ɾekoxajs,ɾekoxajs
90L_10NL,3,90L_10NL_3_1,1,1470,"('ç', 'x', 'x')",ɾekoxajs,ɾekoxajs
90L_10NL,3,90L_10NL_3_1,1,1470,"('ç', 'x', 'x')",ɾekoxajs,ɾekoxajs
90L_10NL,3,90L_10NL_3_1,1,1470,"('ç', 'x', 'x')",ɾekoxajs,ɾekoxajs
90L_10NL,3,90L_10NL_3_1,1,1470,"('ç', 'x', 'x')",ɾekoxajs,ɾekoxajs
90L_10NL,3,90L_10NL_3_1,1,1470,"('ç', 'x', 'x')",ɾekoxajs,ɾekoxajs
90L_10NL,3,90L_10NL_3_1,1,735,"('x', 'x', 'x')",ɾekoxajs,ɾekoxajs
90L_10NL,3,90L_10NL_3_1,1,735,"('x', 'x', 'x')",ɾekoxajs,ɾekoxajs
90L_10NL,3,90L_10NL_3_1,1,735,"('x', 'x', 'x')",ɾekoxajs,ɾekoxajs
90L_10NL,3,90L_10NL_3_1,1,735,"('x', 'x', 'x')",ɾekoxajs,ɾekoxajs
90L_10NL,3,90L_10NL_3_1,1,735,"('x', 'x', 'x')",ɾekoxajs,ɾekoxajs
90L_10NL,3,90L_10NL_3_1,1,735,"('x', 'x', 'x')",ɾekoxajs,ɾekoxajs
90L_10NL,3,90L_10NL_3_1,1,735,"('x', 'x', 'x')",ɾekoxajs,ɾekoxajs
90L_10NL,3,90L_10NL_3_1,1,735,"('x', 'x', 'x')",ɾekoxajs,ɾekoxajs
90L_10NL,3,90L_10NL_3_1,1,735,"('x', 'x', 'x')",ɾekoxajs,ɾekoxajs
90L_10NL,3,90L_10NL_3_1,1,735,"('x', 'x', 'x')",ɾekoxajs,ɾekoxajs
90L_10NL,3,90L_10NL_3_1,1,735,"('x', 'x', 'x')",ɾekoxajs,ɾekoxajs
90L_10NL,3,90L_10NL_3_1,1,735,"('x', 'x', 'x')",ɾekoxajs,ɾekoxajs
90L_10NL,3,90L_10NL_3_1,1,735,"('x', 'x', 'x')",ɾekoxajs,ɾekoxajs
90L_10NL,3,90L_10NL_3_1,1,735,"('x', 'x', 'x')",ɾekoxajs,ɾekoxajs
90L_10NL,3,90L_10NL_3_1,1,735,"('x', 'x', 'x')",ɾekoxajs,ɾekoxajs
90L_10NL,3,90L_10NL_3_1,1,490,"('ç', 'ç', 'x')",ɾekoxamos,ɾekoxamos
90L_10NL,3,90L_10NL_3_1,1,490,"('ç', 'ç', 'x')",ɾekoxamos,ɾekoxamos
90L_10NL,3,90L_10NL_3_1,1,490,"('ç', 'ç', 'x')",ɾekoxamos,ɾekoxamos
90L_10NL,3,90L_10NL_3_1,1,490,"('ç', 'ç', 'x')",ɾekoxamos,ɾekoxamos
90L_10NL,3,90L_10NL_3_1,1,1470,"('ç', 'x', 'x')",ɾekoxamos,ɾekoxamos
90L_10NL,3,90L_10NL_3_1,1,1470,"('ç', 'x', 'x')",ɾekoxamos,ɾekoxamos
90L_10NL,3,90L_10NL_3_1,1,1470,"('ç', 'x', 'x')",ɾekoxamos,ɾekoxamos
90L_10NL,3,90L_10NL_3_1,1,1470,"('ç', 'x', 'x')",ɾekoxamos,ɾekoxamos
90L_10NL,3,90L_10NL_3_1,1,1470,"('ç', 'x', 'x')",ɾekoxamos,ɾekoxamos
90L_10NL,3,90L_10NL_3_1,1,1470,"('ç', 'x', 'x')",ɾekoxamos,ɾekoxamos
90L_10NL,3,90L_10NL_3_1,1,490,"('ç', 'ç', 'x')",ɾekoxamos,ɾekoxamos
90L_10NL,3,90L_10NL_3_1,1,490,"('ç', 'ç', 'x')",ɾekoxamos,ɾekoxamos
90L_10NL,3,90L_10NL_3_1,1,490,"('ç', 'ç', 'x')",ɾekoxamos,ɾekoxamos
90L_10NL,3,90L_10NL_3_1,1,1470,"('ç', 'x', 'x')",ɾekoxamos,ɾekoxamos
90L_10NL,3,90L_10NL_3_1,1,1470,"('ç', 'x', 'x')",ɾekoxamos,ɾekoxamos
90L_10NL,3,90L_10NL_3_1,1,1470,"('ç', 'x', 'x')",ɾekoxamos,ɾekoxamos
90L_10NL,3,90L_10NL_3_1,1,1470,"('ç', 'x', 'x')",ɾekoxamos,ɾekoxamos
90L_10NL,3,90L_10NL_3_1,1,1470,"('ç', 'x', 'x')",ɾekoxamos,ɾekoxamos
90L_10NL,3,90L_10NL_3_1,1,1470,"('ç', 'x', 'x')",ɾekoxamos,ɾekoxamos
90L_10NL,3,90L_10NL_3_1,1,490,"('ç', 'ç', 'x')",ɾekoxamos,ɾekoxamos
90L_10NL,3,90L_10NL_3_1,1,490,"('ç', 'ç', 'x')",ɾekoxamos,ɾekoxamos
90L_10NL,3,90L_10NL_3_1,1,1470,"('ç', 'x', 'x')",ɾekoxamos,ɾekoxamos
90L_10NL,3,90L_10NL_3_1,1,1470,"('ç', 'x', 'x')",ɾekoxamos,ɾekoxamos
90L_10NL,3,90L_10NL_3_1,1,1470,"('ç', 'x', 'x')",ɾekoxamos,ɾekoxamos
90L_10NL,3,90L_10NL_3_1,1,1470,"('ç', 'x', 'x')",ɾekoxamos,ɾekoxamos
90L_10NL,3,90L_10NL_3_1,1,1470,"('ç', 'x', 'x')",ɾekoxamos,ɾekoxamos
90L_10NL,3,90L_10NL_3_1,1,1470,"('ç', 'x', 'x')",ɾekoxamos,ɾekoxamos
90L_10NL,3,90L_10NL_3_1,1,490,"('ç', 'ç', 'x')",ɾekoxamos,ɾekoxamos
90L_10NL,3,90L_10NL_3_1,1,1470,"('ç', 'x', 'x')",ɾekoxamos,ɾekoxamos
90L_10NL,3,90L_10NL_3_1,1,1470,"('ç', 'x', 'x')",ɾekoxamos,ɾekoxamos
90L_10NL,3,90L_10NL_3_1,1,1470,"('ç', 'x', 'x')",ɾekoxamos,ɾekoxamos
90L_10NL,3,90L_10NL_3_1,1,1470,"('ç', 'x', 'x')",ɾekoxamos,ɾekoxamos
90L_10NL,3,90L_10NL_3_1,1,1470,"('ç', 'x', 'x')",ɾekoxamos,ɾekoxamos
90L_10NL,3,90L_10NL_3_1,1,1470,"('ç', 'x', 'x')",ɾekoxamos,ɾekoxamos
90L_10NL,3,90L_10NL_3_1,1,1470,"('ç', 'x', 'x')",ɾekoxamos,ɾekoxamos
90L_10NL,3,90L_10NL_3_1,1,1470,"('ç', 'x', 'x')",ɾekoxamos,ɾekoxamos
90L_10NL,3,90L_10NL_3_1,1,1470,"('ç', 'x', 'x')",ɾekoxamos,ɾekoxamos
90L_10NL,3,90L_10NL_3_1,1,1470,"('ç', 'x', 'x')",ɾekoxamos,ɾekoxamos
90L_10NL,3,90L_10NL_3_1,1,1470,"('ç', 'x', 'x')",ɾekoxamos,ɾekoxamos
90L_10NL,3,90L_10NL_3_1,1,1470,"('ç', 'x', 'x')",ɾekoxamos,ɾekoxamos
90L_10NL,3,90L_10NL_3_1,1,735,"('x', 'x', 'x')",ɾekoxamos,ɾekoxamos
90L_10NL,3,90L_10NL_3_1,1,735,"('x', 'x', 'x')",ɾekoxamos,ɾekoxamos
90L_10NL,3,90L_10NL_3_1,1,735,"('x', 'x', 'x')",ɾekoxamos,ɾekoxamos
90L_10NL,3,90L_10NL_3_1,1,735,"('x', 'x', 'x')",ɾekoxamos,ɾekoxamos
90L_10NL,3,90L_10NL_3_1,1,735,"('x', 'x', 'x')",ɾekoxamos,ɾekoxamos
90L_10NL,3,90L_10NL_3_1,1,735,"('x', 'x', 'x')",ɾekoxamos,ɾekoxamos
90L_10NL,3,90L_10NL_3_1,1,735,"('x', 'x', 'x')",ɾekoxamos,ɾekoxamos
90L_10NL,3,90L_10NL_3_1,1,735,"('x', 'x', 'x')",ɾekoxamos,ɾekoxamos
90L_10NL,3,90L_10NL_3_1,1,735,"('x', 'x', 'x')",ɾekoxamos,ɾekoxamos
90L_10NL,3,90L_10NL_3_1,1,735,"('x', 'x', 'x')",ɾekoxamos,ɾekoxamos
90L_10NL,3,90L_10NL_3_1,1,735,"('x', 'x', 'x')",ɾekoxamos,ɾekoxamos
90L_10NL,3,90L_10NL_3_1,1,735,"('x', 'x', 'x')",ɾekoxamos,ɾekoxamos
90L_10NL,3,90L_10NL_3_1,1,735,"('x', 'x', 'x')",ɾekoxamos,ɾekoxamos
90L_10NL,3,90L_10NL_3_1,1,735,"('x', 'x', 'x')",ɾekoxamos,ɾekoxamos
90L_10NL,3,90L_10NL_3_1,1,735,"('x', 'x', 'x')",ɾekoxamos,ɾekoxamos
90L_10NL,3,90L_10NL_3_1,1,490,"('ç', 'ç', 'x')",ɾekoxan,ɾekoxan
90L_10NL,3,90L_10NL_3_1,1,490,"('ç', 'ç', 'x')",ɾekoxan,ɾekoxan
90L_10NL,3,90L_10NL_3_1,1,490,"('ç', 'ç', 'x')",ɾekoxan,ɾekoxan
90L_10NL,3,90L_10NL_3_1,1,490,"('ç', 'ç', 'x')",ɾekoxan,ɾekoxan
90L_10NL,3,90L_10NL_3_1,1,1470,"('ç', 'x', 'x')",ɾekoxan,ɾekoxan
90L_10NL,3,90L_10NL_3_1,1,1470,"('ç', 'x', 'x')",ɾekoxan,ɾekoxan
90L_10NL,3,90L_10NL_3_1,1,1470,"('ç', 'x', 'x')",ɾekoxan,ɾekoxan
90L_10NL,3,90L_10NL_3_1,1,1470,"('ç', 'x', 'x')",ɾekoxan,ɾekoxan
90L_10NL,3,90L_10NL_3_1,1,1470,"('ç', 'x', 'x')",ɾekoxan,ɾekoxan
90L_10NL,3,90L_10NL_3_1,1,1470,"('ç', 'x', 'x')",ɾekoxan,ɾekoxan
90L_10NL,3,90L_10NL_3_1,1,490,"('ç', 'ç', 'x')",ɾekoxan,ɾekoxan
90L_10NL,3,90L_10NL_3_1,1,490,"('ç', 'ç', 'x')",ɾekoxan,ɾekoxan
90L_10NL,3,90L_10NL_3_1,1,490,"('ç', 'ç', 'x')",ɾekoxan,ɾekoxan
90L_10NL,3,90L_10NL_3_1,1,1470,"('ç', 'x', 'x')",ɾekoxan,ɾekoxan
90L_10NL,3,90L_10NL_3_1,1,1470,"('ç', 'x', 'x')",ɾekoxan,ɾekoxan
90L_10NL,3,90L_10NL_3_1,1,1470,"('ç', 'x', 'x')",ɾekoxan,ɾekoxan
90L_10NL,3,90L_10NL_3_1,1,1470,"('ç', 'x', 'x')",ɾekoxan,ɾekoxan
90L_10NL,3,90L_10NL_3_1,1,1470,"('ç', 'x', 'x')",ɾekoxan,ɾekoxan
90L_10NL,3,90L_10NL_3_1,1,1470,"('ç', 'x', 'x')",ɾekoxan,ɾekoxan
90L_10NL,3,90L_10NL_3_1,1,490,"('ç', 'ç', 'x')",ɾekoxan,ɾekoxan
90L_10NL,3,90L_10NL_3_1,1,490,"('ç', 'ç', 'x')",ɾekoxan,ɾekoxan
90L_10NL,3,90L_10NL_3_1,1,1470,"('ç', 'x', 'x')",ɾekoxan,ɾekoxan
90L_10NL,3,90L_10NL_3_1,1,1470,"('ç', 'x', 'x')",ɾekoxan,ɾekoxan
90L_10NL,3,90L_10NL_3_1,1,1470,"('ç', 'x', 'x')",ɾekoxan,ɾekoxan
90L_10NL,3,90L_10NL_3_1,1,1470,"('ç', 'x', 'x')",ɾekoxan,ɾekoxan
90L_10NL,3,90L_10NL_3_1,1,1470,"('ç', 'x', 'x')",ɾekoxan,ɾekoxan
90L_10NL,3,90L_10NL_3_1,1,1470,"('ç', 'x', 'x')",ɾekoxan,ɾekoxan
90L_10NL,3,90L_10NL_3_1,1,490,"('ç', 'ç', 'x')",ɾekoxan,ɾekoxan
90L_10NL,3,90L_10NL_3_1,1,1470,"('ç', 'x', 'x')",ɾekoxan,ɾekoxan
90L_10NL,3,90L_10NL_3_1,1,1470,"('ç', 'x', 'x')",ɾekoxan,ɾekoxan
90L_10NL,3,90L_10NL_3_1,1,1470,"('ç', 'x', 'x')",ɾekoxan,ɾekoxan
90L_10NL,3,90L_10NL_3_1,1,1470,"('ç', 'x', 'x')",ɾekoxan,ɾekoxan
90L_10NL,3,90L_10NL_3_1,1,1470,"('ç', 'x', 'x')",ɾekoxan,ɾekoxan
90L_10NL,3,90L_10NL_3_1,1,1470,"('ç', 'x', 'x')",ɾekoxan,ɾekoxan
90L_10NL,3,90L_10NL_3_1,1,1470,"('ç', 'x', 'x')",ɾekoxan,ɾekoxan
90L_10NL,3,90L_10NL_3_1,1,1470,"('ç', 'x', 'x')",ɾekoxan,ɾekoxan
90L_10NL,3,90L_10NL_3_1,1,1470,"('ç', 'x', 'x')",ɾekoxan,ɾekoxan
90L_10NL,3,90L_10NL_3_1,1,1470,"('ç', 'x', 'x')",ɾekoxan,ɾekoxan
90L_10NL,3,90L_10NL_3_1,1,1470,"('ç', 'x', 'x')",ɾekoxan,ɾekoxan
90L_10NL,3,90L_10NL_3_1,1,1470,"('ç', 'x', 'x')",ɾekoxan,ɾekoxan
90L_10NL,3,90L_10NL_3_1,1,735,"('x', 'x', 'x')",ɾekoxan,ɾekoxan
90L_10NL,3,90L_10NL_3_1,1,735,"('x', 'x', 'x')",ɾekoxan,ɾekoxan
90L_10NL,3,90L_10NL_3_1,1,735,"('x', 'x', 'x')",ɾekoxan,ɾekoxan
90L_10NL,3,90L_10NL_3_1,1,735,"('x', 'x', 'x')",ɾekoxan,ɾekoxan
90L_10NL,3,90L_10NL_3_1,1,735,"('x', 'x', 'x')",ɾekoxan,ɾekoxan
90L_10NL,3,90L_10NL_3_1,1,735,"('x', 'x', 'x')",ɾekoxan,ɾekoxan
90L_10NL,3,90L_10NL_3_1,1,735,"('x', 'x', 'x')",ɾekoxan,ɾekoxan
90L_10NL,3,90L_10NL_3_1,1,735,"('x', 'x', 'x')",ɾekoxan,ɾekoxan
90L_10NL,3,90L_10NL_3_1,1,735,"('x', 'x', 'x')",ɾekoxan,ɾekoxan
90L_10NL,3,90L_10NL_3_1,1,735,"('x', 'x', 'x')",ɾekoxan,ɾekoxan
90L_10NL,3,90L_10NL_3_1,1,735,"('x', 'x', 'x')",ɾekoxan,ɾekoxan
90L_10NL,3,90L_10NL_3_1,1,735,"('x', 'x', 'x')",ɾekoxan,ɾekoxan
90L_10NL,3,90L_10NL_3_1,1,735,"('x', 'x', 'x')",ɾekoxan,ɾekoxan
90L_10NL,3,90L_10NL_3_1,1,735,"('x', 'x', 'x')",ɾekoxan,ɾekoxan
90L_10NL,3,90L_10NL_3_1,1,735,"('x', 'x', 'x')",ɾekoxan,ɾekoxan
90L_10NL,3,90L_10NL_3_1,1,490,"('ç', 'ç', 'x')",ɾekoxas,ɾekoxas
90L_10NL,3,90L_10NL_3_1,1,490,"('ç', 'ç', 'x')",ɾekoxas,ɾekoxas
90L_10NL,3,90L_10NL_3_1,1,490,"('ç', 'ç', 'x')",ɾekoxas,ɾekoxas
90L_10NL,3,90L_10NL_3_1,1,490,"('ç', 'ç', 'x')",ɾekoxas,ɾekoxas
90L_10NL,3,90L_10NL_3_1,1,1470,"('ç', 'x', 'x')",ɾekoxas,ɾekoxas
90L_10NL,3,90L_10NL_3_1,1,1470,"('ç', 'x', 'x')",ɾekoxas,ɾekoxas
90L_10NL,3,90L_10NL_3_1,1,1470,"('ç', 'x', 'x')",ɾekoxas,ɾekoxas
90L_10NL,3,90L_10NL_3_1,1,1470,"('ç', 'x', 'x')",ɾekoxas,ɾekoxas
90L_10NL,3,90L_10NL_3_1,1,1470,"('ç', 'x', 'x')",ɾekoxas,ɾekoxas
90L_10NL,3,90L_10NL_3_1,1,1470,"('ç', 'x', 'x')",ɾekoxas,ɾekoxas
90L_10NL,3,90L_10NL_3_1,1,490,"('ç', 'ç', 'x')",ɾekoxas,ɾekoxas
90L_10NL,3,90L_10NL_3_1,1,490,"('ç', 'ç', 'x')",ɾekoxas,ɾekoxas
90L_10NL,3,90L_10NL_3_1,1,490,"('ç', 'ç', 'x')",ɾekoxas,ɾekoxas
90L_10NL,3,90L_10NL_3_1,1,1470,"('ç', 'x', 'x')",ɾekoxas,ɾekoxas
90L_10NL,3,90L_10NL_3_1,1,1470,"('ç', 'x', 'x')",ɾekoxas,ɾekoxas
90L_10NL,3,90L_10NL_3_1,1,1470,"('ç', 'x', 'x')",ɾekoxas,ɾekoxas
90L_10NL,3,90L_10NL_3_1,1,1470,"('ç', 'x', 'x')",ɾekoxas,ɾekoxas
90L_10NL,3,90L_10NL_3_1,1,1470,"('ç', 'x', 'x')",ɾekoxas,ɾekoxas
90L_10NL,3,90L_10NL_3_1,1,1470,"('ç', 'x', 'x')",ɾekoxas,ɾekoxas
90L_10NL,3,90L_10NL_3_1,1,490,"('ç', 'ç', 'x')",ɾekoxas,ɾekoxas
90L_10NL,3,90L_10NL_3_1,1,490,"('ç', 'ç', 'x')",ɾekoxas,ɾekoxas
90L_10NL,3,90L_10NL_3_1,1,1470,"('ç', 'x', 'x')",ɾekoxas,ɾekoxas
90L_10NL,3,90L_10NL_3_1,1,1470,"('ç', 'x', 'x')",ɾekoxas,ɾekoxas
90L_10NL,3,90L_10NL_3_1,1,1470,"('ç', 'x', 'x')",ɾekoxas,ɾekoxas
90L_10NL,3,90L_10NL_3_1,1,1470,"('ç', 'x', 'x')",ɾekoxas,ɾekoxas
90L_10NL,3,90L_10NL_3_1,1,1470,"('ç', 'x', 'x')",ɾekoxas,ɾekoxas
90L_10NL,3,90L_10NL_3_1,1,1470,"('ç', 'x', 'x')",ɾekoxas,ɾekoxas
90L_10NL,3,90L_10NL_3_1,1,490,"('ç', 'ç', 'x')",ɾekoxas,ɾekoxas
90L_10NL,3,90L_10NL_3_1,1,1470,"('ç', 'x', 'x')",ɾekoxas,ɾekoxas
90L_10NL,3,90L_10NL_3_1,1,1470,"('ç', 'x', 'x')",ɾekoxas,ɾekoxas
90L_10NL,3,90L_10NL_3_1,1,1470,"('ç', 'x', 'x')",ɾekoxas,ɾekoxas
90L_10NL,3,90L_10NL_3_1,1,1470,"('ç', 'x', 'x')",ɾekoxas,ɾekoxas
90L_10NL,3,90L_10NL_3_1,1,1470,"('ç', 'x', 'x')",ɾekoxas,ɾekoxas
90L_10NL,3,90L_10NL_3_1,1,1470,"('ç', 'x', 'x')",ɾekoxas,ɾekoxas
90L_10NL,3,90L_10NL_3_1,1,1470,"('ç', 'x', 'x')",ɾekoxas,ɾekoxas
90L_10NL,3,90L_10NL_3_1,1,1470,"('ç', 'x', 'x')",ɾekoxas,ɾekoxas
90L_10NL,3,90L_10NL_3_1,1,1470,"('ç', 'x', 'x')",ɾekoxas,ɾekoxas
90L_10NL,3,90L_10NL_3_1,1,1470,"('ç', 'x', 'x')",ɾekoxas,ɾekoxas
90L_10NL,3,90L_10NL_3_1,1,1470,"('ç', 'x', 'x')",ɾekoxas,ɾekoxas
90L_10NL,3,90L_10NL_3_1,1,1470,"('ç', 'x', 'x')",ɾekoxas,ɾekoxas
90L_10NL,3,90L_10NL_3_1,1,735,"('x', 'x', 'x')",ɾekoxas,ɾekoxas
90L_10NL,3,90L_10NL_3_1,1,735,"('x', 'x', 'x')",ɾekoxas,ɾekoxas
90L_10NL,3,90L_10NL_3_1,1,735,"('x', 'x', 'x')",ɾekoxas,ɾekoxas
90L_10NL,3,90L_10NL_3_1,1,735,"('x', 'x', 'x')",ɾekoxas,ɾekoxas
90L_10NL,3,90L_10NL_3_1,1,735,"('x', 'x', 'x')",ɾekoxas,ɾekoxas
90L_10NL,3,90L_10NL_3_1,1,735,"('x', 'x', 'x')",ɾekoxas,ɾekoxas
90L_10NL,3,90L_10NL_3_1,1,735,"('x', 'x', 'x')",ɾekoxas,ɾekoxas
90L_10NL,3,90L_10NL_3_1,1,735,"('x', 'x', 'x')",ɾekoxas,ɾekoxas
90L_10NL,3,90L_10NL_3_1,1,735,"('x', 'x', 'x')",ɾekoxas,ɾekoxas
90L_10NL,3,90L_10NL_3_1,1,735,"('x', 'x', 'x')",ɾekoxas,ɾekoxas
90L_10NL,3,90L_10NL_3_1,1,735,"('x', 'x', 'x')",ɾekoxas,ɾekoxas
90L_10NL,3,90L_10NL_3_1,1,735,"('x', 'x', 'x')",ɾekoxas,ɾekoxas
90L_10NL,3,90L_10NL_3_1,1,735,"('x', 'x', 'x')",ɾekoxas,ɾekoxas
90L_10NL,3,90L_10NL_3_1,1,735,"('x', 'x', 'x')",ɾekoxas,ɾekoxas
90L_10NL,3,90L_10NL_3_1,1,735,"('x', 'x', 'x')",ɾekoxas,ɾekoxas
90L_10NL,3,90L_10NL_3_1,1,490,"('ç', 'ç', 'x')",ɾekoxa,ɾekoxa
90L_10NL,3,90L_10NL_3_1,1,490,"('ç', 'ç', 'x')",ɾekoxa,ɾekoxa
90L_10NL,3,90L_10NL_3_1,1,490,"('ç', 'ç', 'x')",ɾekoxa,ɾekoxa
90L_10NL,3,90L_10NL_3_1,1,490,"('ç', 'ç', 'x')",ɾekoxa,ɾekoxa
90L_10NL,3,90L_10NL_3_1,1,1470,"('ç', 'x', 'x')",ɾekoxa,ɾekoxa
90L_10NL,3,90L_10NL_3_1,1,1470,"('ç', 'x', 'x')",ɾekoxa,ɾekoxa
90L_10NL,3,90L_10NL_3_1,1,1470,"('ç', 'x', 'x')",ɾekoxa,ɾekoxa
90L_10NL,3,90L_10NL_3_1,1,1470,"('ç', 'x', 'x')",ɾekoxa,ɾekoxa
90L_10NL,3,90L_10NL_3_1,1,1470,"('ç', 'x', 'x')",ɾekoxa,ɾekoxa
90L_10NL,3,90L_10NL_3_1,1,1470,"('ç', 'x', 'x')",ɾekoxa,ɾekoxa
90L_10NL,3,90L_10NL_3_1,1,490,"('ç', 'ç', 'x')",ɾekoxa,ɾekoxa
90L_10NL,3,90L_10NL_3_1,1,490,"('ç', 'ç', 'x')",ɾekoxa,ɾekoxa
90L_10NL,3,90L_10NL_3_1,1,490,"('ç', 'ç', 'x')",ɾekoxa,ɾekoxa
90L_10NL,3,90L_10NL_3_1,1,1470,"('ç', 'x', 'x')",ɾekoxa,ɾekoxa
90L_10NL,3,90L_10NL_3_1,1,1470,"('ç', 'x', 'x')",ɾekoxa,ɾekoxa
90L_10NL,3,90L_10NL_3_1,1,1470,"('ç', 'x', 'x')",ɾekoxa,ɾekoxa
90L_10NL,3,90L_10NL_3_1,1,1470,"('ç', 'x', 'x')",ɾekoxa,ɾekoxa
90L_10NL,3,90L_10NL_3_1,1,1470,"('ç', 'x', 'x')",ɾekoxa,ɾekoxa
90L_10NL,3,90L_10NL_3_1,1,1470,"('ç', 'x', 'x')",ɾekoxa,ɾekoxa
90L_10NL,3,90L_10NL_3_1,1,490,"('ç', 'ç', 'x')",ɾekoxa,ɾekoxa
90L_10NL,3,90L_10NL_3_1,1,490,"('ç', 'ç', 'x')",ɾekoxa,ɾekoxa
90L_10NL,3,90L_10NL_3_1,1,1470,"('ç', 'x', 'x')",ɾekoxa,ɾekoxa
90L_10NL,3,90L_10NL_3_1,1,1470,"('ç', 'x', 'x')",ɾekoxa,ɾekoxa
90L_10NL,3,90L_10NL_3_1,1,1470,"('ç', 'x', 'x')",ɾekoxa,ɾekoxa
90L_10NL,3,90L_10NL_3_1,1,1470,"('ç', 'x', 'x')",ɾekoxa,ɾekoxa
90L_10NL,3,90L_10NL_3_1,1,1470,"('ç', 'x', 'x')",ɾekoxa,ɾekoxa
90L_10NL,3,90L_10NL_3_1,1,1470,"('ç', 'x', 'x')",ɾekoxa,ɾekoxa
90L_10NL,3,90L_10NL_3_1,1,490,"('ç', 'ç', 'x')",ɾekoxa,ɾekoxa
90L_10NL,3,90L_10NL_3_1,1,1470,"('ç', 'x', 'x')",ɾekoxa,ɾekoxa
90L_10NL,3,90L_10NL_3_1,1,1470,"('ç', 'x', 'x')",ɾekoxa,ɾekoxa
90L_10NL,3,90L_10NL_3_1,1,1470,"('ç', 'x', 'x')",ɾekoxa,ɾekoxa
90L_10NL,3,90L_10NL_3_1,1,1470,"('ç', 'x', 'x')",ɾekoxa,ɾekoxa
90L_10NL,3,90L_10NL_3_1,1,1470,"('ç', 'x', 'x')",ɾekoxa,ɾekoxa
90L_10NL,3,90L_10NL_3_1,1,1470,"('ç', 'x', 'x')",ɾekoxa,ɾekoxa
90L_10NL,3,90L_10NL_3_1,1,1470,"('ç', 'x', 'x')",ɾekoxa,ɾekoxa
90L_10NL,3,90L_10NL_3_1,1,1470,"('ç', 'x', 'x')",ɾekoxa,ɾekoxa
90L_10NL,3,90L_10NL_3_1,1,1470,"('ç', 'x', 'x')",ɾekoxa,ɾekoxa
90L_10NL,3,90L_10NL_3_1,1,1470,"('ç', 'x', 'x')",ɾekoxa,ɾekoxa
90L_10NL,3,90L_10NL_3_1,1,1470,"('ç', 'x', 'x')",ɾekoxa,ɾekoxa
90L_10NL,3,90L_10NL_3_1,1,1470,"('ç', 'x', 'x')",ɾekoxa,ɾekoxa
90L_10NL,3,90L_10NL_3_1,1,735,"('x', 'x', 'x')",ɾekoxa,ɾekoxa
90L_10NL,3,90L_10NL_3_1,1,735,"('x', 'x', 'x')",ɾekoxa,ɾekoxa
90L_10NL,3,90L_10NL_3_1,1,735,"('x', 'x', 'x')",ɾekoxa,ɾekoxa
90L_10NL,3,90L_10NL_3_1,1,735,"('x', 'x', 'x')",ɾekoxa,ɾekoxa
90L_10NL,3,90L_10NL_3_1,1,735,"('x', 'x', 'x')",ɾekoxa,ɾekoxa
90L_10NL,3,90L_10NL_3_1,1,735,"('x', 'x', 'x')",ɾekoxa,ɾekoxa
90L_10NL,3,90L_10NL_3_1,1,735,"('x', 'x', 'x')",ɾekoxa,ɾekoxa
90L_10NL,3,90L_10NL_3_1,1,735,"('x', 'x', 'x')",ɾekoxa,ɾekoxa
90L_10NL,3,90L_10NL_3_1,1,735,"('x', 'x', 'x')",ɾekoxa,ɾekoxa
90L_10NL,3,90L_10NL_3_1,1,735,"('x', 'x', 'x')",ɾekoxa,ɾekoxa
90L_10NL,3,90L_10NL_3_1,1,735,"('x', 'x', 'x')",ɾekoxa,ɾekoxa
90L_10NL,3,90L_10NL_3_1,1,735,"('x', 'x', 'x')",ɾekoxa,ɾekoxa
90L_10NL,3,90L_10NL_3_1,1,735,"('x', 'x', 'x')",ɾekoxa,ɾekoxa
90L_10NL,3,90L_10NL_3_1,1,735,"('x', 'x', 'x')",ɾekoxa,ɾekoxa
90L_10NL,3,90L_10NL_3_1,1,735,"('x', 'x', 'x')",ɾekoxa,ɾekoxa
90L_10NL,3,90L_10NL_3_1,1,490,"('ç', 'ç', 'x')",ɾekoxa,ɾekoxa
90L_10NL,3,90L_10NL_3_1,1,490,"('ç', 'ç', 'x')",ɾekoxa,ɾekoxa
90L_10NL,3,90L_10NL_3_1,1,490,"('ç', 'ç', 'x')",ɾekoxa,ɾekoxa
90L_10NL,3,90L_10NL_3_1,1,490,"('ç', 'ç', 'x')",ɾekoxa,ɾekoxa
90L_10NL,3,90L_10NL_3_1,1,1470,"('ç', 'x', 'x')",ɾekoxa,ɾekoxa
90L_10NL,3,90L_10NL_3_1,1,1470,"('ç', 'x', 'x')",ɾekoxa,ɾekoxa
90L_10NL,3,90L_10NL_3_1,1,1470,"('ç', 'x', 'x')",ɾekoxa,ɾekoxa
90L_10NL,3,90L_10NL_3_1,1,1470,"('ç', 'x', 'x')",ɾekoxa,ɾekoxa
90L_10NL,3,90L_10NL_3_1,1,1470,"('ç', 'x', 'x')",ɾekoxa,ɾekoxa
90L_10NL,3,90L_10NL_3_1,1,1470,"('ç', 'x', 'x')",ɾekoxa,ɾekoxa
90L_10NL,3,90L_10NL_3_1,1,490,"('ç', 'ç', 'x')",ɾekoxa,ɾekoxa
90L_10NL,3,90L_10NL_3_1,1,490,"('ç', 'ç', 'x')",ɾekoxa,ɾekoxa
90L_10NL,3,90L_10NL_3_1,1,490,"('ç', 'ç', 'x')",ɾekoxa,ɾekoxa
90L_10NL,3,90L_10NL_3_1,1,1470,"('ç', 'x', 'x')",ɾekoxa,ɾekoxa
90L_10NL,3,90L_10NL_3_1,1,1470,"('ç', 'x', 'x')",ɾekoxa,ɾekoxa
90L_10NL,3,90L_10NL_3_1,1,1470,"('ç', 'x', 'x')",ɾekoxa,ɾekoxa
90L_10NL,3,90L_10NL_3_1,1,1470,"('ç', 'x', 'x')",ɾekoxa,ɾekoxa
90L_10NL,3,90L_10NL_3_1,1,1470,"('ç', 'x', 'x')",ɾekoxa,ɾekoxa
90L_10NL,3,90L_10NL_3_1,1,1470,"('ç', 'x', 'x')",ɾekoxa,ɾekoxa
90L_10NL,3,90L_10NL_3_1,1,490,"('ç', 'ç', 'x')",ɾekoxa,ɾekoxa
90L_10NL,3,90L_10NL_3_1,1,490,"('ç', 'ç', 'x')",ɾekoxa,ɾekoxa
90L_10NL,3,90L_10NL_3_1,1,1470,"('ç', 'x', 'x')",ɾekoxa,ɾekoxa
90L_10NL,3,90L_10NL_3_1,1,1470,"('ç', 'x', 'x')",ɾekoxa,ɾekoxa
90L_10NL,3,90L_10NL_3_1,1,1470,"('ç', 'x', 'x')",ɾekoxa,ɾekoxa
90L_10NL,3,90L_10NL_3_1,1,1470,"('ç', 'x', 'x')",ɾekoxa,ɾekoxa
90L_10NL,3,90L_10NL_3_1,1,1470,"('ç', 'x', 'x')",ɾekoxa,ɾekoxa
90L_10NL,3,90L_10NL_3_1,1,1470,"('ç', 'x', 'x')",ɾekoxa,ɾekoxa
90L_10NL,3,90L_10NL_3_1,1,490,"('ç', 'ç', 'x')",ɾekoxa,ɾekoxa
90L_10NL,3,90L_10NL_3_1,1,1470,"('ç', 'x', 'x')",ɾekoxa,ɾekoxa
90L_10NL,3,90L_10NL_3_1,1,1470,"('ç', 'x', 'x')",ɾekoxa,ɾekoxa
90L_10NL,3,90L_10NL_3_1,1,1470,"('ç', 'x', 'x')",ɾekoxa,ɾekoxa
90L_10NL,3,90L_10NL_3_1,1,1470,"('ç', 'x', 'x')",ɾekoxa,ɾekoxa
90L_10NL,3,90L_10NL_3_1,1,1470,"('ç', 'x', 'x')",ɾekoxa,ɾekoxa
90L_10NL,3,90L_10NL_3_1,1,1470,"('ç', 'x', 'x')",ɾekoxa,ɾekoxa
90L_10NL,3,90L_10NL_3_1,1,1470,"('ç', 'x', 'x')",ɾekoxa,ɾekoxa
90L_10NL,3,90L_10NL_3_1,1,1470,"('ç', 'x', 'x')",ɾekoxa,ɾekoxa
90L_10NL,3,90L_10NL_3_1,1,1470,"('ç', 'x', 'x')",ɾekoxa,ɾekoxa
90L_10NL,3,90L_10NL_3_1,1,1470,"('ç', 'x', 'x')",ɾekoxa,ɾekoxa
90L_10NL,3,90L_10NL_3_1,1,1470,"('ç', 'x', 'x')",ɾekoxa,ɾekoxa
90L_10NL,3,90L_10NL_3_1,1,1470,"('ç', 'x', 'x')",ɾekoxa,ɾekoxa
90L_10NL,3,90L_10NL_3_1,1,735,"('x', 'x', 'x')",ɾekoxa,ɾekoxa
90L_10NL,3,90L_10NL_3_1,1,735,"('x', 'x', 'x')",ɾekoxa,ɾekoxa
90L_10NL,3,90L_10NL_3_1,1,735,"('x', 'x', 'x')",ɾekoxa,ɾekoxa
90L_10NL,3,90L_10NL_3_1,1,735,"('x', 'x', 'x')",ɾekoxa,ɾekoxa
90L_10NL,3,90L_10NL_3_1,1,735,"('x', 'x', 'x')",ɾekoxa,ɾekoxa
90L_10NL,3,90L_10NL_3_1,1,735,"('x', 'x', 'x')",ɾekoxa,ɾekoxa
90L_10NL,3,90L_10NL_3_1,1,735,"('x', 'x', 'x')",ɾekoxa,ɾekoxa
90L_10NL,3,90L_10NL_3_1,1,735,"('x', 'x', 'x')",ɾekoxa,ɾekoxa
90L_10NL,3,90L_10NL_3_1,1,735,"('x', 'x', 'x')",ɾekoxa,ɾekoxa
90L_10NL,3,90L_10NL_3_1,1,735,"('x', 'x', 'x')",ɾekoxa,ɾekoxa
90L_10NL,3,90L_10NL_3_1,1,735,"('x', 'x', 'x')",ɾekoxa,ɾekoxa
90L_10NL,3,90L_10NL_3_1,1,735,"('x', 'x', 'x')",ɾekoxa,ɾekoxa
90L_10NL,3,90L_10NL_3_1,1,735,"('x', 'x', 'x')",ɾekoxa,ɾekoxa
90L_10NL,3,90L_10NL_3_1,1,735,"('x', 'x', 'x')",ɾekoxa,ɾekoxa
90L_10NL,3,90L_10NL_3_1,1,735,"('x', 'x', 'x')",ɾekoxa,ɾekoxa
90L_10NL,3,90L_10NL_3_1,1,490,"('ç', 'ç', 'x')",ɾekoxo,ɾekoxo
90L_10NL,3,90L_10NL_3_1,1,490,"('ç', 'ç', 'x')",ɾekoxo,ɾekoxo
90L_10NL,3,90L_10NL_3_1,1,490,"('ç', 'ç', 'x')",ɾekoxo,ɾekoxo
90L_10NL,3,90L_10NL_3_1,1,490,"('ç', 'ç', 'x')",ɾekoxo,ɾekoxo
90L_10NL,3,90L_10NL_3_1,1,1470,"('ç', 'x', 'x')",ɾekoxo,ɾekoxo
90L_10NL,3,90L_10NL_3_1,1,1470,"('ç', 'x', 'x')",ɾekoxo,ɾekoxo
90L_10NL,3,90L_10NL_3_1,1,1470,"('ç', 'x', 'x')",ɾekoxo,ɾekoxo
90L_10NL,3,90L_10NL_3_1,1,1470,"('ç', 'x', 'x')",ɾekoxo,ɾekoxo
90L_10NL,3,90L_10NL_3_1,1,1470,"('ç', 'x', 'x')",ɾekoxo,ɾekoxo
90L_10NL,3,90L_10NL_3_1,1,1470,"('ç', 'x', 'x')",ɾekoxo,ɾekoxo
90L_10NL,3,90L_10NL_3_1,1,490,"('ç', 'ç', 'x')",ɾekoxo,ɾekoxo
90L_10NL,3,90L_10NL_3_1,1,490,"('ç', 'ç', 'x')",ɾekoxo,ɾekoxo
90L_10NL,3,90L_10NL_3_1,1,490,"('ç', 'ç', 'x')",ɾekoxo,ɾekoxo
90L_10NL,3,90L_10NL_3_1,1,1470,"('ç', 'x', 'x')",ɾekoxo,ɾekoxo
90L_10NL,3,90L_10NL_3_1,1,1470,"('ç', 'x', 'x')",ɾekoxo,ɾekoxo
90L_10NL,3,90L_10NL_3_1,1,1470,"('ç', 'x', 'x')",ɾekoxo,ɾekoxo
90L_10NL,3,90L_10NL_3_1,1,1470,"('ç', 'x', 'x')",ɾekoxo,ɾekoxo
90L_10NL,3,90L_10NL_3_1,1,1470,"('ç', 'x', 'x')",ɾekoxo,ɾekoxo
90L_10NL,3,90L_10NL_3_1,1,1470,"('ç', 'x', 'x')",ɾekoxo,ɾekoxo
90L_10NL,3,90L_10NL_3_1,1,490,"('ç', 'ç', 'x')",ɾekoxo,ɾekoxo
90L_10NL,3,90L_10NL_3_1,1,490,"('ç', 'ç', 'x')",ɾekoxo,ɾekoxo
90L_10NL,3,90L_10NL_3_1,1,1470,"('ç', 'x', 'x')",ɾekoxo,ɾekoxo
90L_10NL,3,90L_10NL_3_1,1,1470,"('ç', 'x', 'x')",ɾekoxo,ɾekoxo
90L_10NL,3,90L_10NL_3_1,1,1470,"('ç', 'x', 'x')",ɾekoxo,ɾekoxo
90L_10NL,3,90L_10NL_3_1,1,1470,"('ç', 'x', 'x')",ɾekoxo,ɾekoxo
90L_10NL,3,90L_10NL_3_1,1,1470,"('ç', 'x', 'x')",ɾekoxo,ɾekoxo
90L_10NL,3,90L_10NL_3_1,1,1470,"('ç', 'x', 'x')",ɾekoxo,ɾekoxo
90L_10NL,3,90L_10NL_3_1,1,490,"('ç', 'ç', 'x')",ɾekoxo,ɾekoxo
90L_10NL,3,90L_10NL_3_1,1,1470,"('ç', 'x', 'x')",ɾekoxo,ɾekoxo
90L_10NL,3,90L_10NL_3_1,1,1470,"('ç', 'x', 'x')",ɾekoxo,ɾekoxo
90L_10NL,3,90L_10NL_3_1,1,1470,"('ç', 'x', 'x')",ɾekoxo,ɾekoxo
90L_10NL,3,90L_10NL_3_1,1,1470,"('ç', 'x', 'x')",ɾekoxo,ɾekoxo
90L_10NL,3,90L_10NL_3_1,1,1470,"('ç', 'x', 'x')",ɾekoxo,ɾekoxo
90L_10NL,3,90L_10NL_3_1,1,1470,"('ç', 'x', 'x')",ɾekoxo,ɾekoxo
90L_10NL,3,90L_10NL_3_1,1,1470,"('ç', 'x', 'x')",ɾekoxo,ɾekoxo
90L_10NL,3,90L_10NL_3_1,1,1470,"('ç', 'x', 'x')",ɾekoxo,ɾekoxo
90L_10NL,3,90L_10NL_3_1,1,1470,"('ç', 'x', 'x')",ɾekoxo,ɾekoxo
90L_10NL,3,90L_10NL_3_1,1,1470,"('ç', 'x', 'x')",ɾekoxo,ɾekoxo
90L_10NL,3,90L_10NL_3_1,1,1470,"('ç', 'x', 'x')",ɾekoxo,ɾekoxo
90L_10NL,3,90L_10NL_3_1,1,1470,"('ç', 'x', 'x')",ɾekoxo,ɾekoxo
90L_10NL,3,90L_10NL_3_1,1,735,"('x', 'x', 'x')",ɾekoxo,ɾekoxo
90L_10NL,3,90L_10NL_3_1,1,735,"('x', 'x', 'x')",ɾekoxo,ɾekoxo
90L_10NL,3,90L_10NL_3_1,1,735,"('x', 'x', 'x')",ɾekoxo,ɾekoxo
90L_10NL,3,90L_10NL_3_1,1,735,"('x', 'x', 'x')",ɾekoxo,ɾekoxo
90L_10NL,3,90L_10NL_3_1,1,735,"('x', 'x', 'x')",ɾekoxo,ɾekoxo
90L_10NL,3,90L_10NL_3_1,1,735,"('x', 'x', 'x')",ɾekoxo,ɾekoxo
90L_10NL,3,90L_10NL_3_1,1,735,"('x', 'x', 'x')",ɾekoxo,ɾekoxo
90L_10NL,3,90L_10NL_3_1,1,735,"('x', 'x', 'x')",ɾekoxo,ɾekoxo
90L_10NL,3,90L_10NL_3_1,1,735,"('x', 'x', 'x')",ɾekoxo,ɾekoxo
90L_10NL,3,90L_10NL_3_1,1,735,"('x', 'x', 'x')",ɾekoxo,ɾekoxo
90L_10NL,3,90L_10NL_3_1,1,735,"('x', 'x', 'x')",ɾekoxo,ɾekoxo
90L_10NL,3,90L_10NL_3_1,1,735,"('x', 'x', 'x')",ɾekoxo,ɾekoxo
90L_10NL,3,90L_10NL_3_1,1,735,"('x', 'x', 'x')",ɾekoxo,ɾekoxo
90L_10NL,3,90L_10NL_3_1,1,735,"('x', 'x', 'x')",ɾekoxo,ɾekoxo
90L_10NL,3,90L_10NL_3_1,1,735,"('x', 'x', 'x')",ɾekoxo,ɾekoxo
90L_10NL,3,90L_10NL_3_1,1,30,"(nan, nan, nan)",abstɾaejs,abstɾaejs
90L_10NL,3,90L_10NL_3_1,1,30,"(nan, nan, nan)",abstɾaejs,abstɾaejs
90L_10NL,3,90L_10NL_3_1,1,30,"(nan, nan, nan)",abstɾaejs,abstɾaejs
90L_10NL,3,90L_10NL_3_1,1,140,"(nan, 'jɡ', nan)",abstɾaejs,abstɾaejs
90L_10NL,3,90L_10NL_3_1,1,140,"(nan, 'jɡ', nan)",abstɾaejs,abstɾaejs
90L_10NL,3,90L_10NL_3_1,1,140,"(nan, 'jɡ', nan)",abstɾaejs,abstɾaejs
90L_10NL,3,90L_10NL_3_1,1,140,"(nan, 'jɡ', nan)",abstɾaejs,abstɾaejs
90L_10NL,3,90L_10NL_3_1,1,140,"(nan, 'jɡ', nan)",abstɾaejs,abstɾaejs
90L_10NL,3,90L_10NL_3_1,1,140,"(nan, 'jɡ', nan)",abstɾaejs,abstɾaejs
90L_10NL,3,90L_10NL_3_1,1,140,"(nan, 'jɡ', nan)",abstɾaejs,abstɾaejs
90L_10NL,3,90L_10NL_3_1,1,30,"(nan, nan, nan)",abstɾaejs,abstɾaejs
90L_10NL,3,90L_10NL_3_1,1,30,"(nan, nan, nan)",abstɾaejs,abstɾaejs
90L_10NL,3,90L_10NL_3_1,1,140,"(nan, 'jɡ', nan)",abstɾaejs,abstɾaejs
90L_10NL,3,90L_10NL_3_1,1,140,"(nan, 'jɡ', nan)",abstɾaejs,abstɾaejs
90L_10NL,3,90L_10NL_3_1,1,140,"(nan, 'jɡ', nan)",abstɾaejs,abstɾaejs
90L_10NL,3,90L_10NL_3_1,1,140,"(nan, 'jɡ', nan)",abstɾaejs,abstɾaejs
90L_10NL,3,90L_10NL_3_1,1,140,"(nan, 'jɡ', nan)",abstɾaejs,abstɾaejs
90L_10NL,3,90L_10NL_3_1,1,140,"(nan, 'jɡ', nan)",abstɾaejs,abstɾaejs
90L_10NL,3,90L_10NL_3_1,1,140,"(nan, 'jɡ', nan)",abstɾaejs,abstɾaejs
90L_10NL,3,90L_10NL_3_1,1,30,"(nan, nan, nan)",abstɾaejs,abstɾaejs
90L_10NL,3,90L_10NL_3_1,1,140,"(nan, 'jɡ', nan)",abstɾaejs,abstɾaejs
90L_10NL,3,90L_10NL_3_1,1,140,"(nan, 'jɡ', nan)",abstɾaejs,abstɾaejs
90L_10NL,3,90L_10NL_3_1,1,140,"(nan, 'jɡ', nan)",abstɾaejs,abstɾaejs
90L_10NL,3,90L_10NL_3_1,1,140,"(nan, 'jɡ', nan)",abstɾaejs,abstɾaejs
90L_10NL,3,90L_10NL_3_1,1,140,"(nan, 'jɡ', nan)",abstɾaejs,abstɾaejs
90L_10NL,3,90L_10NL_3_1,1,140,"(nan, 'jɡ', nan)",abstɾaejs,abstɾaejs
90L_10NL,3,90L_10NL_3_1,1,140,"(nan, 'jɡ', nan)",abstɾaejs,abstɾaejs
90L_10NL,3,90L_10NL_3_1,1,140,"(nan, 'jɡ', nan)",abstɾaejs,abstɾaejs
90L_10NL,3,90L_10NL_3_1,1,140,"(nan, 'jɡ', nan)",abstɾaejs,abstɾaejs
90L_10NL,3,90L_10NL_3_1,1,140,"(nan, 'jɡ', nan)",abstɾaejs,abstɾaejs
90L_10NL,3,90L_10NL_3_1,1,140,"(nan, 'jɡ', nan)",abstɾaejs,abstɾaejs
90L_10NL,3,90L_10NL_3_1,1,140,"(nan, 'jɡ', nan)",abstɾaejs,abstɾaejs
90L_10NL,3,90L_10NL_3_1,1,140,"(nan, 'jɡ', nan)",abstɾaejs,abstɾaejs
90L_10NL,3,90L_10NL_3_1,1,140,"(nan, 'jɡ', nan)",abstɾaejs,abstɾaejs
90L_10NL,3,90L_10NL_3_1,1,105,"('jɡ', 'jɡ', nan)",abstɾaejs,abstɾaejs
90L_10NL,3,90L_10NL_3_1,1,105,"('jɡ', 'jɡ', nan)",abstɾaejs,abstɾaejs
90L_10NL,3,90L_10NL_3_1,1,105,"('jɡ', 'jɡ', nan)",abstɾaejs,abstɾaejs
90L_10NL,3,90L_10NL_3_1,1,105,"('jɡ', 'jɡ', nan)",abstɾaejs,abstɾaejs
90L_10NL,3,90L_10NL_3_1,1,105,"('jɡ', 'jɡ', nan)",abstɾaejs,abstɾaejs
90L_10NL,3,90L_10NL_3_1,1,105,"('jɡ', 'jɡ', nan)",abstɾaejs,abstɾaejs
90L_10NL,3,90L_10NL_3_1,1,105,"('jɡ', 'jɡ', nan)",abstɾaejs,abstɾaejs
90L_10NL,3,90L_10NL_3_1,1,105,"('jɡ', 'jɡ', nan)",abstɾaejs,abstɾaejs
90L_10NL,3,90L_10NL_3_1,1,105,"('jɡ', 'jɡ', nan)",abstɾaejs,abstɾaejs
90L_10NL,3,90L_10NL_3_1,1,105,"('jɡ', 'jɡ', nan)",abstɾaejs,abstɾaejs
90L_10NL,3,90L_10NL_3_1,1,105,"('jɡ', 'jɡ', nan)",abstɾaejs,abstɾaejs
90L_10NL,3,90L_10NL_3_1,1,105,"('jɡ', 'jɡ', nan)",abstɾaejs,abstɾaejs
90L_10NL,3,90L_10NL_3_1,1,105,"('jɡ', 'jɡ', nan)",abstɾaejs,abstɾaejs
90L_10NL,3,90L_10NL_3_1,1,105,"('jɡ', 'jɡ', nan)",abstɾaejs,abstɾaejs
90L_10NL,3,90L_10NL_3_1,1,105,"('jɡ', 'jɡ', nan)",abstɾaejs,abstɾaejs
90L_10NL,3,90L_10NL_3_1,1,105,"('jɡ', 'jɡ', nan)",abstɾaejs,abstɾaejs
90L_10NL,3,90L_10NL_3_1,1,105,"('jɡ', 'jɡ', nan)",abstɾaejs,abstɾaejs
90L_10NL,3,90L_10NL_3_1,1,105,"('jɡ', 'jɡ', nan)",abstɾaejs,abstɾaejs
90L_10NL,3,90L_10NL_3_1,1,105,"('jɡ', 'jɡ', nan)",abstɾaejs,abstɾaejs
90L_10NL,3,90L_10NL_3_1,1,105,"('jɡ', 'jɡ', nan)",abstɾaejs,abstɾaejs
90L_10NL,3,90L_10NL_3_1,1,105,"('jɡ', 'jɡ', nan)",abstɾaejs,abstɾaejs
90L_10NL,3,90L_10NL_3_1,1,30,"(nan, nan, nan)",abstɾaemos,abstɾaemos
90L_10NL,3,90L_10NL_3_1,1,30,"(nan, nan, nan)",abstɾaemos,abstɾaemos
90L_10NL,3,90L_10NL_3_1,1,30,"(nan, nan, nan)",abstɾaemos,abstɾaemos
90L_10NL,3,90L_10NL_3_1,1,140,"(nan, 'jɡ', nan)",abstɾaemos,abstɾaemos
90L_10NL,3,90L_10NL_3_1,1,140,"(nan, 'jɡ', nan)",abstɾaemos,abstɾaemos
90L_10NL,3,90L_10NL_3_1,1,140,"(nan, 'jɡ', nan)",abstɾaemos,abstɾaemos
90L_10NL,3,90L_10NL_3_1,1,140,"(nan, 'jɡ', nan)",abstɾaemos,abstɾaemos
90L_10NL,3,90L_10NL_3_1,1,140,"(nan, 'jɡ', nan)",abstɾaemos,abstɾaemos
90L_10NL,3,90L_10NL_3_1,1,140,"(nan, 'jɡ', nan)",abstɾaemos,abstɾaemos
90L_10NL,3,90L_10NL_3_1,1,140,"(nan, 'jɡ', nan)",abstɾaemos,abstɾaemos
90L_10NL,3,90L_10NL_3_1,1,30,"(nan, nan, nan)",abstɾaemos,abstɾaemos
90L_10NL,3,90L_10NL_3_1,1,30,"(nan, nan, nan)",abstɾaemos,abstɾaemos
90L_10NL,3,90L_10NL_3_1,1,140,"(nan, 'jɡ', nan)",abstɾaemos,abstɾaemos
90L_10NL,3,90L_10NL_3_1,1,140,"(nan, 'jɡ', nan)",abstɾaemos,abstɾaemos
90L_10NL,3,90L_10NL_3_1,1,140,"(nan, 'jɡ', nan)",abstɾaemos,abstɾaemos
90L_10NL,3,90L_10NL_3_1,1,140,"(nan, 'jɡ', nan)",abstɾaemos,abstɾaemos
90L_10NL,3,90L_10NL_3_1,1,140,"(nan, 'jɡ', nan)",abstɾaemos,abstɾaemos
90L_10NL,3,90L_10NL_3_1,1,140,"(nan, 'jɡ', nan)",abstɾaemos,abstɾaemos
90L_10NL,3,90L_10NL_3_1,1,140,"(nan, 'jɡ', nan)",abstɾaemos,abstɾaemos
90L_10NL,3,90L_10NL_3_1,1,30,"(nan, nan, nan)",abstɾaemos,abstɾaemos
90L_10NL,3,90L_10NL_3_1,1,140,"(nan, 'jɡ', nan)",abstɾaemos,abstɾaemos
90L_10NL,3,90L_10NL_3_1,1,140,"(nan, 'jɡ', nan)",abstɾaemos,abstɾaemos
90L_10NL,3,90L_10NL_3_1,1,140,"(nan, 'jɡ', nan)",abstɾaemos,abstɾaemos
90L_10NL,3,90L_10NL_3_1,1,140,"(nan, 'jɡ', nan)",abstɾaemos,abstɾaemos
90L_10NL,3,90L_10NL_3_1,1,140,"(nan, 'jɡ', nan)",abstɾaemos,abstɾaemos
90L_10NL,3,90L_10NL_3_1,1,140,"(nan, 'jɡ', nan)",abstɾaemos,abstɾaemos
90L_10NL,3,90L_10NL_3_1,1,140,"(nan, 'jɡ', nan)",abstɾaemos,abstɾaemos
90L_10NL,3,90L_10NL_3_1,1,140,"(nan, 'jɡ', nan)",abstɾaemos,abstɾaemos
90L_10NL,3,90L_10NL_3_1,1,140,"(nan, 'jɡ', nan)",abstɾaemos,abstɾaemos
90L_10NL,3,90L_10NL_3_1,1,140,"(nan, 'jɡ', nan)",abstɾaemos,abstɾaemos
90L_10NL,3,90L_10NL_3_1,1,140,"(nan, 'jɡ', nan)",abstɾaemos,abstɾaemos
90L_10NL,3,90L_10NL_3_1,1,140,"(nan, 'jɡ', nan)",abstɾaemos,abstɾaemos
90L_10NL,3,90L_10NL_3_1,1,140,"(nan, 'jɡ', nan)",abstɾaemos,abstɾaemos
90L_10NL,3,90L_10NL_3_1,1,140,"(nan, 'jɡ', nan)",abstɾaemos,abstɾaemos
90L_10NL,3,90L_10NL_3_1,1,105,"('jɡ', 'jɡ', nan)",abstɾaemos,abstɾaemos
90L_10NL,3,90L_10NL_3_1,1,105,"('jɡ', 'jɡ', nan)",abstɾaemos,abstɾaemos
90L_10NL,3,90L_10NL_3_1,1,105,"('jɡ', 'jɡ', nan)",abstɾaemos,abstɾaemos
90L_10NL,3,90L_10NL_3_1,1,105,"('jɡ', 'jɡ', nan)",abstɾaemos,abstɾaemos
90L_10NL,3,90L_10NL_3_1,1,105,"('jɡ', 'jɡ', nan)",abstɾaemos,abstɾaemos
90L_10NL,3,90L_10NL_3_1,1,105,"('jɡ', 'jɡ', nan)",abstɾaemos,abstɾaemos
90L_10NL,3,90L_10NL_3_1,1,105,"('jɡ', 'jɡ', nan)",abstɾaemos,abstɾaemos
90L_10NL,3,90L_10NL_3_1,1,105,"('jɡ', 'jɡ', nan)",abstɾaemos,abstɾaemos
90L_10NL,3,90L_10NL_3_1,1,105,"('jɡ', 'jɡ', nan)",abstɾaemos,abstɾaemos
90L_10NL,3,90L_10NL_3_1,1,105,"('jɡ', 'jɡ', nan)",abstɾaemos,abstɾaemos
90L_10NL,3,90L_10NL_3_1,1,105,"('jɡ', 'jɡ', nan)",abstɾaemos,abstɾaemos
90L_10NL,3,90L_10NL_3_1,1,105,"('jɡ', 'jɡ', nan)",abstɾaemos,abstɾaemos
90L_10NL,3,90L_10NL_3_1,1,105,"('jɡ', 'jɡ', nan)",abstɾaemos,abstɾaemos
90L_10NL,3,90L_10NL_3_1,1,105,"('jɡ', 'jɡ', nan)",abstɾaemos,abstɾaemos
90L_10NL,3,90L_10NL_3_1,1,105,"('jɡ', 'jɡ', nan)",abstɾaemos,abstɾaemos
90L_10NL,3,90L_10NL_3_1,1,105,"('jɡ', 'jɡ', nan)",abstɾaemos,abstɾaemos
90L_10NL,3,90L_10NL_3_1,1,105,"('jɡ', 'jɡ', nan)",abstɾaemos,abstɾaemos
90L_10NL,3,90L_10NL_3_1,1,105,"('jɡ', 'jɡ', nan)",abstɾaemos,abstɾaemos
90L_10NL,3,90L_10NL_3_1,1,105,"('jɡ', 'jɡ', nan)",abstɾaemos,abstɾaemos
90L_10NL,3,90L_10NL_3_1,1,105,"('jɡ', 'jɡ', nan)",abstɾaemos,abstɾaemos
90L_10NL,3,90L_10NL_3_1,1,105,"('jɡ', 'jɡ', nan)",abstɾaemos,abstɾaemos
90L_10NL,3,90L_10NL_3_1,1,30,"(nan, nan, nan)",abstɾaen,abstɾaen
90L_10NL,3,90L_10NL_3_1,1,30,"(nan, nan, nan)",abstɾaen,abstɾaen
90L_10NL,3,90L_10NL_3_1,1,30,"(nan, nan, nan)",abstɾaen,abstɾaen
90L_10NL,3,90L_10NL_3_1,1,140,"(nan, 'jɡ', nan)",abstɾaen,abstɾaen
90L_10NL,3,90L_10NL_3_1,1,140,"(nan, 'jɡ', nan)",abstɾaen,abstɾaen
90L_10NL,3,90L_10NL_3_1,1,140,"(nan, 'jɡ', nan)",abstɾaen,abstɾaen
90L_10NL,3,90L_10NL_3_1,1,140,"(nan, 'jɡ', nan)",abstɾaen,abstɾaen
90L_10NL,3,90L_10NL_3_1,1,140,"(nan, 'jɡ', nan)",abstɾaen,abstɾaen
90L_10NL,3,90L_10NL_3_1,1,140,"(nan, 'jɡ', nan)",abstɾaen,abstɾaen
90L_10NL,3,90L_10NL_3_1,1,140,"(nan, 'jɡ', nan)",abstɾaen,abstɾaen
90L_10NL,3,90L_10NL_3_1,1,30,"(nan, nan, nan)",abstɾaen,abstɾaen
90L_10NL,3,90L_10NL_3_1,1,30,"(nan, nan, nan)",abstɾaen,abstɾaen
90L_10NL,3,90L_10NL_3_1,1,140,"(nan, 'jɡ', nan)",abstɾaen,abstɾaen
90L_10NL,3,90L_10NL_3_1,1,140,"(nan, 'jɡ', nan)",abstɾaen,abstɾaen
90L_10NL,3,90L_10NL_3_1,1,140,"(nan, 'jɡ', nan)",abstɾaen,abstɾaen
90L_10NL,3,90L_10NL_3_1,1,140,"(nan, 'jɡ', nan)",abstɾaen,abstɾaen
90L_10NL,3,90L_10NL_3_1,1,140,"(nan, 'jɡ', nan)",abstɾaen,abstɾaen
90L_10NL,3,90L_10NL_3_1,1,140,"(nan, 'jɡ', nan)",abstɾaen,abstɾaen
90L_10NL,3,90L_10NL_3_1,1,140,"(nan, 'jɡ', nan)",abstɾaen,abstɾaen
90L_10NL,3,90L_10NL_3_1,1,30,"(nan, nan, nan)",abstɾaen,abstɾaen
90L_10NL,3,90L_10NL_3_1,1,140,"(nan, 'jɡ', nan)",abstɾaen,abstɾaen
90L_10NL,3,90L_10NL_3_1,1,140,"(nan, 'jɡ', nan)",abstɾaen,abstɾaen
90L_10NL,3,90L_10NL_3_1,1,140,"(nan, 'jɡ', nan)",abstɾaen,abstɾaen
90L_10NL,3,90L_10NL_3_1,1,140,"(nan, 'jɡ', nan)",abstɾaen,abstɾaen
90L_10NL,3,90L_10NL_3_1,1,140,"(nan, 'jɡ', nan)",abstɾaen,abstɾaen
90L_10NL,3,90L_10NL_3_1,1,140,"(nan, 'jɡ', nan)",abstɾaen,abstɾaen
90L_10NL,3,90L_10NL_3_1,1,140,"(nan, 'jɡ', nan)",abstɾaen,abstɾaen
90L_10NL,3,90L_10NL_3_1,1,140,"(nan, 'jɡ', nan)",abstɾaen,abstɾaen
90L_10NL,3,90L_10NL_3_1,1,140,"(nan, 'jɡ', nan)",abstɾaen,abstɾaen
90L_10NL,3,90L_10NL_3_1,1,140,"(nan, 'jɡ', nan)",abstɾaen,abstɾaen
90L_10NL,3,90L_10NL_3_1,1,140,"(nan, 'jɡ', nan)",abstɾaen,abstɾaen
90L_10NL,3,90L_10NL_3_1,1,140,"(nan, 'jɡ', nan)",abstɾaen,abstɾaen
90L_10NL,3,90L_10NL_3_1,1,140,"(nan, 'jɡ', nan)",abstɾaen,abstɾaen
90L_10NL,3,90L_10NL_3_1,1,140,"(nan, 'jɡ', nan)",abstɾaen,abstɾaen
90L_10NL,3,90L_10NL_3_1,1,105,"('jɡ', 'jɡ', nan)",abstɾaen,abstɾaen
90L_10NL,3,90L_10NL_3_1,1,105,"('jɡ', 'jɡ', nan)",abstɾaen,abstɾaen
90L_10NL,3,90L_10NL_3_1,1,105,"('jɡ', 'jɡ', nan)",abstɾaen,abstɾaen
90L_10NL,3,90L_10NL_3_1,1,105,"('jɡ', 'jɡ', nan)",abstɾaen,abstɾaen
90L_10NL,3,90L_10NL_3_1,1,105,"('jɡ', 'jɡ', nan)",abstɾaen,abstɾaen
90L_10NL,3,90L_10NL_3_1,1,105,"('jɡ', 'jɡ', nan)",abstɾaen,abstɾaen
90L_10NL,3,90L_10NL_3_1,1,105,"('jɡ', 'jɡ', nan)",abstɾaen,abstɾaen
90L_10NL,3,90L_10NL_3_1,1,105,"('jɡ', 'jɡ', nan)",abstɾaen,abstɾaen
90L_10NL,3,90L_10NL_3_1,1,105,"('jɡ', 'jɡ', nan)",abstɾaen,abstɾaen
90L_10NL,3,90L_10NL_3_1,1,105,"('jɡ', 'jɡ', nan)",abstɾaen,abstɾaen
90L_10NL,3,90L_10NL_3_1,1,105,"('jɡ', 'jɡ', nan)",abstɾaen,abstɾaen
90L_10NL,3,90L_10NL_3_1,1,105,"('jɡ', 'jɡ', nan)",abstɾaen,abstɾaen
90L_10NL,3,90L_10NL_3_1,1,105,"('jɡ', 'jɡ', nan)",abstɾaen,abstɾaen
90L_10NL,3,90L_10NL_3_1,1,105,"('jɡ', 'jɡ', nan)",abstɾaen,abstɾaen
90L_10NL,3,90L_10NL_3_1,1,105,"('jɡ', 'jɡ', nan)",abstɾaen,abstɾaen
90L_10NL,3,90L_10NL_3_1,1,105,"('jɡ', 'jɡ', nan)",abstɾaen,abstɾaen
90L_10NL,3,90L_10NL_3_1,1,105,"('jɡ', 'jɡ', nan)",abstɾaen,abstɾaen
90L_10NL,3,90L_10NL_3_1,1,105,"('jɡ', 'jɡ', nan)",abstɾaen,abstɾaen
90L_10NL,3,90L_10NL_3_1,1,105,"('jɡ', 'jɡ', nan)",abstɾaen,abstɾaen
90L_10NL,3,90L_10NL_3_1,1,105,"('jɡ', 'jɡ', nan)",abstɾaen,abstɾaen
90L_10NL,3,90L_10NL_3_1,1,105,"('jɡ', 'jɡ', nan)",abstɾaen,abstɾaen
90L_10NL,3,90L_10NL_3_1,1,30,"(nan, nan, nan)",abstɾaes,abstɾaes
90L_10NL,3,90L_10NL_3_1,1,30,"(nan, nan, nan)",abstɾaes,abstɾaes
90L_10NL,3,90L_10NL_3_1,1,30,"(nan, nan, nan)",abstɾaes,abstɾaes
90L_10NL,3,90L_10NL_3_1,1,140,"(nan, 'jɡ', nan)",abstɾaes,abstɾaes
90L_10NL,3,90L_10NL_3_1,1,140,"(nan, 'jɡ', nan)",abstɾaes,abstɾaes
90L_10NL,3,90L_10NL_3_1,1,140,"(nan, 'jɡ', nan)",abstɾaes,abstɾaes
90L_10NL,3,90L_10NL_3_1,1,140,"(nan, 'jɡ', nan)",abstɾaes,abstɾaes
90L_10NL,3,90L_10NL_3_1,1,140,"(nan, 'jɡ', nan)",abstɾaes,abstɾaes
90L_10NL,3,90L_10NL_3_1,1,140,"(nan, 'jɡ', nan)",abstɾaes,abstɾaes
90L_10NL,3,90L_10NL_3_1,1,140,"(nan, 'jɡ', nan)",abstɾaes,abstɾaes
90L_10NL,3,90L_10NL_3_1,1,30,"(nan, nan, nan)",abstɾaes,abstɾaes
90L_10NL,3,90L_10NL_3_1,1,30,"(nan, nan, nan)",abstɾaes,abstɾaes
90L_10NL,3,90L_10NL_3_1,1,140,"(nan, 'jɡ', nan)",abstɾaes,abstɾaes
90L_10NL,3,90L_10NL_3_1,1,140,"(nan, 'jɡ', nan)",abstɾaes,abstɾaes
90L_10NL,3,90L_10NL_3_1,1,140,"(nan, 'jɡ', nan)",abstɾaes,abstɾaes
90L_10NL,3,90L_10NL_3_1,1,140,"(nan, 'jɡ', nan)",abstɾaes,abstɾaes
90L_10NL,3,90L_10NL_3_1,1,140,"(nan, 'jɡ', nan)",abstɾaes,abstɾaes
90L_10NL,3,90L_10NL_3_1,1,140,"(nan, 'jɡ', nan)",abstɾaes,abstɾaes
90L_10NL,3,90L_10NL_3_1,1,140,"(nan, 'jɡ', nan)",abstɾaes,abstɾaes
90L_10NL,3,90L_10NL_3_1,1,30,"(nan, nan, nan)",abstɾaes,abstɾaes
90L_10NL,3,90L_10NL_3_1,1,140,"(nan, 'jɡ', nan)",abstɾaes,abstɾaes
90L_10NL,3,90L_10NL_3_1,1,140,"(nan, 'jɡ', nan)",abstɾaes,abstɾaes
90L_10NL,3,90L_10NL_3_1,1,140,"(nan, 'jɡ', nan)",abstɾaes,abstɾaes
90L_10NL,3,90L_10NL_3_1,1,140,"(nan, 'jɡ', nan)",abstɾaes,abstɾaes
90L_10NL,3,90L_10NL_3_1,1,140,"(nan, 'jɡ', nan)",abstɾaes,abstɾaes
90L_10NL,3,90L_10NL_3_1,1,140,"(nan, 'jɡ', nan)",abstɾaes,abstɾaes
90L_10NL,3,90L_10NL_3_1,1,140,"(nan, 'jɡ', nan)",abstɾaes,abstɾaes
90L_10NL,3,90L_10NL_3_1,1,140,"(nan, 'jɡ', nan)",abstɾaes,abstɾaes
90L_10NL,3,90L_10NL_3_1,1,140,"(nan, 'jɡ', nan)",abstɾaes,abstɾaes
90L_10NL,3,90L_10NL_3_1,1,140,"(nan, 'jɡ', nan)",abstɾaes,abstɾaes
90L_10NL,3,90L_10NL_3_1,1,140,"(nan, 'jɡ', nan)",abstɾaes,abstɾaes
90L_10NL,3,90L_10NL_3_1,1,140,"(nan, 'jɡ', nan)",abstɾaes,abstɾaes
90L_10NL,3,90L_10NL_3_1,1,140,"(nan, 'jɡ', nan)",abstɾaes,abstɾaes
90L_10NL,3,90L_10NL_3_1,1,140,"(nan, 'jɡ', nan)",abstɾaes,abstɾaes
90L_10NL,3,90L_10NL_3_1,1,105,"('jɡ', 'jɡ', nan)",abstɾaes,abstɾaes
90L_10NL,3,90L_10NL_3_1,1,105,"('jɡ', 'jɡ', nan)",abstɾaes,abstɾaes
90L_10NL,3,90L_10NL_3_1,1,105,"('jɡ', 'jɡ', nan)",abstɾaes,abstɾaes
90L_10NL,3,90L_10NL_3_1,1,105,"('jɡ', 'jɡ', nan)",abstɾaes,abstɾaes
90L_10NL,3,90L_10NL_3_1,1,105,"('jɡ', 'jɡ', nan)",abstɾaes,abstɾaes
90L_10NL,3,90L_10NL_3_1,1,105,"('jɡ', 'jɡ', nan)",abstɾaes,abstɾaes
90L_10NL,3,90L_10NL_3_1,1,105,"('jɡ', 'jɡ', nan)",abstɾaes,abstɾaes
90L_10NL,3,90L_10NL_3_1,1,105,"('jɡ', 'jɡ', nan)",abstɾaes,abstɾaes
90L_10NL,3,90L_10NL_3_1,1,105,"('jɡ', 'jɡ', nan)",abstɾaes,abstɾaes
90L_10NL,3,90L_10NL_3_1,1,105,"('jɡ', 'jɡ', nan)",abstɾaes,abstɾaes
90L_10NL,3,90L_10NL_3_1,1,105,"('jɡ', 'jɡ', nan)",abstɾaes,abstɾaes
90L_10NL,3,90L_10NL_3_1,1,105,"('jɡ', 'jɡ', nan)",abstɾaes,abstɾaes
90L_10NL,3,90L_10NL_3_1,1,105,"('jɡ', 'jɡ', nan)",abstɾaes,abstɾaes
90L_10NL,3,90L_10NL_3_1,1,105,"('jɡ', 'jɡ', nan)",abstɾaes,abstɾaes
90L_10NL,3,90L_10NL_3_1,1,105,"('jɡ', 'jɡ', nan)",abstɾaes,abstɾaes
90L_10NL,3,90L_10NL_3_1,1,105,"('jɡ', 'jɡ', nan)",abstɾaes,abstɾaes
90L_10NL,3,90L_10NL_3_1,1,105,"('jɡ', 'jɡ', nan)",abstɾaes,abstɾaes
90L_10NL,3,90L_10NL_3_1,1,105,"('jɡ', 'jɡ', nan)",abstɾaes,abstɾaes
90L_10NL,3,90L_10NL_3_1,1,105,"('jɡ', 'jɡ', nan)",abstɾaes,abstɾaes
90L_10NL,3,90L_10NL_3_1,1,105,"('jɡ', 'jɡ', nan)",abstɾaes,abstɾaes
90L_10NL,3,90L_10NL_3_1,1,105,"('jɡ', 'jɡ', nan)",abstɾaes,abstɾaes
90L_10NL,3,90L_10NL_3_1,1,30,"(nan, nan, nan)",abstɾae,abstɾae
90L_10NL,3,90L_10NL_3_1,1,30,"(nan, nan, nan)",abstɾae,abstɾae
90L_10NL,3,90L_10NL_3_1,1,30,"(nan, nan, nan)",abstɾae,abstɾae
90L_10NL,3,90L_10NL_3_1,1,140,"(nan, 'jɡ', nan)",abstɾae,abstɾae
90L_10NL,3,90L_10NL_3_1,1,140,"(nan, 'jɡ', nan)",abstɾae,abstɾae
90L_10NL,3,90L_10NL_3_1,1,140,"(nan, 'jɡ', nan)",abstɾae,abstɾae
90L_10NL,3,90L_10NL_3_1,1,140,"(nan, 'jɡ', nan)",abstɾae,abstɾae
90L_10NL,3,90L_10NL_3_1,1,140,"(nan, 'jɡ', nan)",abstɾae,abstɾae
90L_10NL,3,90L_10NL_3_1,1,140,"(nan, 'jɡ', nan)",abstɾae,abstɾae
90L_10NL,3,90L_10NL_3_1,1,140,"(nan, 'jɡ', nan)",abstɾae,abstɾae
90L_10NL,3,90L_10NL_3_1,1,30,"(nan, nan, nan)",abstɾae,abstɾae
90L_10NL,3,90L_10NL_3_1,1,30,"(nan, nan, nan)",abstɾae,abstɾae
90L_10NL,3,90L_10NL_3_1,1,140,"(nan, 'jɡ', nan)",abstɾae,abstɾae
90L_10NL,3,90L_10NL_3_1,1,140,"(nan, 'jɡ', nan)",abstɾae,abstɾae
90L_10NL,3,90L_10NL_3_1,1,140,"(nan, 'jɡ', nan)",abstɾae,abstɾae
90L_10NL,3,90L_10NL_3_1,1,140,"(nan, 'jɡ', nan)",abstɾae,abstɾae
90L_10NL,3,90L_10NL_3_1,1,140,"(nan, 'jɡ', nan)",abstɾae,abstɾae
90L_10NL,3,90L_10NL_3_1,1,140,"(nan, 'jɡ', nan)",abstɾae,abstɾae
90L_10NL,3,90L_10NL_3_1,1,140,"(nan, 'jɡ', nan)",abstɾae,abstɾae
90L_10NL,3,90L_10NL_3_1,1,30,"(nan, nan, nan)",abstɾae,abstɾae
90L_10NL,3,90L_10NL_3_1,1,140,"(nan, 'jɡ', nan)",abstɾae,abstɾae
90L_10NL,3,90L_10NL_3_1,1,140,"(nan, 'jɡ', nan)",abstɾae,abstɾae
90L_10NL,3,90L_10NL_3_1,1,140,"(nan, 'jɡ', nan)",abstɾae,abstɾae
90L_10NL,3,90L_10NL_3_1,1,140,"(nan, 'jɡ', nan)",abstɾae,abstɾae
90L_10NL,3,90L_10NL_3_1,1,140,"(nan, 'jɡ', nan)",abstɾae,abstɾae
90L_10NL,3,90L_10NL_3_1,1,140,"(nan, 'jɡ', nan)",abstɾae,abstɾae
90L_10NL,3,90L_10NL_3_1,1,140,"(nan, 'jɡ', nan)",abstɾae,abstɾae
90L_10NL,3,90L_10NL_3_1,1,140,"(nan, 'jɡ', nan)",abstɾae,abstɾae
90L_10NL,3,90L_10NL_3_1,1,140,"(nan, 'jɡ', nan)",abstɾae,abstɾae
90L_10NL,3,90L_10NL_3_1,1,140,"(nan, 'jɡ', nan)",abstɾae,abstɾae
90L_10NL,3,90L_10NL_3_1,1,140,"(nan, 'jɡ', nan)",abstɾae,abstɾae
90L_10NL,3,90L_10NL_3_1,1,140,"(nan, 'jɡ', nan)",abstɾae,abstɾae
90L_10NL,3,90L_10NL_3_1,1,140,"(nan, 'jɡ', nan)",abstɾae,abstɾae
90L_10NL,3,90L_10NL_3_1,1,140,"(nan, 'jɡ', nan)",abstɾae,abstɾae
90L_10NL,3,90L_10NL_3_1,1,105,"('jɡ', 'jɡ', nan)",abstɾae,abstɾae
90L_10NL,3,90L_10NL_3_1,1,105,"('jɡ', 'jɡ', nan)",abstɾae,abstɾae
90L_10NL,3,90L_10NL_3_1,1,105,"('jɡ', 'jɡ', nan)",abstɾae,abstɾae
90L_10NL,3,90L_10NL_3_1,1,105,"('jɡ', 'jɡ', nan)",abstɾae,abstɾae
90L_10NL,3,90L_10NL_3_1,1,105,"('jɡ', 'jɡ', nan)",abstɾae,abstɾae
90L_10NL,3,90L_10NL_3_1,1,105,"('jɡ', 'jɡ', nan)",abstɾae,abstɾae
90L_10NL,3,90L_10NL_3_1,1,105,"('jɡ', 'jɡ', nan)",abstɾae,abstɾae
90L_10NL,3,90L_10NL_3_1,1,105,"('jɡ', 'jɡ', nan)",abstɾae,abstɾae
90L_10NL,3,90L_10NL_3_1,1,105,"('jɡ', 'jɡ', nan)",abstɾae,abstɾae
90L_10NL,3,90L_10NL_3_1,1,105,"('jɡ', 'jɡ', nan)",abstɾae,abstɾae
90L_10NL,3,90L_10NL_3_1,1,105,"('jɡ', 'jɡ', nan)",abstɾae,abstɾae
90L_10NL,3,90L_10NL_3_1,1,105,"('jɡ', 'jɡ', nan)",abstɾae,abstɾae
90L_10NL,3,90L_10NL_3_1,1,105,"('jɡ', 'jɡ', nan)",abstɾae,abstɾae
90L_10NL,3,90L_10NL_3_1,1,105,"('jɡ', 'jɡ', nan)",abstɾae,abstɾae
90L_10NL,3,90L_10NL_3_1,1,105,"('jɡ', 'jɡ', nan)",abstɾae,abstɾae
90L_10NL,3,90L_10NL_3_1,1,105,"('jɡ', 'jɡ', nan)",abstɾae,abstɾae
90L_10NL,3,90L_10NL_3_1,1,105,"('jɡ', 'jɡ', nan)",abstɾae,abstɾae
90L_10NL,3,90L_10NL_3_1,1,105,"('jɡ', 'jɡ', nan)",abstɾae,abstɾae
90L_10NL,3,90L_10NL_3_1,1,105,"('jɡ', 'jɡ', nan)",abstɾae,abstɾae
90L_10NL,3,90L_10NL_3_1,1,105,"('jɡ', 'jɡ', nan)",abstɾae,abstɾae
90L_10NL,3,90L_10NL_3_1,1,105,"('jɡ', 'jɡ', nan)",abstɾae,abstɾae
90L_10NL,3,90L_10NL_3_1,1,70,"(nan, nan, 'jɡ')",abstɾajɡajs,abstɾajɡajs
90L_10NL,3,90L_10NL_3_1,1,70,"(nan, nan, 'jɡ')",abstɾajɡajs,abstɾajɡajs
90L_10NL,3,90L_10NL_3_1,1,70,"(nan, nan, 'jɡ')",abstɾajɡajs,abstɾajɡajs
90L_10NL,3,90L_10NL_3_1,1,70,"(nan, nan, 'jɡ')",abstɾajɡajs,abstɾajɡajs
90L_10NL,3,90L_10NL_3_1,1,210,"(nan, 'jɡ', 'jɡ')",abstɾajɡajs,abstɾajɡajs
90L_10NL,3,90L_10NL_3_1,1,210,"(nan, 'jɡ', 'jɡ')",abstɾajɡajs,abstɾajɡajs
90L_10NL,3,90L_10NL_3_1,1,210,"(nan, 'jɡ', 'jɡ')",abstɾajɡajs,abstɾajɡajs
90L_10NL,3,90L_10NL_3_1,1,210,"(nan, 'jɡ', 'jɡ')",abstɾajɡajs,abstɾajɡajs
90L_10NL,3,90L_10NL_3_1,1,210,"(nan, 'jɡ', 'jɡ')",abstɾajɡajs,abstɾajɡajs
90L_10NL,3,90L_10NL_3_1,1,210,"(nan, 'jɡ', 'jɡ')",abstɾajɡajs,abstɾajɡajs
90L_10NL,3,90L_10NL_3_1,1,70,"(nan, nan, 'jɡ')",abstɾajɡajs,abstɾajɡajs
90L_10NL,3,90L_10NL_3_1,1,70,"(nan, nan, 'jɡ')",abstɾajɡajs,abstɾajɡajs
90L_10NL,3,90L_10NL_3_1,1,70,"(nan, nan, 'jɡ')",abstɾajɡajs,abstɾajɡajs
90L_10NL,3,90L_10NL_3_1,1,210,"(nan, 'jɡ', 'jɡ')",abstɾajɡajs,abstɾajɡajs
90L_10NL,3,90L_10NL_3_1,1,210,"(nan, 'jɡ', 'jɡ')",abstɾajɡajs,abstɾajɡajs
90L_10NL,3,90L_10NL_3_1,1,210,"(nan, 'jɡ', 'jɡ')",abstɾajɡajs,abstɾajɡajs
90L_10NL,3,90L_10NL_3_1,1,210,"(nan, 'jɡ', 'jɡ')",abstɾajɡajs,abstɾajɡajs
90L_10NL,3,90L_10NL_3_1,1,210,"(nan, 'jɡ', 'jɡ')",abstɾajɡajs,abstɾajɡajs
90L_10NL,3,90L_10NL_3_1,1,210,"(nan, 'jɡ', 'jɡ')",abstɾajɡajs,abstɾajɡajs
90L_10NL,3,90L_10NL_3_1,1,70,"(nan, nan, 'jɡ')",abstɾajɡajs,abstɾajɡajs
90L_10NL,3,90L_10NL_3_1,1,70,"(nan, nan, 'jɡ')",abstɾajɡajs,abstɾajɡajs
90L_10NL,3,90L_10NL_3_1,1,210,"(nan, 'jɡ', 'jɡ')",abstɾajɡajs,abstɾajɡajs
90L_10NL,3,90L_10NL_3_1,1,210,"(nan, 'jɡ', 'jɡ')",abstɾajɡajs,abstɾajɡajs
90L_10NL,3,90L_10NL_3_1,1,210,"(nan, 'jɡ', 'jɡ')",abstɾajɡajs,abstɾajɡajs
90L_10NL,3,90L_10NL_3_1,1,210,"(nan, 'jɡ', 'jɡ')",abstɾajɡajs,abstɾajɡajs
90L_10NL,3,90L_10NL_3_1,1,210,"(nan, 'jɡ', 'jɡ')",abstɾajɡajs,abstɾajɡajs
90L_10NL,3,90L_10NL_3_1,1,210,"(nan, 'jɡ', 'jɡ')",abstɾajɡajs,abstɾajɡajs
90L_10NL,3,90L_10NL_3_1,1,70,"(nan, nan, 'jɡ')",abstɾajɡajs,abstɾajɡajs
90L_10NL,3,90L_10NL_3_1,1,210,"(nan, 'jɡ', 'jɡ')",abstɾajɡajs,abstɾajɡajs
90L_10NL,3,90L_10NL_3_1,1,210,"(nan, 'jɡ', 'jɡ')",abstɾajɡajs,abstɾajɡajs
90L_10NL,3,90L_10NL_3_1,1,210,"(nan, 'jɡ', 'jɡ')",abstɾajɡajs,abstɾajɡajs
90L_10NL,3,90L_10NL_3_1,1,210,"(nan, 'jɡ', 'jɡ')",abstɾajɡajs,abstɾajɡajs
90L_10NL,3,90L_10NL_3_1,1,210,"(nan, 'jɡ', 'jɡ')",abstɾajɡajs,abstɾajɡajs
90L_10NL,3,90L_10NL_3_1,1,210,"(nan, 'jɡ', 'jɡ')",abstɾajɡajs,abstɾajɡajs
90L_10NL,3,90L_10NL_3_1,1,210,"(nan, 'jɡ', 'jɡ')",abstɾajɡajs,abstɾajɡajs
90L_10NL,3,90L_10NL_3_1,1,210,"(nan, 'jɡ', 'jɡ')",abstɾajɡajs,abstɾajɡajs
90L_10NL,3,90L_10NL_3_1,1,210,"(nan, 'jɡ', 'jɡ')",abstɾajɡajs,abstɾajɡajs
90L_10NL,3,90L_10NL_3_1,1,210,"(nan, 'jɡ', 'jɡ')",abstɾajɡajs,abstɾajɡajs
90L_10NL,3,90L_10NL_3_1,1,210,"(nan, 'jɡ', 'jɡ')",abstɾajɡajs,abstɾajɡajs
90L_10NL,3,90L_10NL_3_1,1,210,"(nan, 'jɡ', 'jɡ')",abstɾajɡajs,abstɾajɡajs
90L_10NL,3,90L_10NL_3_1,1,105,"('jɡ', 'jɡ', 'jɡ')",abstɾajɡajs,abstɾajɡajs
90L_10NL,3,90L_10NL_3_1,1,105,"('jɡ', 'jɡ', 'jɡ')",abstɾajɡajs,abstɾajɡajs
90L_10NL,3,90L_10NL_3_1,1,105,"('jɡ', 'jɡ', 'jɡ')",abstɾajɡajs,abstɾajɡajs
90L_10NL,3,90L_10NL_3_1,1,105,"('jɡ', 'jɡ', 'jɡ')",abstɾajɡajs,abstɾajɡajs
90L_10NL,3,90L_10NL_3_1,1,105,"('jɡ', 'jɡ', 'jɡ')",abstɾajɡajs,abstɾajɡajs
90L_10NL,3,90L_10NL_3_1,1,105,"('jɡ', 'jɡ', 'jɡ')",abstɾajɡajs,abstɾajɡajs
90L_10NL,3,90L_10NL_3_1,1,105,"('jɡ', 'jɡ', 'jɡ')",abstɾajɡajs,abstɾajɡajs
90L_10NL,3,90L_10NL_3_1,1,105,"('jɡ', 'jɡ', 'jɡ')",abstɾajɡajs,abstɾajɡajs
90L_10NL,3,90L_10NL_3_1,1,105,"('jɡ', 'jɡ', 'jɡ')",abstɾajɡajs,abstɾajɡajs
90L_10NL,3,90L_10NL_3_1,1,105,"('jɡ', 'jɡ', 'jɡ')",abstɾajɡajs,abstɾajɡajs
90L_10NL,3,90L_10NL_3_1,1,105,"('jɡ', 'jɡ', 'jɡ')",abstɾajɡajs,abstɾajɡajs
90L_10NL,3,90L_10NL_3_1,1,105,"('jɡ', 'jɡ', 'jɡ')",abstɾajɡajs,abstɾajɡajs
90L_10NL,3,90L_10NL_3_1,1,105,"('jɡ', 'jɡ', 'jɡ')",abstɾajɡajs,abstɾajɡajs
90L_10NL,3,90L_10NL_3_1,1,105,"('jɡ', 'jɡ', 'jɡ')",abstɾajɡajs,abstɾajɡajs
90L_10NL,3,90L_10NL_3_1,1,105,"('jɡ', 'jɡ', 'jɡ')",abstɾajɡajs,abstɾajɡajs
90L_10NL,3,90L_10NL_3_1,1,70,"(nan, nan, 'jɡ')",abstɾajɡamos,abstɾajɡamos
90L_10NL,3,90L_10NL_3_1,1,70,"(nan, nan, 'jɡ')",abstɾajɡamos,abstɾajɡamos
90L_10NL,3,90L_10NL_3_1,1,70,"(nan, nan, 'jɡ')",abstɾajɡamos,abstɾajɡamos
90L_10NL,3,90L_10NL_3_1,1,70,"(nan, nan, 'jɡ')",abstɾajɡamos,abstɾajɡamos
90L_10NL,3,90L_10NL_3_1,1,210,"(nan, 'jɡ', 'jɡ')",abstɾajɡamos,abstɾajɡamos
90L_10NL,3,90L_10NL_3_1,1,210,"(nan, 'jɡ', 'jɡ')",abstɾajɡamos,abstɾajɡamos
90L_10NL,3,90L_10NL_3_1,1,210,"(nan, 'jɡ', 'jɡ')",abstɾajɡamos,abstɾajɡamos
90L_10NL,3,90L_10NL_3_1,1,210,"(nan, 'jɡ', 'jɡ')",abstɾajɡamos,abstɾajɡamos
90L_10NL,3,90L_10NL_3_1,1,210,"(nan, 'jɡ', 'jɡ')",abstɾajɡamos,abstɾajɡamos
90L_10NL,3,90L_10NL_3_1,1,210,"(nan, 'jɡ', 'jɡ')",abstɾajɡamos,abstɾajɡamos
90L_10NL,3,90L_10NL_3_1,1,70,"(nan, nan, 'jɡ')",abstɾajɡamos,abstɾajɡamos
90L_10NL,3,90L_10NL_3_1,1,70,"(nan, nan, 'jɡ')",abstɾajɡamos,abstɾajɡamos
90L_10NL,3,90L_10NL_3_1,1,70,"(nan, nan, 'jɡ')",abstɾajɡamos,abstɾajɡamos
90L_10NL,3,90L_10NL_3_1,1,210,"(nan, 'jɡ', 'jɡ')",abstɾajɡamos,abstɾajɡamos
90L_10NL,3,90L_10NL_3_1,1,210,"(nan, 'jɡ', 'jɡ')",abstɾajɡamos,abstɾajɡamos
90L_10NL,3,90L_10NL_3_1,1,210,"(nan, 'jɡ', 'jɡ')",abstɾajɡamos,abstɾajɡamos
90L_10NL,3,90L_10NL_3_1,1,210,"(nan, 'jɡ', 'jɡ')",abstɾajɡamos,abstɾajɡamos
90L_10NL,3,90L_10NL_3_1,1,210,"(nan, 'jɡ', 'jɡ')",abstɾajɡamos,abstɾajɡamos
90L_10NL,3,90L_10NL_3_1,1,210,"(nan, 'jɡ', 'jɡ')",abstɾajɡamos,abstɾajɡamos
90L_10NL,3,90L_10NL_3_1,1,70,"(nan, nan, 'jɡ')",abstɾajɡamos,abstɾajɡamos
90L_10NL,3,90L_10NL_3_1,1,70,"(nan, nan, 'jɡ')",abstɾajɡamos,abstɾajɡamos
90L_10NL,3,90L_10NL_3_1,1,210,"(nan, 'jɡ', 'jɡ')",abstɾajɡamos,abstɾajɡamos
90L_10NL,3,90L_10NL_3_1,1,210,"(nan, 'jɡ', 'jɡ')",abstɾajɡamos,abstɾajɡamos
90L_10NL,3,90L_10NL_3_1,1,210,"(nan, 'jɡ', 'jɡ')",abstɾajɡamos,abstɾajɡamos
90L_10NL,3,90L_10NL_3_1,1,210,"(nan, 'jɡ', 'jɡ')",abstɾajɡamos,abstɾajɡamos
90L_10NL,3,90L_10NL_3_1,1,210,"(nan, 'jɡ', 'jɡ')",abstɾajɡamos,abstɾajɡamos
90L_10NL,3,90L_10NL_3_1,1,210,"(nan, 'jɡ', 'jɡ')",abstɾajɡamos,abstɾajɡamos
90L_10NL,3,90L_10NL_3_1,1,70,"(nan, nan, 'jɡ')",abstɾajɡamos,abstɾajɡamos
90L_10NL,3,90L_10NL_3_1,1,210,"(nan, 'jɡ', 'jɡ')",abstɾajɡamos,abstɾajɡamos
90L_10NL,3,90L_10NL_3_1,1,210,"(nan, 'jɡ', 'jɡ')",abstɾajɡamos,abstɾajɡamos
90L_10NL,3,90L_10NL_3_1,1,210,"(nan, 'jɡ', 'jɡ')",abstɾajɡamos,abstɾajɡamos
90L_10NL,3,90L_10NL_3_1,1,210,"(nan, 'jɡ', 'jɡ')",abstɾajɡamos,abstɾajɡamos
90L_10NL,3,90L_10NL_3_1,1,210,"(nan, 'jɡ', 'jɡ')",abstɾajɡamos,abstɾajɡamos
90L_10NL,3,90L_10NL_3_1,1,210,"(nan, 'jɡ', 'jɡ')",abstɾajɡamos,abstɾajɡamos
90L_10NL,3,90L_10NL_3_1,1,210,"(nan, 'jɡ', 'jɡ')",abstɾajɡamos,abstɾajɡamos
90L_10NL,3,90L_10NL_3_1,1,210,"(nan, 'jɡ', 'jɡ')",abstɾajɡamos,abstɾajɡamos
90L_10NL,3,90L_10NL_3_1,1,210,"(nan, 'jɡ', 'jɡ')",abstɾajɡamos,abstɾajɡamos
90L_10NL,3,90L_10NL_3_1,1,210,"(nan, 'jɡ', 'jɡ')",abstɾajɡamos,abstɾajɡamos
90L_10NL,3,90L_10NL_3_1,1,210,"(nan, 'jɡ', 'jɡ')",abstɾajɡamos,abstɾajɡamos
90L_10NL,3,90L_10NL_3_1,1,210,"(nan, 'jɡ', 'jɡ')",abstɾajɡamos,abstɾajɡamos
90L_10NL,3,90L_10NL_3_1,1,105,"('jɡ', 'jɡ', 'jɡ')",abstɾajɡamos,abstɾajɡamos
90L_10NL,3,90L_10NL_3_1,1,105,"('jɡ', 'jɡ', 'jɡ')",abstɾajɡamos,abstɾajɡamos
90L_10NL,3,90L_10NL_3_1,1,105,"('jɡ', 'jɡ', 'jɡ')",abstɾajɡamos,abstɾajɡamos
90L_10NL,3,90L_10NL_3_1,1,105,"('jɡ', 'jɡ', 'jɡ')",abstɾajɡamos,abstɾajɡamos
90L_10NL,3,90L_10NL_3_1,1,105,"('jɡ', 'jɡ', 'jɡ')",abstɾajɡamos,abstɾajɡamos
90L_10NL,3,90L_10NL_3_1,1,105,"('jɡ', 'jɡ', 'jɡ')",abstɾajɡamos,abstɾajɡamos
90L_10NL,3,90L_10NL_3_1,1,105,"('jɡ', 'jɡ', 'jɡ')",abstɾajɡamos,abstɾajɡamos
90L_10NL,3,90L_10NL_3_1,1,105,"('jɡ', 'jɡ', 'jɡ')",abstɾajɡamos,abstɾajɡamos
90L_10NL,3,90L_10NL_3_1,1,105,"('jɡ', 'jɡ', 'jɡ')",abstɾajɡamos,abstɾajɡamos
90L_10NL,3,90L_10NL_3_1,1,105,"('jɡ', 'jɡ', 'jɡ')",abstɾajɡamos,abstɾajɡamos
90L_10NL,3,90L_10NL_3_1,1,105,"('jɡ', 'jɡ', 'jɡ')",abstɾajɡamos,abstɾajɡamos
90L_10NL,3,90L_10NL_3_1,1,105,"('jɡ', 'jɡ', 'jɡ')",abstɾajɡamos,abstɾajɡamos
90L_10NL,3,90L_10NL_3_1,1,105,"('jɡ', 'jɡ', 'jɡ')",abstɾajɡamos,abstɾajɡamos
90L_10NL,3,90L_10NL_3_1,1,105,"('jɡ', 'jɡ', 'jɡ')",abstɾajɡamos,abstɾajɡamos
90L_10NL,3,90L_10NL_3_1,1,105,"('jɡ', 'jɡ', 'jɡ')",abstɾajɡamos,abstɾajɡamos
90L_10NL,3,90L_10NL_3_1,1,70,"(nan, nan, 'jɡ')",abstɾajɡan,abstɾajɡan
90L_10NL,3,90L_10NL_3_1,1,70,"(nan, nan, 'jɡ')",abstɾajɡan,abstɾajɡan
90L_10NL,3,90L_10NL_3_1,1,70,"(nan, nan, 'jɡ')",abstɾajɡan,abstɾajɡan
90L_10NL,3,90L_10NL_3_1,1,70,"(nan, nan, 'jɡ')",abstɾajɡan,abstɾajɡan
90L_10NL,3,90L_10NL_3_1,1,210,"(nan, 'jɡ', 'jɡ')",abstɾajɡan,abstɾajɡan
90L_10NL,3,90L_10NL_3_1,1,210,"(nan, 'jɡ', 'jɡ')",abstɾajɡan,abstɾajɡan
90L_10NL,3,90L_10NL_3_1,1,210,"(nan, 'jɡ', 'jɡ')",abstɾajɡan,abstɾajɡan
90L_10NL,3,90L_10NL_3_1,1,210,"(nan, 'jɡ', 'jɡ')",abstɾajɡan,abstɾajɡan
90L_10NL,3,90L_10NL_3_1,1,210,"(nan, 'jɡ', 'jɡ')",abstɾajɡan,abstɾajɡan
90L_10NL,3,90L_10NL_3_1,1,210,"(nan, 'jɡ', 'jɡ')",abstɾajɡan,abstɾajɡan
90L_10NL,3,90L_10NL_3_1,1,70,"(nan, nan, 'jɡ')",abstɾajɡan,abstɾajɡan
90L_10NL,3,90L_10NL_3_1,1,70,"(nan, nan, 'jɡ')",abstɾajɡan,abstɾajɡan
90L_10NL,3,90L_10NL_3_1,1,70,"(nan, nan, 'jɡ')",abstɾajɡan,abstɾajɡan
90L_10NL,3,90L_10NL_3_1,1,210,"(nan, 'jɡ', 'jɡ')",abstɾajɡan,abstɾajɡan
90L_10NL,3,90L_10NL_3_1,1,210,"(nan, 'jɡ', 'jɡ')",abstɾajɡan,abstɾajɡan
90L_10NL,3,90L_10NL_3_1,1,210,"(nan, 'jɡ', 'jɡ')",abstɾajɡan,abstɾajɡan
90L_10NL,3,90L_10NL_3_1,1,210,"(nan, 'jɡ', 'jɡ')",abstɾajɡan,abstɾajɡan
90L_10NL,3,90L_10NL_3_1,1,210,"(nan, 'jɡ', 'jɡ')",abstɾajɡan,abstɾajɡan
90L_10NL,3,90L_10NL_3_1,1,210,"(nan, 'jɡ', 'jɡ')",abstɾajɡan,abstɾajɡan
90L_10NL,3,90L_10NL_3_1,1,70,"(nan, nan, 'jɡ')",abstɾajɡan,abstɾajɡan
90L_10NL,3,90L_10NL_3_1,1,70,"(nan, nan, 'jɡ')",abstɾajɡan,abstɾajɡan
90L_10NL,3,90L_10NL_3_1,1,210,"(nan, 'jɡ', 'jɡ')",abstɾajɡan,abstɾajɡan
90L_10NL,3,90L_10NL_3_1,1,210,"(nan, 'jɡ', 'jɡ')",abstɾajɡan,abstɾajɡan
90L_10NL,3,90L_10NL_3_1,1,210,"(nan, 'jɡ', 'jɡ')",abstɾajɡan,abstɾajɡan
90L_10NL,3,90L_10NL_3_1,1,210,"(nan, 'jɡ', 'jɡ')",abstɾajɡan,abstɾajɡan
90L_10NL,3,90L_10NL_3_1,1,210,"(nan, 'jɡ', 'jɡ')",abstɾajɡan,abstɾajɡan
90L_10NL,3,90L_10NL_3_1,1,210,"(nan, 'jɡ', 'jɡ')",abstɾajɡan,abstɾajɡan
90L_10NL,3,90L_10NL_3_1,1,70,"(nan, nan, 'jɡ')",abstɾajɡan,abstɾajɡan
90L_10NL,3,90L_10NL_3_1,1,210,"(nan, 'jɡ', 'jɡ')",abstɾajɡan,abstɾajɡan
90L_10NL,3,90L_10NL_3_1,1,210,"(nan, 'jɡ', 'jɡ')",abstɾajɡan,abstɾajɡan
90L_10NL,3,90L_10NL_3_1,1,210,"(nan, 'jɡ', 'jɡ')",abstɾajɡan,abstɾajɡan
90L_10NL,3,90L_10NL_3_1,1,210,"(nan, 'jɡ', 'jɡ')",abstɾajɡan,abstɾajɡan
90L_10NL,3,90L_10NL_3_1,1,210,"(nan, 'jɡ', 'jɡ')",abstɾajɡan,abstɾajɡan
90L_10NL,3,90L_10NL_3_1,1,210,"(nan, 'jɡ', 'jɡ')",abstɾajɡan,abstɾajɡan
90L_10NL,3,90L_10NL_3_1,1,210,"(nan, 'jɡ', 'jɡ')",abstɾajɡan,abstɾajɡan
90L_10NL,3,90L_10NL_3_1,1,210,"(nan, 'jɡ', 'jɡ')",abstɾajɡan,abstɾajɡan
90L_10NL,3,90L_10NL_3_1,1,210,"(nan, 'jɡ', 'jɡ')",abstɾajɡan,abstɾajɡan
90L_10NL,3,90L_10NL_3_1,1,210,"(nan, 'jɡ', 'jɡ')",abstɾajɡan,abstɾajɡan
90L_10NL,3,90L_10NL_3_1,1,210,"(nan, 'jɡ', 'jɡ')",abstɾajɡan,abstɾajɡan
90L_10NL,3,90L_10NL_3_1,1,210,"(nan, 'jɡ', 'jɡ')",abstɾajɡan,abstɾajɡan
90L_10NL,3,90L_10NL_3_1,1,105,"('jɡ', 'jɡ', 'jɡ')",abstɾajɡan,abstɾajɡan
90L_10NL,3,90L_10NL_3_1,1,105,"('jɡ', 'jɡ', 'jɡ')",abstɾajɡan,abstɾajɡan
90L_10NL,3,90L_10NL_3_1,1,105,"('jɡ', 'jɡ', 'jɡ')",abstɾajɡan,abstɾajɡan
90L_10NL,3,90L_10NL_3_1,1,105,"('jɡ', 'jɡ', 'jɡ')",abstɾajɡan,abstɾajɡan
90L_10NL,3,90L_10NL_3_1,1,105,"('jɡ', 'jɡ', 'jɡ')",abstɾajɡan,abstɾajɡan
90L_10NL,3,90L_10NL_3_1,1,105,"('jɡ', 'jɡ', 'jɡ')",abstɾajɡan,abstɾajɡan
90L_10NL,3,90L_10NL_3_1,1,105,"('jɡ', 'jɡ', 'jɡ')",abstɾajɡan,abstɾajɡan
90L_10NL,3,90L_10NL_3_1,1,105,"('jɡ', 'jɡ', 'jɡ')",abstɾajɡan,abstɾajɡan
90L_10NL,3,90L_10NL_3_1,1,105,"('jɡ', 'jɡ', 'jɡ')",abstɾajɡan,abstɾajɡan
90L_10NL,3,90L_10NL_3_1,1,105,"('jɡ', 'jɡ', 'jɡ')",abstɾajɡan,abstɾajɡan
90L_10NL,3,90L_10NL_3_1,1,105,"('jɡ', 'jɡ', 'jɡ')",abstɾajɡan,abstɾajɡan
90L_10NL,3,90L_10NL_3_1,1,105,"('jɡ', 'jɡ', 'jɡ')",abstɾajɡan,abstɾajɡan
90L_10NL,3,90L_10NL_3_1,1,105,"('jɡ', 'jɡ', 'jɡ')",abstɾajɡan,abstɾajɡan
90L_10NL,3,90L_10NL_3_1,1,105,"('jɡ', 'jɡ', 'jɡ')",abstɾajɡan,abstɾajɡan
90L_10NL,3,90L_10NL_3_1,1,105,"('jɡ', 'jɡ', 'jɡ')",abstɾajɡan,abstɾajɡan
90L_10NL,3,90L_10NL_3_1,1,70,"(nan, nan, 'jɡ')",abstɾajɡas,abstɾajɡas
90L_10NL,3,90L_10NL_3_1,1,70,"(nan, nan, 'jɡ')",abstɾajɡas,abstɾajɡas
90L_10NL,3,90L_10NL_3_1,1,70,"(nan, nan, 'jɡ')",abstɾajɡas,abstɾajɡas
90L_10NL,3,90L_10NL_3_1,1,70,"(nan, nan, 'jɡ')",abstɾajɡas,abstɾajɡas
90L_10NL,3,90L_10NL_3_1,1,210,"(nan, 'jɡ', 'jɡ')",abstɾajɡas,abstɾajɡas
90L_10NL,3,90L_10NL_3_1,1,210,"(nan, 'jɡ', 'jɡ')",abstɾajɡas,abstɾajɡas
90L_10NL,3,90L_10NL_3_1,1,210,"(nan, 'jɡ', 'jɡ')",abstɾajɡas,abstɾajɡas
90L_10NL,3,90L_10NL_3_1,1,210,"(nan, 'jɡ', 'jɡ')",abstɾajɡas,abstɾajɡas
90L_10NL,3,90L_10NL_3_1,1,210,"(nan, 'jɡ', 'jɡ')",abstɾajɡas,abstɾajɡas
90L_10NL,3,90L_10NL_3_1,1,210,"(nan, 'jɡ', 'jɡ')",abstɾajɡas,abstɾajɡas
90L_10NL,3,90L_10NL_3_1,1,70,"(nan, nan, 'jɡ')",abstɾajɡas,abstɾajɡas
90L_10NL,3,90L_10NL_3_1,1,70,"(nan, nan, 'jɡ')",abstɾajɡas,abstɾajɡas
90L_10NL,3,90L_10NL_3_1,1,70,"(nan, nan, 'jɡ')",abstɾajɡas,abstɾajɡas
90L_10NL,3,90L_10NL_3_1,1,210,"(nan, 'jɡ', 'jɡ')",abstɾajɡas,abstɾajɡas
90L_10NL,3,90L_10NL_3_1,1,210,"(nan, 'jɡ', 'jɡ')",abstɾajɡas,abstɾajɡas
90L_10NL,3,90L_10NL_3_1,1,210,"(nan, 'jɡ', 'jɡ')",abstɾajɡas,abstɾajɡas
90L_10NL,3,90L_10NL_3_1,1,210,"(nan, 'jɡ', 'jɡ')",abstɾajɡas,abstɾajɡas
90L_10NL,3,90L_10NL_3_1,1,210,"(nan, 'jɡ', 'jɡ')",abstɾajɡas,abstɾajɡas
90L_10NL,3,90L_10NL_3_1,1,210,"(nan, 'jɡ', 'jɡ')",abstɾajɡas,abstɾajɡas
90L_10NL,3,90L_10NL_3_1,1,70,"(nan, nan, 'jɡ')",abstɾajɡas,abstɾajɡas
90L_10NL,3,90L_10NL_3_1,1,70,"(nan, nan, 'jɡ')",abstɾajɡas,abstɾajɡas
90L_10NL,3,90L_10NL_3_1,1,210,"(nan, 'jɡ', 'jɡ')",abstɾajɡas,abstɾajɡas
90L_10NL,3,90L_10NL_3_1,1,210,"(nan, 'jɡ', 'jɡ')",abstɾajɡas,abstɾajɡas
90L_10NL,3,90L_10NL_3_1,1,210,"(nan, 'jɡ', 'jɡ')",abstɾajɡas,abstɾajɡas
90L_10NL,3,90L_10NL_3_1,1,210,"(nan, 'jɡ', 'jɡ')",abstɾajɡas,abstɾajɡas
90L_10NL,3,90L_10NL_3_1,1,210,"(nan, 'jɡ', 'jɡ')",abstɾajɡas,abstɾajɡas
90L_10NL,3,90L_10NL_3_1,1,210,"(nan, 'jɡ', 'jɡ')",abstɾajɡas,abstɾajɡas
90L_10NL,3,90L_10NL_3_1,1,70,"(nan, nan, 'jɡ')",abstɾajɡas,abstɾajɡas
90L_10NL,3,90L_10NL_3_1,1,210,"(nan, 'jɡ', 'jɡ')",abstɾajɡas,abstɾajɡas
90L_10NL,3,90L_10NL_3_1,1,210,"(nan, 'jɡ', 'jɡ')",abstɾajɡas,abstɾajɡas
90L_10NL,3,90L_10NL_3_1,1,210,"(nan, 'jɡ', 'jɡ')",abstɾajɡas,abstɾajɡas
90L_10NL,3,90L_10NL_3_1,1,210,"(nan, 'jɡ', 'jɡ')",abstɾajɡas,abstɾajɡas
90L_10NL,3,90L_10NL_3_1,1,210,"(nan, 'jɡ', 'jɡ')",abstɾajɡas,abstɾajɡas
90L_10NL,3,90L_10NL_3_1,1,210,"(nan, 'jɡ', 'jɡ')",abstɾajɡas,abstɾajɡas
90L_10NL,3,90L_10NL_3_1,1,210,"(nan, 'jɡ', 'jɡ')",abstɾajɡas,abstɾajɡas
90L_10NL,3,90L_10NL_3_1,1,210,"(nan, 'jɡ', 'jɡ')",abstɾajɡas,abstɾajɡas
90L_10NL,3,90L_10NL_3_1,1,210,"(nan, 'jɡ', 'jɡ')",abstɾajɡas,abstɾajɡas
90L_10NL,3,90L_10NL_3_1,1,210,"(nan, 'jɡ', 'jɡ')",abstɾajɡas,abstɾajɡas
90L_10NL,3,90L_10NL_3_1,1,210,"(nan, 'jɡ', 'jɡ')",abstɾajɡas,abstɾajɡas
90L_10NL,3,90L_10NL_3_1,1,210,"(nan, 'jɡ', 'jɡ')",abstɾajɡas,abstɾajɡas
90L_10NL,3,90L_10NL_3_1,1,105,"('jɡ', 'jɡ', 'jɡ')",abstɾajɡas,abstɾajɡas
90L_10NL,3,90L_10NL_3_1,1,105,"('jɡ', 'jɡ', 'jɡ')",abstɾajɡas,abstɾajɡas
90L_10NL,3,90L_10NL_3_1,1,105,"('jɡ', 'jɡ', 'jɡ')",abstɾajɡas,abstɾajɡas
90L_10NL,3,90L_10NL_3_1,1,105,"('jɡ', 'jɡ', 'jɡ')",abstɾajɡas,abstɾajɡas
90L_10NL,3,90L_10NL_3_1,1,105,"('jɡ', 'jɡ', 'jɡ')",abstɾajɡas,abstɾajɡas
90L_10NL,3,90L_10NL_3_1,1,105,"('jɡ', 'jɡ', 'jɡ')",abstɾajɡas,abstɾajɡas
90L_10NL,3,90L_10NL_3_1,1,105,"('jɡ', 'jɡ', 'jɡ')",abstɾajɡas,abstɾajɡas
90L_10NL,3,90L_10NL_3_1,1,105,"('jɡ', 'jɡ', 'jɡ')",abstɾajɡas,abstɾajɡas
90L_10NL,3,90L_10NL_3_1,1,105,"('jɡ', 'jɡ', 'jɡ')",abstɾajɡas,abstɾajɡas
90L_10NL,3,90L_10NL_3_1,1,105,"('jɡ', 'jɡ', 'jɡ')",abstɾajɡas,abstɾajɡas
90L_10NL,3,90L_10NL_3_1,1,105,"('jɡ', 'jɡ', 'jɡ')",abstɾajɡas,abstɾajɡas
90L_10NL,3,90L_10NL_3_1,1,105,"('jɡ', 'jɡ', 'jɡ')",abstɾajɡas,abstɾajɡas
90L_10NL,3,90L_10NL_3_1,1,105,"('jɡ', 'jɡ', 'jɡ')",abstɾajɡas,abstɾajɡas
90L_10NL,3,90L_10NL_3_1,1,105,"('jɡ', 'jɡ', 'jɡ')",abstɾajɡas,abstɾajɡas
90L_10NL,3,90L_10NL_3_1,1,105,"('jɡ', 'jɡ', 'jɡ')",abstɾajɡas,abstɾajɡas
90L_10NL,3,90L_10NL_3_1,1,70,"(nan, nan, 'jɡ')",abstɾajɡa,abstɾajɡa
90L_10NL,3,90L_10NL_3_1,1,70,"(nan, nan, 'jɡ')",abstɾajɡa,abstɾajɡa
90L_10NL,3,90L_10NL_3_1,1,70,"(nan, nan, 'jɡ')",abstɾajɡa,abstɾajɡa
90L_10NL,3,90L_10NL_3_1,1,70,"(nan, nan, 'jɡ')",abstɾajɡa,abstɾajɡa
90L_10NL,3,90L_10NL_3_1,1,210,"(nan, 'jɡ', 'jɡ')",abstɾajɡa,abstɾajɡa
90L_10NL,3,90L_10NL_3_1,1,210,"(nan, 'jɡ', 'jɡ')",abstɾajɡa,abstɾajɡa
90L_10NL,3,90L_10NL_3_1,1,210,"(nan, 'jɡ', 'jɡ')",abstɾajɡa,abstɾajɡa
90L_10NL,3,90L_10NL_3_1,1,210,"(nan, 'jɡ', 'jɡ')",abstɾajɡa,abstɾajɡa
90L_10NL,3,90L_10NL_3_1,1,210,"(nan, 'jɡ', 'jɡ')",abstɾajɡa,abstɾajɡa
90L_10NL,3,90L_10NL_3_1,1,210,"(nan, 'jɡ', 'jɡ')",abstɾajɡa,abstɾajɡa
90L_10NL,3,90L_10NL_3_1,1,70,"(nan, nan, 'jɡ')",abstɾajɡa,abstɾajɡa
90L_10NL,3,90L_10NL_3_1,1,70,"(nan, nan, 'jɡ')",abstɾajɡa,abstɾajɡa
90L_10NL,3,90L_10NL_3_1,1,70,"(nan, nan, 'jɡ')",abstɾajɡa,abstɾajɡa
90L_10NL,3,90L_10NL_3_1,1,210,"(nan, 'jɡ', 'jɡ')",abstɾajɡa,abstɾajɡa
90L_10NL,3,90L_10NL_3_1,1,210,"(nan, 'jɡ', 'jɡ')",abstɾajɡa,abstɾajɡa
90L_10NL,3,90L_10NL_3_1,1,210,"(nan, 'jɡ', 'jɡ')",abstɾajɡa,abstɾajɡa
90L_10NL,3,90L_10NL_3_1,1,210,"(nan, 'jɡ', 'jɡ')",abstɾajɡa,abstɾajɡa
90L_10NL,3,90L_10NL_3_1,1,210,"(nan, 'jɡ', 'jɡ')",abstɾajɡa,abstɾajɡa
90L_10NL,3,90L_10NL_3_1,1,210,"(nan, 'jɡ', 'jɡ')",abstɾajɡa,abstɾajɡa
90L_10NL,3,90L_10NL_3_1,1,70,"(nan, nan, 'jɡ')",abstɾajɡa,abstɾajɡa
90L_10NL,3,90L_10NL_3_1,1,70,"(nan, nan, 'jɡ')",abstɾajɡa,abstɾajɡa
90L_10NL,3,90L_10NL_3_1,1,210,"(nan, 'jɡ', 'jɡ')",abstɾajɡa,abstɾajɡa
90L_10NL,3,90L_10NL_3_1,1,210,"(nan, 'jɡ', 'jɡ')",abstɾajɡa,abstɾajɡa
90L_10NL,3,90L_10NL_3_1,1,210,"(nan, 'jɡ', 'jɡ')",abstɾajɡa,abstɾajɡa
90L_10NL,3,90L_10NL_3_1,1,210,"(nan, 'jɡ', 'jɡ')",abstɾajɡa,abstɾajɡa
90L_10NL,3,90L_10NL_3_1,1,210,"(nan, 'jɡ', 'jɡ')",abstɾajɡa,abstɾajɡa
90L_10NL,3,90L_10NL_3_1,1,210,"(nan, 'jɡ', 'jɡ')",abstɾajɡa,abstɾajɡa
90L_10NL,3,90L_10NL_3_1,1,70,"(nan, nan, 'jɡ')",abstɾajɡa,abstɾajɡa
90L_10NL,3,90L_10NL_3_1,1,210,"(nan, 'jɡ', 'jɡ')",abstɾajɡa,abstɾajɡa
90L_10NL,3,90L_10NL_3_1,1,210,"(nan, 'jɡ', 'jɡ')",abstɾajɡa,abstɾajɡa
90L_10NL,3,90L_10NL_3_1,1,210,"(nan, 'jɡ', 'jɡ')",abstɾajɡa,abstɾajɡa
90L_10NL,3,90L_10NL_3_1,1,210,"(nan, 'jɡ', 'jɡ')",abstɾajɡa,abstɾajɡa
90L_10NL,3,90L_10NL_3_1,1,210,"(nan, 'jɡ', 'jɡ')",abstɾajɡa,abstɾajɡa
90L_10NL,3,90L_10NL_3_1,1,210,"(nan, 'jɡ', 'jɡ')",abstɾajɡa,abstɾajɡa
90L_10NL,3,90L_10NL_3_1,1,210,"(nan, 'jɡ', 'jɡ')",abstɾajɡa,abstɾajɡa
90L_10NL,3,90L_10NL_3_1,1,210,"(nan, 'jɡ', 'jɡ')",abstɾajɡa,abstɾajɡa
90L_10NL,3,90L_10NL_3_1,1,210,"(nan, 'jɡ', 'jɡ')",abstɾajɡa,abstɾajɡa
90L_10NL,3,90L_10NL_3_1,1,210,"(nan, 'jɡ', 'jɡ')",abstɾajɡa,abstɾajɡa
90L_10NL,3,90L_10NL_3_1,1,210,"(nan, 'jɡ', 'jɡ')",abstɾajɡa,abstɾajɡa
90L_10NL,3,90L_10NL_3_1,1,210,"(nan, 'jɡ', 'jɡ')",abstɾajɡa,abstɾajɡa
90L_10NL,3,90L_10NL_3_1,1,105,"('jɡ', 'jɡ', 'jɡ')",abstɾajɡa,abstɾajɡa
90L_10NL,3,90L_10NL_3_1,1,105,"('jɡ', 'jɡ', 'jɡ')",abstɾajɡa,abstɾajɡa
90L_10NL,3,90L_10NL_3_1,1,105,"('jɡ', 'jɡ', 'jɡ')",abstɾajɡa,abstɾajɡa
90L_10NL,3,90L_10NL_3_1,1,105,"('jɡ', 'jɡ', 'jɡ')",abstɾajɡa,abstɾajɡa
90L_10NL,3,90L_10NL_3_1,1,105,"('jɡ', 'jɡ', 'jɡ')",abstɾajɡa,abstɾajɡa
90L_10NL,3,90L_10NL_3_1,1,105,"('jɡ', 'jɡ', 'jɡ')",abstɾajɡa,abstɾajɡa
90L_10NL,3,90L_10NL_3_1,1,105,"('jɡ', 'jɡ', 'jɡ')",abstɾajɡa,abstɾajɡa
90L_10NL,3,90L_10NL_3_1,1,105,"('jɡ', 'jɡ', 'jɡ')",abstɾajɡa,abstɾajɡa
90L_10NL,3,90L_10NL_3_1,1,105,"('jɡ', 'jɡ', 'jɡ')",abstɾajɡa,abstɾajɡa
90L_10NL,3,90L_10NL_3_1,1,105,"('jɡ', 'jɡ', 'jɡ')",abstɾajɡa,abstɾajɡa
90L_10NL,3,90L_10NL_3_1,1,105,"('jɡ', 'jɡ', 'jɡ')",abstɾajɡa,abstɾajɡa
90L_10NL,3,90L_10NL_3_1,1,105,"('jɡ', 'jɡ', 'jɡ')",abstɾajɡa,abstɾajɡa
90L_10NL,3,90L_10NL_3_1,1,105,"('jɡ', 'jɡ', 'jɡ')",abstɾajɡa,abstɾajɡa
90L_10NL,3,90L_10NL_3_1,1,105,"('jɡ', 'jɡ', 'jɡ')",abstɾajɡa,abstɾajɡa
90L_10NL,3,90L_10NL_3_1,1,105,"('jɡ', 'jɡ', 'jɡ')",abstɾajɡa,abstɾajɡa
90L_10NL,3,90L_10NL_3_1,1,70,"(nan, nan, 'jɡ')",abstɾajɡa,abstɾajɡa
90L_10NL,3,90L_10NL_3_1,1,70,"(nan, nan, 'jɡ')",abstɾajɡa,abstɾajɡa
90L_10NL,3,90L_10NL_3_1,1,70,"(nan, nan, 'jɡ')",abstɾajɡa,abstɾajɡa
90L_10NL,3,90L_10NL_3_1,1,70,"(nan, nan, 'jɡ')",abstɾajɡa,abstɾajɡa
90L_10NL,3,90L_10NL_3_1,1,210,"(nan, 'jɡ', 'jɡ')",abstɾajɡa,abstɾajɡa
90L_10NL,3,90L_10NL_3_1,1,210,"(nan, 'jɡ', 'jɡ')",abstɾajɡa,abstɾajɡa
90L_10NL,3,90L_10NL_3_1,1,210,"(nan, 'jɡ', 'jɡ')",abstɾajɡa,abstɾajɡa
90L_10NL,3,90L_10NL_3_1,1,210,"(nan, 'jɡ', 'jɡ')",abstɾajɡa,abstɾajɡa
90L_10NL,3,90L_10NL_3_1,1,210,"(nan, 'jɡ', 'jɡ')",abstɾajɡa,abstɾajɡa
90L_10NL,3,90L_10NL_3_1,1,210,"(nan, 'jɡ', 'jɡ')",abstɾajɡa,abstɾajɡa
90L_10NL,3,90L_10NL_3_1,1,70,"(nan, nan, 'jɡ')",abstɾajɡa,abstɾajɡa
90L_10NL,3,90L_10NL_3_1,1,70,"(nan, nan, 'jɡ')",abstɾajɡa,abstɾajɡa
90L_10NL,3,90L_10NL_3_1,1,70,"(nan, nan, 'jɡ')",abstɾajɡa,abstɾajɡa
90L_10NL,3,90L_10NL_3_1,1,210,"(nan, 'jɡ', 'jɡ')",abstɾajɡa,abstɾajɡa
90L_10NL,3,90L_10NL_3_1,1,210,"(nan, 'jɡ', 'jɡ')",abstɾajɡa,abstɾajɡa
90L_10NL,3,90L_10NL_3_1,1,210,"(nan, 'jɡ', 'jɡ')",abstɾajɡa,abstɾajɡa
90L_10NL,3,90L_10NL_3_1,1,210,"(nan, 'jɡ', 'jɡ')",abstɾajɡa,abstɾajɡa
90L_10NL,3,90L_10NL_3_1,1,210,"(nan, 'jɡ', 'jɡ')",abstɾajɡa,abstɾajɡa
90L_10NL,3,90L_10NL_3_1,1,210,"(nan, 'jɡ', 'jɡ')",abstɾajɡa,abstɾajɡa
90L_10NL,3,90L_10NL_3_1,1,70,"(nan, nan, 'jɡ')",abstɾajɡa,abstɾajɡa
90L_10NL,3,90L_10NL_3_1,1,70,"(nan, nan, 'jɡ')",abstɾajɡa,abstɾajɡa
90L_10NL,3,90L_10NL_3_1,1,210,"(nan, 'jɡ', 'jɡ')",abstɾajɡa,abstɾajɡa
90L_10NL,3,90L_10NL_3_1,1,210,"(nan, 'jɡ', 'jɡ')",abstɾajɡa,abstɾajɡa
90L_10NL,3,90L_10NL_3_1,1,210,"(nan, 'jɡ', 'jɡ')",abstɾajɡa,abstɾajɡa
90L_10NL,3,90L_10NL_3_1,1,210,"(nan, 'jɡ', 'jɡ')",abstɾajɡa,abstɾajɡa
90L_10NL,3,90L_10NL_3_1,1,210,"(nan, 'jɡ', 'jɡ')",abstɾajɡa,abstɾajɡa
90L_10NL,3,90L_10NL_3_1,1,210,"(nan, 'jɡ', 'jɡ')",abstɾajɡa,abstɾajɡa
90L_10NL,3,90L_10NL_3_1,1,70,"(nan, nan, 'jɡ')",abstɾajɡa,abstɾajɡa
90L_10NL,3,90L_10NL_3_1,1,210,"(nan, 'jɡ', 'jɡ')",abstɾajɡa,abstɾajɡa
90L_10NL,3,90L_10NL_3_1,1,210,"(nan, 'jɡ', 'jɡ')",abstɾajɡa,abstɾajɡa
90L_10NL,3,90L_10NL_3_1,1,210,"(nan, 'jɡ', 'jɡ')",abstɾajɡa,abstɾajɡa
90L_10NL,3,90L_10NL_3_1,1,210,"(nan, 'jɡ', 'jɡ')",abstɾajɡa,abstɾajɡa
90L_10NL,3,90L_10NL_3_1,1,210,"(nan, 'jɡ', 'jɡ')",abstɾajɡa,abstɾajɡa
90L_10NL,3,90L_10NL_3_1,1,210,"(nan, 'jɡ', 'jɡ')",abstɾajɡa,abstɾajɡa
90L_10NL,3,90L_10NL_3_1,1,210,"(nan, 'jɡ', 'jɡ')",abstɾajɡa,abstɾajɡa
90L_10NL,3,90L_10NL_3_1,1,210,"(nan, 'jɡ', 'jɡ')",abstɾajɡa,abstɾajɡa
90L_10NL,3,90L_10NL_3_1,1,210,"(nan, 'jɡ', 'jɡ')",abstɾajɡa,abstɾajɡa
90L_10NL,3,90L_10NL_3_1,1,210,"(nan, 'jɡ', 'jɡ')",abstɾajɡa,abstɾajɡa
90L_10NL,3,90L_10NL_3_1,1,210,"(nan, 'jɡ', 'jɡ')",abstɾajɡa,abstɾajɡa
90L_10NL,3,90L_10NL_3_1,1,210,"(nan, 'jɡ', 'jɡ')",abstɾajɡa,abstɾajɡa
90L_10NL,3,90L_10NL_3_1,1,105,"('jɡ', 'jɡ', 'jɡ')",abstɾajɡa,abstɾajɡa
90L_10NL,3,90L_10NL_3_1,1,105,"('jɡ', 'jɡ', 'jɡ')",abstɾajɡa,abstɾajɡa
90L_10NL,3,90L_10NL_3_1,1,105,"('jɡ', 'jɡ', 'jɡ')",abstɾajɡa,abstɾajɡa
90L_10NL,3,90L_10NL_3_1,1,105,"('jɡ', 'jɡ', 'jɡ')",abstɾajɡa,abstɾajɡa
90L_10NL,3,90L_10NL_3_1,1,105,"('jɡ', 'jɡ', 'jɡ')",abstɾajɡa,abstɾajɡa
90L_10NL,3,90L_10NL_3_1,1,105,"('jɡ', 'jɡ', 'jɡ')",abstɾajɡa,abstɾajɡa
90L_10NL,3,90L_10NL_3_1,1,105,"('jɡ', 'jɡ', 'jɡ')",abstɾajɡa,abstɾajɡa
90L_10NL,3,90L_10NL_3_1,1,105,"('jɡ', 'jɡ', 'jɡ')",abstɾajɡa,abstɾajɡa
90L_10NL,3,90L_10NL_3_1,1,105,"('jɡ', 'jɡ', 'jɡ')",abstɾajɡa,abstɾajɡa
90L_10NL,3,90L_10NL_3_1,1,105,"('jɡ', 'jɡ', 'jɡ')",abstɾajɡa,abstɾajɡa
90L_10NL,3,90L_10NL_3_1,1,105,"('jɡ', 'jɡ', 'jɡ')",abstɾajɡa,abstɾajɡa
90L_10NL,3,90L_10NL_3_1,1,105,"('jɡ', 'jɡ', 'jɡ')",abstɾajɡa,abstɾajɡa
90L_10NL,3,90L_10NL_3_1,1,105,"('jɡ', 'jɡ', 'jɡ')",abstɾajɡa,abstɾajɡa
90L_10NL,3,90L_10NL_3_1,1,105,"('jɡ', 'jɡ', 'jɡ')",abstɾajɡa,abstɾajɡa
90L_10NL,3,90L_10NL_3_1,1,105,"('jɡ', 'jɡ', 'jɡ')",abstɾajɡa,abstɾajɡa
90L_10NL,3,90L_10NL_3_1,1,70,"(nan, nan, 'jɡ')",abstɾajɡo,abstɾajɡo
90L_10NL,3,90L_10NL_3_1,1,70,"(nan, nan, 'jɡ')",abstɾajɡo,abstɾajɡo
90L_10NL,3,90L_10NL_3_1,1,70,"(nan, nan, 'jɡ')",abstɾajɡo,abstɾajɡo
90L_10NL,3,90L_10NL_3_1,1,70,"(nan, nan, 'jɡ')",abstɾajɡo,abstɾajɡo
90L_10NL,3,90L_10NL_3_1,1,210,"(nan, 'jɡ', 'jɡ')",abstɾajɡo,abstɾajɡo
90L_10NL,3,90L_10NL_3_1,1,210,"(nan, 'jɡ', 'jɡ')",abstɾajɡo,abstɾajɡo
90L_10NL,3,90L_10NL_3_1,1,210,"(nan, 'jɡ', 'jɡ')",abstɾajɡo,abstɾajɡo
90L_10NL,3,90L_10NL_3_1,1,210,"(nan, 'jɡ', 'jɡ')",abstɾajɡo,abstɾajɡo
90L_10NL,3,90L_10NL_3_1,1,210,"(nan, 'jɡ', 'jɡ')",abstɾajɡo,abstɾajɡo
90L_10NL,3,90L_10NL_3_1,1,210,"(nan, 'jɡ', 'jɡ')",abstɾajɡo,abstɾajɡo
90L_10NL,3,90L_10NL_3_1,1,70,"(nan, nan, 'jɡ')",abstɾajɡo,abstɾajɡo
90L_10NL,3,90L_10NL_3_1,1,70,"(nan, nan, 'jɡ')",abstɾajɡo,abstɾajɡo
90L_10NL,3,90L_10NL_3_1,1,70,"(nan, nan, 'jɡ')",abstɾajɡo,abstɾajɡo
90L_10NL,3,90L_10NL_3_1,1,210,"(nan, 'jɡ', 'jɡ')",abstɾajɡo,abstɾajɡo
90L_10NL,3,90L_10NL_3_1,1,210,"(nan, 'jɡ', 'jɡ')",abstɾajɡo,abstɾajɡo
90L_10NL,3,90L_10NL_3_1,1,210,"(nan, 'jɡ', 'jɡ')",abstɾajɡo,abstɾajɡo
90L_10NL,3,90L_10NL_3_1,1,210,"(nan, 'jɡ', 'jɡ')",abstɾajɡo,abstɾajɡo
90L_10NL,3,90L_10NL_3_1,1,210,"(nan, 'jɡ', 'jɡ')",abstɾajɡo,abstɾajɡo
90L_10NL,3,90L_10NL_3_1,1,210,"(nan, 'jɡ', 'jɡ')",abstɾajɡo,abstɾajɡo
90L_10NL,3,90L_10NL_3_1,1,70,"(nan, nan, 'jɡ')",abstɾajɡo,abstɾajɡo
90L_10NL,3,90L_10NL_3_1,1,70,"(nan, nan, 'jɡ')",abstɾajɡo,abstɾajɡo
90L_10NL,3,90L_10NL_3_1,1,210,"(nan, 'jɡ', 'jɡ')",abstɾajɡo,abstɾajɡo
90L_10NL,3,90L_10NL_3_1,1,210,"(nan, 'jɡ', 'jɡ')",abstɾajɡo,abstɾajɡo
90L_10NL,3,90L_10NL_3_1,1,210,"(nan, 'jɡ', 'jɡ')",abstɾajɡo,abstɾajɡo
90L_10NL,3,90L_10NL_3_1,1,210,"(nan, 'jɡ', 'jɡ')",abstɾajɡo,abstɾajɡo
90L_10NL,3,90L_10NL_3_1,1,210,"(nan, 'jɡ', 'jɡ')",abstɾajɡo,abstɾajɡo
90L_10NL,3,90L_10NL_3_1,1,210,"(nan, 'jɡ', 'jɡ')",abstɾajɡo,abstɾajɡo
90L_10NL,3,90L_10NL_3_1,1,70,"(nan, nan, 'jɡ')",abstɾajɡo,abstɾajɡo
90L_10NL,3,90L_10NL_3_1,1,210,"(nan, 'jɡ', 'jɡ')",abstɾajɡo,abstɾajɡo
90L_10NL,3,90L_10NL_3_1,1,210,"(nan, 'jɡ', 'jɡ')",abstɾajɡo,abstɾajɡo
90L_10NL,3,90L_10NL_3_1,1,210,"(nan, 'jɡ', 'jɡ')",abstɾajɡo,abstɾajɡo
90L_10NL,3,90L_10NL_3_1,1,210,"(nan, 'jɡ', 'jɡ')",abstɾajɡo,abstɾajɡo
90L_10NL,3,90L_10NL_3_1,1,210,"(nan, 'jɡ', 'jɡ')",abstɾajɡo,abstɾajɡo
90L_10NL,3,90L_10NL_3_1,1,210,"(nan, 'jɡ', 'jɡ')",abstɾajɡo,abstɾajɡo
90L_10NL,3,90L_10NL_3_1,1,210,"(nan, 'jɡ', 'jɡ')",abstɾajɡo,abstɾajɡo
90L_10NL,3,90L_10NL_3_1,1,210,"(nan, 'jɡ', 'jɡ')",abstɾajɡo,abstɾajɡo
90L_10NL,3,90L_10NL_3_1,1,210,"(nan, 'jɡ', 'jɡ')",abstɾajɡo,abstɾajɡo
90L_10NL,3,90L_10NL_3_1,1,210,"(nan, 'jɡ', 'jɡ')",abstɾajɡo,abstɾajɡo
90L_10NL,3,90L_10NL_3_1,1,210,"(nan, 'jɡ', 'jɡ')",abstɾajɡo,abstɾajɡo
90L_10NL,3,90L_10NL_3_1,1,210,"(nan, 'jɡ', 'jɡ')",abstɾajɡo,abstɾajɡo
90L_10NL,3,90L_10NL_3_1,1,105,"('jɡ', 'jɡ', 'jɡ')",abstɾajɡo,abstɾajɡo
90L_10NL,3,90L_10NL_3_1,1,105,"('jɡ', 'jɡ', 'jɡ')",abstɾajɡo,abstɾajɡo
90L_10NL,3,90L_10NL_3_1,1,105,"('jɡ', 'jɡ', 'jɡ')",abstɾajɡo,abstɾajɡo
90L_10NL,3,90L_10NL_3_1,1,105,"('jɡ', 'jɡ', 'jɡ')",abstɾajɡo,abstɾajɡo
90L_10NL,3,90L_10NL_3_1,1,105,"('jɡ', 'jɡ', 'jɡ')",abstɾajɡo,abstɾajɡo
90L_10NL,3,90L_10NL_3_1,1,105,"('jɡ', 'jɡ', 'jɡ')",abstɾajɡo,abstɾajɡo
90L_10NL,3,90L_10NL_3_1,1,105,"('jɡ', 'jɡ', 'jɡ')",abstɾajɡo,abstɾajɡo
90L_10NL,3,90L_10NL_3_1,1,105,"('jɡ', 'jɡ', 'jɡ')",abstɾajɡo,abstɾajɡo
90L_10NL,3,90L_10NL_3_1,1,105,"('jɡ', 'jɡ', 'jɡ')",abstɾajɡo,abstɾajɡo
90L_10NL,3,90L_10NL_3_1,1,105,"('jɡ', 'jɡ', 'jɡ')",abstɾajɡo,abstɾajɡo
90L_10NL,3,90L_10NL_3_1,1,105,"('jɡ', 'jɡ', 'jɡ')",abstɾajɡo,abstɾajɡo
90L_10NL,3,90L_10NL_3_1,1,105,"('jɡ', 'jɡ', 'jɡ')",abstɾajɡo,abstɾajɡo
90L_10NL,3,90L_10NL_3_1,1,105,"('jɡ', 'jɡ', 'jɡ')",abstɾajɡo,abstɾajɡo
90L_10NL,3,90L_10NL_3_1,1,105,"('jɡ', 'jɡ', 'jɡ')",abstɾajɡo,abstɾajɡo
90L_10NL,3,90L_10NL_3_1,1,105,"('jɡ', 'jɡ', 'jɡ')",abstɾajɡo,abstɾajɡo
90L_10NL,3,90L_10NL_3_1,1,1085,"('s', 's', 's')",enaɾdesejs,enaɾdesejs
90L_10NL,3,90L_10NL_3_1,1,1085,"('s', 's', 's')",enaɾdesejs,enaɾdesejs
90L_10NL,3,90L_10NL_3_1,1,1085,"('s', 's', 's')",enaɾdesejs,enaɾdesejs
90L_10NL,3,90L_10NL_3_1,1,3500,"('s', 'sk', 's')",enaɾdesejs,enaɾdesejs
90L_10NL,3,90L_10NL_3_1,1,3500,"('s', 'sk', 's')",enaɾdesejs,enaɾdesejs
90L_10NL,3,90L_10NL_3_1,1,3500,"('s', 'sk', 's')",enaɾdesejs,enaɾdesejs
90L_10NL,3,90L_10NL_3_1,1,3500,"('s', 'sk', 's')",enaɾdesejs,enaɾdesejs
90L_10NL,3,90L_10NL_3_1,1,3500,"('s', 'sk', 's')",enaɾdesejs,enaɾdesejs
90L_10NL,3,90L_10NL_3_1,1,3500,"('s', 'sk', 's')",enaɾdesejs,enaɾdesejs
90L_10NL,3,90L_10NL_3_1,1,3500,"('s', 'sk', 's')",enaɾdesejs,enaɾdesejs
90L_10NL,3,90L_10NL_3_1,1,1085,"('s', 's', 's')",enaɾdesejs,enaɾdesejs
90L_10NL,3,90L_10NL_3_1,1,1085,"('s', 's', 's')",enaɾdesejs,enaɾdesejs
90L_10NL,3,90L_10NL_3_1,1,3500,"('s', 'sk', 's')",enaɾdesejs,enaɾdesejs
90L_10NL,3,90L_10NL_3_1,1,3500,"('s', 'sk', 's')",enaɾdesejs,enaɾdesejs
90L_10NL,3,90L_10NL_3_1,1,3500,"('s', 'sk', 's')",enaɾdesejs,enaɾdesejs
90L_10NL,3,90L_10NL_3_1,1,3500,"('s', 'sk', 's')",enaɾdesejs,enaɾdesejs
90L_10NL,3,90L_10NL_3_1,1,3500,"('s', 'sk', 's')",enaɾdesejs,enaɾdesejs
90L_10NL,3,90L_10NL_3_1,1,3500,"('s', 'sk', 's')",enaɾdesejs,enaɾdesejs
90L_10NL,3,90L_10NL_3_1,1,3500,"('s', 'sk', 's')",enaɾdesejs,enaɾdesejs
90L_10NL,3,90L_10NL_3_1,1,1085,"('s', 's', 's')",enaɾdesejs,enaɾdesejs
90L_10NL,3,90L_10NL_3_1,1,3500,"('s', 'sk', 's')",enaɾdesejs,enaɾdesejs
90L_10NL,3,90L_10NL_3_1,1,3500,"('s', 'sk', 's')",enaɾdesejs,enaɾdesejs
90L_10NL,3,90L_10NL_3_1,1,3500,"('s', 'sk', 's')",enaɾdesejs,enaɾdesejs
90L_10NL,3,90L_10NL_3_1,1,3500,"('s', 'sk', 's')",enaɾdesejs,enaɾdesejs
90L_10NL,3,90L_10NL_3_1,1,3500,"('s', 'sk', 's')",enaɾdesejs,enaɾdesejs
90L_10NL,3,90L_10NL_3_1,1,3500,"('s', 'sk', 's')",enaɾdesejs,enaɾdesejs
90L_10NL,3,90L_10NL_3_1,1,3500,"('s', 'sk', 's')",enaɾdesejs,enaɾdesejs
90L_10NL,3,90L_10NL_3_1,1,3500,"('s', 'sk', 's')",enaɾdesejs,enaɾdesejs
90L_10NL,3,90L_10NL_3_1,1,3500,"('s', 'sk', 's')",enaɾdesejs,enaɾdesejs
90L_10NL,3,90L_10NL_3_1,1,3500,"('s', 'sk', 's')",enaɾdesejs,enaɾdesejs
90L_10NL,3,90L_10NL_3_1,1,3500,"('s', 'sk', 's')",enaɾdesejs,enaɾdesejs
90L_10NL,3,90L_10NL_3_1,1,3500,"('s', 'sk', 's')",enaɾdesejs,enaɾdesejs
90L_10NL,3,90L_10NL_3_1,1,3500,"('s', 'sk', 's')",enaɾdesejs,enaɾdesejs
90L_10NL,3,90L_10NL_3_1,1,3500,"('s', 'sk', 's')",enaɾdesejs,enaɾdesejs
90L_10NL,3,90L_10NL_3_1,1,2625,"('sk', 'sk', 's')",enaɾdesejs,enaɾdesejs
90L_10NL,3,90L_10NL_3_1,1,2625,"('sk', 'sk', 's')",enaɾdesejs,enaɾdesejs
90L_10NL,3,90L_10NL_3_1,1,2625,"('sk', 'sk', 's')",enaɾdesejs,enaɾdesejs
90L_10NL,3,90L_10NL_3_1,1,2625,"('sk', 'sk', 's')",enaɾdesejs,enaɾdesejs
90L_10NL,3,90L_10NL_3_1,1,2625,"('sk', 'sk', 's')",enaɾdesejs,enaɾdesejs
90L_10NL,3,90L_10NL_3_1,1,2625,"('sk', 'sk', 's')",enaɾdesejs,enaɾdesejs
90L_10NL,3,90L_10NL_3_1,1,2625,"('sk', 'sk', 's')",enaɾdesejs,enaɾdesejs
90L_10NL,3,90L_10NL_3_1,1,2625,"('sk', 'sk', 's')",enaɾdesejs,enaɾdesejs
90L_10NL,3,90L_10NL_3_1,1,2625,"('sk', 'sk', 's')",enaɾdesejs,enaɾdesejs
90L_10NL,3,90L_10NL_3_1,1,2625,"('sk', 'sk', 's')",enaɾdesejs,enaɾdesejs
90L_10NL,3,90L_10NL_3_1,1,2625,"('sk', 'sk', 's')",enaɾdesejs,enaɾdesejs
90L_10NL,3,90L_10NL_3_1,1,2625,"('sk', 'sk', 's')",enaɾdesejs,enaɾdesejs
90L_10NL,3,90L_10NL_3_1,1,2625,"('sk', 'sk', 's')",enaɾdesejs,enaɾdesejs
90L_10NL,3,90L_10NL_3_1,1,2625,"('sk', 'sk', 's')",enaɾdesejs,enaɾdesejs
90L_10NL,3,90L_10NL_3_1,1,2625,"('sk', 'sk', 's')",enaɾdesejs,enaɾdesejs
90L_10NL,3,90L_10NL_3_1,1,2625,"('sk', 'sk', 's')",enaɾdesejs,enaɾdesejs
90L_10NL,3,90L_10NL_3_1,1,2625,"('sk', 'sk', 's')",enaɾdesejs,enaɾdesejs
90L_10NL,3,90L_10NL_3_1,1,2625,"('sk', 'sk', 's')",enaɾdesejs,enaɾdesejs
90L_10NL,3,90L_10NL_3_1,1,2625,"('sk', 'sk', 's')",enaɾdesejs,enaɾdesejs
90L_10NL,3,90L_10NL_3_1,1,2625,"('sk', 'sk', 's')",enaɾdesejs,enaɾdesejs
90L_10NL,3,90L_10NL_3_1,1,2625,"('sk', 'sk', 's')",enaɾdesejs,enaɾdesejs
90L_10NL,3,90L_10NL_3_1,1,1085,"('s', 's', 's')",enaɾdesemos,enaɾdesemos
90L_10NL,3,90L_10NL_3_1,1,1085,"('s', 's', 's')",enaɾdesemos,enaɾdesemos
90L_10NL,3,90L_10NL_3_1,1,1085,"('s', 's', 's')",enaɾdesemos,enaɾdesemos
90L_10NL,3,90L_10NL_3_1,1,3500,"('s', 'sk', 's')",enaɾdesemos,enaɾdesemos
90L_10NL,3,90L_10NL_3_1,1,3500,"('s', 'sk', 's')",enaɾdesemos,enaɾdesemos
90L_10NL,3,90L_10NL_3_1,1,3500,"('s', 'sk', 's')",enaɾdesemos,enaɾdesemos
90L_10NL,3,90L_10NL_3_1,1,3500,"('s', 'sk', 's')",enaɾdesemos,enaɾdesemos
90L_10NL,3,90L_10NL_3_1,1,3500,"('s', 'sk', 's')",enaɾdesemos,enaɾdesemos
90L_10NL,3,90L_10NL_3_1,1,3500,"('s', 'sk', 's')",enaɾdesemos,enaɾdesemos
90L_10NL,3,90L_10NL_3_1,1,3500,"('s', 'sk', 's')",enaɾdesemos,enaɾdesemos
90L_10NL,3,90L_10NL_3_1,1,1085,"('s', 's', 's')",enaɾdesemos,enaɾdesemos
90L_10NL,3,90L_10NL_3_1,1,1085,"('s', 's', 's')",enaɾdesemos,enaɾdesemos
90L_10NL,3,90L_10NL_3_1,1,3500,"('s', 'sk', 's')",enaɾdesemos,enaɾdesemos
90L_10NL,3,90L_10NL_3_1,1,3500,"('s', 'sk', 's')",enaɾdesemos,enaɾdesemos
90L_10NL,3,90L_10NL_3_1,1,3500,"('s', 'sk', 's')",enaɾdesemos,enaɾdesemos
90L_10NL,3,90L_10NL_3_1,1,3500,"('s', 'sk', 's')",enaɾdesemos,enaɾdesemos
90L_10NL,3,90L_10NL_3_1,1,3500,"('s', 'sk', 's')",enaɾdesemos,enaɾdesemos
90L_10NL,3,90L_10NL_3_1,1,3500,"('s', 'sk', 's')",enaɾdesemos,enaɾdesemos
90L_10NL,3,90L_10NL_3_1,1,3500,"('s', 'sk', 's')",enaɾdesemos,enaɾdesemos
90L_10NL,3,90L_10NL_3_1,1,1085,"('s', 's', 's')",enaɾdesemos,enaɾdesemos
90L_10NL,3,90L_10NL_3_1,1,3500,"('s', 'sk', 's')",enaɾdesemos,enaɾdesemos
90L_10NL,3,90L_10NL_3_1,1,3500,"('s', 'sk', 's')",enaɾdesemos,enaɾdesemos
90L_10NL,3,90L_10NL_3_1,1,3500,"('s', 'sk', 's')",enaɾdesemos,enaɾdesemos
90L_10NL,3,90L_10NL_3_1,1,3500,"('s', 'sk', 's')",enaɾdesemos,enaɾdesemos
90L_10NL,3,90L_10NL_3_1,1,3500,"('s', 'sk', 's')",enaɾdesemos,enaɾdesemos
90L_10NL,3,90L_10NL_3_1,1,3500,"('s', 'sk', 's')",enaɾdesemos,enaɾdesemos
90L_10NL,3,90L_10NL_3_1,1,3500,"('s', 'sk', 's')",enaɾdesemos,enaɾdesemos
90L_10NL,3,90L_10NL_3_1,1,3500,"('s', 'sk', 's')",enaɾdesemos,enaɾdesemos
90L_10NL,3,90L_10NL_3_1,1,3500,"('s', 'sk', 's')",enaɾdesemos,enaɾdesemos
90L_10NL,3,90L_10NL_3_1,1,3500,"('s', 'sk', 's')",enaɾdesemos,enaɾdesemos
90L_10NL,3,90L_10NL_3_1,1,3500,"('s', 'sk', 's')",enaɾdesemos,enaɾdesemos
90L_10NL,3,90L_10NL_3_1,1,3500,"('s', 'sk', 's')",enaɾdesemos,enaɾdesemos
90L_10NL,3,90L_10NL_3_1,1,3500,"('s', 'sk', 's')",enaɾdesemos,enaɾdesemos
90L_10NL,3,90L_10NL_3_1,1,3500,"('s', 'sk', 's')",enaɾdesemos,enaɾdesemos
90L_10NL,3,90L_10NL_3_1,1,2625,"('sk', 'sk', 's')",enaɾdesemos,enaɾdesemos
90L_10NL,3,90L_10NL_3_1,1,2625,"('sk', 'sk', 's')",enaɾdesemos,enaɾdesemos
90L_10NL,3,90L_10NL_3_1,1,2625,"('sk', 'sk', 's')",enaɾdesemos,enaɾdesemos
90L_10NL,3,90L_10NL_3_1,1,2625,"('sk', 'sk', 's')",enaɾdesemos,enaɾdesemos
90L_10NL,3,90L_10NL_3_1,1,2625,"('sk', 'sk', 's')",enaɾdesemos,enaɾdesemos
90L_10NL,3,90L_10NL_3_1,1,2625,"('sk', 'sk', 's')",enaɾdesemos,enaɾdesemos
90L_10NL,3,90L_10NL_3_1,1,2625,"('sk', 'sk', 's')",enaɾdesemos,enaɾdesemos
90L_10NL,3,90L_10NL_3_1,1,2625,"('sk', 'sk', 's')",enaɾdesemos,enaɾdesemos
90L_10NL,3,90L_10NL_3_1,1,2625,"('sk', 'sk', 's')",enaɾdesemos,enaɾdesemos
90L_10NL,3,90L_10NL_3_1,1,2625,"('sk', 'sk', 's')",enaɾdesemos,enaɾdesemos
90L_10NL,3,90L_10NL_3_1,1,2625,"('sk', 'sk', 's')",enaɾdesemos,enaɾdesemos
90L_10NL,3,90L_10NL_3_1,1,2625,"('sk', 'sk', 's')",enaɾdesemos,enaɾdesemos
90L_10NL,3,90L_10NL_3_1,1,2625,"('sk', 'sk', 's')",enaɾdesemos,enaɾdesemos
90L_10NL,3,90L_10NL_3_1,1,2625,"('sk', 'sk', 's')",enaɾdesemos,enaɾdesemos
90L_10NL,3,90L_10NL_3_1,1,2625,"('sk', 'sk', 's')",enaɾdesemos,enaɾdesemos
90L_10NL,3,90L_10NL_3_1,1,2625,"('sk', 'sk', 's')",enaɾdesemos,enaɾdesemos
90L_10NL,3,90L_10NL_3_1,1,2625,"('sk', 'sk', 's')",enaɾdesemos,enaɾdesemos
90L_10NL,3,90L_10NL_3_1,1,2625,"('sk', 'sk', 's')",enaɾdesemos,enaɾdesemos
90L_10NL,3,90L_10NL_3_1,1,2625,"('sk', 'sk', 's')",enaɾdesemos,enaɾdesemos
90L_10NL,3,90L_10NL_3_1,1,2625,"('sk', 'sk', 's')",enaɾdesemos,enaɾdesemos
90L_10NL,3,90L_10NL_3_1,1,2625,"('sk', 'sk', 's')",enaɾdesemos,enaɾdesemos
90L_10NL,3,90L_10NL_3_1,1,1085,"('s', 's', 's')",enaɾdesen,enaɾdesen
90L_10NL,3,90L_10NL_3_1,1,1085,"('s', 's', 's')",enaɾdesen,enaɾdesen
90L_10NL,3,90L_10NL_3_1,1,1085,"('s', 's', 's')",enaɾdesen,enaɾdesen
90L_10NL,3,90L_10NL_3_1,1,3500,"('s', 'sk', 's')",enaɾdesen,enaɾdesen
90L_10NL,3,90L_10NL_3_1,1,3500,"('s', 'sk', 's')",enaɾdesen,enaɾdesen
90L_10NL,3,90L_10NL_3_1,1,3500,"('s', 'sk', 's')",enaɾdesen,enaɾdesen
90L_10NL,3,90L_10NL_3_1,1,3500,"('s', 'sk', 's')",enaɾdesen,enaɾdesen
90L_10NL,3,90L_10NL_3_1,1,3500,"('s', 'sk', 's')",enaɾdesen,enaɾdesen
90L_10NL,3,90L_10NL_3_1,1,3500,"('s', 'sk', 's')",enaɾdesen,enaɾdesen
90L_10NL,3,90L_10NL_3_1,1,3500,"('s', 'sk', 's')",enaɾdesen,enaɾdesen
90L_10NL,3,90L_10NL_3_1,1,1085,"('s', 's', 's')",enaɾdesen,enaɾdesen
90L_10NL,3,90L_10NL_3_1,1,1085,"('s', 's', 's')",enaɾdesen,enaɾdesen
90L_10NL,3,90L_10NL_3_1,1,3500,"('s', 'sk', 's')",enaɾdesen,enaɾdesen
90L_10NL,3,90L_10NL_3_1,1,3500,"('s', 'sk', 's')",enaɾdesen,enaɾdesen
90L_10NL,3,90L_10NL_3_1,1,3500,"('s', 'sk', 's')",enaɾdesen,enaɾdesen
90L_10NL,3,90L_10NL_3_1,1,3500,"('s', 'sk', 's')",enaɾdesen,enaɾdesen
90L_10NL,3,90L_10NL_3_1,1,3500,"('s', 'sk', 's')",enaɾdesen,enaɾdesen
90L_10NL,3,90L_10NL_3_1,1,3500,"('s', 'sk', 's')",enaɾdesen,enaɾdesen
90L_10NL,3,90L_10NL_3_1,1,3500,"('s', 'sk', 's')",enaɾdesen,enaɾdesen
90L_10NL,3,90L_10NL_3_1,1,1085,"('s', 's', 's')",enaɾdesen,enaɾdesen
90L_10NL,3,90L_10NL_3_1,1,3500,"('s', 'sk', 's')",enaɾdesen,enaɾdesen
90L_10NL,3,90L_10NL_3_1,1,3500,"('s', 'sk', 's')",enaɾdesen,enaɾdesen
90L_10NL,3,90L_10NL_3_1,1,3500,"('s', 'sk', 's')",enaɾdesen,enaɾdesen
90L_10NL,3,90L_10NL_3_1,1,3500,"('s', 'sk', 's')",enaɾdesen,enaɾdesen
90L_10NL,3,90L_10NL_3_1,1,3500,"('s', 'sk', 's')",enaɾdesen,enaɾdesen
90L_10NL,3,90L_10NL_3_1,1,3500,"('s', 'sk', 's')",enaɾdesen,enaɾdesen
90L_10NL,3,90L_10NL_3_1,1,3500,"('s', 'sk', 's')",enaɾdesen,enaɾdesen
90L_10NL,3,90L_10NL_3_1,1,3500,"('s', 'sk', 's')",enaɾdesen,enaɾdesen
90L_10NL,3,90L_10NL_3_1,1,3500,"('s', 'sk', 's')",enaɾdesen,enaɾdesen
90L_10NL,3,90L_10NL_3_1,1,3500,"('s', 'sk', 's')",enaɾdesen,enaɾdesen
90L_10NL,3,90L_10NL_3_1,1,3500,"('s', 'sk', 's')",enaɾdesen,enaɾdesen
90L_10NL,3,90L_10NL_3_1,1,3500,"('s', 'sk', 's')",enaɾdesen,enaɾdesen
90L_10NL,3,90L_10NL_3_1,1,3500,"('s', 'sk', 's')",enaɾdesen,enaɾdesen
90L_10NL,3,90L_10NL_3_1,1,3500,"('s', 'sk', 's')",enaɾdesen,enaɾdesen
90L_10NL,3,90L_10NL_3_1,1,2625,"('sk', 'sk', 's')",enaɾdesen,enaɾdesen
90L_10NL,3,90L_10NL_3_1,1,2625,"('sk', 'sk', 's')",enaɾdesen,enaɾdesen
90L_10NL,3,90L_10NL_3_1,1,2625,"('sk', 'sk', 's')",enaɾdesen,enaɾdesen
90L_10NL,3,90L_10NL_3_1,1,2625,"('sk', 'sk', 's')",enaɾdesen,enaɾdesen
90L_10NL,3,90L_10NL_3_1,1,2625,"('sk', 'sk', 's')",enaɾdesen,enaɾdesen
90L_10NL,3,90L_10NL_3_1,1,2625,"('sk', 'sk', 's')",enaɾdesen,enaɾdesen
90L_10NL,3,90L_10NL_3_1,1,2625,"('sk', 'sk', 's')",enaɾdesen,enaɾdesen
90L_10NL,3,90L_10NL_3_1,1,2625,"('sk', 'sk', 's')",enaɾdesen,enaɾdesen
90L_10NL,3,90L_10NL_3_1,1,2625,"('sk', 'sk', 's')",enaɾdesen,enaɾdesen
90L_10NL,3,90L_10NL_3_1,1,2625,"('sk', 'sk', 's')",enaɾdesen,enaɾdesen
90L_10NL,3,90L_10NL_3_1,1,2625,"('sk', 'sk', 's')",enaɾdesen,enaɾdesen
90L_10NL,3,90L_10NL_3_1,1,2625,"('sk', 'sk', 's')",enaɾdesen,enaɾdesen
90L_10NL,3,90L_10NL_3_1,1,2625,"('sk', 'sk', 's')",enaɾdesen,enaɾdesen
90L_10NL,3,90L_10NL_3_1,1,2625,"('sk', 'sk', 's')",enaɾdesen,enaɾdesen
90L_10NL,3,90L_10NL_3_1,1,2625,"('sk', 'sk', 's')",enaɾdesen,enaɾdesen
90L_10NL,3,90L_10NL_3_1,1,2625,"('sk', 'sk', 's')",enaɾdesen,enaɾdesen
90L_10NL,3,90L_10NL_3_1,1,2625,"('sk', 'sk', 's')",enaɾdesen,enaɾdesen
90L_10NL,3,90L_10NL_3_1,1,2625,"('sk', 'sk', 's')",enaɾdesen,enaɾdesen
90L_10NL,3,90L_10NL_3_1,1,2625,"('sk', 'sk', 's')",enaɾdesen,enaɾdesen
90L_10NL,3,90L_10NL_3_1,1,2625,"('sk', 'sk', 's')",enaɾdesen,enaɾdesen
90L_10NL,3,90L_10NL_3_1,1,2625,"('sk', 'sk', 's')",enaɾdesen,enaɾdesen
90L_10NL,3,90L_10NL_3_1,1,1085,"('s', 's', 's')",enaɾdeses,enaɾdeses
90L_10NL,3,90L_10NL_3_1,1,1085,"('s', 's', 's')",enaɾdeses,enaɾdeses
90L_10NL,3,90L_10NL_3_1,1,1085,"('s', 's', 's')",enaɾdeses,enaɾdeses
90L_10NL,3,90L_10NL_3_1,1,3500,"('s', 'sk', 's')",enaɾdeses,enaɾdeses
90L_10NL,3,90L_10NL_3_1,1,3500,"('s', 'sk', 's')",enaɾdeses,enaɾdeses
90L_10NL,3,90L_10NL_3_1,1,3500,"('s', 'sk', 's')",enaɾdeses,enaɾdeses
90L_10NL,3,90L_10NL_3_1,1,3500,"('s', 'sk', 's')",enaɾdeses,enaɾdeses
90L_10NL,3,90L_10NL_3_1,1,3500,"('s', 'sk', 's')",enaɾdeses,enaɾdeses
90L_10NL,3,90L_10NL_3_1,1,3500,"('s', 'sk', 's')",enaɾdeses,enaɾdeses
90L_10NL,3,90L_10NL_3_1,1,3500,"('s', 'sk', 's')",enaɾdeses,enaɾdeses
90L_10NL,3,90L_10NL_3_1,1,1085,"('s', 's', 's')",enaɾdeses,enaɾdeses
90L_10NL,3,90L_10NL_3_1,1,1085,"('s', 's', 's')",enaɾdeses,enaɾdeses
90L_10NL,3,90L_10NL_3_1,1,3500,"('s', 'sk', 's')",enaɾdeses,enaɾdeses
90L_10NL,3,90L_10NL_3_1,1,3500,"('s', 'sk', 's')",enaɾdeses,enaɾdeses
90L_10NL,3,90L_10NL_3_1,1,3500,"('s', 'sk', 's')",enaɾdeses,enaɾdeses
90L_10NL,3,90L_10NL_3_1,1,3500,"('s', 'sk', 's')",enaɾdeses,enaɾdeses
90L_10NL,3,90L_10NL_3_1,1,3500,"('s', 'sk', 's')",enaɾdeses,enaɾdeses
90L_10NL,3,90L_10NL_3_1,1,3500,"('s', 'sk', 's')",enaɾdeses,enaɾdeses
90L_10NL,3,90L_10NL_3_1,1,3500,"('s', 'sk', 's')",enaɾdeses,enaɾdeses
90L_10NL,3,90L_10NL_3_1,1,1085,"('s', 's', 's')",enaɾdeses,enaɾdeses
90L_10NL,3,90L_10NL_3_1,1,3500,"('s', 'sk', 's')",enaɾdeses,enaɾdeses
90L_10NL,3,90L_10NL_3_1,1,3500,"('s', 'sk', 's')",enaɾdeses,enaɾdeses
90L_10NL,3,90L_10NL_3_1,1,3500,"('s', 'sk', 's')",enaɾdeses,enaɾdeses
90L_10NL,3,90L_10NL_3_1,1,3500,"('s', 'sk', 's')",enaɾdeses,enaɾdeses
90L_10NL,3,90L_10NL_3_1,1,3500,"('s', 'sk', 's')",enaɾdeses,enaɾdeses
90L_10NL,3,90L_10NL_3_1,1,3500,"('s', 'sk', 's')",enaɾdeses,enaɾdeses
90L_10NL,3,90L_10NL_3_1,1,3500,"('s', 'sk', 's')",enaɾdeses,enaɾdeses
90L_10NL,3,90L_10NL_3_1,1,3500,"('s', 'sk', 's')",enaɾdeses,enaɾdeses
90L_10NL,3,90L_10NL_3_1,1,3500,"('s', 'sk', 's')",enaɾdeses,enaɾdeses
90L_10NL,3,90L_10NL_3_1,1,3500,"('s', 'sk', 's')",enaɾdeses,enaɾdeses
90L_10NL,3,90L_10NL_3_1,1,3500,"('s', 'sk', 's')",enaɾdeses,enaɾdeses
90L_10NL,3,90L_10NL_3_1,1,3500,"('s', 'sk', 's')",enaɾdeses,enaɾdeses
90L_10NL,3,90L_10NL_3_1,1,3500,"('s', 'sk', 's')",enaɾdeses,enaɾdeses
90L_10NL,3,90L_10NL_3_1,1,3500,"('s', 'sk', 's')",enaɾdeses,enaɾdeses
90L_10NL,3,90L_10NL_3_1,1,2625,"('sk', 'sk', 's')",enaɾdeses,enaɾdeses
90L_10NL,3,90L_10NL_3_1,1,2625,"('sk', 'sk', 's')",enaɾdeses,enaɾdeses
90L_10NL,3,90L_10NL_3_1,1,2625,"('sk', 'sk', 's')",enaɾdeses,enaɾdeses
90L_10NL,3,90L_10NL_3_1,1,2625,"('sk', 'sk', 's')",enaɾdeses,enaɾdeses
90L_10NL,3,90L_10NL_3_1,1,2625,"('sk', 'sk', 's')",enaɾdeses,enaɾdeses
90L_10NL,3,90L_10NL_3_1,1,2625,"('sk', 'sk', 's')",enaɾdeses,enaɾdeses
90L_10NL,3,90L_10NL_3_1,1,2625,"('sk', 'sk', 's')",enaɾdeses,enaɾdeses
90L_10NL,3,90L_10NL_3_1,1,2625,"('sk', 'sk', 's')",enaɾdeses,enaɾdeses
90L_10NL,3,90L_10NL_3_1,1,2625,"('sk', 'sk', 's')",enaɾdeses,enaɾdeses
90L_10NL,3,90L_10NL_3_1,1,2625,"('sk', 'sk', 's')",enaɾdeses,enaɾdeses
90L_10NL,3,90L_10NL_3_1,1,2625,"('sk', 'sk', 's')",enaɾdeses,enaɾdeses
90L_10NL,3,90L_10NL_3_1,1,2625,"('sk', 'sk', 's')",enaɾdeses,enaɾdeses
90L_10NL,3,90L_10NL_3_1,1,2625,"('sk', 'sk', 's')",enaɾdeses,enaɾdeses
90L_10NL,3,90L_10NL_3_1,1,2625,"('sk', 'sk', 's')",enaɾdeses,enaɾdeses
90L_10NL,3,90L_10NL_3_1,1,2625,"('sk', 'sk', 's')",enaɾdeses,enaɾdeses
90L_10NL,3,90L_10NL_3_1,1,2625,"('sk', 'sk', 's')",enaɾdeses,enaɾdeses
90L_10NL,3,90L_10NL_3_1,1,2625,"('sk', 'sk', 's')",enaɾdeses,enaɾdeses
90L_10NL,3,90L_10NL_3_1,1,2625,"('sk', 'sk', 's')",enaɾdeses,enaɾdeses
90L_10NL,3,90L_10NL_3_1,1,2625,"('sk', 'sk', 's')",enaɾdeses,enaɾdeses
90L_10NL,3,90L_10NL_3_1,1,2625,"('sk', 'sk', 's')",enaɾdeses,enaɾdeses
90L_10NL,3,90L_10NL_3_1,1,2625,"('sk', 'sk', 's')",enaɾdeses,enaɾdeses
90L_10NL,3,90L_10NL_3_1,1,1085,"('s', 's', 's')",enaɾdese,enaɾdese
90L_10NL,3,90L_10NL_3_1,1,1085,"('s', 's', 's')",enaɾdese,enaɾdese
90L_10NL,3,90L_10NL_3_1,1,1085,"('s', 's', 's')",enaɾdese,enaɾdese
90L_10NL,3,90L_10NL_3_1,1,3500,"('s', 'sk', 's')",enaɾdese,enaɾdese
90L_10NL,3,90L_10NL_3_1,1,3500,"('s', 'sk', 's')",enaɾdese,enaɾdese
90L_10NL,3,90L_10NL_3_1,1,3500,"('s', 'sk', 's')",enaɾdese,enaɾdese
90L_10NL,3,90L_10NL_3_1,1,3500,"('s', 'sk', 's')",enaɾdese,enaɾdese
90L_10NL,3,90L_10NL_3_1,1,3500,"('s', 'sk', 's')",enaɾdese,enaɾdese
90L_10NL,3,90L_10NL_3_1,1,3500,"('s', 'sk', 's')",enaɾdese,enaɾdese
90L_10NL,3,90L_10NL_3_1,1,3500,"('s', 'sk', 's')",enaɾdese,enaɾdese
90L_10NL,3,90L_10NL_3_1,1,1085,"('s', 's', 's')",enaɾdese,enaɾdese
90L_10NL,3,90L_10NL_3_1,1,1085,"('s', 's', 's')",enaɾdese,enaɾdese
90L_10NL,3,90L_10NL_3_1,1,3500,"('s', 'sk', 's')",enaɾdese,enaɾdese
90L_10NL,3,90L_10NL_3_1,1,3500,"('s', 'sk', 's')",enaɾdese,enaɾdese
90L_10NL,3,90L_10NL_3_1,1,3500,"('s', 'sk', 's')",enaɾdese,enaɾdese
90L_10NL,3,90L_10NL_3_1,1,3500,"('s', 'sk', 's')",enaɾdese,enaɾdese
90L_10NL,3,90L_10NL_3_1,1,3500,"('s', 'sk', 's')",enaɾdese,enaɾdese
90L_10NL,3,90L_10NL_3_1,1,3500,"('s', 'sk', 's')",enaɾdese,enaɾdese
90L_10NL,3,90L_10NL_3_1,1,3500,"('s', 'sk', 's')",enaɾdese,enaɾdese
90L_10NL,3,90L_10NL_3_1,1,1085,"('s', 's', 's')",enaɾdese,enaɾdese
90L_10NL,3,90L_10NL_3_1,1,3500,"('s', 'sk', 's')",enaɾdese,enaɾdese
90L_10NL,3,90L_10NL_3_1,1,3500,"('s', 'sk', 's')",enaɾdese,enaɾdese
90L_10NL,3,90L_10NL_3_1,1,3500,"('s', 'sk', 's')",enaɾdese,enaɾdese
90L_10NL,3,90L_10NL_3_1,1,3500,"('s', 'sk', 's')",enaɾdese,enaɾdese
90L_10NL,3,90L_10NL_3_1,1,3500,"('s', 'sk', 's')",enaɾdese,enaɾdese
90L_10NL,3,90L_10NL_3_1,1,3500,"('s', 'sk', 's')",enaɾdese,enaɾdese
90L_10NL,3,90L_10NL_3_1,1,3500,"('s', 'sk', 's')",enaɾdese,enaɾdese
90L_10NL,3,90L_10NL_3_1,1,3500,"('s', 'sk', 's')",enaɾdese,enaɾdese
90L_10NL,3,90L_10NL_3_1,1,3500,"('s', 'sk', 's')",enaɾdese,enaɾdese
90L_10NL,3,90L_10NL_3_1,1,3500,"('s', 'sk', 's')",enaɾdese,enaɾdese
90L_10NL,3,90L_10NL_3_1,1,3500,"('s', 'sk', 's')",enaɾdese,enaɾdese
90L_10NL,3,90L_10NL_3_1,1,3500,"('s', 'sk', 's')",enaɾdese,enaɾdese
90L_10NL,3,90L_10NL_3_1,1,3500,"('s', 'sk', 's')",enaɾdese,enaɾdese
90L_10NL,3,90L_10NL_3_1,1,3500,"('s', 'sk', 's')",enaɾdese,enaɾdese
90L_10NL,3,90L_10NL_3_1,1,2625,"('sk', 'sk', 's')",enaɾdese,enaɾdese
90L_10NL,3,90L_10NL_3_1,1,2625,"('sk', 'sk', 's')",enaɾdese,enaɾdese
90L_10NL,3,90L_10NL_3_1,1,2625,"('sk', 'sk', 's')",enaɾdese,enaɾdese
90L_10NL,3,90L_10NL_3_1,1,2625,"('sk', 'sk', 's')",enaɾdese,enaɾdese
90L_10NL,3,90L_10NL_3_1,1,2625,"('sk', 'sk', 's')",enaɾdese,enaɾdese
90L_10NL,3,90L_10NL_3_1,1,2625,"('sk', 'sk', 's')",enaɾdese,enaɾdese
90L_10NL,3,90L_10NL_3_1,1,2625,"('sk', 'sk', 's')",enaɾdese,enaɾdese
90L_10NL,3,90L_10NL_3_1,1,2625,"('sk', 'sk', 's')",enaɾdese,enaɾdese
90L_10NL,3,90L_10NL_3_1,1,2625,"('sk', 'sk', 's')",enaɾdese,enaɾdese
90L_10NL,3,90L_10NL_3_1,1,2625,"('sk', 'sk', 's')",enaɾdese,enaɾdese
90L_10NL,3,90L_10NL_3_1,1,2625,"('sk', 'sk', 's')",enaɾdese,enaɾdese
90L_10NL,3,90L_10NL_3_1,1,2625,"('sk', 'sk', 's')",enaɾdese,enaɾdese
90L_10NL,3,90L_10NL_3_1,1,2625,"('sk', 'sk', 's')",enaɾdese,enaɾdese
90L_10NL,3,90L_10NL_3_1,1,2625,"('sk', 'sk', 's')",enaɾdese,enaɾdese
90L_10NL,3,90L_10NL_3_1,1,2625,"('sk', 'sk', 's')",enaɾdese,enaɾdese
90L_10NL,3,90L_10NL_3_1,1,2625,"('sk', 'sk', 's')",enaɾdese,enaɾdese
90L_10NL,3,90L_10NL_3_1,1,2625,"('sk', 'sk', 's')",enaɾdese,enaɾdese
90L_10NL,3,90L_10NL_3_1,1,2625,"('sk', 'sk', 's')",enaɾdese,enaɾdese
90L_10NL,3,90L_10NL_3_1,1,2625,"('sk', 'sk', 's')",enaɾdese,enaɾdese
90L_10NL,3,90L_10NL_3_1,1,2625,"('sk', 'sk', 's')",enaɾdese,enaɾdese
90L_10NL,3,90L_10NL_3_1,1,2625,"('sk', 'sk', 's')",enaɾdese,enaɾdese
90L_10NL,3,90L_10NL_3_1,1,1750,"('s', 's', 'sk')",enaɾdeskajs,enaɾdeskajs
90L_10NL,3,90L_10NL_3_1,1,1750,"('s', 's', 'sk')",enaɾdeskajs,enaɾdeskajs
90L_10NL,3,90L_10NL_3_1,1,1750,"('s', 's', 'sk')",enaɾdeskajs,enaɾdeskajs
90L_10NL,3,90L_10NL_3_1,1,1750,"('s', 's', 'sk')",enaɾdeskajs,enaɾdeskajs
90L_10NL,3,90L_10NL_3_1,1,5250,"('s', 'sk', 'sk')",enaɾdeskajs,enaɾdeskajs
90L_10NL,3,90L_10NL_3_1,1,5250,"('s', 'sk', 'sk')",enaɾdeskajs,enaɾdeskajs
90L_10NL,3,90L_10NL_3_1,1,5250,"('s', 'sk', 'sk')",enaɾdeskajs,enaɾdeskajs
90L_10NL,3,90L_10NL_3_1,1,5250,"('s', 'sk', 'sk')",enaɾdeskajs,enaɾdeskajs
90L_10NL,3,90L_10NL_3_1,1,5250,"('s', 'sk', 'sk')",enaɾdeskajs,enaɾdeskajs
90L_10NL,3,90L_10NL_3_1,1,5250,"('s', 'sk', 'sk')",enaɾdeskajs,enaɾdeskajs
90L_10NL,3,90L_10NL_3_1,1,1750,"('s', 's', 'sk')",enaɾdeskajs,enaɾdeskajs
90L_10NL,3,90L_10NL_3_1,1,1750,"('s', 's', 'sk')",enaɾdeskajs,enaɾdeskajs
90L_10NL,3,90L_10NL_3_1,1,1750,"('s', 's', 'sk')",enaɾdeskajs,enaɾdeskajs
90L_10NL,3,90L_10NL_3_1,1,5250,"('s', 'sk', 'sk')",enaɾdeskajs,enaɾdeskajs
90L_10NL,3,90L_10NL_3_1,1,5250,"('s', 'sk', 'sk')",enaɾdeskajs,enaɾdeskajs
90L_10NL,3,90L_10NL_3_1,1,5250,"('s', 'sk', 'sk')",enaɾdeskajs,enaɾdeskajs
90L_10NL,3,90L_10NL_3_1,1,5250,"('s', 'sk', 'sk')",enaɾdeskajs,enaɾdeskajs
90L_10NL,3,90L_10NL_3_1,1,5250,"('s', 'sk', 'sk')",enaɾdeskajs,enaɾdeskajs
90L_10NL,3,90L_10NL_3_1,1,5250,"('s', 'sk', 'sk')",enaɾdeskajs,enaɾdeskajs
90L_10NL,3,90L_10NL_3_1,1,1750,"('s', 's', 'sk')",enaɾdeskajs,enaɾdeskajs
90L_10NL,3,90L_10NL_3_1,1,1750,"('s', 's', 'sk')",enaɾdeskajs,enaɾdeskajs
90L_10NL,3,90L_10NL_3_1,1,5250,"('s', 'sk', 'sk')",enaɾdeskajs,enaɾdeskajs
90L_10NL,3,90L_10NL_3_1,1,5250,"('s', 'sk', 'sk')",enaɾdeskajs,enaɾdeskajs
90L_10NL,3,90L_10NL_3_1,1,5250,"('s', 'sk', 'sk')",enaɾdeskajs,enaɾdeskajs
90L_10NL,3,90L_10NL_3_1,1,5250,"('s', 'sk', 'sk')",enaɾdeskajs,enaɾdeskajs
90L_10NL,3,90L_10NL_3_1,1,5250,"('s', 'sk', 'sk')",enaɾdeskajs,enaɾdeskajs
90L_10NL,3,90L_10NL_3_1,1,5250,"('s', 'sk', 'sk')",enaɾdeskajs,enaɾdeskajs
90L_10NL,3,90L_10NL_3_1,1,1750,"('s', 's', 'sk')",enaɾdeskajs,enaɾdeskajs
90L_10NL,3,90L_10NL_3_1,1,5250,"('s', 'sk', 'sk')",enaɾdeskajs,enaɾdeskajs
90L_10NL,3,90L_10NL_3_1,1,5250,"('s', 'sk', 'sk')",enaɾdeskajs,enaɾdeskajs
90L_10NL,3,90L_10NL_3_1,1,5250,"('s', 'sk', 'sk')",enaɾdeskajs,enaɾdeskajs
90L_10NL,3,90L_10NL_3_1,1,5250,"('s', 'sk', 'sk')",enaɾdeskajs,enaɾdeskajs
90L_10NL,3,90L_10NL_3_1,1,5250,"('s', 'sk', 'sk')",enaɾdeskajs,enaɾdeskajs
90L_10NL,3,90L_10NL_3_1,1,5250,"('s', 'sk', 'sk')",enaɾdeskajs,enaɾdeskajs
90L_10NL,3,90L_10NL_3_1,1,5250,"('s', 'sk', 'sk')",enaɾdeskajs,enaɾdeskajs
90L_10NL,3,90L_10NL_3_1,1,5250,"('s', 'sk', 'sk')",enaɾdeskajs,enaɾdeskajs
90L_10NL,3,90L_10NL_3_1,1,5250,"('s', 'sk', 'sk')",enaɾdeskajs,enaɾdeskajs
90L_10NL,3,90L_10NL_3_1,1,5250,"('s', 'sk', 'sk')",enaɾdeskajs,enaɾdeskajs
90L_10NL,3,90L_10NL_3_1,1,5250,"('s', 'sk', 'sk')",enaɾdeskajs,enaɾdeskajs
90L_10NL,3,90L_10NL_3_1,1,5250,"('s', 'sk', 'sk')",enaɾdeskajs,enaɾdeskajs
90L_10NL,3,90L_10NL_3_1,1,2625,"('sk', 'sk', 'sk')",enaɾdeskajs,enaɾdeskajs
90L_10NL,3,90L_10NL_3_1,1,2625,"('sk', 'sk', 'sk')",enaɾdeskajs,enaɾdeskajs
90L_10NL,3,90L_10NL_3_1,1,2625,"('sk', 'sk', 'sk')",enaɾdeskajs,enaɾdeskajs
90L_10NL,3,90L_10NL_3_1,1,2625,"('sk', 'sk', 'sk')",enaɾdeskajs,enaɾdeskajs
90L_10NL,3,90L_10NL_3_1,1,2625,"('sk', 'sk', 'sk')",enaɾdeskajs,enaɾdeskajs
90L_10NL,3,90L_10NL_3_1,1,2625,"('sk', 'sk', 'sk')",enaɾdeskajs,enaɾdeskajs
90L_10NL,3,90L_10NL_3_1,1,2625,"('sk', 'sk', 'sk')",enaɾdeskajs,enaɾdeskajs
90L_10NL,3,90L_10NL_3_1,1,2625,"('sk', 'sk', 'sk')",enaɾdeskajs,enaɾdeskajs
90L_10NL,3,90L_10NL_3_1,1,2625,"('sk', 'sk', 'sk')",enaɾdeskajs,enaɾdeskajs
90L_10NL,3,90L_10NL_3_1,1,2625,"('sk', 'sk', 'sk')",enaɾdeskajs,enaɾdeskajs
90L_10NL,3,90L_10NL_3_1,1,2625,"('sk', 'sk', 'sk')",enaɾdeskajs,enaɾdeskajs
90L_10NL,3,90L_10NL_3_1,1,2625,"('sk', 'sk', 'sk')",enaɾdeskajs,enaɾdeskajs
90L_10NL,3,90L_10NL_3_1,1,2625,"('sk', 'sk', 'sk')",enaɾdeskajs,enaɾdeskajs
90L_10NL,3,90L_10NL_3_1,1,2625,"('sk', 'sk', 'sk')",enaɾdeskajs,enaɾdeskajs
90L_10NL,3,90L_10NL_3_1,1,2625,"('sk', 'sk', 'sk')",enaɾdeskajs,enaɾdeskajs
90L_10NL,3,90L_10NL_3_1,1,1750,"('s', 's', 'sk')",enaɾdeskamos,enaɾdeskamos
90L_10NL,3,90L_10NL_3_1,1,1750,"('s', 's', 'sk')",enaɾdeskamos,enaɾdeskamos
90L_10NL,3,90L_10NL_3_1,1,1750,"('s', 's', 'sk')",enaɾdeskamos,enaɾdeskamos
90L_10NL,3,90L_10NL_3_1,1,1750,"('s', 's', 'sk')",enaɾdeskamos,enaɾdeskamos
90L_10NL,3,90L_10NL_3_1,1,5250,"('s', 'sk', 'sk')",enaɾdeskamos,enaɾdeskamos
90L_10NL,3,90L_10NL_3_1,1,5250,"('s', 'sk', 'sk')",enaɾdeskamos,enaɾdeskamos
90L_10NL,3,90L_10NL_3_1,1,5250,"('s', 'sk', 'sk')",enaɾdeskamos,enaɾdeskamos
90L_10NL,3,90L_10NL_3_1,1,5250,"('s', 'sk', 'sk')",enaɾdeskamos,enaɾdeskamos
90L_10NL,3,90L_10NL_3_1,1,5250,"('s', 'sk', 'sk')",enaɾdeskamos,enaɾdeskamos
90L_10NL,3,90L_10NL_3_1,1,5250,"('s', 'sk', 'sk')",enaɾdeskamos,enaɾdeskamos
90L_10NL,3,90L_10NL_3_1,1,1750,"('s', 's', 'sk')",enaɾdeskamos,enaɾdeskamos
90L_10NL,3,90L_10NL_3_1,1,1750,"('s', 's', 'sk')",enaɾdeskamos,enaɾdeskamos
90L_10NL,3,90L_10NL_3_1,1,1750,"('s', 's', 'sk')",enaɾdeskamos,enaɾdeskamos
90L_10NL,3,90L_10NL_3_1,1,5250,"('s', 'sk', 'sk')",enaɾdeskamos,enaɾdeskamos
90L_10NL,3,90L_10NL_3_1,1,5250,"('s', 'sk', 'sk')",enaɾdeskamos,enaɾdeskamos
90L_10NL,3,90L_10NL_3_1,1,5250,"('s', 'sk', 'sk')",enaɾdeskamos,enaɾdeskamos
90L_10NL,3,90L_10NL_3_1,1,5250,"('s', 'sk', 'sk')",enaɾdeskamos,enaɾdeskamos
90L_10NL,3,90L_10NL_3_1,1,5250,"('s', 'sk', 'sk')",enaɾdeskamos,enaɾdeskamos
90L_10NL,3,90L_10NL_3_1,1,5250,"('s', 'sk', 'sk')",enaɾdeskamos,enaɾdeskamos
90L_10NL,3,90L_10NL_3_1,1,1750,"('s', 's', 'sk')",enaɾdeskamos,enaɾdeskamos
90L_10NL,3,90L_10NL_3_1,1,1750,"('s', 's', 'sk')",enaɾdeskamos,enaɾdeskamos
90L_10NL,3,90L_10NL_3_1,1,5250,"('s', 'sk', 'sk')",enaɾdeskamos,enaɾdeskamos
90L_10NL,3,90L_10NL_3_1,1,5250,"('s', 'sk', 'sk')",enaɾdeskamos,enaɾdeskamos
90L_10NL,3,90L_10NL_3_1,1,5250,"('s', 'sk', 'sk')",enaɾdeskamos,enaɾdeskamos
90L_10NL,3,90L_10NL_3_1,1,5250,"('s', 'sk', 'sk')",enaɾdeskamos,enaɾdeskamos
90L_10NL,3,90L_10NL_3_1,1,5250,"('s', 'sk', 'sk')",enaɾdeskamos,enaɾdeskamos
90L_10NL,3,90L_10NL_3_1,1,5250,"('s', 'sk', 'sk')",enaɾdeskamos,enaɾdeskamos
90L_10NL,3,90L_10NL_3_1,1,1750,"('s', 's', 'sk')",enaɾdeskamos,enaɾdeskamos
90L_10NL,3,90L_10NL_3_1,1,5250,"('s', 'sk', 'sk')",enaɾdeskamos,enaɾdeskamos
90L_10NL,3,90L_10NL_3_1,1,5250,"('s', 'sk', 'sk')",enaɾdeskamos,enaɾdeskamos
90L_10NL,3,90L_10NL_3_1,1,5250,"('s', 'sk', 'sk')",enaɾdeskamos,enaɾdeskamos
90L_10NL,3,90L_10NL_3_1,1,5250,"('s', 'sk', 'sk')",enaɾdeskamos,enaɾdeskamos
90L_10NL,3,90L_10NL_3_1,1,5250,"('s', 'sk', 'sk')",enaɾdeskamos,enaɾdeskamos
90L_10NL,3,90L_10NL_3_1,1,5250,"('s', 'sk', 'sk')",enaɾdeskamos,enaɾdeskamos
90L_10NL,3,90L_10NL_3_1,1,5250,"('s', 'sk', 'sk')",enaɾdeskamos,enaɾdeskamos
90L_10NL,3,90L_10NL_3_1,1,5250,"('s', 'sk', 'sk')",enaɾdeskamos,enaɾdeskamos
90L_10NL,3,90L_10NL_3_1,1,5250,"('s', 'sk', 'sk')",enaɾdeskamos,enaɾdeskamos
90L_10NL,3,90L_10NL_3_1,1,5250,"('s', 'sk', 'sk')",enaɾdeskamos,enaɾdeskamos
90L_10NL,3,90L_10NL_3_1,1,5250,"('s', 'sk', 'sk')",enaɾdeskamos,enaɾdeskamos
90L_10NL,3,90L_10NL_3_1,1,5250,"('s', 'sk', 'sk')",enaɾdeskamos,enaɾdeskamos
90L_10NL,3,90L_10NL_3_1,1,2625,"('sk', 'sk', 'sk')",enaɾdeskamos,enaɾdeskamos
90L_10NL,3,90L_10NL_3_1,1,2625,"('sk', 'sk', 'sk')",enaɾdeskamos,enaɾdeskamos
90L_10NL,3,90L_10NL_3_1,1,2625,"('sk', 'sk', 'sk')",enaɾdeskamos,enaɾdeskamos
90L_10NL,3,90L_10NL_3_1,1,2625,"('sk', 'sk', 'sk')",enaɾdeskamos,enaɾdeskamos
90L_10NL,3,90L_10NL_3_1,1,2625,"('sk', 'sk', 'sk')",enaɾdeskamos,enaɾdeskamos
90L_10NL,3,90L_10NL_3_1,1,2625,"('sk', 'sk', 'sk')",enaɾdeskamos,enaɾdeskamos
90L_10NL,3,90L_10NL_3_1,1,2625,"('sk', 'sk', 'sk')",enaɾdeskamos,enaɾdeskamos
90L_10NL,3,90L_10NL_3_1,1,2625,"('sk', 'sk', 'sk')",enaɾdeskamos,enaɾdeskamos
90L_10NL,3,90L_10NL_3_1,1,2625,"('sk', 'sk', 'sk')",enaɾdeskamos,enaɾdeskamos
90L_10NL,3,90L_10NL_3_1,1,2625,"('sk', 'sk', 'sk')",enaɾdeskamos,enaɾdeskamos
90L_10NL,3,90L_10NL_3_1,1,2625,"('sk', 'sk', 'sk')",enaɾdeskamos,enaɾdeskamos
90L_10NL,3,90L_10NL_3_1,1,2625,"('sk', 'sk', 'sk')",enaɾdeskamos,enaɾdeskamos
90L_10NL,3,90L_10NL_3_1,1,2625,"('sk', 'sk', 'sk')",enaɾdeskamos,enaɾdeskamos
90L_10NL,3,90L_10NL_3_1,1,2625,"('sk', 'sk', 'sk')",enaɾdeskamos,enaɾdeskamos
90L_10NL,3,90L_10NL_3_1,1,2625,"('sk', 'sk', 'sk')",enaɾdeskamos,enaɾdeskamos
90L_10NL,3,90L_10NL_3_1,1,1750,"('s', 's', 'sk')",enaɾdeskan,enaɾdeskan
90L_10NL,3,90L_10NL_3_1,1,1750,"('s', 's', 'sk')",enaɾdeskan,enaɾdeskan
90L_10NL,3,90L_10NL_3_1,1,1750,"('s', 's', 'sk')",enaɾdeskan,enaɾdeskan
90L_10NL,3,90L_10NL_3_1,1,1750,"('s', 's', 'sk')",enaɾdeskan,enaɾdeskan
90L_10NL,3,90L_10NL_3_1,1,5250,"('s', 'sk', 'sk')",enaɾdeskan,enaɾdeskan
90L_10NL,3,90L_10NL_3_1,1,5250,"('s', 'sk', 'sk')",enaɾdeskan,enaɾdeskan
90L_10NL,3,90L_10NL_3_1,1,5250,"('s', 'sk', 'sk')",enaɾdeskan,enaɾdeskan
90L_10NL,3,90L_10NL_3_1,1,5250,"('s', 'sk', 'sk')",enaɾdeskan,enaɾdeskan
90L_10NL,3,90L_10NL_3_1,1,5250,"('s', 'sk', 'sk')",enaɾdeskan,enaɾdeskan
90L_10NL,3,90L_10NL_3_1,1,5250,"('s', 'sk', 'sk')",enaɾdeskan,enaɾdeskan
90L_10NL,3,90L_10NL_3_1,1,1750,"('s', 's', 'sk')",enaɾdeskan,enaɾdeskan
90L_10NL,3,90L_10NL_3_1,1,1750,"('s', 's', 'sk')",enaɾdeskan,enaɾdeskan
90L_10NL,3,90L_10NL_3_1,1,1750,"('s', 's', 'sk')",enaɾdeskan,enaɾdeskan
90L_10NL,3,90L_10NL_3_1,1,5250,"('s', 'sk', 'sk')",enaɾdeskan,enaɾdeskan
90L_10NL,3,90L_10NL_3_1,1,5250,"('s', 'sk', 'sk')",enaɾdeskan,enaɾdeskan
90L_10NL,3,90L_10NL_3_1,1,5250,"('s', 'sk', 'sk')",enaɾdeskan,enaɾdeskan
90L_10NL,3,90L_10NL_3_1,1,5250,"('s', 'sk', 'sk')",enaɾdeskan,enaɾdeskan
90L_10NL,3,90L_10NL_3_1,1,5250,"('s', 'sk', 'sk')",enaɾdeskan,enaɾdeskan
90L_10NL,3,90L_10NL_3_1,1,5250,"('s', 'sk', 'sk')",enaɾdeskan,enaɾdeskan
90L_10NL,3,90L_10NL_3_1,1,1750,"('s', 's', 'sk')",enaɾdeskan,enaɾdeskan
90L_10NL,3,90L_10NL_3_1,1,1750,"('s', 's', 'sk')",enaɾdeskan,enaɾdeskan
90L_10NL,3,90L_10NL_3_1,1,5250,"('s', 'sk', 'sk')",enaɾdeskan,enaɾdeskan
90L_10NL,3,90L_10NL_3_1,1,5250,"('s', 'sk', 'sk')",enaɾdeskan,enaɾdeskan
90L_10NL,3,90L_10NL_3_1,1,5250,"('s', 'sk', 'sk')",enaɾdeskan,enaɾdeskan
90L_10NL,3,90L_10NL_3_1,1,5250,"('s', 'sk', 'sk')",enaɾdeskan,enaɾdeskan
90L_10NL,3,90L_10NL_3_1,1,5250,"('s', 'sk', 'sk')",enaɾdeskan,enaɾdeskan
90L_10NL,3,90L_10NL_3_1,1,5250,"('s', 'sk', 'sk')",enaɾdeskan,enaɾdeskan
90L_10NL,3,90L_10NL_3_1,1,1750,"('s', 's', 'sk')",enaɾdeskan,enaɾdeskan
90L_10NL,3,90L_10NL_3_1,1,5250,"('s', 'sk', 'sk')",enaɾdeskan,enaɾdeskan
90L_10NL,3,90L_10NL_3_1,1,5250,"('s', 'sk', 'sk')",enaɾdeskan,enaɾdeskan
90L_10NL,3,90L_10NL_3_1,1,5250,"('s', 'sk', 'sk')",enaɾdeskan,enaɾdeskan
90L_10NL,3,90L_10NL_3_1,1,5250,"('s', 'sk', 'sk')",enaɾdeskan,enaɾdeskan
90L_10NL,3,90L_10NL_3_1,1,5250,"('s', 'sk', 'sk')",enaɾdeskan,enaɾdeskan
90L_10NL,3,90L_10NL_3_1,1,5250,"('s', 'sk', 'sk')",enaɾdeskan,enaɾdeskan
90L_10NL,3,90L_10NL_3_1,1,5250,"('s', 'sk', 'sk')",enaɾdeskan,enaɾdeskan
90L_10NL,3,90L_10NL_3_1,1,5250,"('s', 'sk', 'sk')",enaɾdeskan,enaɾdeskan
90L_10NL,3,90L_10NL_3_1,1,5250,"('s', 'sk', 'sk')",enaɾdeskan,enaɾdeskan
90L_10NL,3,90L_10NL_3_1,1,5250,"('s', 'sk', 'sk')",enaɾdeskan,enaɾdeskan
90L_10NL,3,90L_10NL_3_1,1,5250,"('s', 'sk', 'sk')",enaɾdeskan,enaɾdeskan
90L_10NL,3,90L_10NL_3_1,1,5250,"('s', 'sk', 'sk')",enaɾdeskan,enaɾdeskan
90L_10NL,3,90L_10NL_3_1,1,2625,"('sk', 'sk', 'sk')",enaɾdeskan,enaɾdeskan
90L_10NL,3,90L_10NL_3_1,1,2625,"('sk', 'sk', 'sk')",enaɾdeskan,enaɾdeskan
90L_10NL,3,90L_10NL_3_1,1,2625,"('sk', 'sk', 'sk')",enaɾdeskan,enaɾdeskan
90L_10NL,3,90L_10NL_3_1,1,2625,"('sk', 'sk', 'sk')",enaɾdeskan,enaɾdeskan
90L_10NL,3,90L_10NL_3_1,1,2625,"('sk', 'sk', 'sk')",enaɾdeskan,enaɾdeskan
90L_10NL,3,90L_10NL_3_1,1,2625,"('sk', 'sk', 'sk')",enaɾdeskan,enaɾdeskan
90L_10NL,3,90L_10NL_3_1,1,2625,"('sk', 'sk', 'sk')",enaɾdeskan,enaɾdeskan
90L_10NL,3,90L_10NL_3_1,1,2625,"('sk', 'sk', 'sk')",enaɾdeskan,enaɾdeskan
90L_10NL,3,90L_10NL_3_1,1,2625,"('sk', 'sk', 'sk')",enaɾdeskan,enaɾdeskan
90L_10NL,3,90L_10NL_3_1,1,2625,"('sk', 'sk', 'sk')",enaɾdeskan,enaɾdeskan
90L_10NL,3,90L_10NL_3_1,1,2625,"('sk', 'sk', 'sk')",enaɾdeskan,enaɾdeskan
90L_10NL,3,90L_10NL_3_1,1,2625,"('sk', 'sk', 'sk')",enaɾdeskan,enaɾdeskan
90L_10NL,3,90L_10NL_3_1,1,2625,"('sk', 'sk', 'sk')",enaɾdeskan,enaɾdeskan
90L_10NL,3,90L_10NL_3_1,1,2625,"('sk', 'sk', 'sk')",enaɾdeskan,enaɾdeskan
90L_10NL,3,90L_10NL_3_1,1,2625,"('sk', 'sk', 'sk')",enaɾdeskan,enaɾdeskan
90L_10NL,3,90L_10NL_3_1,1,1750,"('s', 's', 'sk')",enaɾdeskas,enaɾdeskas
90L_10NL,3,90L_10NL_3_1,1,1750,"('s', 's', 'sk')",enaɾdeskas,enaɾdeskas
90L_10NL,3,90L_10NL_3_1,1,1750,"('s', 's', 'sk')",enaɾdeskas,enaɾdeskas
90L_10NL,3,90L_10NL_3_1,1,1750,"('s', 's', 'sk')",enaɾdeskas,enaɾdeskas
90L_10NL,3,90L_10NL_3_1,1,5250,"('s', 'sk', 'sk')",enaɾdeskas,enaɾdeskas
90L_10NL,3,90L_10NL_3_1,1,5250,"('s', 'sk', 'sk')",enaɾdeskas,enaɾdeskas
90L_10NL,3,90L_10NL_3_1,1,5250,"('s', 'sk', 'sk')",enaɾdeskas,enaɾdeskas
90L_10NL,3,90L_10NL_3_1,1,5250,"('s', 'sk', 'sk')",enaɾdeskas,enaɾdeskas
90L_10NL,3,90L_10NL_3_1,1,5250,"('s', 'sk', 'sk')",enaɾdeskas,enaɾdeskas
90L_10NL,3,90L_10NL_3_1,1,5250,"('s', 'sk', 'sk')",enaɾdeskas,enaɾdeskas
90L_10NL,3,90L_10NL_3_1,1,1750,"('s', 's', 'sk')",enaɾdeskas,enaɾdeskas
90L_10NL,3,90L_10NL_3_1,1,1750,"('s', 's', 'sk')",enaɾdeskas,enaɾdeskas
90L_10NL,3,90L_10NL_3_1,1,1750,"('s', 's', 'sk')",enaɾdeskas,enaɾdeskas
90L_10NL,3,90L_10NL_3_1,1,5250,"('s', 'sk', 'sk')",enaɾdeskas,enaɾdeskas
90L_10NL,3,90L_10NL_3_1,1,5250,"('s', 'sk', 'sk')",enaɾdeskas,enaɾdeskas
90L_10NL,3,90L_10NL_3_1,1,5250,"('s', 'sk', 'sk')",enaɾdeskas,enaɾdeskas
90L_10NL,3,90L_10NL_3_1,1,5250,"('s', 'sk', 'sk')",enaɾdeskas,enaɾdeskas
90L_10NL,3,90L_10NL_3_1,1,5250,"('s', 'sk', 'sk')",enaɾdeskas,enaɾdeskas
90L_10NL,3,90L_10NL_3_1,1,5250,"('s', 'sk', 'sk')",enaɾdeskas,enaɾdeskas
90L_10NL,3,90L_10NL_3_1,1,1750,"('s', 's', 'sk')",enaɾdeskas,enaɾdeskas
90L_10NL,3,90L_10NL_3_1,1,1750,"('s', 's', 'sk')",enaɾdeskas,enaɾdeskas
90L_10NL,3,90L_10NL_3_1,1,5250,"('s', 'sk', 'sk')",enaɾdeskas,enaɾdeskas
90L_10NL,3,90L_10NL_3_1,1,5250,"('s', 'sk', 'sk')",enaɾdeskas,enaɾdeskas
90L_10NL,3,90L_10NL_3_1,1,5250,"('s', 'sk', 'sk')",enaɾdeskas,enaɾdeskas
90L_10NL,3,90L_10NL_3_1,1,5250,"('s', 'sk', 'sk')",enaɾdeskas,enaɾdeskas
90L_10NL,3,90L_10NL_3_1,1,5250,"('s', 'sk', 'sk')",enaɾdeskas,enaɾdeskas
90L_10NL,3,90L_10NL_3_1,1,5250,"('s', 'sk', 'sk')",enaɾdeskas,enaɾdeskas
90L_10NL,3,90L_10NL_3_1,1,1750,"('s', 's', 'sk')",enaɾdeskas,enaɾdeskas
90L_10NL,3,90L_10NL_3_1,1,5250,"('s', 'sk', 'sk')",enaɾdeskas,enaɾdeskas
90L_10NL,3,90L_10NL_3_1,1,5250,"('s', 'sk', 'sk')",enaɾdeskas,enaɾdeskas
90L_10NL,3,90L_10NL_3_1,1,5250,"('s', 'sk', 'sk')",enaɾdeskas,enaɾdeskas
90L_10NL,3,90L_10NL_3_1,1,5250,"('s', 'sk', 'sk')",enaɾdeskas,enaɾdeskas
90L_10NL,3,90L_10NL_3_1,1,5250,"('s', 'sk', 'sk')",enaɾdeskas,enaɾdeskas
90L_10NL,3,90L_10NL_3_1,1,5250,"('s', 'sk', 'sk')",enaɾdeskas,enaɾdeskas
90L_10NL,3,90L_10NL_3_1,1,5250,"('s', 'sk', 'sk')",enaɾdeskas,enaɾdeskas
90L_10NL,3,90L_10NL_3_1,1,5250,"('s', 'sk', 'sk')",enaɾdeskas,enaɾdeskas
90L_10NL,3,90L_10NL_3_1,1,5250,"('s', 'sk', 'sk')",enaɾdeskas,enaɾdeskas
90L_10NL,3,90L_10NL_3_1,1,5250,"('s', 'sk', 'sk')",enaɾdeskas,enaɾdeskas
90L_10NL,3,90L_10NL_3_1,1,5250,"('s', 'sk', 'sk')",enaɾdeskas,enaɾdeskas
90L_10NL,3,90L_10NL_3_1,1,5250,"('s', 'sk', 'sk')",enaɾdeskas,enaɾdeskas
90L_10NL,3,90L_10NL_3_1,1,2625,"('sk', 'sk', 'sk')",enaɾdeskas,enaɾdeskas
90L_10NL,3,90L_10NL_3_1,1,2625,"('sk', 'sk', 'sk')",enaɾdeskas,enaɾdeskas
90L_10NL,3,90L_10NL_3_1,1,2625,"('sk', 'sk', 'sk')",enaɾdeskas,enaɾdeskas
90L_10NL,3,90L_10NL_3_1,1,2625,"('sk', 'sk', 'sk')",enaɾdeskas,enaɾdeskas
90L_10NL,3,90L_10NL_3_1,1,2625,"('sk', 'sk', 'sk')",enaɾdeskas,enaɾdeskas
90L_10NL,3,90L_10NL_3_1,1,2625,"('sk', 'sk', 'sk')",enaɾdeskas,enaɾdeskas
90L_10NL,3,90L_10NL_3_1,1,2625,"('sk', 'sk', 'sk')",enaɾdeskas,enaɾdeskas
90L_10NL,3,90L_10NL_3_1,1,2625,"('sk', 'sk', 'sk')",enaɾdeskas,enaɾdeskas
90L_10NL,3,90L_10NL_3_1,1,2625,"('sk', 'sk', 'sk')",enaɾdeskas,enaɾdeskas
90L_10NL,3,90L_10NL_3_1,1,2625,"('sk', 'sk', 'sk')",enaɾdeskas,enaɾdeskas
90L_10NL,3,90L_10NL_3_1,1,2625,"('sk', 'sk', 'sk')",enaɾdeskas,enaɾdeskas
90L_10NL,3,90L_10NL_3_1,1,2625,"('sk', 'sk', 'sk')",enaɾdeskas,enaɾdeskas
90L_10NL,3,90L_10NL_3_1,1,2625,"('sk', 'sk', 'sk')",enaɾdeskas,enaɾdeskas
90L_10NL,3,90L_10NL_3_1,1,2625,"('sk', 'sk', 'sk')",enaɾdeskas,enaɾdeskas
90L_10NL,3,90L_10NL_3_1,1,2625,"('sk', 'sk', 'sk')",enaɾdeskas,enaɾdeskas
90L_10NL,3,90L_10NL_3_1,1,1750,"('s', 's', 'sk')",enaɾdeska,enaɾdeska
90L_10NL,3,90L_10NL_3_1,1,1750,"('s', 's', 'sk')",enaɾdeska,enaɾdeska
90L_10NL,3,90L_10NL_3_1,1,1750,"('s', 's', 'sk')",enaɾdeska,enaɾdeska
90L_10NL,3,90L_10NL_3_1,1,1750,"('s', 's', 'sk')",enaɾdeska,enaɾdeska
90L_10NL,3,90L_10NL_3_1,1,5250,"('s', 'sk', 'sk')",enaɾdeska,enaɾdeska
90L_10NL,3,90L_10NL_3_1,1,5250,"('s', 'sk', 'sk')",enaɾdeska,enaɾdeska
90L_10NL,3,90L_10NL_3_1,1,5250,"('s', 'sk', 'sk')",enaɾdeska,enaɾdeska
90L_10NL,3,90L_10NL_3_1,1,5250,"('s', 'sk', 'sk')",enaɾdeska,enaɾdeska
90L_10NL,3,90L_10NL_3_1,1,5250,"('s', 'sk', 'sk')",enaɾdeska,enaɾdeska
90L_10NL,3,90L_10NL_3_1,1,5250,"('s', 'sk', 'sk')",enaɾdeska,enaɾdeska
90L_10NL,3,90L_10NL_3_1,1,1750,"('s', 's', 'sk')",enaɾdeska,enaɾdeska
90L_10NL,3,90L_10NL_3_1,1,1750,"('s', 's', 'sk')",enaɾdeska,enaɾdeska
90L_10NL,3,90L_10NL_3_1,1,1750,"('s', 's', 'sk')",enaɾdeska,enaɾdeska
90L_10NL,3,90L_10NL_3_1,1,5250,"('s', 'sk', 'sk')",enaɾdeska,enaɾdeska
90L_10NL,3,90L_10NL_3_1,1,5250,"('s', 'sk', 'sk')",enaɾdeska,enaɾdeska
90L_10NL,3,90L_10NL_3_1,1,5250,"('s', 'sk', 'sk')",enaɾdeska,enaɾdeska
90L_10NL,3,90L_10NL_3_1,1,5250,"('s', 'sk', 'sk')",enaɾdeska,enaɾdeska
90L_10NL,3,90L_10NL_3_1,1,5250,"('s', 'sk', 'sk')",enaɾdeska,enaɾdeska
90L_10NL,3,90L_10NL_3_1,1,5250,"('s', 'sk', 'sk')",enaɾdeska,enaɾdeska
90L_10NL,3,90L_10NL_3_1,1,1750,"('s', 's', 'sk')",enaɾdeska,enaɾdeska
90L_10NL,3,90L_10NL_3_1,1,1750,"('s', 's', 'sk')",enaɾdeska,enaɾdeska
90L_10NL,3,90L_10NL_3_1,1,5250,"('s', 'sk', 'sk')",enaɾdeska,enaɾdeska
90L_10NL,3,90L_10NL_3_1,1,5250,"('s', 'sk', 'sk')",enaɾdeska,enaɾdeska
90L_10NL,3,90L_10NL_3_1,1,5250,"('s', 'sk', 'sk')",enaɾdeska,enaɾdeska
90L_10NL,3,90L_10NL_3_1,1,5250,"('s', 'sk', 'sk')",enaɾdeska,enaɾdeska
90L_10NL,3,90L_10NL_3_1,1,5250,"('s', 'sk', 'sk')",enaɾdeska,enaɾdeska
90L_10NL,3,90L_10NL_3_1,1,5250,"('s', 'sk', 'sk')",enaɾdeska,enaɾdeska
90L_10NL,3,90L_10NL_3_1,1,1750,"('s', 's', 'sk')",enaɾdeska,enaɾdeska
90L_10NL,3,90L_10NL_3_1,1,5250,"('s', 'sk', 'sk')",enaɾdeska,enaɾdeska
90L_10NL,3,90L_10NL_3_1,1,5250,"('s', 'sk', 'sk')",enaɾdeska,enaɾdeska
90L_10NL,3,90L_10NL_3_1,1,5250,"('s', 'sk', 'sk')",enaɾdeska,enaɾdeska
90L_10NL,3,90L_10NL_3_1,1,5250,"('s', 'sk', 'sk')",enaɾdeska,enaɾdeska
90L_10NL,3,90L_10NL_3_1,1,5250,"('s', 'sk', 'sk')",enaɾdeska,enaɾdeska
90L_10NL,3,90L_10NL_3_1,1,5250,"('s', 'sk', 'sk')",enaɾdeska,enaɾdeska
90L_10NL,3,90L_10NL_3_1,1,5250,"('s', 'sk', 'sk')",enaɾdeska,enaɾdeska
90L_10NL,3,90L_10NL_3_1,1,5250,"('s', 'sk', 'sk')",enaɾdeska,enaɾdeska
90L_10NL,3,90L_10NL_3_1,1,5250,"('s', 'sk', 'sk')",enaɾdeska,enaɾdeska
90L_10NL,3,90L_10NL_3_1,1,5250,"('s', 'sk', 'sk')",enaɾdeska,enaɾdeska
90L_10NL,3,90L_10NL_3_1,1,5250,"('s', 'sk', 'sk')",enaɾdeska,enaɾdeska
90L_10NL,3,90L_10NL_3_1,1,5250,"('s', 'sk', 'sk')",enaɾdeska,enaɾdeska
90L_10NL,3,90L_10NL_3_1,1,2625,"('sk', 'sk', 'sk')",enaɾdeska,enaɾdeska
90L_10NL,3,90L_10NL_3_1,1,2625,"('sk', 'sk', 'sk')",enaɾdeska,enaɾdeska
90L_10NL,3,90L_10NL_3_1,1,2625,"('sk', 'sk', 'sk')",enaɾdeska,enaɾdeska
90L_10NL,3,90L_10NL_3_1,1,2625,"('sk', 'sk', 'sk')",enaɾdeska,enaɾdeska
90L_10NL,3,90L_10NL_3_1,1,2625,"('sk', 'sk', 'sk')",enaɾdeska,enaɾdeska
90L_10NL,3,90L_10NL_3_1,1,2625,"('sk', 'sk', 'sk')",enaɾdeska,enaɾdeska
90L_10NL,3,90L_10NL_3_1,1,2625,"('sk', 'sk', 'sk')",enaɾdeska,enaɾdeska
90L_10NL,3,90L_10NL_3_1,1,2625,"('sk', 'sk', 'sk')",enaɾdeska,enaɾdeska
90L_10NL,3,90L_10NL_3_1,1,2625,"('sk', 'sk', 'sk')",enaɾdeska,enaɾdeska
90L_10NL,3,90L_10NL_3_1,1,2625,"('sk', 'sk', 'sk')",enaɾdeska,enaɾdeska
90L_10NL,3,90L_10NL_3_1,1,2625,"('sk', 'sk', 'sk')",enaɾdeska,enaɾdeska
90L_10NL,3,90L_10NL_3_1,1,2625,"('sk', 'sk', 'sk')",enaɾdeska,enaɾdeska
90L_10NL,3,90L_10NL_3_1,1,2625,"('sk', 'sk', 'sk')",enaɾdeska,enaɾdeska
90L_10NL,3,90L_10NL_3_1,1,2625,"('sk', 'sk', 'sk')",enaɾdeska,enaɾdeska
90L_10NL,3,90L_10NL_3_1,1,2625,"('sk', 'sk', 'sk')",enaɾdeska,enaɾdeska
90L_10NL,3,90L_10NL_3_1,1,1750,"('s', 's', 'sk')",enaɾdeska,enaɾdeska
90L_10NL,3,90L_10NL_3_1,1,1750,"('s', 's', 'sk')",enaɾdeska,enaɾdeska
90L_10NL,3,90L_10NL_3_1,1,1750,"('s', 's', 'sk')",enaɾdeska,enaɾdeska
90L_10NL,3,90L_10NL_3_1,1,1750,"('s', 's', 'sk')",enaɾdeska,enaɾdeska
90L_10NL,3,90L_10NL_3_1,1,5250,"('s', 'sk', 'sk')",enaɾdeska,enaɾdeska
90L_10NL,3,90L_10NL_3_1,1,5250,"('s', 'sk', 'sk')",enaɾdeska,enaɾdeska
90L_10NL,3,90L_10NL_3_1,1,5250,"('s', 'sk', 'sk')",enaɾdeska,enaɾdeska
90L_10NL,3,90L_10NL_3_1,1,5250,"('s', 'sk', 'sk')",enaɾdeska,enaɾdeska
90L_10NL,3,90L_10NL_3_1,1,5250,"('s', 'sk', 'sk')",enaɾdeska,enaɾdeska
90L_10NL,3,90L_10NL_3_1,1,5250,"('s', 'sk', 'sk')",enaɾdeska,enaɾdeska
90L_10NL,3,90L_10NL_3_1,1,1750,"('s', 's', 'sk')",enaɾdeska,enaɾdeska
90L_10NL,3,90L_10NL_3_1,1,1750,"('s', 's', 'sk')",enaɾdeska,enaɾdeska
90L_10NL,3,90L_10NL_3_1,1,1750,"('s', 's', 'sk')",enaɾdeska,enaɾdeska
90L_10NL,3,90L_10NL_3_1,1,5250,"('s', 'sk', 'sk')",enaɾdeska,enaɾdeska
90L_10NL,3,90L_10NL_3_1,1,5250,"('s', 'sk', 'sk')",enaɾdeska,enaɾdeska
90L_10NL,3,90L_10NL_3_1,1,5250,"('s', 'sk', 'sk')",enaɾdeska,enaɾdeska
90L_10NL,3,90L_10NL_3_1,1,5250,"('s', 'sk', 'sk')",enaɾdeska,enaɾdeska
90L_10NL,3,90L_10NL_3_1,1,5250,"('s', 'sk', 'sk')",enaɾdeska,enaɾdeska
90L_10NL,3,90L_10NL_3_1,1,5250,"('s', 'sk', 'sk')",enaɾdeska,enaɾdeska
90L_10NL,3,90L_10NL_3_1,1,1750,"('s', 's', 'sk')",enaɾdeska,enaɾdeska
90L_10NL,3,90L_10NL_3_1,1,1750,"('s', 's', 'sk')",enaɾdeska,enaɾdeska
90L_10NL,3,90L_10NL_3_1,1,5250,"('s', 'sk', 'sk')",enaɾdeska,enaɾdeska
90L_10NL,3,90L_10NL_3_1,1,5250,"('s', 'sk', 'sk')",enaɾdeska,enaɾdeska
90L_10NL,3,90L_10NL_3_1,1,5250,"('s', 'sk', 'sk')",enaɾdeska,enaɾdeska
90L_10NL,3,90L_10NL_3_1,1,5250,"('s', 'sk', 'sk')",enaɾdeska,enaɾdeska
90L_10NL,3,90L_10NL_3_1,1,5250,"('s', 'sk', 'sk')",enaɾdeska,enaɾdeska
90L_10NL,3,90L_10NL_3_1,1,5250,"('s', 'sk', 'sk')",enaɾdeska,enaɾdeska
90L_10NL,3,90L_10NL_3_1,1,1750,"('s', 's', 'sk')",enaɾdeska,enaɾdeska
90L_10NL,3,90L_10NL_3_1,1,5250,"('s', 'sk', 'sk')",enaɾdeska,enaɾdeska
90L_10NL,3,90L_10NL_3_1,1,5250,"('s', 'sk', 'sk')",enaɾdeska,enaɾdeska
90L_10NL,3,90L_10NL_3_1,1,5250,"('s', 'sk', 'sk')",enaɾdeska,enaɾdeska
90L_10NL,3,90L_10NL_3_1,1,5250,"('s', 'sk', 'sk')",enaɾdeska,enaɾdeska
90L_10NL,3,90L_10NL_3_1,1,5250,"('s', 'sk', 'sk')",enaɾdeska,enaɾdeska
90L_10NL,3,90L_10NL_3_1,1,5250,"('s', 'sk', 'sk')",enaɾdeska,enaɾdeska
90L_10NL,3,90L_10NL_3_1,1,5250,"('s', 'sk', 'sk')",enaɾdeska,enaɾdeska
90L_10NL,3,90L_10NL_3_1,1,5250,"('s', 'sk', 'sk')",enaɾdeska,enaɾdeska
90L_10NL,3,90L_10NL_3_1,1,5250,"('s', 'sk', 'sk')",enaɾdeska,enaɾdeska
90L_10NL,3,90L_10NL_3_1,1,5250,"('s', 'sk', 'sk')",enaɾdeska,enaɾdeska
90L_10NL,3,90L_10NL_3_1,1,5250,"('s', 'sk', 'sk')",enaɾdeska,enaɾdeska
90L_10NL,3,90L_10NL_3_1,1,5250,"('s', 'sk', 'sk')",enaɾdeska,enaɾdeska
90L_10NL,3,90L_10NL_3_1,1,2625,"('sk', 'sk', 'sk')",enaɾdeska,enaɾdeska
90L_10NL,3,90L_10NL_3_1,1,2625,"('sk', 'sk', 'sk')",enaɾdeska,enaɾdeska
90L_10NL,3,90L_10NL_3_1,1,2625,"('sk', 'sk', 'sk')",enaɾdeska,enaɾdeska
90L_10NL,3,90L_10NL_3_1,1,2625,"('sk', 'sk', 'sk')",enaɾdeska,enaɾdeska
90L_10NL,3,90L_10NL_3_1,1,2625,"('sk', 'sk', 'sk')",enaɾdeska,enaɾdeska
90L_10NL,3,90L_10NL_3_1,1,2625,"('sk', 'sk', 'sk')",enaɾdeska,enaɾdeska
90L_10NL,3,90L_10NL_3_1,1,2625,"('sk', 'sk', 'sk')",enaɾdeska,enaɾdeska
90L_10NL,3,90L_10NL_3_1,1,2625,"('sk', 'sk', 'sk')",enaɾdeska,enaɾdeska
90L_10NL,3,90L_10NL_3_1,1,2625,"('sk', 'sk', 'sk')",enaɾdeska,enaɾdeska
90L_10NL,3,90L_10NL_3_1,1,2625,"('sk', 'sk', 'sk')",enaɾdeska,enaɾdeska
90L_10NL,3,90L_10NL_3_1,1,2625,"('sk', 'sk', 'sk')",enaɾdeska,enaɾdeska
90L_10NL,3,90L_10NL_3_1,1,2625,"('sk', 'sk', 'sk')",enaɾdeska,enaɾdeska
90L_10NL,3,90L_10NL_3_1,1,2625,"('sk', 'sk', 'sk')",enaɾdeska,enaɾdeska
90L_10NL,3,90L_10NL_3_1,1,2625,"('sk', 'sk', 'sk')",enaɾdeska,enaɾdeska
90L_10NL,3,90L_10NL_3_1,1,2625,"('sk', 'sk', 'sk')",enaɾdeska,enaɾdeska
90L_10NL,3,90L_10NL_3_1,1,1750,"('s', 's', 'sk')",enaɾdesko,enaɾdesko
90L_10NL,3,90L_10NL_3_1,1,1750,"('s', 's', 'sk')",enaɾdesko,enaɾdesko
90L_10NL,3,90L_10NL_3_1,1,1750,"('s', 's', 'sk')",enaɾdesko,enaɾdesko
90L_10NL,3,90L_10NL_3_1,1,1750,"('s', 's', 'sk')",enaɾdesko,enaɾdesko
90L_10NL,3,90L_10NL_3_1,1,5250,"('s', 'sk', 'sk')",enaɾdesko,enaɾdesko
90L_10NL,3,90L_10NL_3_1,1,5250,"('s', 'sk', 'sk')",enaɾdesko,enaɾdesko
90L_10NL,3,90L_10NL_3_1,1,5250,"('s', 'sk', 'sk')",enaɾdesko,enaɾdesko
90L_10NL,3,90L_10NL_3_1,1,5250,"('s', 'sk', 'sk')",enaɾdesko,enaɾdesko
90L_10NL,3,90L_10NL_3_1,1,5250,"('s', 'sk', 'sk')",enaɾdesko,enaɾdesko
90L_10NL,3,90L_10NL_3_1,1,5250,"('s', 'sk', 'sk')",enaɾdesko,enaɾdesko
90L_10NL,3,90L_10NL_3_1,1,1750,"('s', 's', 'sk')",enaɾdesko,enaɾdesko
90L_10NL,3,90L_10NL_3_1,1,1750,"('s', 's', 'sk')",enaɾdesko,enaɾdesko
90L_10NL,3,90L_10NL_3_1,1,1750,"('s', 's', 'sk')",enaɾdesko,enaɾdesko
90L_10NL,3,90L_10NL_3_1,1,5250,"('s', 'sk', 'sk')",enaɾdesko,enaɾdesko
90L_10NL,3,90L_10NL_3_1,1,5250,"('s', 'sk', 'sk')",enaɾdesko,enaɾdesko
90L_10NL,3,90L_10NL_3_1,1,5250,"('s', 'sk', 'sk')",enaɾdesko,enaɾdesko
90L_10NL,3,90L_10NL_3_1,1,5250,"('s', 'sk', 'sk')",enaɾdesko,enaɾdesko
90L_10NL,3,90L_10NL_3_1,1,5250,"('s', 'sk', 'sk')",enaɾdesko,enaɾdesko
90L_10NL,3,90L_10NL_3_1,1,5250,"('s', 'sk', 'sk')",enaɾdesko,enaɾdesko
90L_10NL,3,90L_10NL_3_1,1,1750,"('s', 's', 'sk')",enaɾdesko,enaɾdesko
90L_10NL,3,90L_10NL_3_1,1,1750,"('s', 's', 'sk')",enaɾdesko,enaɾdesko
90L_10NL,3,90L_10NL_3_1,1,5250,"('s', 'sk', 'sk')",enaɾdesko,enaɾdesko
90L_10NL,3,90L_10NL_3_1,1,5250,"('s', 'sk', 'sk')",enaɾdesko,enaɾdesko
90L_10NL,3,90L_10NL_3_1,1,5250,"('s', 'sk', 'sk')",enaɾdesko,enaɾdesko
90L_10NL,3,90L_10NL_3_1,1,5250,"('s', 'sk', 'sk')",enaɾdesko,enaɾdesko
90L_10NL,3,90L_10NL_3_1,1,5250,"('s', 'sk', 'sk')",enaɾdesko,enaɾdesko
90L_10NL,3,90L_10NL_3_1,1,5250,"('s', 'sk', 'sk')",enaɾdesko,enaɾdesko
90L_10NL,3,90L_10NL_3_1,1,1750,"('s', 's', 'sk')",enaɾdesko,enaɾdesko
90L_10NL,3,90L_10NL_3_1,1,5250,"('s', 'sk', 'sk')",enaɾdesko,enaɾdesko
90L_10NL,3,90L_10NL_3_1,1,5250,"('s', 'sk', 'sk')",enaɾdesko,enaɾdesko
90L_10NL,3,90L_10NL_3_1,1,5250,"('s', 'sk', 'sk')",enaɾdesko,enaɾdesko
90L_10NL,3,90L_10NL_3_1,1,5250,"('s', 'sk', 'sk')",enaɾdesko,enaɾdesko
90L_10NL,3,90L_10NL_3_1,1,5250,"('s', 'sk', 'sk')",enaɾdesko,enaɾdesko
90L_10NL,3,90L_10NL_3_1,1,5250,"('s', 'sk', 'sk')",enaɾdesko,enaɾdesko
90L_10NL,3,90L_10NL_3_1,1,5250,"('s', 'sk', 'sk')",enaɾdesko,enaɾdesko
90L_10NL,3,90L_10NL_3_1,1,5250,"('s', 'sk', 'sk')",enaɾdesko,enaɾdesko
90L_10NL,3,90L_10NL_3_1,1,5250,"('s', 'sk', 'sk')",enaɾdesko,enaɾdesko
90L_10NL,3,90L_10NL_3_1,1,5250,"('s', 'sk', 'sk')",enaɾdesko,enaɾdesko
90L_10NL,3,90L_10NL_3_1,1,5250,"('s', 'sk', 'sk')",enaɾdesko,enaɾdesko
90L_10NL,3,90L_10NL_3_1,1,5250,"('s', 'sk', 'sk')",enaɾdesko,enaɾdesko
90L_10NL,3,90L_10NL_3_1,1,2625,"('sk', 'sk', 'sk')",enaɾdesko,enaɾdesko
90L_10NL,3,90L_10NL_3_1,1,2625,"('sk', 'sk', 'sk')",enaɾdesko,enaɾdesko
90L_10NL,3,90L_10NL_3_1,1,2625,"('sk', 'sk', 'sk')",enaɾdesko,enaɾdesko
90L_10NL,3,90L_10NL_3_1,1,2625,"('sk', 'sk', 'sk')",enaɾdesko,enaɾdesko
90L_10NL,3,90L_10NL_3_1,1,2625,"('sk', 'sk', 'sk')",enaɾdesko,enaɾdesko
90L_10NL,3,90L_10NL_3_1,1,2625,"('sk', 'sk', 'sk')",enaɾdesko,enaɾdesko
90L_10NL,3,90L_10NL_3_1,1,2625,"('sk', 'sk', 'sk')",enaɾdesko,enaɾdesko
90L_10NL,3,90L_10NL_3_1,1,2625,"('sk', 'sk', 'sk')",enaɾdesko,enaɾdesko
90L_10NL,3,90L_10NL_3_1,1,2625,"('sk', 'sk', 'sk')",enaɾdesko,enaɾdesko
90L_10NL,3,90L_10NL_3_1,1,2625,"('sk', 'sk', 'sk')",enaɾdesko,enaɾdesko
90L_10NL,3,90L_10NL_3_1,1,2625,"('sk', 'sk', 'sk')",enaɾdesko,enaɾdesko
90L_10NL,3,90L_10NL_3_1,1,2625,"('sk', 'sk', 'sk')",enaɾdesko,enaɾdesko
90L_10NL,3,90L_10NL_3_1,1,2625,"('sk', 'sk', 'sk')",enaɾdesko,enaɾdesko
90L_10NL,3,90L_10NL_3_1,1,2625,"('sk', 'sk', 'sk')",enaɾdesko,enaɾdesko
90L_10NL,3,90L_10NL_3_1,1,2625,"('sk', 'sk', 'sk')",enaɾdesko,enaɾdesko
90L_10NL,3,90L_10NL_3_1,1,1085,"('s', 's', 's')",indusen,indusen
90L_10NL,3,90L_10NL_3_1,1,1085,"('s', 's', 's')",indusen,indusen
90L_10NL,3,90L_10NL_3_1,1,1085,"('s', 's', 's')",indusen,indusen
90L_10NL,3,90L_10NL_3_1,1,3500,"('s', 'sk', 's')",indusen,indusen
90L_10NL,3,90L_10NL_3_1,1,3500,"('s', 'sk', 's')",indusen,indusen
90L_10NL,3,90L_10NL_3_1,1,3500,"('s', 'sk', 's')",indusen,indusen
90L_10NL,3,90L_10NL_3_1,1,3500,"('s', 'sk', 's')",indusen,indusen
90L_10NL,3,90L_10NL_3_1,1,3500,"('s', 'sk', 's')",indusen,indusen
90L_10NL,3,90L_10NL_3_1,1,3500,"('s', 'sk', 's')",indusen,indusen
90L_10NL,3,90L_10NL_3_1,1,3500,"('s', 'sk', 's')",indusen,indusen
90L_10NL,3,90L_10NL_3_1,1,1085,"('s', 's', 's')",indusen,indusen
90L_10NL,3,90L_10NL_3_1,1,1085,"('s', 's', 's')",indusen,indusen
90L_10NL,3,90L_10NL_3_1,1,3500,"('s', 'sk', 's')",indusen,indusen
90L_10NL,3,90L_10NL_3_1,1,3500,"('s', 'sk', 's')",indusen,indusen
90L_10NL,3,90L_10NL_3_1,1,3500,"('s', 'sk', 's')",indusen,indusen
90L_10NL,3,90L_10NL_3_1,1,3500,"('s', 'sk', 's')",indusen,indusen
90L_10NL,3,90L_10NL_3_1,1,3500,"('s', 'sk', 's')",indusen,indusen
90L_10NL,3,90L_10NL_3_1,1,3500,"('s', 'sk', 's')",indusen,indusen
90L_10NL,3,90L_10NL_3_1,1,3500,"('s', 'sk', 's')",indusen,indusen
90L_10NL,3,90L_10NL_3_1,1,1085,"('s', 's', 's')",indusen,indusen
90L_10NL,3,90L_10NL_3_1,1,3500,"('s', 'sk', 's')",indusen,indusen
90L_10NL,3,90L_10NL_3_1,1,3500,"('s', 'sk', 's')",indusen,indusen
90L_10NL,3,90L_10NL_3_1,1,3500,"('s', 'sk', 's')",indusen,indusen
90L_10NL,3,90L_10NL_3_1,1,3500,"('s', 'sk', 's')",indusen,indusen
90L_10NL,3,90L_10NL_3_1,1,3500,"('s', 'sk', 's')",indusen,indusen
90L_10NL,3,90L_10NL_3_1,1,3500,"('s', 'sk', 's')",indusen,indusen
90L_10NL,3,90L_10NL_3_1,1,3500,"('s', 'sk', 's')",indusen,indusen
90L_10NL,3,90L_10NL_3_1,1,3500,"('s', 'sk', 's')",indusen,indusen
90L_10NL,3,90L_10NL_3_1,1,3500,"('s', 'sk', 's')",indusen,indusen
90L_10NL,3,90L_10NL_3_1,1,3500,"('s', 'sk', 's')",indusen,indusen
90L_10NL,3,90L_10NL_3_1,1,3500,"('s', 'sk', 's')",indusen,indusen
90L_10NL,3,90L_10NL_3_1,1,3500,"('s', 'sk', 's')",indusen,indusen
90L_10NL,3,90L_10NL_3_1,1,3500,"('s', 'sk', 's')",indusen,indusen
90L_10NL,3,90L_10NL_3_1,1,3500,"('s', 'sk', 's')",indusen,indusen
90L_10NL,3,90L_10NL_3_1,1,2625,"('sk', 'sk', 's')",indusen,indusen
90L_10NL,3,90L_10NL_3_1,1,2625,"('sk', 'sk', 's')",indusen,indusen
90L_10NL,3,90L_10NL_3_1,1,2625,"('sk', 'sk', 's')",indusen,indusen
90L_10NL,3,90L_10NL_3_1,1,2625,"('sk', 'sk', 's')",indusen,indusen
90L_10NL,3,90L_10NL_3_1,1,2625,"('sk', 'sk', 's')",indusen,indusen
90L_10NL,3,90L_10NL_3_1,1,2625,"('sk', 'sk', 's')",indusen,indusen
90L_10NL,3,90L_10NL_3_1,1,2625,"('sk', 'sk', 's')",indusen,indusen
90L_10NL,3,90L_10NL_3_1,1,2625,"('sk', 'sk', 's')",indusen,indusen
90L_10NL,3,90L_10NL_3_1,1,2625,"('sk', 'sk', 's')",indusen,indusen
90L_10NL,3,90L_10NL_3_1,1,2625,"('sk', 'sk', 's')",indusen,indusen
90L_10NL,3,90L_10NL_3_1,1,2625,"('sk', 'sk', 's')",indusen,indusen
90L_10NL,3,90L_10NL_3_1,1,2625,"('sk', 'sk', 's')",indusen,indusen
90L_10NL,3,90L_10NL_3_1,1,2625,"('sk', 'sk', 's')",indusen,indusen
90L_10NL,3,90L_10NL_3_1,1,2625,"('sk', 'sk', 's')",indusen,indusen
90L_10NL,3,90L_10NL_3_1,1,2625,"('sk', 'sk', 's')",indusen,indusen
90L_10NL,3,90L_10NL_3_1,1,2625,"('sk', 'sk', 's')",indusen,indusen
90L_10NL,3,90L_10NL_3_1,1,2625,"('sk', 'sk', 's')",indusen,indusen
90L_10NL,3,90L_10NL_3_1,1,2625,"('sk', 'sk', 's')",indusen,indusen
90L_10NL,3,90L_10NL_3_1,1,2625,"('sk', 'sk', 's')",indusen,indusen
90L_10NL,3,90L_10NL_3_1,1,2625,"('sk', 'sk', 's')",indusen,indusen
90L_10NL,3,90L_10NL_3_1,1,2625,"('sk', 'sk', 's')",indusen,indusen
90L_10NL,3,90L_10NL_3_1,1,1085,"('s', 's', 's')",induses,induses
90L_10NL,3,90L_10NL_3_1,1,1085,"('s', 's', 's')",induses,induses
90L_10NL,3,90L_10NL_3_1,1,1085,"('s', 's', 's')",induses,induses
90L_10NL,3,90L_10NL_3_1,1,3500,"('s', 'sk', 's')",induses,induses
90L_10NL,3,90L_10NL_3_1,1,3500,"('s', 'sk', 's')",induses,induses
90L_10NL,3,90L_10NL_3_1,1,3500,"('s', 'sk', 's')",induses,induses
90L_10NL,3,90L_10NL_3_1,1,3500,"('s', 'sk', 's')",induses,induses
90L_10NL,3,90L_10NL_3_1,1,3500,"('s', 'sk', 's')",induses,induses
90L_10NL,3,90L_10NL_3_1,1,3500,"('s', 'sk', 's')",induses,induses
90L_10NL,3,90L_10NL_3_1,1,3500,"('s', 'sk', 's')",induses,induses
90L_10NL,3,90L_10NL_3_1,1,1085,"('s', 's', 's')",induses,induses
90L_10NL,3,90L_10NL_3_1,1,1085,"('s', 's', 's')",induses,induses
90L_10NL,3,90L_10NL_3_1,1,3500,"('s', 'sk', 's')",induses,induses
90L_10NL,3,90L_10NL_3_1,1,3500,"('s', 'sk', 's')",induses,induses
90L_10NL,3,90L_10NL_3_1,1,3500,"('s', 'sk', 's')",induses,induses
90L_10NL,3,90L_10NL_3_1,1,3500,"('s', 'sk', 's')",induses,induses
90L_10NL,3,90L_10NL_3_1,1,3500,"('s', 'sk', 's')",induses,induses
90L_10NL,3,90L_10NL_3_1,1,3500,"('s', 'sk', 's')",induses,induses
90L_10NL,3,90L_10NL_3_1,1,3500,"('s', 'sk', 's')",induses,induses
90L_10NL,3,90L_10NL_3_1,1,1085,"('s', 's', 's')",induses,induses
90L_10NL,3,90L_10NL_3_1,1,3500,"('s', 'sk', 's')",induses,induses
90L_10NL,3,90L_10NL_3_1,1,3500,"('s', 'sk', 's')",induses,induses
90L_10NL,3,90L_10NL_3_1,1,3500,"('s', 'sk', 's')",induses,induses
90L_10NL,3,90L_10NL_3_1,1,3500,"('s', 'sk', 's')",induses,induses
90L_10NL,3,90L_10NL_3_1,1,3500,"('s', 'sk', 's')",induses,induses
90L_10NL,3,90L_10NL_3_1,1,3500,"('s', 'sk', 's')",induses,induses
90L_10NL,3,90L_10NL_3_1,1,3500,"('s', 'sk', 's')",induses,induses
90L_10NL,3,90L_10NL_3_1,1,3500,"('s', 'sk', 's')",induses,induses
90L_10NL,3,90L_10NL_3_1,1,3500,"('s', 'sk', 's')",induses,induses
90L_10NL,3,90L_10NL_3_1,1,3500,"('s', 'sk', 's')",induses,induses
90L_10NL,3,90L_10NL_3_1,1,3500,"('s', 'sk', 's')",induses,induses
90L_10NL,3,90L_10NL_3_1,1,3500,"('s', 'sk', 's')",induses,induses
90L_10NL,3,90L_10NL_3_1,1,3500,"('s', 'sk', 's')",induses,induses
90L_10NL,3,90L_10NL_3_1,1,3500,"('s', 'sk', 's')",induses,induses
90L_10NL,3,90L_10NL_3_1,1,2625,"('sk', 'sk', 's')",induses,induses
90L_10NL,3,90L_10NL_3_1,1,2625,"('sk', 'sk', 's')",induses,induses
90L_10NL,3,90L_10NL_3_1,1,2625,"('sk', 'sk', 's')",induses,induses
90L_10NL,3,90L_10NL_3_1,1,2625,"('sk', 'sk', 's')",induses,induses
90L_10NL,3,90L_10NL_3_1,1,2625,"('sk', 'sk', 's')",induses,induses
90L_10NL,3,90L_10NL_3_1,1,2625,"('sk', 'sk', 's')",induses,induses
90L_10NL,3,90L_10NL_3_1,1,2625,"('sk', 'sk', 's')",induses,induses
90L_10NL,3,90L_10NL_3_1,1,2625,"('sk', 'sk', 's')",induses,induses
90L_10NL,3,90L_10NL_3_1,1,2625,"('sk', 'sk', 's')",induses,induses
90L_10NL,3,90L_10NL_3_1,1,2625,"('sk', 'sk', 's')",induses,induses
90L_10NL,3,90L_10NL_3_1,1,2625,"('sk', 'sk', 's')",induses,induses
90L_10NL,3,90L_10NL_3_1,1,2625,"('sk', 'sk', 's')",induses,induses
90L_10NL,3,90L_10NL_3_1,1,2625,"('sk', 'sk', 's')",induses,induses
90L_10NL,3,90L_10NL_3_1,1,2625,"('sk', 'sk', 's')",induses,induses
90L_10NL,3,90L_10NL_3_1,1,2625,"('sk', 'sk', 's')",induses,induses
90L_10NL,3,90L_10NL_3_1,1,2625,"('sk', 'sk', 's')",induses,induses
90L_10NL,3,90L_10NL_3_1,1,2625,"('sk', 'sk', 's')",induses,induses
90L_10NL,3,90L_10NL_3_1,1,2625,"('sk', 'sk', 's')",induses,induses
90L_10NL,3,90L_10NL_3_1,1,2625,"('sk', 'sk', 's')",induses,induses
90L_10NL,3,90L_10NL_3_1,1,2625,"('sk', 'sk', 's')",induses,induses
90L_10NL,3,90L_10NL_3_1,1,2625,"('sk', 'sk', 's')",induses,induses
90L_10NL,3,90L_10NL_3_1,1,1085,"('s', 's', 's')",induse,induse
90L_10NL,3,90L_10NL_3_1,1,1085,"('s', 's', 's')",induse,induse
90L_10NL,3,90L_10NL_3_1,1,1085,"('s', 's', 's')",induse,induse
90L_10NL,3,90L_10NL_3_1,1,3500,"('s', 'sk', 's')",induse,induse
90L_10NL,3,90L_10NL_3_1,1,3500,"('s', 'sk', 's')",induse,induse
90L_10NL,3,90L_10NL_3_1,1,3500,"('s', 'sk', 's')",induse,induse
90L_10NL,3,90L_10NL_3_1,1,3500,"('s', 'sk', 's')",induse,induse
90L_10NL,3,90L_10NL_3_1,1,3500,"('s', 'sk', 's')",induse,induse
90L_10NL,3,90L_10NL_3_1,1,3500,"('s', 'sk', 's')",induse,induse
90L_10NL,3,90L_10NL_3_1,1,3500,"('s', 'sk', 's')",induse,induse
90L_10NL,3,90L_10NL_3_1,1,1085,"('s', 's', 's')",induse,induse
90L_10NL,3,90L_10NL_3_1,1,1085,"('s', 's', 's')",induse,induse
90L_10NL,3,90L_10NL_3_1,1,3500,"('s', 'sk', 's')",induse,induse
90L_10NL,3,90L_10NL_3_1,1,3500,"('s', 'sk', 's')",induse,induse
90L_10NL,3,90L_10NL_3_1,1,3500,"('s', 'sk', 's')",induse,induse
90L_10NL,3,90L_10NL_3_1,1,3500,"('s', 'sk', 's')",induse,induse
90L_10NL,3,90L_10NL_3_1,1,3500,"('s', 'sk', 's')",induse,induse
90L_10NL,3,90L_10NL_3_1,1,3500,"('s', 'sk', 's')",induse,induse
90L_10NL,3,90L_10NL_3_1,1,3500,"('s', 'sk', 's')",induse,induse
90L_10NL,3,90L_10NL_3_1,1,1085,"('s', 's', 's')",induse,induse
90L_10NL,3,90L_10NL_3_1,1,3500,"('s', 'sk', 's')",induse,induse
90L_10NL,3,90L_10NL_3_1,1,3500,"('s', 'sk', 's')",induse,induse
90L_10NL,3,90L_10NL_3_1,1,3500,"('s', 'sk', 's')",induse,induse
90L_10NL,3,90L_10NL_3_1,1,3500,"('s', 'sk', 's')",induse,induse
90L_10NL,3,90L_10NL_3_1,1,3500,"('s', 'sk', 's')",induse,induse
90L_10NL,3,90L_10NL_3_1,1,3500,"('s', 'sk', 's')",induse,induse
90L_10NL,3,90L_10NL_3_1,1,3500,"('s', 'sk', 's')",induse,induse
90L_10NL,3,90L_10NL_3_1,1,3500,"('s', 'sk', 's')",induse,induse
90L_10NL,3,90L_10NL_3_1,1,3500,"('s', 'sk', 's')",induse,induse
90L_10NL,3,90L_10NL_3_1,1,3500,"('s', 'sk', 's')",induse,induse
90L_10NL,3,90L_10NL_3_1,1,3500,"('s', 'sk', 's')",induse,induse
90L_10NL,3,90L_10NL_3_1,1,3500,"('s', 'sk', 's')",induse,induse
90L_10NL,3,90L_10NL_3_1,1,3500,"('s', 'sk', 's')",induse,induse
90L_10NL,3,90L_10NL_3_1,1,3500,"('s', 'sk', 's')",induse,induse
90L_10NL,3,90L_10NL_3_1,1,2625,"('sk', 'sk', 's')",induse,induse
90L_10NL,3,90L_10NL_3_1,1,2625,"('sk', 'sk', 's')",induse,induse
90L_10NL,3,90L_10NL_3_1,1,2625,"('sk', 'sk', 's')",induse,induse
90L_10NL,3,90L_10NL_3_1,1,2625,"('sk', 'sk', 's')",induse,induse
90L_10NL,3,90L_10NL_3_1,1,2625,"('sk', 'sk', 's')",induse,induse
90L_10NL,3,90L_10NL_3_1,1,2625,"('sk', 'sk', 's')",induse,induse
90L_10NL,3,90L_10NL_3_1,1,2625,"('sk', 'sk', 's')",induse,induse
90L_10NL,3,90L_10NL_3_1,1,2625,"('sk', 'sk', 's')",induse,induse
90L_10NL,3,90L_10NL_3_1,1,2625,"('sk', 'sk', 's')",induse,induse
90L_10NL,3,90L_10NL_3_1,1,2625,"('sk', 'sk', 's')",induse,induse
90L_10NL,3,90L_10NL_3_1,1,2625,"('sk', 'sk', 's')",induse,induse
90L_10NL,3,90L_10NL_3_1,1,2625,"('sk', 'sk', 's')",induse,induse
90L_10NL,3,90L_10NL_3_1,1,2625,"('sk', 'sk', 's')",induse,induse
90L_10NL,3,90L_10NL_3_1,1,2625,"('sk', 'sk', 's')",induse,induse
90L_10NL,3,90L_10NL_3_1,1,2625,"('sk', 'sk', 's')",induse,induse
90L_10NL,3,90L_10NL_3_1,1,2625,"('sk', 'sk', 's')",induse,induse
90L_10NL,3,90L_10NL_3_1,1,2625,"('sk', 'sk', 's')",induse,induse
90L_10NL,3,90L_10NL_3_1,1,2625,"('sk', 'sk', 's')",induse,induse
90L_10NL,3,90L_10NL_3_1,1,2625,"('sk', 'sk', 's')",induse,induse
90L_10NL,3,90L_10NL_3_1,1,2625,"('sk', 'sk', 's')",induse,induse
90L_10NL,3,90L_10NL_3_1,1,2625,"('sk', 'sk', 's')",induse,induse
90L_10NL,3,90L_10NL_3_1,1,1085,"('s', 's', 's')",indusimos,indusimos
90L_10NL,3,90L_10NL_3_1,1,1085,"('s', 's', 's')",indusimos,indusimos
90L_10NL,3,90L_10NL_3_1,1,1085,"('s', 's', 's')",indusimos,indusimos
90L_10NL,3,90L_10NL_3_1,1,3500,"('s', 'sk', 's')",indusimos,indusimos
90L_10NL,3,90L_10NL_3_1,1,3500,"('s', 'sk', 's')",indusimos,indusimos
90L_10NL,3,90L_10NL_3_1,1,3500,"('s', 'sk', 's')",indusimos,indusimos
90L_10NL,3,90L_10NL_3_1,1,3500,"('s', 'sk', 's')",indusimos,indusimos
90L_10NL,3,90L_10NL_3_1,1,3500,"('s', 'sk', 's')",indusimos,indusimos
90L_10NL,3,90L_10NL_3_1,1,3500,"('s', 'sk', 's')",indusimos,indusimos
90L_10NL,3,90L_10NL_3_1,1,3500,"('s', 'sk', 's')",indusimos,indusimos
90L_10NL,3,90L_10NL_3_1,1,1085,"('s', 's', 's')",indusimos,indusimos
90L_10NL,3,90L_10NL_3_1,1,1085,"('s', 's', 's')",indusimos,indusimos
90L_10NL,3,90L_10NL_3_1,1,3500,"('s', 'sk', 's')",indusimos,indusimos
90L_10NL,3,90L_10NL_3_1,1,3500,"('s', 'sk', 's')",indusimos,indusimos
90L_10NL,3,90L_10NL_3_1,1,3500,"('s', 'sk', 's')",indusimos,indusimos
90L_10NL,3,90L_10NL_3_1,1,3500,"('s', 'sk', 's')",indusimos,indusimos
90L_10NL,3,90L_10NL_3_1,1,3500,"('s', 'sk', 's')",indusimos,indusimos
90L_10NL,3,90L_10NL_3_1,1,3500,"('s', 'sk', 's')",indusimos,indusimos
90L_10NL,3,90L_10NL_3_1,1,3500,"('s', 'sk', 's')",indusimos,indusimos
90L_10NL,3,90L_10NL_3_1,1,1085,"('s', 's', 's')",indusimos,indusimos
90L_10NL,3,90L_10NL_3_1,1,3500,"('s', 'sk', 's')",indusimos,indusimos
90L_10NL,3,90L_10NL_3_1,1,3500,"('s', 'sk', 's')",indusimos,indusimos
90L_10NL,3,90L_10NL_3_1,1,3500,"('s', 'sk', 's')",indusimos,indusimos
90L_10NL,3,90L_10NL_3_1,1,3500,"('s', 'sk', 's')",indusimos,indusimos
90L_10NL,3,90L_10NL_3_1,1,3500,"('s', 'sk', 's')",indusimos,indusimos
90L_10NL,3,90L_10NL_3_1,1,3500,"('s', 'sk', 's')",indusimos,indusimos
90L_10NL,3,90L_10NL_3_1,1,3500,"('s', 'sk', 's')",indusimos,indusimos
90L_10NL,3,90L_10NL_3_1,1,3500,"('s', 'sk', 's')",indusimos,indusimos
90L_10NL,3,90L_10NL_3_1,1,3500,"('s', 'sk', 's')",indusimos,indusimos
90L_10NL,3,90L_10NL_3_1,1,3500,"('s', 'sk', 's')",indusimos,indusimos
90L_10NL,3,90L_10NL_3_1,1,3500,"('s', 'sk', 's')",indusimos,indusimos
90L_10NL,3,90L_10NL_3_1,1,3500,"('s', 'sk', 's')",indusimos,indusimos
90L_10NL,3,90L_10NL_3_1,1,3500,"('s', 'sk', 's')",indusimos,indusimos
90L_10NL,3,90L_10NL_3_1,1,3500,"('s', 'sk', 's')",indusimos,indusimos
90L_10NL,3,90L_10NL_3_1,1,2625,"('sk', 'sk', 's')",indusimos,indusimos
90L_10NL,3,90L_10NL_3_1,1,2625,"('sk', 'sk', 's')",indusimos,indusimos
90L_10NL,3,90L_10NL_3_1,1,2625,"('sk', 'sk', 's')",indusimos,indusimos
90L_10NL,3,90L_10NL_3_1,1,2625,"('sk', 'sk', 's')",indusimos,indusimos
90L_10NL,3,90L_10NL_3_1,1,2625,"('sk', 'sk', 's')",indusimos,indusimos
90L_10NL,3,90L_10NL_3_1,1,2625,"('sk', 'sk', 's')",indusimos,indusimos
90L_10NL,3,90L_10NL_3_1,1,2625,"('sk', 'sk', 's')",indusimos,indusimos
90L_10NL,3,90L_10NL_3_1,1,2625,"('sk', 'sk', 's')",indusimos,indusimos
90L_10NL,3,90L_10NL_3_1,1,2625,"('sk', 'sk', 's')",indusimos,indusimos
90L_10NL,3,90L_10NL_3_1,1,2625,"('sk', 'sk', 's')",indusimos,indusimos
90L_10NL,3,90L_10NL_3_1,1,2625,"('sk', 'sk', 's')",indusimos,indusimos
90L_10NL,3,90L_10NL_3_1,1,2625,"('sk', 'sk', 's')",indusimos,indusimos
90L_10NL,3,90L_10NL_3_1,1,2625,"('sk', 'sk', 's')",indusimos,indusimos
90L_10NL,3,90L_10NL_3_1,1,2625,"('sk', 'sk', 's')",indusimos,indusimos
90L_10NL,3,90L_10NL_3_1,1,2625,"('sk', 'sk', 's')",indusimos,indusimos
90L_10NL,3,90L_10NL_3_1,1,2625,"('sk', 'sk', 's')",indusimos,indusimos
90L_10NL,3,90L_10NL_3_1,1,2625,"('sk', 'sk', 's')",indusimos,indusimos
90L_10NL,3,90L_10NL_3_1,1,2625,"('sk', 'sk', 's')",indusimos,indusimos
90L_10NL,3,90L_10NL_3_1,1,2625,"('sk', 'sk', 's')",indusimos,indusimos
90L_10NL,3,90L_10NL_3_1,1,2625,"('sk', 'sk', 's')",indusimos,indusimos
90L_10NL,3,90L_10NL_3_1,1,2625,"('sk', 'sk', 's')",indusimos,indusimos
90L_10NL,3,90L_10NL_3_1,1,1085,"('s', 's', 's')",indusis,indusis
90L_10NL,3,90L_10NL_3_1,1,1085,"('s', 's', 's')",indusis,indusis
90L_10NL,3,90L_10NL_3_1,1,1085,"('s', 's', 's')",indusis,indusis
90L_10NL,3,90L_10NL_3_1,1,3500,"('s', 'sk', 's')",indusis,indusis
90L_10NL,3,90L_10NL_3_1,1,3500,"('s', 'sk', 's')",indusis,indusis
90L_10NL,3,90L_10NL_3_1,1,3500,"('s', 'sk', 's')",indusis,indusis
90L_10NL,3,90L_10NL_3_1,1,3500,"('s', 'sk', 's')",indusis,indusis
90L_10NL,3,90L_10NL_3_1,1,3500,"('s', 'sk', 's')",indusis,indusis
90L_10NL,3,90L_10NL_3_1,1,3500,"('s', 'sk', 's')",indusis,indusis
90L_10NL,3,90L_10NL_3_1,1,3500,"('s', 'sk', 's')",indusis,indusis
90L_10NL,3,90L_10NL_3_1,1,1085,"('s', 's', 's')",indusis,indusis
90L_10NL,3,90L_10NL_3_1,1,1085,"('s', 's', 's')",indusis,indusis
90L_10NL,3,90L_10NL_3_1,1,3500,"('s', 'sk', 's')",indusis,indusis
90L_10NL,3,90L_10NL_3_1,1,3500,"('s', 'sk', 's')",indusis,indusis
90L_10NL,3,90L_10NL_3_1,1,3500,"('s', 'sk', 's')",indusis,indusis
90L_10NL,3,90L_10NL_3_1,1,3500,"('s', 'sk', 's')",indusis,indusis
90L_10NL,3,90L_10NL_3_1,1,3500,"('s', 'sk', 's')",indusis,indusis
90L_10NL,3,90L_10NL_3_1,1,3500,"('s', 'sk', 's')",indusis,indusis
90L_10NL,3,90L_10NL_3_1,1,3500,"('s', 'sk', 's')",indusis,indusis
90L_10NL,3,90L_10NL_3_1,1,1085,"('s', 's', 's')",indusis,indusis
90L_10NL,3,90L_10NL_3_1,1,3500,"('s', 'sk', 's')",indusis,indusis
90L_10NL,3,90L_10NL_3_1,1,3500,"('s', 'sk', 's')",indusis,indusis
90L_10NL,3,90L_10NL_3_1,1,3500,"('s', 'sk', 's')",indusis,indusis
90L_10NL,3,90L_10NL_3_1,1,3500,"('s', 'sk', 's')",indusis,indusis
90L_10NL,3,90L_10NL_3_1,1,3500,"('s', 'sk', 's')",indusis,indusis
90L_10NL,3,90L_10NL_3_1,1,3500,"('s', 'sk', 's')",indusis,indusis
90L_10NL,3,90L_10NL_3_1,1,3500,"('s', 'sk', 's')",indusis,indusis
90L_10NL,3,90L_10NL_3_1,1,3500,"('s', 'sk', 's')",indusis,indusis
90L_10NL,3,90L_10NL_3_1,1,3500,"('s', 'sk', 's')",indusis,indusis
90L_10NL,3,90L_10NL_3_1,1,3500,"('s', 'sk', 's')",indusis,indusis
90L_10NL,3,90L_10NL_3_1,1,3500,"('s', 'sk', 's')",indusis,indusis
90L_10NL,3,90L_10NL_3_1,1,3500,"('s', 'sk', 's')",indusis,indusis
90L_10NL,3,90L_10NL_3_1,1,3500,"('s', 'sk', 's')",indusis,indusis
90L_10NL,3,90L_10NL_3_1,1,3500,"('s', 'sk', 's')",indusis,indusis
90L_10NL,3,90L_10NL_3_1,1,2625,"('sk', 'sk', 's')",indusis,indusis
90L_10NL,3,90L_10NL_3_1,1,2625,"('sk', 'sk', 's')",indusis,indusis
90L_10NL,3,90L_10NL_3_1,1,2625,"('sk', 'sk', 's')",indusis,indusis
90L_10NL,3,90L_10NL_3_1,1,2625,"('sk', 'sk', 's')",indusis,indusis
90L_10NL,3,90L_10NL_3_1,1,2625,"('sk', 'sk', 's')",indusis,indusis
90L_10NL,3,90L_10NL_3_1,1,2625,"('sk', 'sk', 's')",indusis,indusis
90L_10NL,3,90L_10NL_3_1,1,2625,"('sk', 'sk', 's')",indusis,indusis
90L_10NL,3,90L_10NL_3_1,1,2625,"('sk', 'sk', 's')",indusis,indusis
90L_10NL,3,90L_10NL_3_1,1,2625,"('sk', 'sk', 's')",indusis,indusis
90L_10NL,3,90L_10NL_3_1,1,2625,"('sk', 'sk', 's')",indusis,indusis
90L_10NL,3,90L_10NL_3_1,1,2625,"('sk', 'sk', 's')",indusis,indusis
90L_10NL,3,90L_10NL_3_1,1,2625,"('sk', 'sk', 's')",indusis,indusis
90L_10NL,3,90L_10NL_3_1,1,2625,"('sk', 'sk', 's')",indusis,indusis
90L_10NL,3,90L_10NL_3_1,1,2625,"('sk', 'sk', 's')",indusis,indusis
90L_10NL,3,90L_10NL_3_1,1,2625,"('sk', 'sk', 's')",indusis,indusis
90L_10NL,3,90L_10NL_3_1,1,2625,"('sk', 'sk', 's')",indusis,indusis
90L_10NL,3,90L_10NL_3_1,1,2625,"('sk', 'sk', 's')",indusis,indusis
90L_10NL,3,90L_10NL_3_1,1,2625,"('sk', 'sk', 's')",indusis,indusis
90L_10NL,3,90L_10NL_3_1,1,2625,"('sk', 'sk', 's')",indusis,indusis
90L_10NL,3,90L_10NL_3_1,1,2625,"('sk', 'sk', 's')",indusis,indusis
90L_10NL,3,90L_10NL_3_1,1,2625,"('sk', 'sk', 's')",indusis,indusis
90L_10NL,3,90L_10NL_3_1,1,1750,"('s', 's', 'sk')",induskajs,induskajs
90L_10NL,3,90L_10NL_3_1,1,1750,"('s', 's', 'sk')",induskajs,induskajs
90L_10NL,3,90L_10NL_3_1,1,1750,"('s', 's', 'sk')",induskajs,induskajs
90L_10NL,3,90L_10NL_3_1,1,1750,"('s', 's', 'sk')",induskajs,induskajs
90L_10NL,3,90L_10NL_3_1,1,5250,"('s', 'sk', 'sk')",induskajs,induskajs
90L_10NL,3,90L_10NL_3_1,1,5250,"('s', 'sk', 'sk')",induskajs,induskajs
90L_10NL,3,90L_10NL_3_1,1,5250,"('s', 'sk', 'sk')",induskajs,induskajs
90L_10NL,3,90L_10NL_3_1,1,5250,"('s', 'sk', 'sk')",induskajs,induskajs
90L_10NL,3,90L_10NL_3_1,1,5250,"('s', 'sk', 'sk')",induskajs,induskajs
90L_10NL,3,90L_10NL_3_1,1,5250,"('s', 'sk', 'sk')",induskajs,induskajs
90L_10NL,3,90L_10NL_3_1,1,1750,"('s', 's', 'sk')",induskajs,induskajs
90L_10NL,3,90L_10NL_3_1,1,1750,"('s', 's', 'sk')",induskajs,induskajs
90L_10NL,3,90L_10NL_3_1,1,1750,"('s', 's', 'sk')",induskajs,induskajs
90L_10NL,3,90L_10NL_3_1,1,5250,"('s', 'sk', 'sk')",induskajs,induskajs
90L_10NL,3,90L_10NL_3_1,1,5250,"('s', 'sk', 'sk')",induskajs,induskajs
90L_10NL,3,90L_10NL_3_1,1,5250,"('s', 'sk', 'sk')",induskajs,induskajs
90L_10NL,3,90L_10NL_3_1,1,5250,"('s', 'sk', 'sk')",induskajs,induskajs
90L_10NL,3,90L_10NL_3_1,1,5250,"('s', 'sk', 'sk')",induskajs,induskajs
90L_10NL,3,90L_10NL_3_1,1,5250,"('s', 'sk', 'sk')",induskajs,induskajs
90L_10NL,3,90L_10NL_3_1,1,1750,"('s', 's', 'sk')",induskajs,induskajs
90L_10NL,3,90L_10NL_3_1,1,1750,"('s', 's', 'sk')",induskajs,induskajs
90L_10NL,3,90L_10NL_3_1,1,5250,"('s', 'sk', 'sk')",induskajs,induskajs
90L_10NL,3,90L_10NL_3_1,1,5250,"('s', 'sk', 'sk')",induskajs,induskajs
90L_10NL,3,90L_10NL_3_1,1,5250,"('s', 'sk', 'sk')",induskajs,induskajs
90L_10NL,3,90L_10NL_3_1,1,5250,"('s', 'sk', 'sk')",induskajs,induskajs
90L_10NL,3,90L_10NL_3_1,1,5250,"('s', 'sk', 'sk')",induskajs,induskajs
90L_10NL,3,90L_10NL_3_1,1,5250,"('s', 'sk', 'sk')",induskajs,induskajs
90L_10NL,3,90L_10NL_3_1,1,1750,"('s', 's', 'sk')",induskajs,induskajs
90L_10NL,3,90L_10NL_3_1,1,5250,"('s', 'sk', 'sk')",induskajs,induskajs
90L_10NL,3,90L_10NL_3_1,1,5250,"('s', 'sk', 'sk')",induskajs,induskajs
90L_10NL,3,90L_10NL_3_1,1,5250,"('s', 'sk', 'sk')",induskajs,induskajs
90L_10NL,3,90L_10NL_3_1,1,5250,"('s', 'sk', 'sk')",induskajs,induskajs
90L_10NL,3,90L_10NL_3_1,1,5250,"('s', 'sk', 'sk')",induskajs,induskajs
90L_10NL,3,90L_10NL_3_1,1,5250,"('s', 'sk', 'sk')",induskajs,induskajs
90L_10NL,3,90L_10NL_3_1,1,5250,"('s', 'sk', 'sk')",induskajs,induskajs
90L_10NL,3,90L_10NL_3_1,1,5250,"('s', 'sk', 'sk')",induskajs,induskajs
90L_10NL,3,90L_10NL_3_1,1,5250,"('s', 'sk', 'sk')",induskajs,induskajs
90L_10NL,3,90L_10NL_3_1,1,5250,"('s', 'sk', 'sk')",induskajs,induskajs
90L_10NL,3,90L_10NL_3_1,1,5250,"('s', 'sk', 'sk')",induskajs,induskajs
90L_10NL,3,90L_10NL_3_1,1,5250,"('s', 'sk', 'sk')",induskajs,induskajs
90L_10NL,3,90L_10NL_3_1,1,2625,"('sk', 'sk', 'sk')",induskajs,induskajs
90L_10NL,3,90L_10NL_3_1,1,2625,"('sk', 'sk', 'sk')",induskajs,induskajs
90L_10NL,3,90L_10NL_3_1,1,2625,"('sk', 'sk', 'sk')",induskajs,induskajs
90L_10NL,3,90L_10NL_3_1,1,2625,"('sk', 'sk', 'sk')",induskajs,induskajs
90L_10NL,3,90L_10NL_3_1,1,2625,"('sk', 'sk', 'sk')",induskajs,induskajs
90L_10NL,3,90L_10NL_3_1,1,2625,"('sk', 'sk', 'sk')",induskajs,induskajs
90L_10NL,3,90L_10NL_3_1,1,2625,"('sk', 'sk', 'sk')",induskajs,induskajs
90L_10NL,3,90L_10NL_3_1,1,2625,"('sk', 'sk', 'sk')",induskajs,induskajs
90L_10NL,3,90L_10NL_3_1,1,2625,"('sk', 'sk', 'sk')",induskajs,induskajs
90L_10NL,3,90L_10NL_3_1,1,2625,"('sk', 'sk', 'sk')",induskajs,induskajs
90L_10NL,3,90L_10NL_3_1,1,2625,"('sk', 'sk', 'sk')",induskajs,induskajs
90L_10NL,3,90L_10NL_3_1,1,2625,"('sk', 'sk', 'sk')",induskajs,induskajs
90L_10NL,3,90L_10NL_3_1,1,2625,"('sk', 'sk', 'sk')",induskajs,induskajs
90L_10NL,3,90L_10NL_3_1,1,2625,"('sk', 'sk', 'sk')",induskajs,induskajs
90L_10NL,3,90L_10NL_3_1,1,2625,"('sk', 'sk', 'sk')",induskajs,induskajs
90L_10NL,3,90L_10NL_3_1,1,1750,"('s', 's', 'sk')",induskamos,induskamos
90L_10NL,3,90L_10NL_3_1,1,1750,"('s', 's', 'sk')",induskamos,induskamos
90L_10NL,3,90L_10NL_3_1,1,1750,"('s', 's', 'sk')",induskamos,induskamos
90L_10NL,3,90L_10NL_3_1,1,1750,"('s', 's', 'sk')",induskamos,induskamos
90L_10NL,3,90L_10NL_3_1,1,5250,"('s', 'sk', 'sk')",induskamos,induskamos
90L_10NL,3,90L_10NL_3_1,1,5250,"('s', 'sk', 'sk')",induskamos,induskamos
90L_10NL,3,90L_10NL_3_1,1,5250,"('s', 'sk', 'sk')",induskamos,induskamos
90L_10NL,3,90L_10NL_3_1,1,5250,"('s', 'sk', 'sk')",induskamos,induskamos
90L_10NL,3,90L_10NL_3_1,1,5250,"('s', 'sk', 'sk')",induskamos,induskamos
90L_10NL,3,90L_10NL_3_1,1,5250,"('s', 'sk', 'sk')",induskamos,induskamos
90L_10NL,3,90L_10NL_3_1,1,1750,"('s', 's', 'sk')",induskamos,induskamos
90L_10NL,3,90L_10NL_3_1,1,1750,"('s', 's', 'sk')",induskamos,induskamos
90L_10NL,3,90L_10NL_3_1,1,1750,"('s', 's', 'sk')",induskamos,induskamos
90L_10NL,3,90L_10NL_3_1,1,5250,"('s', 'sk', 'sk')",induskamos,induskamos
90L_10NL,3,90L_10NL_3_1,1,5250,"('s', 'sk', 'sk')",induskamos,induskamos
90L_10NL,3,90L_10NL_3_1,1,5250,"('s', 'sk', 'sk')",induskamos,induskamos
90L_10NL,3,90L_10NL_3_1,1,5250,"('s', 'sk', 'sk')",induskamos,induskamos
90L_10NL,3,90L_10NL_3_1,1,5250,"('s', 'sk', 'sk')",induskamos,induskamos
90L_10NL,3,90L_10NL_3_1,1,5250,"('s', 'sk', 'sk')",induskamos,induskamos
90L_10NL,3,90L_10NL_3_1,1,1750,"('s', 's', 'sk')",induskamos,induskamos
90L_10NL,3,90L_10NL_3_1,1,1750,"('s', 's', 'sk')",induskamos,induskamos
90L_10NL,3,90L_10NL_3_1,1,5250,"('s', 'sk', 'sk')",induskamos,induskamos
90L_10NL,3,90L_10NL_3_1,1,5250,"('s', 'sk', 'sk')",induskamos,induskamos
90L_10NL,3,90L_10NL_3_1,1,5250,"('s', 'sk', 'sk')",induskamos,induskamos
90L_10NL,3,90L_10NL_3_1,1,5250,"('s', 'sk', 'sk')",induskamos,induskamos
90L_10NL,3,90L_10NL_3_1,1,5250,"('s', 'sk', 'sk')",induskamos,induskamos
90L_10NL,3,90L_10NL_3_1,1,5250,"('s', 'sk', 'sk')",induskamos,induskamos
90L_10NL,3,90L_10NL_3_1,1,1750,"('s', 's', 'sk')",induskamos,induskamos
90L_10NL,3,90L_10NL_3_1,1,5250,"('s', 'sk', 'sk')",induskamos,induskamos
90L_10NL,3,90L_10NL_3_1,1,5250,"('s', 'sk', 'sk')",induskamos,induskamos
90L_10NL,3,90L_10NL_3_1,1,5250,"('s', 'sk', 'sk')",induskamos,induskamos
90L_10NL,3,90L_10NL_3_1,1,5250,"('s', 'sk', 'sk')",induskamos,induskamos
90L_10NL,3,90L_10NL_3_1,1,5250,"('s', 'sk', 'sk')",induskamos,induskamos
90L_10NL,3,90L_10NL_3_1,1,5250,"('s', 'sk', 'sk')",induskamos,induskamos
90L_10NL,3,90L_10NL_3_1,1,5250,"('s', 'sk', 'sk')",induskamos,induskamos
90L_10NL,3,90L_10NL_3_1,1,5250,"('s', 'sk', 'sk')",induskamos,induskamos
90L_10NL,3,90L_10NL_3_1,1,5250,"('s', 'sk', 'sk')",induskamos,induskamos
90L_10NL,3,90L_10NL_3_1,1,5250,"('s', 'sk', 'sk')",induskamos,induskamos
90L_10NL,3,90L_10NL_3_1,1,5250,"('s', 'sk', 'sk')",induskamos,induskamos
90L_10NL,3,90L_10NL_3_1,1,5250,"('s', 'sk', 'sk')",induskamos,induskamos
90L_10NL,3,90L_10NL_3_1,1,2625,"('sk', 'sk', 'sk')",induskamos,induskamos
90L_10NL,3,90L_10NL_3_1,1,2625,"('sk', 'sk', 'sk')",induskamos,induskamos
90L_10NL,3,90L_10NL_3_1,1,2625,"('sk', 'sk', 'sk')",induskamos,induskamos
90L_10NL,3,90L_10NL_3_1,1,2625,"('sk', 'sk', 'sk')",induskamos,induskamos
90L_10NL,3,90L_10NL_3_1,1,2625,"('sk', 'sk', 'sk')",induskamos,induskamos
90L_10NL,3,90L_10NL_3_1,1,2625,"('sk', 'sk', 'sk')",induskamos,induskamos
90L_10NL,3,90L_10NL_3_1,1,2625,"('sk', 'sk', 'sk')",induskamos,induskamos
90L_10NL,3,90L_10NL_3_1,1,2625,"('sk', 'sk', 'sk')",induskamos,induskamos
90L_10NL,3,90L_10NL_3_1,1,2625,"('sk', 'sk', 'sk')",induskamos,induskamos
90L_10NL,3,90L_10NL_3_1,1,2625,"('sk', 'sk', 'sk')",induskamos,induskamos
90L_10NL,3,90L_10NL_3_1,1,2625,"('sk', 'sk', 'sk')",induskamos,induskamos
90L_10NL,3,90L_10NL_3_1,1,2625,"('sk', 'sk', 'sk')",induskamos,induskamos
90L_10NL,3,90L_10NL_3_1,1,2625,"('sk', 'sk', 'sk')",induskamos,induskamos
90L_10NL,3,90L_10NL_3_1,1,2625,"('sk', 'sk', 'sk')",induskamos,induskamos
90L_10NL,3,90L_10NL_3_1,1,2625,"('sk', 'sk', 'sk')",induskamos,induskamos
90L_10NL,3,90L_10NL_3_1,1,1750,"('s', 's', 'sk')",induskan,induskan
90L_10NL,3,90L_10NL_3_1,1,1750,"('s', 's', 'sk')",induskan,induskan
90L_10NL,3,90L_10NL_3_1,1,1750,"('s', 's', 'sk')",induskan,induskan
90L_10NL,3,90L_10NL_3_1,1,1750,"('s', 's', 'sk')",induskan,induskan
90L_10NL,3,90L_10NL_3_1,1,5250,"('s', 'sk', 'sk')",induskan,induskan
90L_10NL,3,90L_10NL_3_1,1,5250,"('s', 'sk', 'sk')",induskan,induskan
90L_10NL,3,90L_10NL_3_1,1,5250,"('s', 'sk', 'sk')",induskan,induskan
90L_10NL,3,90L_10NL_3_1,1,5250,"('s', 'sk', 'sk')",induskan,induskan
90L_10NL,3,90L_10NL_3_1,1,5250,"('s', 'sk', 'sk')",induskan,induskan
90L_10NL,3,90L_10NL_3_1,1,5250,"('s', 'sk', 'sk')",induskan,induskan
90L_10NL,3,90L_10NL_3_1,1,1750,"('s', 's', 'sk')",induskan,induskan
90L_10NL,3,90L_10NL_3_1,1,1750,"('s', 's', 'sk')",induskan,induskan
90L_10NL,3,90L_10NL_3_1,1,1750,"('s', 's', 'sk')",induskan,induskan
90L_10NL,3,90L_10NL_3_1,1,5250,"('s', 'sk', 'sk')",induskan,induskan
90L_10NL,3,90L_10NL_3_1,1,5250,"('s', 'sk', 'sk')",induskan,induskan
90L_10NL,3,90L_10NL_3_1,1,5250,"('s', 'sk', 'sk')",induskan,induskan
90L_10NL,3,90L_10NL_3_1,1,5250,"('s', 'sk', 'sk')",induskan,induskan
90L_10NL,3,90L_10NL_3_1,1,5250,"('s', 'sk', 'sk')",induskan,induskan
90L_10NL,3,90L_10NL_3_1,1,5250,"('s', 'sk', 'sk')",induskan,induskan
90L_10NL,3,90L_10NL_3_1,1,1750,"('s', 's', 'sk')",induskan,induskan
90L_10NL,3,90L_10NL_3_1,1,1750,"('s', 's', 'sk')",induskan,induskan
90L_10NL,3,90L_10NL_3_1,1,5250,"('s', 'sk', 'sk')",induskan,induskan
90L_10NL,3,90L_10NL_3_1,1,5250,"('s', 'sk', 'sk')",induskan,induskan
90L_10NL,3,90L_10NL_3_1,1,5250,"('s', 'sk', 'sk')",induskan,induskan
90L_10NL,3,90L_10NL_3_1,1,5250,"('s', 'sk', 'sk')",induskan,induskan
90L_10NL,3,90L_10NL_3_1,1,5250,"('s', 'sk', 'sk')",induskan,induskan
90L_10NL,3,90L_10NL_3_1,1,5250,"('s', 'sk', 'sk')",induskan,induskan
90L_10NL,3,90L_10NL_3_1,1,1750,"('s', 's', 'sk')",induskan,induskan
90L_10NL,3,90L_10NL_3_1,1,5250,"('s', 'sk', 'sk')",induskan,induskan
90L_10NL,3,90L_10NL_3_1,1,5250,"('s', 'sk', 'sk')",induskan,induskan
90L_10NL,3,90L_10NL_3_1,1,5250,"('s', 'sk', 'sk')",induskan,induskan
90L_10NL,3,90L_10NL_3_1,1,5250,"('s', 'sk', 'sk')",induskan,induskan
90L_10NL,3,90L_10NL_3_1,1,5250,"('s', 'sk', 'sk')",induskan,induskan
90L_10NL,3,90L_10NL_3_1,1,5250,"('s', 'sk', 'sk')",induskan,induskan
90L_10NL,3,90L_10NL_3_1,1,5250,"('s', 'sk', 'sk')",induskan,induskan
90L_10NL,3,90L_10NL_3_1,1,5250,"('s', 'sk', 'sk')",induskan,induskan
90L_10NL,3,90L_10NL_3_1,1,5250,"('s', 'sk', 'sk')",induskan,induskan
90L_10NL,3,90L_10NL_3_1,1,5250,"('s', 'sk', 'sk')",induskan,induskan
90L_10NL,3,90L_10NL_3_1,1,5250,"('s', 'sk', 'sk')",induskan,induskan
90L_10NL,3,90L_10NL_3_1,1,5250,"('s', 'sk', 'sk')",induskan,induskan
90L_10NL,3,90L_10NL_3_1,1,2625,"('sk', 'sk', 'sk')",induskan,induskan
90L_10NL,3,90L_10NL_3_1,1,2625,"('sk', 'sk', 'sk')",induskan,induskan
90L_10NL,3,90L_10NL_3_1,1,2625,"('sk', 'sk', 'sk')",induskan,induskan
90L_10NL,3,90L_10NL_3_1,1,2625,"('sk', 'sk', 'sk')",induskan,induskan
90L_10NL,3,90L_10NL_3_1,1,2625,"('sk', 'sk', 'sk')",induskan,induskan
90L_10NL,3,90L_10NL_3_1,1,2625,"('sk', 'sk', 'sk')",induskan,induskan
90L_10NL,3,90L_10NL_3_1,1,2625,"('sk', 'sk', 'sk')",induskan,induskan
90L_10NL,3,90L_10NL_3_1,1,2625,"('sk', 'sk', 'sk')",induskan,induskan
90L_10NL,3,90L_10NL_3_1,1,2625,"('sk', 'sk', 'sk')",induskan,induskan
90L_10NL,3,90L_10NL_3_1,1,2625,"('sk', 'sk', 'sk')",induskan,induskan
90L_10NL,3,90L_10NL_3_1,1,2625,"('sk', 'sk', 'sk')",induskan,induskan
90L_10NL,3,90L_10NL_3_1,1,2625,"('sk', 'sk', 'sk')",induskan,induskan
90L_10NL,3,90L_10NL_3_1,1,2625,"('sk', 'sk', 'sk')",induskan,induskan
90L_10NL,3,90L_10NL_3_1,1,2625,"('sk', 'sk', 'sk')",induskan,induskan
90L_10NL,3,90L_10NL_3_1,1,2625,"('sk', 'sk', 'sk')",induskan,induskan
90L_10NL,3,90L_10NL_3_1,1,1750,"('s', 's', 'sk')",induskas,induskas
90L_10NL,3,90L_10NL_3_1,1,1750,"('s', 's', 'sk')",induskas,induskas
90L_10NL,3,90L_10NL_3_1,1,1750,"('s', 's', 'sk')",induskas,induskas
90L_10NL,3,90L_10NL_3_1,1,1750,"('s', 's', 'sk')",induskas,induskas
90L_10NL,3,90L_10NL_3_1,1,5250,"('s', 'sk', 'sk')",induskas,induskas
90L_10NL,3,90L_10NL_3_1,1,5250,"('s', 'sk', 'sk')",induskas,induskas
90L_10NL,3,90L_10NL_3_1,1,5250,"('s', 'sk', 'sk')",induskas,induskas
90L_10NL,3,90L_10NL_3_1,1,5250,"('s', 'sk', 'sk')",induskas,induskas
90L_10NL,3,90L_10NL_3_1,1,5250,"('s', 'sk', 'sk')",induskas,induskas
90L_10NL,3,90L_10NL_3_1,1,5250,"('s', 'sk', 'sk')",induskas,induskas
90L_10NL,3,90L_10NL_3_1,1,1750,"('s', 's', 'sk')",induskas,induskas
90L_10NL,3,90L_10NL_3_1,1,1750,"('s', 's', 'sk')",induskas,induskas
90L_10NL,3,90L_10NL_3_1,1,1750,"('s', 's', 'sk')",induskas,induskas
90L_10NL,3,90L_10NL_3_1,1,5250,"('s', 'sk', 'sk')",induskas,induskas
90L_10NL,3,90L_10NL_3_1,1,5250,"('s', 'sk', 'sk')",induskas,induskas
90L_10NL,3,90L_10NL_3_1,1,5250,"('s', 'sk', 'sk')",induskas,induskas
90L_10NL,3,90L_10NL_3_1,1,5250,"('s', 'sk', 'sk')",induskas,induskas
90L_10NL,3,90L_10NL_3_1,1,5250,"('s', 'sk', 'sk')",induskas,induskas
90L_10NL,3,90L_10NL_3_1,1,5250,"('s', 'sk', 'sk')",induskas,induskas
90L_10NL,3,90L_10NL_3_1,1,1750,"('s', 's', 'sk')",induskas,induskas
90L_10NL,3,90L_10NL_3_1,1,1750,"('s', 's', 'sk')",induskas,induskas
90L_10NL,3,90L_10NL_3_1,1,5250,"('s', 'sk', 'sk')",induskas,induskas
90L_10NL,3,90L_10NL_3_1,1,5250,"('s', 'sk', 'sk')",induskas,induskas
90L_10NL,3,90L_10NL_3_1,1,5250,"('s', 'sk', 'sk')",induskas,induskas
90L_10NL,3,90L_10NL_3_1,1,5250,"('s', 'sk', 'sk')",induskas,induskas
90L_10NL,3,90L_10NL_3_1,1,5250,"('s', 'sk', 'sk')",induskas,induskas
90L_10NL,3,90L_10NL_3_1,1,5250,"('s', 'sk', 'sk')",induskas,induskas
90L_10NL,3,90L_10NL_3_1,1,1750,"('s', 's', 'sk')",induskas,induskas
90L_10NL,3,90L_10NL_3_1,1,5250,"('s', 'sk', 'sk')",induskas,induskas
90L_10NL,3,90L_10NL_3_1,1,5250,"('s', 'sk', 'sk')",induskas,induskas
90L_10NL,3,90L_10NL_3_1,1,5250,"('s', 'sk', 'sk')",induskas,induskas
90L_10NL,3,90L_10NL_3_1,1,5250,"('s', 'sk', 'sk')",induskas,induskas
90L_10NL,3,90L_10NL_3_1,1,5250,"('s', 'sk', 'sk')",induskas,induskas
90L_10NL,3,90L_10NL_3_1,1,5250,"('s', 'sk', 'sk')",induskas,induskas
90L_10NL,3,90L_10NL_3_1,1,5250,"('s', 'sk', 'sk')",induskas,induskas
90L_10NL,3,90L_10NL_3_1,1,5250,"('s', 'sk', 'sk')",induskas,induskas
90L_10NL,3,90L_10NL_3_1,1,5250,"('s', 'sk', 'sk')",induskas,induskas
90L_10NL,3,90L_10NL_3_1,1,5250,"('s', 'sk', 'sk')",induskas,induskas
90L_10NL,3,90L_10NL_3_1,1,5250,"('s', 'sk', 'sk')",induskas,induskas
90L_10NL,3,90L_10NL_3_1,1,5250,"('s', 'sk', 'sk')",induskas,induskas
90L_10NL,3,90L_10NL_3_1,1,2625,"('sk', 'sk', 'sk')",induskas,induskas
90L_10NL,3,90L_10NL_3_1,1,2625,"('sk', 'sk', 'sk')",induskas,induskas
90L_10NL,3,90L_10NL_3_1,1,2625,"('sk', 'sk', 'sk')",induskas,induskas
90L_10NL,3,90L_10NL_3_1,1,2625,"('sk', 'sk', 'sk')",induskas,induskas
90L_10NL,3,90L_10NL_3_1,1,2625,"('sk', 'sk', 'sk')",induskas,induskas
90L_10NL,3,90L_10NL_3_1,1,2625,"('sk', 'sk', 'sk')",induskas,induskas
90L_10NL,3,90L_10NL_3_1,1,2625,"('sk', 'sk', 'sk')",induskas,induskas
90L_10NL,3,90L_10NL_3_1,1,2625,"('sk', 'sk', 'sk')",induskas,induskas
90L_10NL,3,90L_10NL_3_1,1,2625,"('sk', 'sk', 'sk')",induskas,induskas
90L_10NL,3,90L_10NL_3_1,1,2625,"('sk', 'sk', 'sk')",induskas,induskas
90L_10NL,3,90L_10NL_3_1,1,2625,"('sk', 'sk', 'sk')",induskas,induskas
90L_10NL,3,90L_10NL_3_1,1,2625,"('sk', 'sk', 'sk')",induskas,induskas
90L_10NL,3,90L_10NL_3_1,1,2625,"('sk', 'sk', 'sk')",induskas,induskas
90L_10NL,3,90L_10NL_3_1,1,2625,"('sk', 'sk', 'sk')",induskas,induskas
90L_10NL,3,90L_10NL_3_1,1,2625,"('sk', 'sk', 'sk')",induskas,induskas
90L_10NL,3,90L_10NL_3_1,1,1750,"('s', 's', 'sk')",induska,induska
90L_10NL,3,90L_10NL_3_1,1,1750,"('s', 's', 'sk')",induska,induska
90L_10NL,3,90L_10NL_3_1,1,1750,"('s', 's', 'sk')",induska,induska
90L_10NL,3,90L_10NL_3_1,1,1750,"('s', 's', 'sk')",induska,induska
90L_10NL,3,90L_10NL_3_1,1,5250,"('s', 'sk', 'sk')",induska,induska
90L_10NL,3,90L_10NL_3_1,1,5250,"('s', 'sk', 'sk')",induska,induska
90L_10NL,3,90L_10NL_3_1,1,5250,"('s', 'sk', 'sk')",induska,induska
90L_10NL,3,90L_10NL_3_1,1,5250,"('s', 'sk', 'sk')",induska,induska
90L_10NL,3,90L_10NL_3_1,1,5250,"('s', 'sk', 'sk')",induska,induska
90L_10NL,3,90L_10NL_3_1,1,5250,"('s', 'sk', 'sk')",induska,induska
90L_10NL,3,90L_10NL_3_1,1,1750,"('s', 's', 'sk')",induska,induska
90L_10NL,3,90L_10NL_3_1,1,1750,"('s', 's', 'sk')",induska,induska
90L_10NL,3,90L_10NL_3_1,1,1750,"('s', 's', 'sk')",induska,induska
90L_10NL,3,90L_10NL_3_1,1,5250,"('s', 'sk', 'sk')",induska,induska
90L_10NL,3,90L_10NL_3_1,1,5250,"('s', 'sk', 'sk')",induska,induska
90L_10NL,3,90L_10NL_3_1,1,5250,"('s', 'sk', 'sk')",induska,induska
90L_10NL,3,90L_10NL_3_1,1,5250,"('s', 'sk', 'sk')",induska,induska
90L_10NL,3,90L_10NL_3_1,1,5250,"('s', 'sk', 'sk')",induska,induska
90L_10NL,3,90L_10NL_3_1,1,5250,"('s', 'sk', 'sk')",induska,induska
90L_10NL,3,90L_10NL_3_1,1,1750,"('s', 's', 'sk')",induska,induska
90L_10NL,3,90L_10NL_3_1,1,1750,"('s', 's', 'sk')",induska,induska
90L_10NL,3,90L_10NL_3_1,1,5250,"('s', 'sk', 'sk')",induska,induska
90L_10NL,3,90L_10NL_3_1,1,5250,"('s', 'sk', 'sk')",induska,induska
90L_10NL,3,90L_10NL_3_1,1,5250,"('s', 'sk', 'sk')",induska,induska
90L_10NL,3,90L_10NL_3_1,1,5250,"('s', 'sk', 'sk')",induska,induska
90L_10NL,3,90L_10NL_3_1,1,5250,"('s', 'sk', 'sk')",induska,induska
90L_10NL,3,90L_10NL_3_1,1,5250,"('s', 'sk', 'sk')",induska,induska
90L_10NL,3,90L_10NL_3_1,1,1750,"('s', 's', 'sk')",induska,induska
90L_10NL,3,90L_10NL_3_1,1,5250,"('s', 'sk', 'sk')",induska,induska
90L_10NL,3,90L_10NL_3_1,1,5250,"('s', 'sk', 'sk')",induska,induska
90L_10NL,3,90L_10NL_3_1,1,5250,"('s', 'sk', 'sk')",induska,induska
90L_10NL,3,90L_10NL_3_1,1,5250,"('s', 'sk', 'sk')",induska,induska
90L_10NL,3,90L_10NL_3_1,1,5250,"('s', 'sk', 'sk')",induska,induska
90L_10NL,3,90L_10NL_3_1,1,5250,"('s', 'sk', 'sk')",induska,induska
90L_10NL,3,90L_10NL_3_1,1,5250,"('s', 'sk', 'sk')",induska,induska
90L_10NL,3,90L_10NL_3_1,1,5250,"('s', 'sk', 'sk')",induska,induska
90L_10NL,3,90L_10NL_3_1,1,5250,"('s', 'sk', 'sk')",induska,induska
90L_10NL,3,90L_10NL_3_1,1,5250,"('s', 'sk', 'sk')",induska,induska
90L_10NL,3,90L_10NL_3_1,1,5250,"('s', 'sk', 'sk')",induska,induska
90L_10NL,3,90L_10NL_3_1,1,5250,"('s', 'sk', 'sk')",induska,induska
90L_10NL,3,90L_10NL_3_1,1,2625,"('sk', 'sk', 'sk')",induska,induska
90L_10NL,3,90L_10NL_3_1,1,2625,"('sk', 'sk', 'sk')",induska,induska
90L_10NL,3,90L_10NL_3_1,1,2625,"('sk', 'sk', 'sk')",induska,induska
90L_10NL,3,90L_10NL_3_1,1,2625,"('sk', 'sk', 'sk')",induska,induska
90L_10NL,3,90L_10NL_3_1,1,2625,"('sk', 'sk', 'sk')",induska,induska
90L_10NL,3,90L_10NL_3_1,1,2625,"('sk', 'sk', 'sk')",induska,induska
90L_10NL,3,90L_10NL_3_1,1,2625,"('sk', 'sk', 'sk')",induska,induska
90L_10NL,3,90L_10NL_3_1,1,2625,"('sk', 'sk', 'sk')",induska,induska
90L_10NL,3,90L_10NL_3_1,1,2625,"('sk', 'sk', 'sk')",induska,induska
90L_10NL,3,90L_10NL_3_1,1,2625,"('sk', 'sk', 'sk')",induska,induska
90L_10NL,3,90L_10NL_3_1,1,2625,"('sk', 'sk', 'sk')",induska,induska
90L_10NL,3,90L_10NL_3_1,1,2625,"('sk', 'sk', 'sk')",induska,induska
90L_10NL,3,90L_10NL_3_1,1,2625,"('sk', 'sk', 'sk')",induska,induska
90L_10NL,3,90L_10NL_3_1,1,2625,"('sk', 'sk', 'sk')",induska,induska
90L_10NL,3,90L_10NL_3_1,1,2625,"('sk', 'sk', 'sk')",induska,induska
90L_10NL,3,90L_10NL_3_1,1,1750,"('s', 's', 'sk')",induska,induska
90L_10NL,3,90L_10NL_3_1,1,1750,"('s', 's', 'sk')",induska,induska
90L_10NL,3,90L_10NL_3_1,1,1750,"('s', 's', 'sk')",induska,induska
90L_10NL,3,90L_10NL_3_1,1,1750,"('s', 's', 'sk')",induska,induska
90L_10NL,3,90L_10NL_3_1,1,5250,"('s', 'sk', 'sk')",induska,induska
90L_10NL,3,90L_10NL_3_1,1,5250,"('s', 'sk', 'sk')",induska,induska
90L_10NL,3,90L_10NL_3_1,1,5250,"('s', 'sk', 'sk')",induska,induska
90L_10NL,3,90L_10NL_3_1,1,5250,"('s', 'sk', 'sk')",induska,induska
90L_10NL,3,90L_10NL_3_1,1,5250,"('s', 'sk', 'sk')",induska,induska
90L_10NL,3,90L_10NL_3_1,1,5250,"('s', 'sk', 'sk')",induska,induska
90L_10NL,3,90L_10NL_3_1,1,1750,"('s', 's', 'sk')",induska,induska
90L_10NL,3,90L_10NL_3_1,1,1750,"('s', 's', 'sk')",induska,induska
90L_10NL,3,90L_10NL_3_1,1,1750,"('s', 's', 'sk')",induska,induska
90L_10NL,3,90L_10NL_3_1,1,5250,"('s', 'sk', 'sk')",induska,induska
90L_10NL,3,90L_10NL_3_1,1,5250,"('s', 'sk', 'sk')",induska,induska
90L_10NL,3,90L_10NL_3_1,1,5250,"('s', 'sk', 'sk')",induska,induska
90L_10NL,3,90L_10NL_3_1,1,5250,"('s', 'sk', 'sk')",induska,induska
90L_10NL,3,90L_10NL_3_1,1,5250,"('s', 'sk', 'sk')",induska,induska
90L_10NL,3,90L_10NL_3_1,1,5250,"('s', 'sk', 'sk')",induska,induska
90L_10NL,3,90L_10NL_3_1,1,1750,"('s', 's', 'sk')",induska,induska
90L_10NL,3,90L_10NL_3_1,1,1750,"('s', 's', 'sk')",induska,induska
90L_10NL,3,90L_10NL_3_1,1,5250,"('s', 'sk', 'sk')",induska,induska
90L_10NL,3,90L_10NL_3_1,1,5250,"('s', 'sk', 'sk')",induska,induska
90L_10NL,3,90L_10NL_3_1,1,5250,"('s', 'sk', 'sk')",induska,induska
90L_10NL,3,90L_10NL_3_1,1,5250,"('s', 'sk', 'sk')",induska,induska
90L_10NL,3,90L_10NL_3_1,1,5250,"('s', 'sk', 'sk')",induska,induska
90L_10NL,3,90L_10NL_3_1,1,5250,"('s', 'sk', 'sk')",induska,induska
90L_10NL,3,90L_10NL_3_1,1,1750,"('s', 's', 'sk')",induska,induska
90L_10NL,3,90L_10NL_3_1,1,5250,"('s', 'sk', 'sk')",induska,induska
90L_10NL,3,90L_10NL_3_1,1,5250,"('s', 'sk', 'sk')",induska,induska
90L_10NL,3,90L_10NL_3_1,1,5250,"('s', 'sk', 'sk')",induska,induska
90L_10NL,3,90L_10NL_3_1,1,5250,"('s', 'sk', 'sk')",induska,induska
90L_10NL,3,90L_10NL_3_1,1,5250,"('s', 'sk', 'sk')",induska,induska
90L_10NL,3,90L_10NL_3_1,1,5250,"('s', 'sk', 'sk')",induska,induska
90L_10NL,3,90L_10NL_3_1,1,5250,"('s', 'sk', 'sk')",induska,induska
90L_10NL,3,90L_10NL_3_1,1,5250,"('s', 'sk', 'sk')",induska,induska
90L_10NL,3,90L_10NL_3_1,1,5250,"('s', 'sk', 'sk')",induska,induska
90L_10NL,3,90L_10NL_3_1,1,5250,"('s', 'sk', 'sk')",induska,induska
90L_10NL,3,90L_10NL_3_1,1,5250,"('s', 'sk', 'sk')",induska,induska
90L_10NL,3,90L_10NL_3_1,1,5250,"('s', 'sk', 'sk')",induska,induska
90L_10NL,3,90L_10NL_3_1,1,2625,"('sk', 'sk', 'sk')",induska,induska
90L_10NL,3,90L_10NL_3_1,1,2625,"('sk', 'sk', 'sk')",induska,induska
90L_10NL,3,90L_10NL_3_1,1,2625,"('sk', 'sk', 'sk')",induska,induska
90L_10NL,3,90L_10NL_3_1,1,2625,"('sk', 'sk', 'sk')",induska,induska
90L_10NL,3,90L_10NL_3_1,1,2625,"('sk', 'sk', 'sk')",induska,induska
90L_10NL,3,90L_10NL_3_1,1,2625,"('sk', 'sk', 'sk')",induska,induska
90L_10NL,3,90L_10NL_3_1,1,2625,"('sk', 'sk', 'sk')",induska,induska
90L_10NL,3,90L_10NL_3_1,1,2625,"('sk', 'sk', 'sk')",induska,induska
90L_10NL,3,90L_10NL_3_1,1,2625,"('sk', 'sk', 'sk')",induska,induska
90L_10NL,3,90L_10NL_3_1,1,2625,"('sk', 'sk', 'sk')",induska,induska
90L_10NL,3,90L_10NL_3_1,1,2625,"('sk', 'sk', 'sk')",induska,induska
90L_10NL,3,90L_10NL_3_1,1,2625,"('sk', 'sk', 'sk')",induska,induska
90L_10NL,3,90L_10NL_3_1,1,2625,"('sk', 'sk', 'sk')",induska,induska
90L_10NL,3,90L_10NL_3_1,1,2625,"('sk', 'sk', 'sk')",induska,induska
90L_10NL,3,90L_10NL_3_1,1,2625,"('sk', 'sk', 'sk')",induska,induska
90L_10NL,3,90L_10NL_3_1,1,1750,"('s', 's', 'sk')",indusko,indusko
90L_10NL,3,90L_10NL_3_1,1,1750,"('s', 's', 'sk')",indusko,indusko
90L_10NL,3,90L_10NL_3_1,1,1750,"('s', 's', 'sk')",indusko,indusko
90L_10NL,3,90L_10NL_3_1,1,1750,"('s', 's', 'sk')",indusko,indusko
90L_10NL,3,90L_10NL_3_1,1,5250,"('s', 'sk', 'sk')",indusko,indusko
90L_10NL,3,90L_10NL_3_1,1,5250,"('s', 'sk', 'sk')",indusko,indusko
90L_10NL,3,90L_10NL_3_1,1,5250,"('s', 'sk', 'sk')",indusko,indusko
90L_10NL,3,90L_10NL_3_1,1,5250,"('s', 'sk', 'sk')",indusko,indusko
90L_10NL,3,90L_10NL_3_1,1,5250,"('s', 'sk', 'sk')",indusko,indusko
90L_10NL,3,90L_10NL_3_1,1,5250,"('s', 'sk', 'sk')",indusko,indusko
90L_10NL,3,90L_10NL_3_1,1,1750,"('s', 's', 'sk')",indusko,indusko
90L_10NL,3,90L_10NL_3_1,1,1750,"('s', 's', 'sk')",indusko,indusko
90L_10NL,3,90L_10NL_3_1,1,1750,"('s', 's', 'sk')",indusko,indusko
90L_10NL,3,90L_10NL_3_1,1,5250,"('s', 'sk', 'sk')",indusko,indusko
90L_10NL,3,90L_10NL_3_1,1,5250,"('s', 'sk', 'sk')",indusko,indusko
90L_10NL,3,90L_10NL_3_1,1,5250,"('s', 'sk', 'sk')",indusko,indusko
90L_10NL,3,90L_10NL_3_1,1,5250,"('s', 'sk', 'sk')",indusko,indusko
90L_10NL,3,90L_10NL_3_1,1,5250,"('s', 'sk', 'sk')",indusko,indusko
90L_10NL,3,90L_10NL_3_1,1,5250,"('s', 'sk', 'sk')",indusko,indusko
90L_10NL,3,90L_10NL_3_1,1,1750,"('s', 's', 'sk')",indusko,indusko
90L_10NL,3,90L_10NL_3_1,1,1750,"('s', 's', 'sk')",indusko,indusko
90L_10NL,3,90L_10NL_3_1,1,5250,"('s', 'sk', 'sk')",indusko,indusko
90L_10NL,3,90L_10NL_3_1,1,5250,"('s', 'sk', 'sk')",indusko,indusko
90L_10NL,3,90L_10NL_3_1,1,5250,"('s', 'sk', 'sk')",indusko,indusko
90L_10NL,3,90L_10NL_3_1,1,5250,"('s', 'sk', 'sk')",indusko,indusko
90L_10NL,3,90L_10NL_3_1,1,5250,"('s', 'sk', 'sk')",indusko,indusko
90L_10NL,3,90L_10NL_3_1,1,5250,"('s', 'sk', 'sk')",indusko,indusko
90L_10NL,3,90L_10NL_3_1,1,1750,"('s', 's', 'sk')",indusko,indusko
90L_10NL,3,90L_10NL_3_1,1,5250,"('s', 'sk', 'sk')",indusko,indusko
90L_10NL,3,90L_10NL_3_1,1,5250,"('s', 'sk', 'sk')",indusko,indusko
90L_10NL,3,90L_10NL_3_1,1,5250,"('s', 'sk', 'sk')",indusko,indusko
90L_10NL,3,90L_10NL_3_1,1,5250,"('s', 'sk', 'sk')",indusko,indusko
90L_10NL,3,90L_10NL_3_1,1,5250,"('s', 'sk', 'sk')",indusko,indusko
90L_10NL,3,90L_10NL_3_1,1,5250,"('s', 'sk', 'sk')",indusko,indusko
90L_10NL,3,90L_10NL_3_1,1,5250,"('s', 'sk', 'sk')",indusko,indusko
90L_10NL,3,90L_10NL_3_1,1,5250,"('s', 'sk', 'sk')",indusko,indusko
90L_10NL,3,90L_10NL_3_1,1,5250,"('s', 'sk', 'sk')",indusko,indusko
90L_10NL,3,90L_10NL_3_1,1,5250,"('s', 'sk', 'sk')",indusko,indusko
90L_10NL,3,90L_10NL_3_1,1,5250,"('s', 'sk', 'sk')",indusko,indusko
90L_10NL,3,90L_10NL_3_1,1,5250,"('s', 'sk', 'sk')",indusko,indusko
90L_10NL,3,90L_10NL_3_1,1,2625,"('sk', 'sk', 'sk')",indusko,indusko
90L_10NL,3,90L_10NL_3_1,1,2625,"('sk', 'sk', 'sk')",indusko,indusko
90L_10NL,3,90L_10NL_3_1,1,2625,"('sk', 'sk', 'sk')",indusko,indusko
90L_10NL,3,90L_10NL_3_1,1,2625,"('sk', 'sk', 'sk')",indusko,indusko
90L_10NL,3,90L_10NL_3_1,1,2625,"('sk', 'sk', 'sk')",indusko,indusko
90L_10NL,3,90L_10NL_3_1,1,2625,"('sk', 'sk', 'sk')",indusko,indusko
90L_10NL,3,90L_10NL_3_1,1,2625,"('sk', 'sk', 'sk')",indusko,indusko
90L_10NL,3,90L_10NL_3_1,1,2625,"('sk', 'sk', 'sk')",indusko,indusko
90L_10NL,3,90L_10NL_3_1,1,2625,"('sk', 'sk', 'sk')",indusko,indusko
90L_10NL,3,90L_10NL_3_1,1,2625,"('sk', 'sk', 'sk')",indusko,indusko
90L_10NL,3,90L_10NL_3_1,1,2625,"('sk', 'sk', 'sk')",indusko,indusko
90L_10NL,3,90L_10NL_3_1,1,2625,"('sk', 'sk', 'sk')",indusko,indusko
90L_10NL,3,90L_10NL_3_1,1,2625,"('sk', 'sk', 'sk')",indusko,indusko
90L_10NL,3,90L_10NL_3_1,1,2625,"('sk', 'sk', 'sk')",indusko,indusko
90L_10NL,3,90L_10NL_3_1,1,2625,"('sk', 'sk', 'sk')",indusko,indusko
90L_10NL,3,90L_10NL_3_1,1,1050,"('nɡ', 'nɡ', 'nɡ')",debenɡajs,debenɡajs
90L_10NL,3,90L_10NL_3_1,1,1050,"('nɡ', 'nɡ', 'nɡ')",debenɡajs,debenɡajs
90L_10NL,3,90L_10NL_3_1,1,1050,"('nɡ', 'nɡ', 'nɡ')",debenɡajs,debenɡajs
90L_10NL,3,90L_10NL_3_1,1,1050,"('nɡ', 'nɡ', 'nɡ')",debenɡajs,debenɡajs
90L_10NL,3,90L_10NL_3_1,1,1050,"('nɡ', 'nɡ', 'nɡ')",debenɡajs,debenɡajs
90L_10NL,3,90L_10NL_3_1,1,1092,"('nɡ', 'n', 'nɡ')",debenɡajs,debenɡajs
90L_10NL,3,90L_10NL_3_1,1,1092,"('nɡ', 'n', 'nɡ')",debenɡajs,debenɡajs
90L_10NL,3,90L_10NL_3_1,1,1092,"('nɡ', 'n', 'nɡ')",debenɡajs,debenɡajs
90L_10NL,3,90L_10NL_3_1,1,1092,"('nɡ', 'n', 'nɡ')",debenɡajs,debenɡajs
90L_10NL,3,90L_10NL_3_1,1,1092,"('nɡ', 'n', 'nɡ')",debenɡajs,debenɡajs
90L_10NL,3,90L_10NL_3_1,1,1050,"('nɡ', 'nɡ', 'nɡ')",debenɡajs,debenɡajs
90L_10NL,3,90L_10NL_3_1,1,1050,"('nɡ', 'nɡ', 'nɡ')",debenɡajs,debenɡajs
90L_10NL,3,90L_10NL_3_1,1,1050,"('nɡ', 'nɡ', 'nɡ')",debenɡajs,debenɡajs
90L_10NL,3,90L_10NL_3_1,1,1050,"('nɡ', 'nɡ', 'nɡ')",debenɡajs,debenɡajs
90L_10NL,3,90L_10NL_3_1,1,1092,"('nɡ', 'n', 'nɡ')",debenɡajs,debenɡajs
90L_10NL,3,90L_10NL_3_1,1,1092,"('nɡ', 'n', 'nɡ')",debenɡajs,debenɡajs
90L_10NL,3,90L_10NL_3_1,1,1092,"('nɡ', 'n', 'nɡ')",debenɡajs,debenɡajs
90L_10NL,3,90L_10NL_3_1,1,1092,"('nɡ', 'n', 'nɡ')",debenɡajs,debenɡajs
90L_10NL,3,90L_10NL_3_1,1,1092,"('nɡ', 'n', 'nɡ')",debenɡajs,debenɡajs
90L_10NL,3,90L_10NL_3_1,1,1050,"('nɡ', 'nɡ', 'nɡ')",debenɡajs,debenɡajs
90L_10NL,3,90L_10NL_3_1,1,1050,"('nɡ', 'nɡ', 'nɡ')",debenɡajs,debenɡajs
90L_10NL,3,90L_10NL_3_1,1,1050,"('nɡ', 'nɡ', 'nɡ')",debenɡajs,debenɡajs
90L_10NL,3,90L_10NL_3_1,1,1092,"('nɡ', 'n', 'nɡ')",debenɡajs,debenɡajs
90L_10NL,3,90L_10NL_3_1,1,1092,"('nɡ', 'n', 'nɡ')",debenɡajs,debenɡajs
90L_10NL,3,90L_10NL_3_1,1,1092,"('nɡ', 'n', 'nɡ')",debenɡajs,debenɡajs
90L_10NL,3,90L_10NL_3_1,1,1092,"('nɡ', 'n', 'nɡ')",debenɡajs,debenɡajs
90L_10NL,3,90L_10NL_3_1,1,1092,"('nɡ', 'n', 'nɡ')",debenɡajs,debenɡajs
90L_10NL,3,90L_10NL_3_1,1,1050,"('nɡ', 'nɡ', 'nɡ')",debenɡajs,debenɡajs
90L_10NL,3,90L_10NL_3_1,1,1050,"('nɡ', 'nɡ', 'nɡ')",debenɡajs,debenɡajs
90L_10NL,3,90L_10NL_3_1,1,1092,"('nɡ', 'n', 'nɡ')",debenɡajs,debenɡajs
90L_10NL,3,90L_10NL_3_1,1,1092,"('nɡ', 'n', 'nɡ')",debenɡajs,debenɡajs
90L_10NL,3,90L_10NL_3_1,1,1092,"('nɡ', 'n', 'nɡ')",debenɡajs,debenɡajs
90L_10NL,3,90L_10NL_3_1,1,1092,"('nɡ', 'n', 'nɡ')",debenɡajs,debenɡajs
90L_10NL,3,90L_10NL_3_1,1,1092,"('nɡ', 'n', 'nɡ')",debenɡajs,debenɡajs
90L_10NL,3,90L_10NL_3_1,1,1050,"('nɡ', 'nɡ', 'nɡ')",debenɡajs,debenɡajs
90L_10NL,3,90L_10NL_3_1,1,1092,"('nɡ', 'n', 'nɡ')",debenɡajs,debenɡajs
90L_10NL,3,90L_10NL_3_1,1,1092,"('nɡ', 'n', 'nɡ')",debenɡajs,debenɡajs
90L_10NL,3,90L_10NL_3_1,1,1092,"('nɡ', 'n', 'nɡ')",debenɡajs,debenɡajs
90L_10NL,3,90L_10NL_3_1,1,1092,"('nɡ', 'n', 'nɡ')",debenɡajs,debenɡajs
90L_10NL,3,90L_10NL_3_1,1,1092,"('nɡ', 'n', 'nɡ')",debenɡajs,debenɡajs
90L_10NL,3,90L_10NL_3_1,1,1092,"('nɡ', 'n', 'nɡ')",debenɡajs,debenɡajs
90L_10NL,3,90L_10NL_3_1,1,1092,"('nɡ', 'n', 'nɡ')",debenɡajs,debenɡajs
90L_10NL,3,90L_10NL_3_1,1,1092,"('nɡ', 'n', 'nɡ')",debenɡajs,debenɡajs
90L_10NL,3,90L_10NL_3_1,1,1092,"('nɡ', 'n', 'nɡ')",debenɡajs,debenɡajs
90L_10NL,3,90L_10NL_3_1,1,1092,"('nɡ', 'n', 'nɡ')",debenɡajs,debenɡajs
90L_10NL,3,90L_10NL_3_1,1,700,"('n', 'n', 'nɡ')",debenɡajs,debenɡajs
90L_10NL,3,90L_10NL_3_1,1,700,"('n', 'n', 'nɡ')",debenɡajs,debenɡajs
90L_10NL,3,90L_10NL_3_1,1,700,"('n', 'n', 'nɡ')",debenɡajs,debenɡajs
90L_10NL,3,90L_10NL_3_1,1,700,"('n', 'n', 'nɡ')",debenɡajs,debenɡajs
90L_10NL,3,90L_10NL_3_1,1,700,"('n', 'n', 'nɡ')",debenɡajs,debenɡajs
90L_10NL,3,90L_10NL_3_1,1,700,"('n', 'n', 'nɡ')",debenɡajs,debenɡajs
90L_10NL,3,90L_10NL_3_1,1,700,"('n', 'n', 'nɡ')",debenɡajs,debenɡajs
90L_10NL,3,90L_10NL_3_1,1,700,"('n', 'n', 'nɡ')",debenɡajs,debenɡajs
90L_10NL,3,90L_10NL_3_1,1,700,"('n', 'n', 'nɡ')",debenɡajs,debenɡajs
90L_10NL,3,90L_10NL_3_1,1,700,"('n', 'n', 'nɡ')",debenɡajs,debenɡajs
90L_10NL,3,90L_10NL_3_1,1,1050,"('nɡ', 'nɡ', 'nɡ')",debenɡamos,debenɡamos
90L_10NL,3,90L_10NL_3_1,1,1050,"('nɡ', 'nɡ', 'nɡ')",debenɡamos,debenɡamos
90L_10NL,3,90L_10NL_3_1,1,1050,"('nɡ', 'nɡ', 'nɡ')",debenɡamos,debenɡamos
90L_10NL,3,90L_10NL_3_1,1,1050,"('nɡ', 'nɡ', 'nɡ')",debenɡamos,debenɡamos
90L_10NL,3,90L_10NL_3_1,1,1050,"('nɡ', 'nɡ', 'nɡ')",debenɡamos,debenɡamos
90L_10NL,3,90L_10NL_3_1,1,1092,"('nɡ', 'n', 'nɡ')",debenɡamos,debenɡamos
90L_10NL,3,90L_10NL_3_1,1,1092,"('nɡ', 'n', 'nɡ')",debenɡamos,debenɡamos
90L_10NL,3,90L_10NL_3_1,1,1092,"('nɡ', 'n', 'nɡ')",debenɡamos,debenɡamos
90L_10NL,3,90L_10NL_3_1,1,1092,"('nɡ', 'n', 'nɡ')",debenɡamos,debenɡamos
90L_10NL,3,90L_10NL_3_1,1,1092,"('nɡ', 'n', 'nɡ')",debenɡamos,debenɡamos
90L_10NL,3,90L_10NL_3_1,1,1050,"('nɡ', 'nɡ', 'nɡ')",debenɡamos,debenɡamos
90L_10NL,3,90L_10NL_3_1,1,1050,"('nɡ', 'nɡ', 'nɡ')",debenɡamos,debenɡamos
90L_10NL,3,90L_10NL_3_1,1,1050,"('nɡ', 'nɡ', 'nɡ')",debenɡamos,debenɡamos
90L_10NL,3,90L_10NL_3_1,1,1050,"('nɡ', 'nɡ', 'nɡ')",debenɡamos,debenɡamos
90L_10NL,3,90L_10NL_3_1,1,1092,"('nɡ', 'n', 'nɡ')",debenɡamos,debenɡamos
90L_10NL,3,90L_10NL_3_1,1,1092,"('nɡ', 'n', 'nɡ')",debenɡamos,debenɡamos
90L_10NL,3,90L_10NL_3_1,1,1092,"('nɡ', 'n', 'nɡ')",debenɡamos,debenɡamos
90L_10NL,3,90L_10NL_3_1,1,1092,"('nɡ', 'n', 'nɡ')",debenɡamos,debenɡamos
90L_10NL,3,90L_10NL_3_1,1,1092,"('nɡ', 'n', 'nɡ')",debenɡamos,debenɡamos
90L_10NL,3,90L_10NL_3_1,1,1050,"('nɡ', 'nɡ', 'nɡ')",debenɡamos,debenɡamos
90L_10NL,3,90L_10NL_3_1,1,1050,"('nɡ', 'nɡ', 'nɡ')",debenɡamos,debenɡamos
90L_10NL,3,90L_10NL_3_1,1,1050,"('nɡ', 'nɡ', 'nɡ')",debenɡamos,debenɡamos
90L_10NL,3,90L_10NL_3_1,1,1092,"('nɡ', 'n', 'nɡ')",debenɡamos,debenɡamos
90L_10NL,3,90L_10NL_3_1,1,1092,"('nɡ', 'n', 'nɡ')",debenɡamos,debenɡamos
90L_10NL,3,90L_10NL_3_1,1,1092,"('nɡ', 'n', 'nɡ')",debenɡamos,debenɡamos
90L_10NL,3,90L_10NL_3_1,1,1092,"('nɡ', 'n', 'nɡ')",debenɡamos,debenɡamos
90L_10NL,3,90L_10NL_3_1,1,1092,"('nɡ', 'n', 'nɡ')",debenɡamos,debenɡamos
90L_10NL,3,90L_10NL_3_1,1,1050,"('nɡ', 'nɡ', 'nɡ')",debenɡamos,debenɡamos
90L_10NL,3,90L_10NL_3_1,1,1050,"('nɡ', 'nɡ', 'nɡ')",debenɡamos,debenɡamos
90L_10NL,3,90L_10NL_3_1,1,1092,"('nɡ', 'n', 'nɡ')",debenɡamos,debenɡamos
90L_10NL,3,90L_10NL_3_1,1,1092,"('nɡ', 'n', 'nɡ')",debenɡamos,debenɡamos
90L_10NL,3,90L_10NL_3_1,1,1092,"('nɡ', 'n', 'nɡ')",debenɡamos,debenɡamos
90L_10NL,3,90L_10NL_3_1,1,1092,"('nɡ', 'n', 'nɡ')",debenɡamos,debenɡamos
90L_10NL,3,90L_10NL_3_1,1,1092,"('nɡ', 'n', 'nɡ')",debenɡamos,debenɡamos
90L_10NL,3,90L_10NL_3_1,1,1050,"('nɡ', 'nɡ', 'nɡ')",debenɡamos,debenɡamos
90L_10NL,3,90L_10NL_3_1,1,1092,"('nɡ', 'n', 'nɡ')",debenɡamos,debenɡamos
90L_10NL,3,90L_10NL_3_1,1,1092,"('nɡ', 'n', 'nɡ')",debenɡamos,debenɡamos
90L_10NL,3,90L_10NL_3_1,1,1092,"('nɡ', 'n', 'nɡ')",debenɡamos,debenɡamos
90L_10NL,3,90L_10NL_3_1,1,1092,"('nɡ', 'n', 'nɡ')",debenɡamos,debenɡamos
90L_10NL,3,90L_10NL_3_1,1,1092,"('nɡ', 'n', 'nɡ')",debenɡamos,debenɡamos
90L_10NL,3,90L_10NL_3_1,1,1092,"('nɡ', 'n', 'nɡ')",debenɡamos,debenɡamos
90L_10NL,3,90L_10NL_3_1,1,1092,"('nɡ', 'n', 'nɡ')",debenɡamos,debenɡamos
90L_10NL,3,90L_10NL_3_1,1,1092,"('nɡ', 'n', 'nɡ')",debenɡamos,debenɡamos
90L_10NL,3,90L_10NL_3_1,1,1092,"('nɡ', 'n', 'nɡ')",debenɡamos,debenɡamos
90L_10NL,3,90L_10NL_3_1,1,1092,"('nɡ', 'n', 'nɡ')",debenɡamos,debenɡamos
90L_10NL,3,90L_10NL_3_1,1,700,"('n', 'n', 'nɡ')",debenɡamos,debenɡamos
90L_10NL,3,90L_10NL_3_1,1,700,"('n', 'n', 'nɡ')",debenɡamos,debenɡamos
90L_10NL,3,90L_10NL_3_1,1,700,"('n', 'n', 'nɡ')",debenɡamos,debenɡamos
90L_10NL,3,90L_10NL_3_1,1,700,"('n', 'n', 'nɡ')",debenɡamos,debenɡamos
90L_10NL,3,90L_10NL_3_1,1,700,"('n', 'n', 'nɡ')",debenɡamos,debenɡamos
90L_10NL,3,90L_10NL_3_1,1,700,"('n', 'n', 'nɡ')",debenɡamos,debenɡamos
90L_10NL,3,90L_10NL_3_1,1,700,"('n', 'n', 'nɡ')",debenɡamos,debenɡamos
90L_10NL,3,90L_10NL_3_1,1,700,"('n', 'n', 'nɡ')",debenɡamos,debenɡamos
90L_10NL,3,90L_10NL_3_1,1,700,"('n', 'n', 'nɡ')",debenɡamos,debenɡamos
90L_10NL,3,90L_10NL_3_1,1,700,"('n', 'n', 'nɡ')",debenɡamos,debenɡamos
90L_10NL,3,90L_10NL_3_1,1,1050,"('nɡ', 'nɡ', 'nɡ')",debenɡan,debenɡan
90L_10NL,3,90L_10NL_3_1,1,1050,"('nɡ', 'nɡ', 'nɡ')",debenɡan,debenɡan
90L_10NL,3,90L_10NL_3_1,1,1050,"('nɡ', 'nɡ', 'nɡ')",debenɡan,debenɡan
90L_10NL,3,90L_10NL_3_1,1,1050,"('nɡ', 'nɡ', 'nɡ')",debenɡan,debenɡan
90L_10NL,3,90L_10NL_3_1,1,1050,"('nɡ', 'nɡ', 'nɡ')",debenɡan,debenɡan
90L_10NL,3,90L_10NL_3_1,1,1092,"('nɡ', 'n', 'nɡ')",debenɡan,debenɡan
90L_10NL,3,90L_10NL_3_1,1,1092,"('nɡ', 'n', 'nɡ')",debenɡan,debenɡan
90L_10NL,3,90L_10NL_3_1,1,1092,"('nɡ', 'n', 'nɡ')",debenɡan,debenɡan
90L_10NL,3,90L_10NL_3_1,1,1092,"('nɡ', 'n', 'nɡ')",debenɡan,debenɡan
90L_10NL,3,90L_10NL_3_1,1,1092,"('nɡ', 'n', 'nɡ')",debenɡan,debenɡan
90L_10NL,3,90L_10NL_3_1,1,1050,"('nɡ', 'nɡ', 'nɡ')",debenɡan,debenɡan
90L_10NL,3,90L_10NL_3_1,1,1050,"('nɡ', 'nɡ', 'nɡ')",debenɡan,debenɡan
90L_10NL,3,90L_10NL_3_1,1,1050,"('nɡ', 'nɡ', 'nɡ')",debenɡan,debenɡan
90L_10NL,3,90L_10NL_3_1,1,1050,"('nɡ', 'nɡ', 'nɡ')",debenɡan,debenɡan
90L_10NL,3,90L_10NL_3_1,1,1092,"('nɡ', 'n', 'nɡ')",debenɡan,debenɡan
90L_10NL,3,90L_10NL_3_1,1,1092,"('nɡ', 'n', 'nɡ')",debenɡan,debenɡan
90L_10NL,3,90L_10NL_3_1,1,1092,"('nɡ', 'n', 'nɡ')",debenɡan,debenɡan
90L_10NL,3,90L_10NL_3_1,1,1092,"('nɡ', 'n', 'nɡ')",debenɡan,debenɡan
90L_10NL,3,90L_10NL_3_1,1,1092,"('nɡ', 'n', 'nɡ')",debenɡan,debenɡan
90L_10NL,3,90L_10NL_3_1,1,1050,"('nɡ', 'nɡ', 'nɡ')",debenɡan,debenɡan
90L_10NL,3,90L_10NL_3_1,1,1050,"('nɡ', 'nɡ', 'nɡ')",debenɡan,debenɡan
90L_10NL,3,90L_10NL_3_1,1,1050,"('nɡ', 'nɡ', 'nɡ')",debenɡan,debenɡan
90L_10NL,3,90L_10NL_3_1,1,1092,"('nɡ', 'n', 'nɡ')",debenɡan,debenɡan
90L_10NL,3,90L_10NL_3_1,1,1092,"('nɡ', 'n', 'nɡ')",debenɡan,debenɡan
90L_10NL,3,90L_10NL_3_1,1,1092,"('nɡ', 'n', 'nɡ')",debenɡan,debenɡan
90L_10NL,3,90L_10NL_3_1,1,1092,"('nɡ', 'n', 'nɡ')",debenɡan,debenɡan
90L_10NL,3,90L_10NL_3_1,1,1092,"('nɡ', 'n', 'nɡ')",debenɡan,debenɡan
90L_10NL,3,90L_10NL_3_1,1,1050,"('nɡ', 'nɡ', 'nɡ')",debenɡan,debenɡan
90L_10NL,3,90L_10NL_3_1,1,1050,"('nɡ', 'nɡ', 'nɡ')",debenɡan,debenɡan
90L_10NL,3,90L_10NL_3_1,1,1092,"('nɡ', 'n', 'nɡ')",debenɡan,debenɡan
90L_10NL,3,90L_10NL_3_1,1,1092,"('nɡ', 'n', 'nɡ')",debenɡan,debenɡan
90L_10NL,3,90L_10NL_3_1,1,1092,"('nɡ', 'n', 'nɡ')",debenɡan,debenɡan
90L_10NL,3,90L_10NL_3_1,1,1092,"('nɡ', 'n', 'nɡ')",debenɡan,debenɡan
90L_10NL,3,90L_10NL_3_1,1,1092,"('nɡ', 'n', 'nɡ')",debenɡan,debenɡan
90L_10NL,3,90L_10NL_3_1,1,1050,"('nɡ', 'nɡ', 'nɡ')",debenɡan,debenɡan
90L_10NL,3,90L_10NL_3_1,1,1092,"('nɡ', 'n', 'nɡ')",debenɡan,debenɡan
90L_10NL,3,90L_10NL_3_1,1,1092,"('nɡ', 'n', 'nɡ')",debenɡan,debenɡan
90L_10NL,3,90L_10NL_3_1,1,1092,"('nɡ', 'n', 'nɡ')",debenɡan,debenɡan
90L_10NL,3,90L_10NL_3_1,1,1092,"('nɡ', 'n', 'nɡ')",debenɡan,debenɡan
90L_10NL,3,90L_10NL_3_1,1,1092,"('nɡ', 'n', 'nɡ')",debenɡan,debenɡan
90L_10NL,3,90L_10NL_3_1,1,1092,"('nɡ', 'n', 'nɡ')",debenɡan,debenɡan
90L_10NL,3,90L_10NL_3_1,1,1092,"('nɡ', 'n', 'nɡ')",debenɡan,debenɡan
90L_10NL,3,90L_10NL_3_1,1,1092,"('nɡ', 'n', 'nɡ')",debenɡan,debenɡan
90L_10NL,3,90L_10NL_3_1,1,1092,"('nɡ', 'n', 'nɡ')",debenɡan,debenɡan
90L_10NL,3,90L_10NL_3_1,1,1092,"('nɡ', 'n', 'nɡ')",debenɡan,debenɡan
90L_10NL,3,90L_10NL_3_1,1,700,"('n', 'n', 'nɡ')",debenɡan,debenɡan
90L_10NL,3,90L_10NL_3_1,1,700,"('n', 'n', 'nɡ')",debenɡan,debenɡan
90L_10NL,3,90L_10NL_3_1,1,700,"('n', 'n', 'nɡ')",debenɡan,debenɡan
90L_10NL,3,90L_10NL_3_1,1,700,"('n', 'n', 'nɡ')",debenɡan,debenɡan
90L_10NL,3,90L_10NL_3_1,1,700,"('n', 'n', 'nɡ')",debenɡan,debenɡan
90L_10NL,3,90L_10NL_3_1,1,700,"('n', 'n', 'nɡ')",debenɡan,debenɡan
90L_10NL,3,90L_10NL_3_1,1,700,"('n', 'n', 'nɡ')",debenɡan,debenɡan
90L_10NL,3,90L_10NL_3_1,1,700,"('n', 'n', 'nɡ')",debenɡan,debenɡan
90L_10NL,3,90L_10NL_3_1,1,700,"('n', 'n', 'nɡ')",debenɡan,debenɡan
90L_10NL,3,90L_10NL_3_1,1,700,"('n', 'n', 'nɡ')",debenɡan,debenɡan
90L_10NL,3,90L_10NL_3_1,1,1050,"('nɡ', 'nɡ', 'nɡ')",debenɡas,debenɡas
90L_10NL,3,90L_10NL_3_1,1,1050,"('nɡ', 'nɡ', 'nɡ')",debenɡas,debenɡas
90L_10NL,3,90L_10NL_3_1,1,1050,"('nɡ', 'nɡ', 'nɡ')",debenɡas,debenɡas
90L_10NL,3,90L_10NL_3_1,1,1050,"('nɡ', 'nɡ', 'nɡ')",debenɡas,debenɡas
90L_10NL,3,90L_10NL_3_1,1,1050,"('nɡ', 'nɡ', 'nɡ')",debenɡas,debenɡas
90L_10NL,3,90L_10NL_3_1,1,1092,"('nɡ', 'n', 'nɡ')",debenɡas,debenɡas
90L_10NL,3,90L_10NL_3_1,1,1092,"('nɡ', 'n', 'nɡ')",debenɡas,debenɡas
90L_10NL,3,90L_10NL_3_1,1,1092,"('nɡ', 'n', 'nɡ')",debenɡas,debenɡas
90L_10NL,3,90L_10NL_3_1,1,1092,"('nɡ', 'n', 'nɡ')",debenɡas,debenɡas
90L_10NL,3,90L_10NL_3_1,1,1092,"('nɡ', 'n', 'nɡ')",debenɡas,debenɡas
90L_10NL,3,90L_10NL_3_1,1,1050,"('nɡ', 'nɡ', 'nɡ')",debenɡas,debenɡas
90L_10NL,3,90L_10NL_3_1,1,1050,"('nɡ', 'nɡ', 'nɡ')",debenɡas,debenɡas
90L_10NL,3,90L_10NL_3_1,1,1050,"('nɡ', 'nɡ', 'nɡ')",debenɡas,debenɡas
90L_10NL,3,90L_10NL_3_1,1,1050,"('nɡ', 'nɡ', 'nɡ')",debenɡas,debenɡas
90L_10NL,3,90L_10NL_3_1,1,1092,"('nɡ', 'n', 'nɡ')",debenɡas,debenɡas
90L_10NL,3,90L_10NL_3_1,1,1092,"('nɡ', 'n', 'nɡ')",debenɡas,debenɡas
90L_10NL,3,90L_10NL_3_1,1,1092,"('nɡ', 'n', 'nɡ')",debenɡas,debenɡas
90L_10NL,3,90L_10NL_3_1,1,1092,"('nɡ', 'n', 'nɡ')",debenɡas,debenɡas
90L_10NL,3,90L_10NL_3_1,1,1092,"('nɡ', 'n', 'nɡ')",debenɡas,debenɡas
90L_10NL,3,90L_10NL_3_1,1,1050,"('nɡ', 'nɡ', 'nɡ')",debenɡas,debenɡas
90L_10NL,3,90L_10NL_3_1,1,1050,"('nɡ', 'nɡ', 'nɡ')",debenɡas,debenɡas
90L_10NL,3,90L_10NL_3_1,1,1050,"('nɡ', 'nɡ', 'nɡ')",debenɡas,debenɡas
90L_10NL,3,90L_10NL_3_1,1,1092,"('nɡ', 'n', 'nɡ')",debenɡas,debenɡas
90L_10NL,3,90L_10NL_3_1,1,1092,"('nɡ', 'n', 'nɡ')",debenɡas,debenɡas
90L_10NL,3,90L_10NL_3_1,1,1092,"('nɡ', 'n', 'nɡ')",debenɡas,debenɡas
90L_10NL,3,90L_10NL_3_1,1,1092,"('nɡ', 'n', 'nɡ')",debenɡas,debenɡas
90L_10NL,3,90L_10NL_3_1,1,1092,"('nɡ', 'n', 'nɡ')",debenɡas,debenɡas
90L_10NL,3,90L_10NL_3_1,1,1050,"('nɡ', 'nɡ', 'nɡ')",debenɡas,debenɡas
90L_10NL,3,90L_10NL_3_1,1,1050,"('nɡ', 'nɡ', 'nɡ')",debenɡas,debenɡas
90L_10NL,3,90L_10NL_3_1,1,1092,"('nɡ', 'n', 'nɡ')",debenɡas,debenɡas
90L_10NL,3,90L_10NL_3_1,1,1092,"('nɡ', 'n', 'nɡ')",debenɡas,debenɡas
90L_10NL,3,90L_10NL_3_1,1,1092,"('nɡ', 'n', 'nɡ')",debenɡas,debenɡas
90L_10NL,3,90L_10NL_3_1,1,1092,"('nɡ', 'n', 'nɡ')",debenɡas,debenɡas
90L_10NL,3,90L_10NL_3_1,1,1092,"('nɡ', 'n', 'nɡ')",debenɡas,debenɡas
90L_10NL,3,90L_10NL_3_1,1,1050,"('nɡ', 'nɡ', 'nɡ')",debenɡas,debenɡas
90L_10NL,3,90L_10NL_3_1,1,1092,"('nɡ', 'n', 'nɡ')",debenɡas,debenɡas
90L_10NL,3,90L_10NL_3_1,1,1092,"('nɡ', 'n', 'nɡ')",debenɡas,debenɡas
90L_10NL,3,90L_10NL_3_1,1,1092,"('nɡ', 'n', 'nɡ')",debenɡas,debenɡas
90L_10NL,3,90L_10NL_3_1,1,1092,"('nɡ', 'n', 'nɡ')",debenɡas,debenɡas
90L_10NL,3,90L_10NL_3_1,1,1092,"('nɡ', 'n', 'nɡ')",debenɡas,debenɡas
90L_10NL,3,90L_10NL_3_1,1,1092,"('nɡ', 'n', 'nɡ')",debenɡas,debenɡas
90L_10NL,3,90L_10NL_3_1,1,1092,"('nɡ', 'n', 'nɡ')",debenɡas,debenɡas
90L_10NL,3,90L_10NL_3_1,1,1092,"('nɡ', 'n', 'nɡ')",debenɡas,debenɡas
90L_10NL,3,90L_10NL_3_1,1,1092,"('nɡ', 'n', 'nɡ')",debenɡas,debenɡas
90L_10NL,3,90L_10NL_3_1,1,1092,"('nɡ', 'n', 'nɡ')",debenɡas,debenɡas
90L_10NL,3,90L_10NL_3_1,1,700,"('n', 'n', 'nɡ')",debenɡas,debenɡas
90L_10NL,3,90L_10NL_3_1,1,700,"('n', 'n', 'nɡ')",debenɡas,debenɡas
90L_10NL,3,90L_10NL_3_1,1,700,"('n', 'n', 'nɡ')",debenɡas,debenɡas
90L_10NL,3,90L_10NL_3_1,1,700,"('n', 'n', 'nɡ')",debenɡas,debenɡas
90L_10NL,3,90L_10NL_3_1,1,700,"('n', 'n', 'nɡ')",debenɡas,debenɡas
90L_10NL,3,90L_10NL_3_1,1,700,"('n', 'n', 'nɡ')",debenɡas,debenɡas
90L_10NL,3,90L_10NL_3_1,1,700,"('n', 'n', 'nɡ')",debenɡas,debenɡas
90L_10NL,3,90L_10NL_3_1,1,700,"('n', 'n', 'nɡ')",debenɡas,debenɡas
90L_10NL,3,90L_10NL_3_1,1,700,"('n', 'n', 'nɡ')",debenɡas,debenɡas
90L_10NL,3,90L_10NL_3_1,1,700,"('n', 'n', 'nɡ')",debenɡas,debenɡas
90L_10NL,3,90L_10NL_3_1,1,1050,"('nɡ', 'nɡ', 'nɡ')",debenɡa,debenɡa
90L_10NL,3,90L_10NL_3_1,1,1050,"('nɡ', 'nɡ', 'nɡ')",debenɡa,debenɡa
90L_10NL,3,90L_10NL_3_1,1,1050,"('nɡ', 'nɡ', 'nɡ')",debenɡa,debenɡa
90L_10NL,3,90L_10NL_3_1,1,1050,"('nɡ', 'nɡ', 'nɡ')",debenɡa,debenɡa
90L_10NL,3,90L_10NL_3_1,1,1050,"('nɡ', 'nɡ', 'nɡ')",debenɡa,debenɡa
90L_10NL,3,90L_10NL_3_1,1,1092,"('nɡ', 'n', 'nɡ')",debenɡa,debenɡa
90L_10NL,3,90L_10NL_3_1,1,1092,"('nɡ', 'n', 'nɡ')",debenɡa,debenɡa
90L_10NL,3,90L_10NL_3_1,1,1092,"('nɡ', 'n', 'nɡ')",debenɡa,debenɡa
90L_10NL,3,90L_10NL_3_1,1,1092,"('nɡ', 'n', 'nɡ')",debenɡa,debenɡa
90L_10NL,3,90L_10NL_3_1,1,1092,"('nɡ', 'n', 'nɡ')",debenɡa,debenɡa
90L_10NL,3,90L_10NL_3_1,1,1050,"('nɡ', 'nɡ', 'nɡ')",debenɡa,debenɡa
90L_10NL,3,90L_10NL_3_1,1,1050,"('nɡ', 'nɡ', 'nɡ')",debenɡa,debenɡa
90L_10NL,3,90L_10NL_3_1,1,1050,"('nɡ', 'nɡ', 'nɡ')",debenɡa,debenɡa
90L_10NL,3,90L_10NL_3_1,1,1050,"('nɡ', 'nɡ', 'nɡ')",debenɡa,debenɡa
90L_10NL,3,90L_10NL_3_1,1,1092,"('nɡ', 'n', 'nɡ')",debenɡa,debenɡa
90L_10NL,3,90L_10NL_3_1,1,1092,"('nɡ', 'n', 'nɡ')",debenɡa,debenɡa
90L_10NL,3,90L_10NL_3_1,1,1092,"('nɡ', 'n', 'nɡ')",debenɡa,debenɡa
90L_10NL,3,90L_10NL_3_1,1,1092,"('nɡ', 'n', 'nɡ')",debenɡa,debenɡa
90L_10NL,3,90L_10NL_3_1,1,1092,"('nɡ', 'n', 'nɡ')",debenɡa,debenɡa
90L_10NL,3,90L_10NL_3_1,1,1050,"('nɡ', 'nɡ', 'nɡ')",debenɡa,debenɡa
90L_10NL,3,90L_10NL_3_1,1,1050,"('nɡ', 'nɡ', 'nɡ')",debenɡa,debenɡa
90L_10NL,3,90L_10NL_3_1,1,1050,"('nɡ', 'nɡ', 'nɡ')",debenɡa,debenɡa
90L_10NL,3,90L_10NL_3_1,1,1092,"('nɡ', 'n', 'nɡ')",debenɡa,debenɡa
90L_10NL,3,90L_10NL_3_1,1,1092,"('nɡ', 'n', 'nɡ')",debenɡa,debenɡa
90L_10NL,3,90L_10NL_3_1,1,1092,"('nɡ', 'n', 'nɡ')",debenɡa,debenɡa
90L_10NL,3,90L_10NL_3_1,1,1092,"('nɡ', 'n', 'nɡ')",debenɡa,debenɡa
90L_10NL,3,90L_10NL_3_1,1,1092,"('nɡ', 'n', 'nɡ')",debenɡa,debenɡa
90L_10NL,3,90L_10NL_3_1,1,1050,"('nɡ', 'nɡ', 'nɡ')",debenɡa,debenɡa
90L_10NL,3,90L_10NL_3_1,1,1050,"('nɡ', 'nɡ', 'nɡ')",debenɡa,debenɡa
90L_10NL,3,90L_10NL_3_1,1,1092,"('nɡ', 'n', 'nɡ')",debenɡa,debenɡa
90L_10NL,3,90L_10NL_3_1,1,1092,"('nɡ', 'n', 'nɡ')",debenɡa,debenɡa
90L_10NL,3,90L_10NL_3_1,1,1092,"('nɡ', 'n', 'nɡ')",debenɡa,debenɡa
90L_10NL,3,90L_10NL_3_1,1,1092,"('nɡ', 'n', 'nɡ')",debenɡa,debenɡa
90L_10NL,3,90L_10NL_3_1,1,1092,"('nɡ', 'n', 'nɡ')",debenɡa,debenɡa
90L_10NL,3,90L_10NL_3_1,1,1050,"('nɡ', 'nɡ', 'nɡ')",debenɡa,debenɡa
90L_10NL,3,90L_10NL_3_1,1,1092,"('nɡ', 'n', 'nɡ')",debenɡa,debenɡa
90L_10NL,3,90L_10NL_3_1,1,1092,"('nɡ', 'n', 'nɡ')",debenɡa,debenɡa
90L_10NL,3,90L_10NL_3_1,1,1092,"('nɡ', 'n', 'nɡ')",debenɡa,debenɡa
90L_10NL,3,90L_10NL_3_1,1,1092,"('nɡ', 'n', 'nɡ')",debenɡa,debenɡa
90L_10NL,3,90L_10NL_3_1,1,1092,"('nɡ', 'n', 'nɡ')",debenɡa,debenɡa
90L_10NL,3,90L_10NL_3_1,1,1092,"('nɡ', 'n', 'nɡ')",debenɡa,debenɡa
90L_10NL,3,90L_10NL_3_1,1,1092,"('nɡ', 'n', 'nɡ')",debenɡa,debenɡa
90L_10NL,3,90L_10NL_3_1,1,1092,"('nɡ', 'n', 'nɡ')",debenɡa,debenɡa
90L_10NL,3,90L_10NL_3_1,1,1092,"('nɡ', 'n', 'nɡ')",debenɡa,debenɡa
90L_10NL,3,90L_10NL_3_1,1,1092,"('nɡ', 'n', 'nɡ')",debenɡa,debenɡa
90L_10NL,3,90L_10NL_3_1,1,700,"('n', 'n', 'nɡ')",debenɡa,debenɡa
90L_10NL,3,90L_10NL_3_1,1,700,"('n', 'n', 'nɡ')",debenɡa,debenɡa
90L_10NL,3,90L_10NL_3_1,1,700,"('n', 'n', 'nɡ')",debenɡa,debenɡa
90L_10NL,3,90L_10NL_3_1,1,700,"('n', 'n', 'nɡ')",debenɡa,debenɡa
90L_10NL,3,90L_10NL_3_1,1,700,"('n', 'n', 'nɡ')",debenɡa,debenɡa
90L_10NL,3,90L_10NL_3_1,1,700,"('n', 'n', 'nɡ')",debenɡa,debenɡa
90L_10NL,3,90L_10NL_3_1,1,700,"('n', 'n', 'nɡ')",debenɡa,debenɡa
90L_10NL,3,90L_10NL_3_1,1,700,"('n', 'n', 'nɡ')",debenɡa,debenɡa
90L_10NL,3,90L_10NL_3_1,1,700,"('n', 'n', 'nɡ')",debenɡa,debenɡa
90L_10NL,3,90L_10NL_3_1,1,700,"('n', 'n', 'nɡ')",debenɡa,debenɡa
90L_10NL,3,90L_10NL_3_1,1,1050,"('nɡ', 'nɡ', 'nɡ')",debenɡa,debenɡa
90L_10NL,3,90L_10NL_3_1,1,1050,"('nɡ', 'nɡ', 'nɡ')",debenɡa,debenɡa
90L_10NL,3,90L_10NL_3_1,1,1050,"('nɡ', 'nɡ', 'nɡ')",debenɡa,debenɡa
90L_10NL,3,90L_10NL_3_1,1,1050,"('nɡ', 'nɡ', 'nɡ')",debenɡa,debenɡa
90L_10NL,3,90L_10NL_3_1,1,1050,"('nɡ', 'nɡ', 'nɡ')",debenɡa,debenɡa
90L_10NL,3,90L_10NL_3_1,1,1092,"('nɡ', 'n', 'nɡ')",debenɡa,debenɡa
90L_10NL,3,90L_10NL_3_1,1,1092,"('nɡ', 'n', 'nɡ')",debenɡa,debenɡa
90L_10NL,3,90L_10NL_3_1,1,1092,"('nɡ', 'n', 'nɡ')",debenɡa,debenɡa
90L_10NL,3,90L_10NL_3_1,1,1092,"('nɡ', 'n', 'nɡ')",debenɡa,debenɡa
90L_10NL,3,90L_10NL_3_1,1,1092,"('nɡ', 'n', 'nɡ')",debenɡa,debenɡa
90L_10NL,3,90L_10NL_3_1,1,1050,"('nɡ', 'nɡ', 'nɡ')",debenɡa,debenɡa
90L_10NL,3,90L_10NL_3_1,1,1050,"('nɡ', 'nɡ', 'nɡ')",debenɡa,debenɡa
90L_10NL,3,90L_10NL_3_1,1,1050,"('nɡ', 'nɡ', 'nɡ')",debenɡa,debenɡa
90L_10NL,3,90L_10NL_3_1,1,1050,"('nɡ', 'nɡ', 'nɡ')",debenɡa,debenɡa
90L_10NL,3,90L_10NL_3_1,1,1092,"('nɡ', 'n', 'nɡ')",debenɡa,debenɡa
90L_10NL,3,90L_10NL_3_1,1,1092,"('nɡ', 'n', 'nɡ')",debenɡa,debenɡa
90L_10NL,3,90L_10NL_3_1,1,1092,"('nɡ', 'n', 'nɡ')",debenɡa,debenɡa
90L_10NL,3,90L_10NL_3_1,1,1092,"('nɡ', 'n', 'nɡ')",debenɡa,debenɡa
90L_10NL,3,90L_10NL_3_1,1,1092,"('nɡ', 'n', 'nɡ')",debenɡa,debenɡa
90L_10NL,3,90L_10NL_3_1,1,1050,"('nɡ', 'nɡ', 'nɡ')",debenɡa,debenɡa
90L_10NL,3,90L_10NL_3_1,1,1050,"('nɡ', 'nɡ', 'nɡ')",debenɡa,debenɡa
90L_10NL,3,90L_10NL_3_1,1,1050,"('nɡ', 'nɡ', 'nɡ')",debenɡa,debenɡa
90L_10NL,3,90L_10NL_3_1,1,1092,"('nɡ', 'n', 'nɡ')",debenɡa,debenɡa
90L_10NL,3,90L_10NL_3_1,1,1092,"('nɡ', 'n', 'nɡ')",debenɡa,debenɡa
90L_10NL,3,90L_10NL_3_1,1,1092,"('nɡ', 'n', 'nɡ')",debenɡa,debenɡa
90L_10NL,3,90L_10NL_3_1,1,1092,"('nɡ', 'n', 'nɡ')",debenɡa,debenɡa
90L_10NL,3,90L_10NL_3_1,1,1092,"('nɡ', 'n', 'nɡ')",debenɡa,debenɡa
90L_10NL,3,90L_10NL_3_1,1,1050,"('nɡ', 'nɡ', 'nɡ')",debenɡa,debenɡa
90L_10NL,3,90L_10NL_3_1,1,1050,"('nɡ', 'nɡ', 'nɡ')",debenɡa,debenɡa
90L_10NL,3,90L_10NL_3_1,1,1092,"('nɡ', 'n', 'nɡ')",debenɡa,debenɡa
90L_10NL,3,90L_10NL_3_1,1,1092,"('nɡ', 'n', 'nɡ')",debenɡa,debenɡa
90L_10NL,3,90L_10NL_3_1,1,1092,"('nɡ', 'n', 'nɡ')",debenɡa,debenɡa
90L_10NL,3,90L_10NL_3_1,1,1092,"('nɡ', 'n', 'nɡ')",debenɡa,debenɡa
90L_10NL,3,90L_10NL_3_1,1,1092,"('nɡ', 'n', 'nɡ')",debenɡa,debenɡa
90L_10NL,3,90L_10NL_3_1,1,1050,"('nɡ', 'nɡ', 'nɡ')",debenɡa,debenɡa
90L_10NL,3,90L_10NL_3_1,1,1092,"('nɡ', 'n', 'nɡ')",debenɡa,debenɡa
90L_10NL,3,90L_10NL_3_1,1,1092,"('nɡ', 'n', 'nɡ')",debenɡa,debenɡa
90L_10NL,3,90L_10NL_3_1,1,1092,"('nɡ', 'n', 'nɡ')",debenɡa,debenɡa
90L_10NL,3,90L_10NL_3_1,1,1092,"('nɡ', 'n', 'nɡ')",debenɡa,debenɡa
90L_10NL,3,90L_10NL_3_1,1,1092,"('nɡ', 'n', 'nɡ')",debenɡa,debenɡa
90L_10NL,3,90L_10NL_3_1,1,1092,"('nɡ', 'n', 'nɡ')",debenɡa,debenɡa
90L_10NL,3,90L_10NL_3_1,1,1092,"('nɡ', 'n', 'nɡ')",debenɡa,debenɡa
90L_10NL,3,90L_10NL_3_1,1,1092,"('nɡ', 'n', 'nɡ')",debenɡa,debenɡa
90L_10NL,3,90L_10NL_3_1,1,1092,"('nɡ', 'n', 'nɡ')",debenɡa,debenɡa
90L_10NL,3,90L_10NL_3_1,1,1092,"('nɡ', 'n', 'nɡ')",debenɡa,debenɡa
90L_10NL,3,90L_10NL_3_1,1,700,"('n', 'n', 'nɡ')",debenɡa,debenɡa
90L_10NL,3,90L_10NL_3_1,1,700,"('n', 'n', 'nɡ')",debenɡa,debenɡa
90L_10NL,3,90L_10NL_3_1,1,700,"('n', 'n', 'nɡ')",debenɡa,debenɡa
90L_10NL,3,90L_10NL_3_1,1,700,"('n', 'n', 'nɡ')",debenɡa,debenɡa
90L_10NL,3,90L_10NL_3_1,1,700,"('n', 'n', 'nɡ')",debenɡa,debenɡa
90L_10NL,3,90L_10NL_3_1,1,700,"('n', 'n', 'nɡ')",debenɡa,debenɡa
90L_10NL,3,90L_10NL_3_1,1,700,"('n', 'n', 'nɡ')",debenɡa,debenɡa
90L_10NL,3,90L_10NL_3_1,1,700,"('n', 'n', 'nɡ')",debenɡa,debenɡa
90L_10NL,3,90L_10NL_3_1,1,700,"('n', 'n', 'nɡ')",debenɡa,debenɡa
90L_10NL,3,90L_10NL_3_1,1,700,"('n', 'n', 'nɡ')",debenɡa,debenɡa
90L_10NL,3,90L_10NL_3_1,1,1050,"('nɡ', 'nɡ', 'nɡ')",debenɡo,debenɡo
90L_10NL,3,90L_10NL_3_1,1,1050,"('nɡ', 'nɡ', 'nɡ')",debenɡo,debenɡo
90L_10NL,3,90L_10NL_3_1,1,1050,"('nɡ', 'nɡ', 'nɡ')",debenɡo,debenɡo
90L_10NL,3,90L_10NL_3_1,1,1050,"('nɡ', 'nɡ', 'nɡ')",debenɡo,debenɡo
90L_10NL,3,90L_10NL_3_1,1,1050,"('nɡ', 'nɡ', 'nɡ')",debenɡo,debenɡo
90L_10NL,3,90L_10NL_3_1,1,1092,"('nɡ', 'n', 'nɡ')",debenɡo,debenɡo
90L_10NL,3,90L_10NL_3_1,1,1092,"('nɡ', 'n', 'nɡ')",debenɡo,debenɡo
90L_10NL,3,90L_10NL_3_1,1,1092,"('nɡ', 'n', 'nɡ')",debenɡo,debenɡo
90L_10NL,3,90L_10NL_3_1,1,1092,"('nɡ', 'n', 'nɡ')",debenɡo,debenɡo
90L_10NL,3,90L_10NL_3_1,1,1092,"('nɡ', 'n', 'nɡ')",debenɡo,debenɡo
90L_10NL,3,90L_10NL_3_1,1,1050,"('nɡ', 'nɡ', 'nɡ')",debenɡo,debenɡo
90L_10NL,3,90L_10NL_3_1,1,1050,"('nɡ', 'nɡ', 'nɡ')",debenɡo,debenɡo
90L_10NL,3,90L_10NL_3_1,1,1050,"('nɡ', 'nɡ', 'nɡ')",debenɡo,debenɡo
90L_10NL,3,90L_10NL_3_1,1,1050,"('nɡ', 'nɡ', 'nɡ')",debenɡo,debenɡo
90L_10NL,3,90L_10NL_3_1,1,1092,"('nɡ', 'n', 'nɡ')",debenɡo,debenɡo
90L_10NL,3,90L_10NL_3_1,1,1092,"('nɡ', 'n', 'nɡ')",debenɡo,debenɡo
90L_10NL,3,90L_10NL_3_1,1,1092,"('nɡ', 'n', 'nɡ')",debenɡo,debenɡo
90L_10NL,3,90L_10NL_3_1,1,1092,"('nɡ', 'n', 'nɡ')",debenɡo,debenɡo
90L_10NL,3,90L_10NL_3_1,1,1092,"('nɡ', 'n', 'nɡ')",debenɡo,debenɡo
90L_10NL,3,90L_10NL_3_1,1,1050,"('nɡ', 'nɡ', 'nɡ')",debenɡo,debenɡo
90L_10NL,3,90L_10NL_3_1,1,1050,"('nɡ', 'nɡ', 'nɡ')",debenɡo,debenɡo
90L_10NL,3,90L_10NL_3_1,1,1050,"('nɡ', 'nɡ', 'nɡ')",debenɡo,debenɡo
90L_10NL,3,90L_10NL_3_1,1,1092,"('nɡ', 'n', 'nɡ')",debenɡo,debenɡo
90L_10NL,3,90L_10NL_3_1,1,1092,"('nɡ', 'n', 'nɡ')",debenɡo,debenɡo
90L_10NL,3,90L_10NL_3_1,1,1092,"('nɡ', 'n', 'nɡ')",debenɡo,debenɡo
90L_10NL,3,90L_10NL_3_1,1,1092,"('nɡ', 'n', 'nɡ')",debenɡo,debenɡo
90L_10NL,3,90L_10NL_3_1,1,1092,"('nɡ', 'n', 'nɡ')",debenɡo,debenɡo
90L_10NL,3,90L_10NL_3_1,1,1050,"('nɡ', 'nɡ', 'nɡ')",debenɡo,debenɡo
90L_10NL,3,90L_10NL_3_1,1,1050,"('nɡ', 'nɡ', 'nɡ')",debenɡo,debenɡo
90L_10NL,3,90L_10NL_3_1,1,1092,"('nɡ', 'n', 'nɡ')",debenɡo,debenɡo
90L_10NL,3,90L_10NL_3_1,1,1092,"('nɡ', 'n', 'nɡ')",debenɡo,debenɡo
90L_10NL,3,90L_10NL_3_1,1,1092,"('nɡ', 'n', 'nɡ')",debenɡo,debenɡo
90L_10NL,3,90L_10NL_3_1,1,1092,"('nɡ', 'n', 'nɡ')",debenɡo,debenɡo
90L_10NL,3,90L_10NL_3_1,1,1092,"('nɡ', 'n', 'nɡ')",debenɡo,debenɡo
90L_10NL,3,90L_10NL_3_1,1,1050,"('nɡ', 'nɡ', 'nɡ')",debenɡo,debenɡo
90L_10NL,3,90L_10NL_3_1,1,1092,"('nɡ', 'n', 'nɡ')",debenɡo,debenɡo
90L_10NL,3,90L_10NL_3_1,1,1092,"('nɡ', 'n', 'nɡ')",debenɡo,debenɡo
90L_10NL,3,90L_10NL_3_1,1,1092,"('nɡ', 'n', 'nɡ')",debenɡo,debenɡo
90L_10NL,3,90L_10NL_3_1,1,1092,"('nɡ', 'n', 'nɡ')",debenɡo,debenɡo
90L_10NL,3,90L_10NL_3_1,1,1092,"('nɡ', 'n', 'nɡ')",debenɡo,debenɡo
90L_10NL,3,90L_10NL_3_1,1,1092,"('nɡ', 'n', 'nɡ')",debenɡo,debenɡo
90L_10NL,3,90L_10NL_3_1,1,1092,"('nɡ', 'n', 'nɡ')",debenɡo,debenɡo
90L_10NL,3,90L_10NL_3_1,1,1092,"('nɡ', 'n', 'nɡ')",debenɡo,debenɡo
90L_10NL,3,90L_10NL_3_1,1,1092,"('nɡ', 'n', 'nɡ')",debenɡo,debenɡo
90L_10NL,3,90L_10NL_3_1,1,1092,"('nɡ', 'n', 'nɡ')",debenɡo,debenɡo
90L_10NL,3,90L_10NL_3_1,1,700,"('n', 'n', 'nɡ')",debenɡo,debenɡo
90L_10NL,3,90L_10NL_3_1,1,700,"('n', 'n', 'nɡ')",debenɡo,debenɡo
90L_10NL,3,90L_10NL_3_1,1,700,"('n', 'n', 'nɡ')",debenɡo,debenɡo
90L_10NL,3,90L_10NL_3_1,1,700,"('n', 'n', 'nɡ')",debenɡo,debenɡo
90L_10NL,3,90L_10NL_3_1,1,700,"('n', 'n', 'nɡ')",debenɡo,debenɡo
90L_10NL,3,90L_10NL_3_1,1,700,"('n', 'n', 'nɡ')",debenɡo,debenɡo
90L_10NL,3,90L_10NL_3_1,1,700,"('n', 'n', 'nɡ')",debenɡo,debenɡo
90L_10NL,3,90L_10NL_3_1,1,700,"('n', 'n', 'nɡ')",debenɡo,debenɡo
90L_10NL,3,90L_10NL_3_1,1,700,"('n', 'n', 'nɡ')",debenɡo,debenɡo
90L_10NL,3,90L_10NL_3_1,1,700,"('n', 'n', 'nɡ')",debenɡo,debenɡo
90L_10NL,3,90L_10NL_3_1,1,1050,"('nɡ', 'nɡ', 'n')",debenimos,debenimos
90L_10NL,3,90L_10NL_3_1,1,1050,"('nɡ', 'nɡ', 'n')",debenimos,debenimos
90L_10NL,3,90L_10NL_3_1,1,1050,"('nɡ', 'nɡ', 'n')",debenimos,debenimos
90L_10NL,3,90L_10NL_3_1,1,1050,"('nɡ', 'nɡ', 'n')",debenimos,debenimos
90L_10NL,3,90L_10NL_3_1,1,1050,"('nɡ', 'nɡ', 'n')",debenimos,debenimos
90L_10NL,3,90L_10NL_3_1,1,1050,"('nɡ', 'nɡ', 'n')",debenimos,debenimos
90L_10NL,3,90L_10NL_3_1,1,728,"('nɡ', 'n', 'n')",debenimos,debenimos
90L_10NL,3,90L_10NL_3_1,1,728,"('nɡ', 'n', 'n')",debenimos,debenimos
90L_10NL,3,90L_10NL_3_1,1,728,"('nɡ', 'n', 'n')",debenimos,debenimos
90L_10NL,3,90L_10NL_3_1,1,728,"('nɡ', 'n', 'n')",debenimos,debenimos
90L_10NL,3,90L_10NL_3_1,1,1050,"('nɡ', 'nɡ', 'n')",debenimos,debenimos
90L_10NL,3,90L_10NL_3_1,1,1050,"('nɡ', 'nɡ', 'n')",debenimos,debenimos
90L_10NL,3,90L_10NL_3_1,1,1050,"('nɡ', 'nɡ', 'n')",debenimos,debenimos
90L_10NL,3,90L_10NL_3_1,1,1050,"('nɡ', 'nɡ', 'n')",debenimos,debenimos
90L_10NL,3,90L_10NL_3_1,1,1050,"('nɡ', 'nɡ', 'n')",debenimos,debenimos
90L_10NL,3,90L_10NL_3_1,1,728,"('nɡ', 'n', 'n')",debenimos,debenimos
90L_10NL,3,90L_10NL_3_1,1,728,"('nɡ', 'n', 'n')",debenimos,debenimos
90L_10NL,3,90L_10NL_3_1,1,728,"('nɡ', 'n', 'n')",debenimos,debenimos
90L_10NL,3,90L_10NL_3_1,1,728,"('nɡ', 'n', 'n')",debenimos,debenimos
90L_10NL,3,90L_10NL_3_1,1,1050,"('nɡ', 'nɡ', 'n')",debenimos,debenimos
90L_10NL,3,90L_10NL_3_1,1,1050,"('nɡ', 'nɡ', 'n')",debenimos,debenimos
90L_10NL,3,90L_10NL_3_1,1,1050,"('nɡ', 'nɡ', 'n')",debenimos,debenimos
90L_10NL,3,90L_10NL_3_1,1,1050,"('nɡ', 'nɡ', 'n')",debenimos,debenimos
90L_10NL,3,90L_10NL_3_1,1,728,"('nɡ', 'n', 'n')",debenimos,debenimos
90L_10NL,3,90L_10NL_3_1,1,728,"('nɡ', 'n', 'n')",debenimos,debenimos
90L_10NL,3,90L_10NL_3_1,1,728,"('nɡ', 'n', 'n')",debenimos,debenimos
90L_10NL,3,90L_10NL_3_1,1,728,"('nɡ', 'n', 'n')",debenimos,debenimos
90L_10NL,3,90L_10NL_3_1,1,1050,"('nɡ', 'nɡ', 'n')",debenimos,debenimos
90L_10NL,3,90L_10NL_3_1,1,1050,"('nɡ', 'nɡ', 'n')",debenimos,debenimos
90L_10NL,3,90L_10NL_3_1,1,1050,"('nɡ', 'nɡ', 'n')",debenimos,debenimos
90L_10NL,3,90L_10NL_3_1,1,728,"('nɡ', 'n', 'n')",debenimos,debenimos
90L_10NL,3,90L_10NL_3_1,1,728,"('nɡ', 'n', 'n')",debenimos,debenimos
90L_10NL,3,90L_10NL_3_1,1,728,"('nɡ', 'n', 'n')",debenimos,debenimos
90L_10NL,3,90L_10NL_3_1,1,728,"('nɡ', 'n', 'n')",debenimos,debenimos
90L_10NL,3,90L_10NL_3_1,1,1050,"('nɡ', 'nɡ', 'n')",debenimos,debenimos
90L_10NL,3,90L_10NL_3_1,1,1050,"('nɡ', 'nɡ', 'n')",debenimos,debenimos
90L_10NL,3,90L_10NL_3_1,1,728,"('nɡ', 'n', 'n')",debenimos,debenimos
90L_10NL,3,90L_10NL_3_1,1,728,"('nɡ', 'n', 'n')",debenimos,debenimos
90L_10NL,3,90L_10NL_3_1,1,728,"('nɡ', 'n', 'n')",debenimos,debenimos
90L_10NL,3,90L_10NL_3_1,1,728,"('nɡ', 'n', 'n')",debenimos,debenimos
90L_10NL,3,90L_10NL_3_1,1,1050,"('nɡ', 'nɡ', 'n')",debenimos,debenimos
90L_10NL,3,90L_10NL_3_1,1,728,"('nɡ', 'n', 'n')",debenimos,debenimos
90L_10NL,3,90L_10NL_3_1,1,728,"('nɡ', 'n', 'n')",debenimos,debenimos
90L_10NL,3,90L_10NL_3_1,1,728,"('nɡ', 'n', 'n')",debenimos,debenimos
90L_10NL,3,90L_10NL_3_1,1,728,"('nɡ', 'n', 'n')",debenimos,debenimos
90L_10NL,3,90L_10NL_3_1,1,728,"('nɡ', 'n', 'n')",debenimos,debenimos
90L_10NL,3,90L_10NL_3_1,1,728,"('nɡ', 'n', 'n')",debenimos,debenimos
90L_10NL,3,90L_10NL_3_1,1,728,"('nɡ', 'n', 'n')",debenimos,debenimos
90L_10NL,3,90L_10NL_3_1,1,728,"('nɡ', 'n', 'n')",debenimos,debenimos
90L_10NL,3,90L_10NL_3_1,1,300,"('n', 'n', 'n')",debenimos,debenimos
90L_10NL,3,90L_10NL_3_1,1,300,"('n', 'n', 'n')",debenimos,debenimos
90L_10NL,3,90L_10NL_3_1,1,300,"('n', 'n', 'n')",debenimos,debenimos
90L_10NL,3,90L_10NL_3_1,1,300,"('n', 'n', 'n')",debenimos,debenimos
90L_10NL,3,90L_10NL_3_1,1,300,"('n', 'n', 'n')",debenimos,debenimos
90L_10NL,3,90L_10NL_3_1,1,300,"('n', 'n', 'n')",debenimos,debenimos
90L_10NL,3,90L_10NL_3_1,1,1050,"('nɡ', 'nɡ', 'n')",debenis,debenis
90L_10NL,3,90L_10NL_3_1,1,1050,"('nɡ', 'nɡ', 'n')",debenis,debenis
90L_10NL,3,90L_10NL_3_1,1,1050,"('nɡ', 'nɡ', 'n')",debenis,debenis
90L_10NL,3,90L_10NL_3_1,1,1050,"('nɡ', 'nɡ', 'n')",debenis,debenis
90L_10NL,3,90L_10NL_3_1,1,1050,"('nɡ', 'nɡ', 'n')",debenis,debenis
90L_10NL,3,90L_10NL_3_1,1,1050,"('nɡ', 'nɡ', 'n')",debenis,debenis
90L_10NL,3,90L_10NL_3_1,1,728,"('nɡ', 'n', 'n')",debenis,debenis
90L_10NL,3,90L_10NL_3_1,1,728,"('nɡ', 'n', 'n')",debenis,debenis
90L_10NL,3,90L_10NL_3_1,1,728,"('nɡ', 'n', 'n')",debenis,debenis
90L_10NL,3,90L_10NL_3_1,1,728,"('nɡ', 'n', 'n')",debenis,debenis
90L_10NL,3,90L_10NL_3_1,1,1050,"('nɡ', 'nɡ', 'n')",debenis,debenis
90L_10NL,3,90L_10NL_3_1,1,1050,"('nɡ', 'nɡ', 'n')",debenis,debenis
90L_10NL,3,90L_10NL_3_1,1,1050,"('nɡ', 'nɡ', 'n')",debenis,debenis
90L_10NL,3,90L_10NL_3_1,1,1050,"('nɡ', 'nɡ', 'n')",debenis,debenis
90L_10NL,3,90L_10NL_3_1,1,1050,"('nɡ', 'nɡ', 'n')",debenis,debenis
90L_10NL,3,90L_10NL_3_1,1,728,"('nɡ', 'n', 'n')",debenis,debenis
90L_10NL,3,90L_10NL_3_1,1,728,"('nɡ', 'n', 'n')",debenis,debenis
90L_10NL,3,90L_10NL_3_1,1,728,"('nɡ', 'n', 'n')",debenis,debenis
90L_10NL,3,90L_10NL_3_1,1,728,"('nɡ', 'n', 'n')",debenis,debenis
90L_10NL,3,90L_10NL_3_1,1,1050,"('nɡ', 'nɡ', 'n')",debenis,debenis
90L_10NL,3,90L_10NL_3_1,1,1050,"('nɡ', 'nɡ', 'n')",debenis,debenis
90L_10NL,3,90L_10NL_3_1,1,1050,"('nɡ', 'nɡ', 'n')",debenis,debenis
90L_10NL,3,90L_10NL_3_1,1,1050,"('nɡ', 'nɡ', 'n')",debenis,debenis
90L_10NL,3,90L_10NL_3_1,1,728,"('nɡ', 'n', 'n')",debenis,debenis
90L_10NL,3,90L_10NL_3_1,1,728,"('nɡ', 'n', 'n')",debenis,debenis
90L_10NL,3,90L_10NL_3_1,1,728,"('nɡ', 'n', 'n')",debenis,debenis
90L_10NL,3,90L_10NL_3_1,1,728,"('nɡ', 'n', 'n')",debenis,debenis
90L_10NL,3,90L_10NL_3_1,1,1050,"('nɡ', 'nɡ', 'n')",debenis,debenis
90L_10NL,3,90L_10NL_3_1,1,1050,"('nɡ', 'nɡ', 'n')",debenis,debenis
90L_10NL,3,90L_10NL_3_1,1,1050,"('nɡ', 'nɡ', 'n')",debenis,debenis
90L_10NL,3,90L_10NL_3_1,1,728,"('nɡ', 'n', 'n')",debenis,debenis
90L_10NL,3,90L_10NL_3_1,1,728,"('nɡ', 'n', 'n')",debenis,debenis
90L_10NL,3,90L_10NL_3_1,1,728,"('nɡ', 'n', 'n')",debenis,debenis
90L_10NL,3,90L_10NL_3_1,1,728,"('nɡ', 'n', 'n')",debenis,debenis
90L_10NL,3,90L_10NL_3_1,1,1050,"('nɡ', 'nɡ', 'n')",debenis,debenis
90L_10NL,3,90L_10NL_3_1,1,1050,"('nɡ', 'nɡ', 'n')",debenis,debenis
90L_10NL,3,90L_10NL_3_1,1,728,"('nɡ', 'n', 'n')",debenis,debenis
90L_10NL,3,90L_10NL_3_1,1,728,"('nɡ', 'n', 'n')",debenis,debenis
90L_10NL,3,90L_10NL_3_1,1,728,"('nɡ', 'n', 'n')",debenis,debenis
90L_10NL,3,90L_10NL_3_1,1,728,"('nɡ', 'n', 'n')",debenis,debenis
90L_10NL,3,90L_10NL_3_1,1,1050,"('nɡ', 'nɡ', 'n')",debenis,debenis
90L_10NL,3,90L_10NL_3_1,1,728,"('nɡ', 'n', 'n')",debenis,debenis
90L_10NL,3,90L_10NL_3_1,1,728,"('nɡ', 'n', 'n')",debenis,debenis
90L_10NL,3,90L_10NL_3_1,1,728,"('nɡ', 'n', 'n')",debenis,debenis
90L_10NL,3,90L_10NL_3_1,1,728,"('nɡ', 'n', 'n')",debenis,debenis
90L_10NL,3,90L_10NL_3_1,1,728,"('nɡ', 'n', 'n')",debenis,debenis
90L_10NL,3,90L_10NL_3_1,1,728,"('nɡ', 'n', 'n')",debenis,debenis
90L_10NL,3,90L_10NL_3_1,1,728,"('nɡ', 'n', 'n')",debenis,debenis
90L_10NL,3,90L_10NL_3_1,1,728,"('nɡ', 'n', 'n')",debenis,debenis
90L_10NL,3,90L_10NL_3_1,1,300,"('n', 'n', 'n')",debenis,debenis
90L_10NL,3,90L_10NL_3_1,1,300,"('n', 'n', 'n')",debenis,debenis
90L_10NL,3,90L_10NL_3_1,1,300,"('n', 'n', 'n')",debenis,debenis
90L_10NL,3,90L_10NL_3_1,1,300,"('n', 'n', 'n')",debenis,debenis
90L_10NL,3,90L_10NL_3_1,1,300,"('n', 'n', 'n')",debenis,debenis
90L_10NL,3,90L_10NL_3_1,1,300,"('n', 'n', 'n')",debenis,debenis
90L_10NL,3,90L_10NL_3_1,1,1050,"('nɡ', 'nɡ', 'n')",debjenen,debjenen
90L_10NL,3,90L_10NL_3_1,1,1050,"('nɡ', 'nɡ', 'n')",debjenen,debjenen
90L_10NL,3,90L_10NL_3_1,1,1050,"('nɡ', 'nɡ', 'n')",debjenen,debjenen
90L_10NL,3,90L_10NL_3_1,1,1050,"('nɡ', 'nɡ', 'n')",debjenen,debjenen
90L_10NL,3,90L_10NL_3_1,1,1050,"('nɡ', 'nɡ', 'n')",debjenen,debjenen
90L_10NL,3,90L_10NL_3_1,1,1050,"('nɡ', 'nɡ', 'n')",debjenen,debjenen
90L_10NL,3,90L_10NL_3_1,1,728,"('nɡ', 'n', 'n')",debjenen,debjenen
90L_10NL,3,90L_10NL_3_1,1,728,"('nɡ', 'n', 'n')",debjenen,debjenen
90L_10NL,3,90L_10NL_3_1,1,728,"('nɡ', 'n', 'n')",debjenen,debjenen
90L_10NL,3,90L_10NL_3_1,1,728,"('nɡ', 'n', 'n')",debjenen,debjenen
90L_10NL,3,90L_10NL_3_1,1,1050,"('nɡ', 'nɡ', 'n')",debjenen,debjenen
90L_10NL,3,90L_10NL_3_1,1,1050,"('nɡ', 'nɡ', 'n')",debjenen,debjenen
90L_10NL,3,90L_10NL_3_1,1,1050,"('nɡ', 'nɡ', 'n')",debjenen,debjenen
90L_10NL,3,90L_10NL_3_1,1,1050,"('nɡ', 'nɡ', 'n')",debjenen,debjenen
90L_10NL,3,90L_10NL_3_1,1,1050,"('nɡ', 'nɡ', 'n')",debjenen,debjenen
90L_10NL,3,90L_10NL_3_1,1,728,"('nɡ', 'n', 'n')",debjenen,debjenen
90L_10NL,3,90L_10NL_3_1,1,728,"('nɡ', 'n', 'n')",debjenen,debjenen
90L_10NL,3,90L_10NL_3_1,1,728,"('nɡ', 'n', 'n')",debjenen,debjenen
90L_10NL,3,90L_10NL_3_1,1,728,"('nɡ', 'n', 'n')",debjenen,debjenen
90L_10NL,3,90L_10NL_3_1,1,1050,"('nɡ', 'nɡ', 'n')",debjenen,debjenen
90L_10NL,3,90L_10NL_3_1,1,1050,"('nɡ', 'nɡ', 'n')",debjenen,debjenen
90L_10NL,3,90L_10NL_3_1,1,1050,"('nɡ', 'nɡ', 'n')",debjenen,debjenen
90L_10NL,3,90L_10NL_3_1,1,1050,"('nɡ', 'nɡ', 'n')",debjenen,debjenen
90L_10NL,3,90L_10NL_3_1,1,728,"('nɡ', 'n', 'n')",debjenen,debjenen
90L_10NL,3,90L_10NL_3_1,1,728,"('nɡ', 'n', 'n')",debjenen,debjenen
90L_10NL,3,90L_10NL_3_1,1,728,"('nɡ', 'n', 'n')",debjenen,debjenen
90L_10NL,3,90L_10NL_3_1,1,728,"('nɡ', 'n', 'n')",debjenen,debjenen
90L_10NL,3,90L_10NL_3_1,1,1050,"('nɡ', 'nɡ', 'n')",debjenen,debjenen
90L_10NL,3,90L_10NL_3_1,1,1050,"('nɡ', 'nɡ', 'n')",debjenen,debjenen
90L_10NL,3,90L_10NL_3_1,1,1050,"('nɡ', 'nɡ', 'n')",debjenen,debjenen
90L_10NL,3,90L_10NL_3_1,1,728,"('nɡ', 'n', 'n')",debjenen,debjenen
90L_10NL,3,90L_10NL_3_1,1,728,"('nɡ', 'n', 'n')",debjenen,debjenen
90L_10NL,3,90L_10NL_3_1,1,728,"('nɡ', 'n', 'n')",debjenen,debjenen
90L_10NL,3,90L_10NL_3_1,1,728,"('nɡ', 'n', 'n')",debjenen,debjenen
90L_10NL,3,90L_10NL_3_1,1,1050,"('nɡ', 'nɡ', 'n')",debjenen,debjenen
90L_10NL,3,90L_10NL_3_1,1,1050,"('nɡ', 'nɡ', 'n')",debjenen,debjenen
90L_10NL,3,90L_10NL_3_1,1,728,"('nɡ', 'n', 'n')",debjenen,debjenen
90L_10NL,3,90L_10NL_3_1,1,728,"('nɡ', 'n', 'n')",debjenen,debjenen
90L_10NL,3,90L_10NL_3_1,1,728,"('nɡ', 'n', 'n')",debjenen,debjenen
90L_10NL,3,90L_10NL_3_1,1,728,"('nɡ', 'n', 'n')",debjenen,debjenen
90L_10NL,3,90L_10NL_3_1,1,1050,"('nɡ', 'nɡ', 'n')",debjenen,debjenen
90L_10NL,3,90L_10NL_3_1,1,728,"('nɡ', 'n', 'n')",debjenen,debjenen
90L_10NL,3,90L_10NL_3_1,1,728,"('nɡ', 'n', 'n')",debjenen,debjenen
90L_10NL,3,90L_10NL_3_1,1,728,"('nɡ', 'n', 'n')",debjenen,debjenen
90L_10NL,3,90L_10NL_3_1,1,728,"('nɡ', 'n', 'n')",debjenen,debjenen
90L_10NL,3,90L_10NL_3_1,1,728,"('nɡ', 'n', 'n')",debjenen,debjenen
90L_10NL,3,90L_10NL_3_1,1,728,"('nɡ', 'n', 'n')",debjenen,debjenen
90L_10NL,3,90L_10NL_3_1,1,728,"('nɡ', 'n', 'n')",debjenen,debjenen
90L_10NL,3,90L_10NL_3_1,1,728,"('nɡ', 'n', 'n')",debjenen,debjenen
90L_10NL,3,90L_10NL_3_1,1,300,"('n', 'n', 'n')",debjenen,debjenen
90L_10NL,3,90L_10NL_3_1,1,300,"('n', 'n', 'n')",debjenen,debjenen
90L_10NL,3,90L_10NL_3_1,1,300,"('n', 'n', 'n')",debjenen,debjenen
90L_10NL,3,90L_10NL_3_1,1,300,"('n', 'n', 'n')",debjenen,debjenen
90L_10NL,3,90L_10NL_3_1,1,300,"('n', 'n', 'n')",debjenen,debjenen
90L_10NL,3,90L_10NL_3_1,1,300,"('n', 'n', 'n')",debjenen,debjenen
90L_10NL,3,90L_10NL_3_1,1,1050,"('nɡ', 'nɡ', 'n')",debjenes,debjenes
90L_10NL,3,90L_10NL_3_1,1,1050,"('nɡ', 'nɡ', 'n')",debjenes,debjenes
90L_10NL,3,90L_10NL_3_1,1,1050,"('nɡ', 'nɡ', 'n')",debjenes,debjenes
90L_10NL,3,90L_10NL_3_1,1,1050,"('nɡ', 'nɡ', 'n')",debjenes,debjenes
90L_10NL,3,90L_10NL_3_1,1,1050,"('nɡ', 'nɡ', 'n')",debjenes,debjenes
90L_10NL,3,90L_10NL_3_1,1,1050,"('nɡ', 'nɡ', 'n')",debjenes,debjenes
90L_10NL,3,90L_10NL_3_1,1,728,"('nɡ', 'n', 'n')",debjenes,debjenes
90L_10NL,3,90L_10NL_3_1,1,728,"('nɡ', 'n', 'n')",debjenes,debjenes
90L_10NL,3,90L_10NL_3_1,1,728,"('nɡ', 'n', 'n')",debjenes,debjenes
90L_10NL,3,90L_10NL_3_1,1,728,"('nɡ', 'n', 'n')",debjenes,debjenes
90L_10NL,3,90L_10NL_3_1,1,1050,"('nɡ', 'nɡ', 'n')",debjenes,debjenes
90L_10NL,3,90L_10NL_3_1,1,1050,"('nɡ', 'nɡ', 'n')",debjenes,debjenes
90L_10NL,3,90L_10NL_3_1,1,1050,"('nɡ', 'nɡ', 'n')",debjenes,debjenes
90L_10NL,3,90L_10NL_3_1,1,1050,"('nɡ', 'nɡ', 'n')",debjenes,debjenes
90L_10NL,3,90L_10NL_3_1,1,1050,"('nɡ', 'nɡ', 'n')",debjenes,debjenes
90L_10NL,3,90L_10NL_3_1,1,728,"('nɡ', 'n', 'n')",debjenes,debjenes
90L_10NL,3,90L_10NL_3_1,1,728,"('nɡ', 'n', 'n')",debjenes,debjenes
90L_10NL,3,90L_10NL_3_1,1,728,"('nɡ', 'n', 'n')",debjenes,debjenes
90L_10NL,3,90L_10NL_3_1,1,728,"('nɡ', 'n', 'n')",debjenes,debjenes
90L_10NL,3,90L_10NL_3_1,1,1050,"('nɡ', 'nɡ', 'n')",debjenes,debjenes
90L_10NL,3,90L_10NL_3_1,1,1050,"('nɡ', 'nɡ', 'n')",debjenes,debjenes
90L_10NL,3,90L_10NL_3_1,1,1050,"('nɡ', 'nɡ', 'n')",debjenes,debjenes
90L_10NL,3,90L_10NL_3_1,1,1050,"('nɡ', 'nɡ', 'n')",debjenes,debjenes
90L_10NL,3,90L_10NL_3_1,1,728,"('nɡ', 'n', 'n')",debjenes,debjenes
90L_10NL,3,90L_10NL_3_1,1,728,"('nɡ', 'n', 'n')",debjenes,debjenes
90L_10NL,3,90L_10NL_3_1,1,728,"('nɡ', 'n', 'n')",debjenes,debjenes
90L_10NL,3,90L_10NL_3_1,1,728,"('nɡ', 'n', 'n')",debjenes,debjenes
90L_10NL,3,90L_10NL_3_1,1,1050,"('nɡ', 'nɡ', 'n')",debjenes,debjenes
90L_10NL,3,90L_10NL_3_1,1,1050,"('nɡ', 'nɡ', 'n')",debjenes,debjenes
90L_10NL,3,90L_10NL_3_1,1,1050,"('nɡ', 'nɡ', 'n')",debjenes,debjenes
90L_10NL,3,90L_10NL_3_1,1,728,"('nɡ', 'n', 'n')",debjenes,debjenes
90L_10NL,3,90L_10NL_3_1,1,728,"('nɡ', 'n', 'n')",debjenes,debjenes
90L_10NL,3,90L_10NL_3_1,1,728,"('nɡ', 'n', 'n')",debjenes,debjenes
90L_10NL,3,90L_10NL_3_1,1,728,"('nɡ', 'n', 'n')",debjenes,debjenes
90L_10NL,3,90L_10NL_3_1,1,1050,"('nɡ', 'nɡ', 'n')",debjenes,debjenes
90L_10NL,3,90L_10NL_3_1,1,1050,"('nɡ', 'nɡ', 'n')",debjenes,debjenes
90L_10NL,3,90L_10NL_3_1,1,728,"('nɡ', 'n', 'n')",debjenes,debjenes
90L_10NL,3,90L_10NL_3_1,1,728,"('nɡ', 'n', 'n')",debjenes,debjenes
90L_10NL,3,90L_10NL_3_1,1,728,"('nɡ', 'n', 'n')",debjenes,debjenes
90L_10NL,3,90L_10NL_3_1,1,728,"('nɡ', 'n', 'n')",debjenes,debjenes
90L_10NL,3,90L_10NL_3_1,1,1050,"('nɡ', 'nɡ', 'n')",debjenes,debjenes
90L_10NL,3,90L_10NL_3_1,1,728,"('nɡ', 'n', 'n')",debjenes,debjenes
90L_10NL,3,90L_10NL_3_1,1,728,"('nɡ', 'n', 'n')",debjenes,debjenes
90L_10NL,3,90L_10NL_3_1,1,728,"('nɡ', 'n', 'n')",debjenes,debjenes
90L_10NL,3,90L_10NL_3_1,1,728,"('nɡ', 'n', 'n')",debjenes,debjenes
90L_10NL,3,90L_10NL_3_1,1,728,"('nɡ', 'n', 'n')",debjenes,debjenes
90L_10NL,3,90L_10NL_3_1,1,728,"('nɡ', 'n', 'n')",debjenes,debjenes
90L_10NL,3,90L_10NL_3_1,1,728,"('nɡ', 'n', 'n')",debjenes,debjenes
90L_10NL,3,90L_10NL_3_1,1,728,"('nɡ', 'n', 'n')",debjenes,debjenes
90L_10NL,3,90L_10NL_3_1,1,300,"('n', 'n', 'n')",debjenes,debjenes
90L_10NL,3,90L_10NL_3_1,1,300,"('n', 'n', 'n')",debjenes,debjenes
90L_10NL,3,90L_10NL_3_1,1,300,"('n', 'n', 'n')",debjenes,debjenes
90L_10NL,3,90L_10NL_3_1,1,300,"('n', 'n', 'n')",debjenes,debjenes
90L_10NL,3,90L_10NL_3_1,1,300,"('n', 'n', 'n')",debjenes,debjenes
90L_10NL,3,90L_10NL_3_1,1,300,"('n', 'n', 'n')",debjenes,debjenes
90L_10NL,3,90L_10NL_3_1,1,1050,"('nɡ', 'nɡ', 'n')",debjene,debjene
90L_10NL,3,90L_10NL_3_1,1,1050,"('nɡ', 'nɡ', 'n')",debjene,debjene
90L_10NL,3,90L_10NL_3_1,1,1050,"('nɡ', 'nɡ', 'n')",debjene,debjene
90L_10NL,3,90L_10NL_3_1,1,1050,"('nɡ', 'nɡ', 'n')",debjene,debjene
90L_10NL,3,90L_10NL_3_1,1,1050,"('nɡ', 'nɡ', 'n')",debjene,debjene
90L_10NL,3,90L_10NL_3_1,1,1050,"('nɡ', 'nɡ', 'n')",debjene,debjene
90L_10NL,3,90L_10NL_3_1,1,728,"('nɡ', 'n', 'n')",debjene,debjene
90L_10NL,3,90L_10NL_3_1,1,728,"('nɡ', 'n', 'n')",debjene,debjene
90L_10NL,3,90L_10NL_3_1,1,728,"('nɡ', 'n', 'n')",debjene,debjene
90L_10NL,3,90L_10NL_3_1,1,728,"('nɡ', 'n', 'n')",debjene,debjene
90L_10NL,3,90L_10NL_3_1,1,1050,"('nɡ', 'nɡ', 'n')",debjene,debjene
90L_10NL,3,90L_10NL_3_1,1,1050,"('nɡ', 'nɡ', 'n')",debjene,debjene
90L_10NL,3,90L_10NL_3_1,1,1050,"('nɡ', 'nɡ', 'n')",debjene,debjene
90L_10NL,3,90L_10NL_3_1,1,1050,"('nɡ', 'nɡ', 'n')",debjene,debjene
90L_10NL,3,90L_10NL_3_1,1,1050,"('nɡ', 'nɡ', 'n')",debjene,debjene
90L_10NL,3,90L_10NL_3_1,1,728,"('nɡ', 'n', 'n')",debjene,debjene
90L_10NL,3,90L_10NL_3_1,1,728,"('nɡ', 'n', 'n')",debjene,debjene
90L_10NL,3,90L_10NL_3_1,1,728,"('nɡ', 'n', 'n')",debjene,debjene
90L_10NL,3,90L_10NL_3_1,1,728,"('nɡ', 'n', 'n')",debjene,debjene
90L_10NL,3,90L_10NL_3_1,1,1050,"('nɡ', 'nɡ', 'n')",debjene,debjene
90L_10NL,3,90L_10NL_3_1,1,1050,"('nɡ', 'nɡ', 'n')",debjene,debjene
90L_10NL,3,90L_10NL_3_1,1,1050,"('nɡ', 'nɡ', 'n')",debjene,debjene
90L_10NL,3,90L_10NL_3_1,1,1050,"('nɡ', 'nɡ', 'n')",debjene,debjene
90L_10NL,3,90L_10NL_3_1,1,728,"('nɡ', 'n', 'n')",debjene,debjene
90L_10NL,3,90L_10NL_3_1,1,728,"('nɡ', 'n', 'n')",debjene,debjene
90L_10NL,3,90L_10NL_3_1,1,728,"('nɡ', 'n', 'n')",debjene,debjene
90L_10NL,3,90L_10NL_3_1,1,728,"('nɡ', 'n', 'n')",debjene,debjene
90L_10NL,3,90L_10NL_3_1,1,1050,"('nɡ', 'nɡ', 'n')",debjene,debjene
90L_10NL,3,90L_10NL_3_1,1,1050,"('nɡ', 'nɡ', 'n')",debjene,debjene
90L_10NL,3,90L_10NL_3_1,1,1050,"('nɡ', 'nɡ', 'n')",debjene,debjene
90L_10NL,3,90L_10NL_3_1,1,728,"('nɡ', 'n', 'n')",debjene,debjene
90L_10NL,3,90L_10NL_3_1,1,728,"('nɡ', 'n', 'n')",debjene,debjene
90L_10NL,3,90L_10NL_3_1,1,728,"('nɡ', 'n', 'n')",debjene,debjene
90L_10NL,3,90L_10NL_3_1,1,728,"('nɡ', 'n', 'n')",debjene,debjene
90L_10NL,3,90L_10NL_3_1,1,1050,"('nɡ', 'nɡ', 'n')",debjene,debjene
90L_10NL,3,90L_10NL_3_1,1,1050,"('nɡ', 'nɡ', 'n')",debjene,debjene
90L_10NL,3,90L_10NL_3_1,1,728,"('nɡ', 'n', 'n')",debjene,debjene
90L_10NL,3,90L_10NL_3_1,1,728,"('nɡ', 'n', 'n')",debjene,debjene
90L_10NL,3,90L_10NL_3_1,1,728,"('nɡ', 'n', 'n')",debjene,debjene
90L_10NL,3,90L_10NL_3_1,1,728,"('nɡ', 'n', 'n')",debjene,debjene
90L_10NL,3,90L_10NL_3_1,1,1050,"('nɡ', 'nɡ', 'n')",debjene,debjene
90L_10NL,3,90L_10NL_3_1,1,728,"('nɡ', 'n', 'n')",debjene,debjene
90L_10NL,3,90L_10NL_3_1,1,728,"('nɡ', 'n', 'n')",debjene,debjene
90L_10NL,3,90L_10NL_3_1,1,728,"('nɡ', 'n', 'n')",debjene,debjene
90L_10NL,3,90L_10NL_3_1,1,728,"('nɡ', 'n', 'n')",debjene,debjene
90L_10NL,3,90L_10NL_3_1,1,728,"('nɡ', 'n', 'n')",debjene,debjene
90L_10NL,3,90L_10NL_3_1,1,728,"('nɡ', 'n', 'n')",debjene,debjene
90L_10NL,3,90L_10NL_3_1,1,728,"('nɡ', 'n', 'n')",debjene,debjene
90L_10NL,3,90L_10NL_3_1,1,728,"('nɡ', 'n', 'n')",debjene,debjene
90L_10NL,3,90L_10NL_3_1,1,300,"('n', 'n', 'n')",debjene,debjene
90L_10NL,3,90L_10NL_3_1,1,300,"('n', 'n', 'n')",debjene,debjene
90L_10NL,3,90L_10NL_3_1,1,300,"('n', 'n', 'n')",debjene,debjene
90L_10NL,3,90L_10NL_3_1,1,300,"('n', 'n', 'n')",debjene,debjene
90L_10NL,3,90L_10NL_3_1,1,300,"('n', 'n', 'n')",debjene,debjene
90L_10NL,3,90L_10NL_3_1,1,300,"('n', 'n', 'n')",debjene,debjene
90L_10NL,3,90L_10NL_3_1,0,60,"('l', 'l', 'l')",salsen,salen
90L_10NL,3,90L_10NL_3_1,0,224,"('l', 'lɡ', 'l')",salsen,salen
90L_10NL,3,90L_10NL_3_1,0,224,"('l', 'lɡ', 'l')",salsen,salen
90L_10NL,3,90L_10NL_3_1,0,224,"('l', 'lɡ', 'l')",salsen,salen
90L_10NL,3,90L_10NL_3_1,0,224,"('l', 'lɡ', 'l')",salsen,salen
90L_10NL,3,90L_10NL_3_1,0,224,"('l', 'lɡ', 'l')",salean,salen
90L_10NL,3,90L_10NL_3_1,0,224,"('l', 'lɡ', 'l')",salsen,salen
90L_10NL,3,90L_10NL_3_1,0,224,"('l', 'lɡ', 'l')",salsen,salen
90L_10NL,3,90L_10NL_3_1,0,60,"('l', 'l', 'l')",salsen,salen
90L_10NL,3,90L_10NL_3_1,0,60,"('l', 'l', 'l')",salsen,salen
90L_10NL,3,90L_10NL_3_1,0,224,"('l', 'lɡ', 'l')",salsen,salen
90L_10NL,3,90L_10NL_3_1,0,224,"('l', 'lɡ', 'l')",salsen,salen
90L_10NL,3,90L_10NL_3_1,0,224,"('l', 'lɡ', 'l')",salean,salen
90L_10NL,3,90L_10NL_3_1,0,224,"('l', 'lɡ', 'l')",salsen,salen
90L_10NL,3,90L_10NL_3_1,0,224,"('l', 'lɡ', 'l')",salean,salen
90L_10NL,3,90L_10NL_3_1,0,224,"('l', 'lɡ', 'l')",salean,salen
90L_10NL,3,90L_10NL_3_1,0,224,"('l', 'lɡ', 'l')",salean,salen
90L_10NL,3,90L_10NL_3_1,0,60,"('l', 'l', 'l')",salsen,salen
90L_10NL,3,90L_10NL_3_1,0,60,"('l', 'l', 'l')",salsen,salen
90L_10NL,3,90L_10NL_3_1,1,210,"('lɡ', 'lɡ', 'l')",salen,salen
90L_10NL,3,90L_10NL_3_1,1,210,"('lɡ', 'lɡ', 'l')",salen,salen
90L_10NL,3,90L_10NL_3_1,1,210,"('lɡ', 'lɡ', 'l')",salen,salen
90L_10NL,3,90L_10NL_3_1,1,210,"('lɡ', 'lɡ', 'l')",salen,salen
90L_10NL,3,90L_10NL_3_1,1,210,"('lɡ', 'lɡ', 'l')",salen,salen
90L_10NL,3,90L_10NL_3_1,1,210,"('lɡ', 'lɡ', 'l')",salen,salen
90L_10NL,3,90L_10NL_3_1,0,56,"('lɡ', 'l', 'l')",salean,salen
90L_10NL,3,90L_10NL_3_1,0,56,"('lɡ', 'l', 'l')",salsen,salen
90L_10NL,3,90L_10NL_3_1,1,210,"('lɡ', 'lɡ', 'l')",salen,salen
90L_10NL,3,90L_10NL_3_1,0,210,"('lɡ', 'lɡ', 'l')",salean,salen
90L_10NL,3,90L_10NL_3_1,1,210,"('lɡ', 'lɡ', 'l')",salen,salen
90L_10NL,3,90L_10NL_3_1,1,210,"('lɡ', 'lɡ', 'l')",salen,salen
90L_10NL,3,90L_10NL_3_1,1,210,"('lɡ', 'lɡ', 'l')",salen,salen
90L_10NL,3,90L_10NL_3_1,1,56,"('lɡ', 'l', 'l')",salen,salen
90L_10NL,3,90L_10NL_3_1,0,56,"('lɡ', 'l', 'l')",salsen,salen
90L_10NL,3,90L_10NL_3_1,0,210,"('lɡ', 'lɡ', 'l')",salsen,salen
90L_10NL,3,90L_10NL_3_1,1,210,"('lɡ', 'lɡ', 'l')",salen,salen
90L_10NL,3,90L_10NL_3_1,1,210,"('lɡ', 'lɡ', 'l')",salen,salen
90L_10NL,3,90L_10NL_3_1,1,210,"('lɡ', 'lɡ', 'l')",salen,salen
90L_10NL,3,90L_10NL_3_1,0,56,"('lɡ', 'l', 'l')",salean,salen
90L_10NL,3,90L_10NL_3_1,0,56,"('lɡ', 'l', 'l')",salean,salen
90L_10NL,3,90L_10NL_3_1,1,210,"('lɡ', 'lɡ', 'l')",salen,salen
90L_10NL,3,90L_10NL_3_1,1,210,"('lɡ', 'lɡ', 'l')",salen,salen
90L_10NL,3,90L_10NL_3_1,0,210,"('lɡ', 'lɡ', 'l')",salsen,salen
90L_10NL,3,90L_10NL_3_1,0,56,"('lɡ', 'l', 'l')",salsen,salen
90L_10NL,3,90L_10NL_3_1,0,56,"('lɡ', 'l', 'l')",salsen,salen
90L_10NL,3,90L_10NL_3_1,0,210,"('lɡ', 'lɡ', 'l')",salean,salen
90L_10NL,3,90L_10NL_3_1,0,210,"('lɡ', 'lɡ', 'l')",salean,salen
90L_10NL,3,90L_10NL_3_1,0,56,"('lɡ', 'l', 'l')",salean,salen
90L_10NL,3,90L_10NL_3_1,0,56,"('lɡ', 'l', 'l')",salsen,salen
90L_10NL,3,90L_10NL_3_1,0,210,"('lɡ', 'lɡ', 'l')",salean,salen
90L_10NL,3,90L_10NL_3_1,0,56,"('lɡ', 'l', 'l')",salsen,salen
90L_10NL,3,90L_10NL_3_1,0,56,"('lɡ', 'l', 'l')",salsen,salen
90L_10NL,3,90L_10NL_3_1,0,56,"('lɡ', 'l', 'l')",salsen,salen
90L_10NL,3,90L_10NL_3_1,0,56,"('lɡ', 'l', 'l')",salsen,salen
90L_10NL,3,90L_10NL_3_1,0,60,"('l', 'l', 'l')",salsen,salen
90L_10NL,3,90L_10NL_3_1,0,60,"('l', 'l', 'l')",saleas,sales
90L_10NL,3,90L_10NL_3_1,0,224,"('l', 'lɡ', 'l')",salses,sales
90L_10NL,3,90L_10NL_3_1,0,224,"('l', 'lɡ', 'l')",salses,sales
90L_10NL,3,90L_10NL_3_1,0,224,"('l', 'lɡ', 'l')",saleas,sales
90L_10NL,3,90L_10NL_3_1,0,224,"('l', 'lɡ', 'l')",salses,sales
90L_10NL,3,90L_10NL_3_1,0,224,"('l', 'lɡ', 'l')",saleas,sales
90L_10NL,3,90L_10NL_3_1,0,224,"('l', 'lɡ', 'l')",saleas,sales
90L_10NL,3,90L_10NL_3_1,0,224,"('l', 'lɡ', 'l')",saleas,sales
90L_10NL,3,90L_10NL_3_1,0,60,"('l', 'l', 'l')",salses,sales
90L_10NL,3,90L_10NL_3_1,0,60,"('l', 'l', 'l')",salses,sales
90L_10NL,3,90L_10NL_3_1,0,224,"('l', 'lɡ', 'l')",salses,sales
90L_10NL,3,90L_10NL_3_1,0,224,"('l', 'lɡ', 'l')",salses,sales
90L_10NL,3,90L_10NL_3_1,0,224,"('l', 'lɡ', 'l')",saleas,sales
90L_10NL,3,90L_10NL_3_1,0,224,"('l', 'lɡ', 'l')",salses,sales
90L_10NL,3,90L_10NL_3_1,0,224,"('l', 'lɡ', 'l')",saleas,sales
90L_10NL,3,90L_10NL_3_1,0,224,"('l', 'lɡ', 'l')",saleas,sales
90L_10NL,3,90L_10NL_3_1,0,224,"('l', 'lɡ', 'l')",saleas,sales
90L_10NL,3,90L_10NL_3_1,0,60,"('l', 'l', 'l')",salses,sales
90L_10NL,3,90L_10NL_3_1,0,60,"('l', 'l', 'l')",salses,sales
90L_10NL,3,90L_10NL_3_1,1,210,"('lɡ', 'lɡ', 'l')",sales,sales
90L_10NL,3,90L_10NL_3_1,1,210,"('lɡ', 'lɡ', 'l')",sales,sales
90L_10NL,3,90L_10NL_3_1,0,210,"('lɡ', 'lɡ', 'l')",salses,sales
90L_10NL,3,90L_10NL_3_1,1,210,"('lɡ', 'lɡ', 'l')",sales,sales
90L_10NL,3,90L_10NL_3_1,1,210,"('lɡ', 'lɡ', 'l')",sales,sales
90L_10NL,3,90L_10NL_3_1,1,210,"('lɡ', 'lɡ', 'l')",sales,sales
90L_10NL,3,90L_10NL_3_1,0,56,"('lɡ', 'l', 'l')",salses,sales
90L_10NL,3,90L_10NL_3_1,0,56,"('lɡ', 'l', 'l')",salses,sales
90L_10NL,3,90L_10NL_3_1,0,210,"('lɡ', 'lɡ', 'l')",saleas,sales
90L_10NL,3,90L_10NL_3_1,0,210,"('lɡ', 'lɡ', 'l')",salses,sales
90L_10NL,3,90L_10NL_3_1,0,210,"('lɡ', 'lɡ', 'l')",saleas,sales
90L_10NL,3,90L_10NL_3_1,0,210,"('lɡ', 'lɡ', 'l')",saleas,sales
90L_10NL,3,90L_10NL_3_1,0,210,"('lɡ', 'lɡ', 'l')",saleas,sales
90L_10NL,3,90L_10NL_3_1,0,56,"('lɡ', 'l', 'l')",salses,sales
90L_10NL,3,90L_10NL_3_1,0,56,"('lɡ', 'l', 'l')",salses,sales
90L_10NL,3,90L_10NL_3_1,0,210,"('lɡ', 'lɡ', 'l')",salses,sales
90L_10NL,3,90L_10NL_3_1,1,210,"('lɡ', 'lɡ', 'l')",sales,sales
90L_10NL,3,90L_10NL_3_1,1,210,"('lɡ', 'lɡ', 'l')",sales,sales
90L_10NL,3,90L_10NL_3_1,1,210,"('lɡ', 'lɡ', 'l')",sales,sales
90L_10NL,3,90L_10NL_3_1,0,56,"('lɡ', 'l', 'l')",salses,sales
90L_10NL,3,90L_10NL_3_1,0,56,"('lɡ', 'l', 'l')",salses,sales
90L_10NL,3,90L_10NL_3_1,0,210,"('lɡ', 'lɡ', 'l')",salses,sales
90L_10NL,3,90L_10NL_3_1,0,210,"('lɡ', 'lɡ', 'l')",salses,sales
90L_10NL,3,90L_10NL_3_1,0,210,"('lɡ', 'lɡ', 'l')",salses,sales
90L_10NL,3,90L_10NL_3_1,0,56,"('lɡ', 'l', 'l')",salses,sales
90L_10NL,3,90L_10NL_3_1,0,56,"('lɡ', 'l', 'l')",salses,sales
90L_10NL,3,90L_10NL_3_1,1,210,"('lɡ', 'lɡ', 'l')",sales,sales
90L_10NL,3,90L_10NL_3_1,1,210,"('lɡ', 'lɡ', 'l')",sales,sales
90L_10NL,3,90L_10NL_3_1,0,56,"('lɡ', 'l', 'l')",salses,sales
90L_10NL,3,90L_10NL_3_1,0,56,"('lɡ', 'l', 'l')",salses,sales
90L_10NL,3,90L_10NL_3_1,0,210,"('lɡ', 'lɡ', 'l')",salses,sales
90L_10NL,3,90L_10NL_3_1,0,56,"('lɡ', 'l', 'l')",salses,sales
90L_10NL,3,90L_10NL_3_1,0,56,"('lɡ', 'l', 'l')",salses,sales
90L_10NL,3,90L_10NL_3_1,0,56,"('lɡ', 'l', 'l')",salses,sales
90L_10NL,3,90L_10NL_3_1,0,56,"('lɡ', 'l', 'l')",salses,sales
90L_10NL,3,90L_10NL_3_1,0,60,"('l', 'l', 'l')",salses,sales
90L_10NL,3,90L_10NL_3_1,0,60,"('l', 'l', 'l')",salse,sale
90L_10NL,3,90L_10NL_3_1,0,224,"('l', 'lɡ', 'l')",salse,sale
90L_10NL,3,90L_10NL_3_1,0,224,"('l', 'lɡ', 'l')",salea,sale
90L_10NL,3,90L_10NL_3_1,0,224,"('l', 'lɡ', 'l')",salea,sale
90L_10NL,3,90L_10NL_3_1,0,224,"('l', 'lɡ', 'l')",salea,sale
90L_10NL,3,90L_10NL_3_1,0,224,"('l', 'lɡ', 'l')",salea,sale
90L_10NL,3,90L_10NL_3_1,0,224,"('l', 'lɡ', 'l')",salea,sale
90L_10NL,3,90L_10NL_3_1,0,224,"('l', 'lɡ', 'l')",salea,sale
90L_10NL,3,90L_10NL_3_1,0,60,"('l', 'l', 'l')",salse,sale
90L_10NL,3,90L_10NL_3_1,0,60,"('l', 'l', 'l')",salse,sale
90L_10NL,3,90L_10NL_3_1,0,224,"('l', 'lɡ', 'l')",salse,sale
90L_10NL,3,90L_10NL_3_1,0,224,"('l', 'lɡ', 'l')",salse,sale
90L_10NL,3,90L_10NL_3_1,0,224,"('l', 'lɡ', 'l')",salse,sale
90L_10NL,3,90L_10NL_3_1,0,224,"('l', 'lɡ', 'l')",salse,sale
90L_10NL,3,90L_10NL_3_1,0,224,"('l', 'lɡ', 'l')",salse,sale
90L_10NL,3,90L_10NL_3_1,0,224,"('l', 'lɡ', 'l')",salse,sale
90L_10NL,3,90L_10NL_3_1,0,224,"('l', 'lɡ', 'l')",salse,sale
90L_10NL,3,90L_10NL_3_1,0,60,"('l', 'l', 'l')",salse,sale
90L_10NL,3,90L_10NL_3_1,0,60,"('l', 'l', 'l')",salse,sale
90L_10NL,3,90L_10NL_3_1,0,210,"('lɡ', 'lɡ', 'l')",salea,sale
90L_10NL,3,90L_10NL_3_1,0,210,"('lɡ', 'lɡ', 'l')",salea,sale
90L_10NL,3,90L_10NL_3_1,0,210,"('lɡ', 'lɡ', 'l')",salea,sale
90L_10NL,3,90L_10NL_3_1,0,210,"('lɡ', 'lɡ', 'l')",salea,sale
90L_10NL,3,90L_10NL_3_1,0,210,"('lɡ', 'lɡ', 'l')",salea,sale
90L_10NL,3,90L_10NL_3_1,0,210,"('lɡ', 'lɡ', 'l')",salea,sale
90L_10NL,3,90L_10NL_3_1,0,56,"('lɡ', 'l', 'l')",salea,sale
90L_10NL,3,90L_10NL_3_1,0,56,"('lɡ', 'l', 'l')",salse,sale
90L_10NL,3,90L_10NL_3_1,0,210,"('lɡ', 'lɡ', 'l')",salea,sale
90L_10NL,3,90L_10NL_3_1,0,210,"('lɡ', 'lɡ', 'l')",salea,sale
90L_10NL,3,90L_10NL_3_1,0,210,"('lɡ', 'lɡ', 'l')",salea,sale
90L_10NL,3,90L_10NL_3_1,0,210,"('lɡ', 'lɡ', 'l')",salea,sale
90L_10NL,3,90L_10NL_3_1,0,210,"('lɡ', 'lɡ', 'l')",salea,sale
90L_10NL,3,90L_10NL_3_1,0,56,"('lɡ', 'l', 'l')",salea,sale
90L_10NL,3,90L_10NL_3_1,0,56,"('lɡ', 'l', 'l')",salse,sale
90L_10NL,3,90L_10NL_3_1,0,210,"('lɡ', 'lɡ', 'l')",salse,sale
90L_10NL,3,90L_10NL_3_1,0,210,"('lɡ', 'lɡ', 'l')",salea,sale
90L_10NL,3,90L_10NL_3_1,0,210,"('lɡ', 'lɡ', 'l')",salea,sale
90L_10NL,3,90L_10NL_3_1,0,210,"('lɡ', 'lɡ', 'l')",salea,sale
90L_10NL,3,90L_10NL_3_1,0,56,"('lɡ', 'l', 'l')",salea,sale
90L_10NL,3,90L_10NL_3_1,0,56,"('lɡ', 'l', 'l')",salea,sale
90L_10NL,3,90L_10NL_3_1,0,210,"('lɡ', 'lɡ', 'l')",salse,sale
90L_10NL,3,90L_10NL_3_1,0,210,"('lɡ', 'lɡ', 'l')",salse,sale
90L_10NL,3,90L_10NL_3_1,0,210,"('lɡ', 'lɡ', 'l')",salse,sale
90L_10NL,3,90L_10NL_3_1,0,56,"('lɡ', 'l', 'l')",salse,sale
90L_10NL,3,90L_10NL_3_1,0,56,"('lɡ', 'l', 'l')",salse,sale
90L_10NL,3,90L_10NL_3_1,0,210,"('lɡ', 'lɡ', 'l')",salea,sale
90L_10NL,3,90L_10NL_3_1,0,210,"('lɡ', 'lɡ', 'l')",salea,sale
90L_10NL,3,90L_10NL_3_1,0,56,"('lɡ', 'l', 'l')",salea,sale
90L_10NL,3,90L_10NL_3_1,0,56,"('lɡ', 'l', 'l')",salse,sale
90L_10NL,3,90L_10NL_3_1,0,210,"('lɡ', 'lɡ', 'l')",salea,sale
90L_10NL,3,90L_10NL_3_1,0,56,"('lɡ', 'l', 'l')",salea,sale
90L_10NL,3,90L_10NL_3_1,0,56,"('lɡ', 'l', 'l')",salse,sale
90L_10NL,3,90L_10NL_3_1,0,56,"('lɡ', 'l', 'l')",salse,sale
90L_10NL,3,90L_10NL_3_1,0,56,"('lɡ', 'l', 'l')",salse,sale
90L_10NL,3,90L_10NL_3_1,0,60,"('l', 'l', 'l')",salse,sale
90L_10NL,3,90L_10NL_3_1,1,140,"('l', 'l', 'lɡ')",salɡajs,salɡajs
90L_10NL,3,90L_10NL_3_1,0,140,"('l', 'l', 'lɡ')",saleejs,salɡajs
90L_10NL,3,90L_10NL_3_1,1,336,"('l', 'lɡ', 'lɡ')",salɡajs,salɡajs
90L_10NL,3,90L_10NL_3_1,1,336,"('l', 'lɡ', 'lɡ')",salɡajs,salɡajs
90L_10NL,3,90L_10NL_3_1,1,336,"('l', 'lɡ', 'lɡ')",salɡajs,salɡajs
90L_10NL,3,90L_10NL_3_1,1,336,"('l', 'lɡ', 'lɡ')",salɡajs,salɡajs
90L_10NL,3,90L_10NL_3_1,1,336,"('l', 'lɡ', 'lɡ')",salɡajs,salɡajs
90L_10NL,3,90L_10NL_3_1,1,336,"('l', 'lɡ', 'lɡ')",salɡajs,salɡajs
90L_10NL,3,90L_10NL_3_1,1,140,"('l', 'l', 'lɡ')",salɡajs,salɡajs
90L_10NL,3,90L_10NL_3_1,1,140,"('l', 'l', 'lɡ')",salɡajs,salɡajs
90L_10NL,3,90L_10NL_3_1,0,140,"('l', 'l', 'lɡ')",saleskajs,salɡajs
90L_10NL,3,90L_10NL_3_1,1,336,"('l', 'lɡ', 'lɡ')",salɡajs,salɡajs
90L_10NL,3,90L_10NL_3_1,1,336,"('l', 'lɡ', 'lɡ')",salɡajs,salɡajs
90L_10NL,3,90L_10NL_3_1,1,336,"('l', 'lɡ', 'lɡ')",salɡajs,salɡajs
90L_10NL,3,90L_10NL_3_1,1,336,"('l', 'lɡ', 'lɡ')",salɡajs,salɡajs
90L_10NL,3,90L_10NL_3_1,1,336,"('l', 'lɡ', 'lɡ')",salɡajs,salɡajs
90L_10NL,3,90L_10NL_3_1,1,336,"('l', 'lɡ', 'lɡ')",salɡajs,salɡajs
90L_10NL,3,90L_10NL_3_1,0,140,"('l', 'l', 'lɡ')",salsajs,salɡajs
90L_10NL,3,90L_10NL_3_1,0,140,"('l', 'l', 'lɡ')",salsajs,salɡajs
90L_10NL,3,90L_10NL_3_1,1,336,"('l', 'lɡ', 'lɡ')",salɡajs,salɡajs
90L_10NL,3,90L_10NL_3_1,1,336,"('l', 'lɡ', 'lɡ')",salɡajs,salɡajs
90L_10NL,3,90L_10NL_3_1,1,336,"('l', 'lɡ', 'lɡ')",salɡajs,salɡajs
90L_10NL,3,90L_10NL_3_1,1,336,"('l', 'lɡ', 'lɡ')",salɡajs,salɡajs
90L_10NL,3,90L_10NL_3_1,1,336,"('l', 'lɡ', 'lɡ')",salɡajs,salɡajs
90L_10NL,3,90L_10NL_3_1,1,336,"('l', 'lɡ', 'lɡ')",salɡajs,salɡajs
90L_10NL,3,90L_10NL_3_1,1,140,"('l', 'l', 'lɡ')",salɡajs,salɡajs
90L_10NL,3,90L_10NL_3_1,1,140,"('l', 'l', 'lɡ')",salɡajs,salɡajs
90L_10NL,3,90L_10NL_3_1,1,210,"('lɡ', 'lɡ', 'lɡ')",salɡajs,salɡajs
90L_10NL,3,90L_10NL_3_1,1,210,"('lɡ', 'lɡ', 'lɡ')",salɡajs,salɡajs
90L_10NL,3,90L_10NL_3_1,1,210,"('lɡ', 'lɡ', 'lɡ')",salɡajs,salɡajs
90L_10NL,3,90L_10NL_3_1,1,210,"('lɡ', 'lɡ', 'lɡ')",salɡajs,salɡajs
90L_10NL,3,90L_10NL_3_1,1,210,"('lɡ', 'lɡ', 'lɡ')",salɡajs,salɡajs
90L_10NL,3,90L_10NL_3_1,1,84,"('lɡ', 'l', 'lɡ')",salɡajs,salɡajs
90L_10NL,3,90L_10NL_3_1,1,84,"('lɡ', 'l', 'lɡ')",salɡajs,salɡajs
90L_10NL,3,90L_10NL_3_1,1,210,"('lɡ', 'lɡ', 'lɡ')",salɡajs,salɡajs
90L_10NL,3,90L_10NL_3_1,1,210,"('lɡ', 'lɡ', 'lɡ')",salɡajs,salɡajs
90L_10NL,3,90L_10NL_3_1,1,210,"('lɡ', 'lɡ', 'lɡ')",salɡajs,salɡajs
90L_10NL,3,90L_10NL_3_1,1,210,"('lɡ', 'lɡ', 'lɡ')",salɡajs,salɡajs
90L_10NL,3,90L_10NL_3_1,1,84,"('lɡ', 'l', 'lɡ')",salɡajs,salɡajs
90L_10NL,3,90L_10NL_3_1,1,84,"('lɡ', 'l', 'lɡ')",salɡajs,salɡajs
90L_10NL,3,90L_10NL_3_1,1,210,"('lɡ', 'lɡ', 'lɡ')",salɡajs,salɡajs
90L_10NL,3,90L_10NL_3_1,1,210,"('lɡ', 'lɡ', 'lɡ')",salɡajs,salɡajs
90L_10NL,3,90L_10NL_3_1,1,210,"('lɡ', 'lɡ', 'lɡ')",salɡajs,salɡajs
90L_10NL,3,90L_10NL_3_1,1,84,"('lɡ', 'l', 'lɡ')",salɡajs,salɡajs
90L_10NL,3,90L_10NL_3_1,1,84,"('lɡ', 'l', 'lɡ')",salɡajs,salɡajs
90L_10NL,3,90L_10NL_3_1,1,210,"('lɡ', 'lɡ', 'lɡ')",salɡajs,salɡajs
90L_10NL,3,90L_10NL_3_1,1,210,"('lɡ', 'lɡ', 'lɡ')",salɡajs,salɡajs
90L_10NL,3,90L_10NL_3_1,1,84,"('lɡ', 'l', 'lɡ')",salɡajs,salɡajs
90L_10NL,3,90L_10NL_3_1,1,84,"('lɡ', 'l', 'lɡ')",salɡajs,salɡajs
90L_10NL,3,90L_10NL_3_1,1,210,"('lɡ', 'lɡ', 'lɡ')",salɡajs,salɡajs
90L_10NL,3,90L_10NL_3_1,1,84,"('lɡ', 'l', 'lɡ')",salɡajs,salɡajs
90L_10NL,3,90L_10NL_3_1,1,84,"('lɡ', 'l', 'lɡ')",salɡajs,salɡajs
90L_10NL,3,90L_10NL_3_1,1,84,"('lɡ', 'l', 'lɡ')",salɡajs,salɡajs
90L_10NL,3,90L_10NL_3_1,1,84,"('lɡ', 'l', 'lɡ')",salɡajs,salɡajs
90L_10NL,3,90L_10NL_3_1,0,140,"('l', 'l', 'lɡ')",salisajs,salɡajs
90L_10NL,3,90L_10NL_3_1,1,140,"('l', 'l', 'lɡ')",salɡamos,salɡamos
90L_10NL,3,90L_10NL_3_1,0,140,"('l', 'l', 'lɡ')",saleemos,salɡamos
90L_10NL,3,90L_10NL_3_1,1,336,"('l', 'lɡ', 'lɡ')",salɡamos,salɡamos
90L_10NL,3,90L_10NL_3_1,1,336,"('l', 'lɡ', 'lɡ')",salɡamos,salɡamos
90L_10NL,3,90L_10NL_3_1,1,336,"('l', 'lɡ', 'lɡ')",salɡamos,salɡamos
90L_10NL,3,90L_10NL_3_1,1,336,"('l', 'lɡ', 'lɡ')",salɡamos,salɡamos
90L_10NL,3,90L_10NL_3_1,1,336,"('l', 'lɡ', 'lɡ')",salɡamos,salɡamos
90L_10NL,3,90L_10NL_3_1,1,336,"('l', 'lɡ', 'lɡ')",salɡamos,salɡamos
90L_10NL,3,90L_10NL_3_1,1,140,"('l', 'l', 'lɡ')",salɡamos,salɡamos
90L_10NL,3,90L_10NL_3_1,1,140,"('l', 'l', 'lɡ')",salɡamos,salɡamos
90L_10NL,3,90L_10NL_3_1,0,140,"('l', 'l', 'lɡ')",saleskamos,salɡamos
90L_10NL,3,90L_10NL_3_1,1,336,"('l', 'lɡ', 'lɡ')",salɡamos,salɡamos
90L_10NL,3,90L_10NL_3_1,1,336,"('l', 'lɡ', 'lɡ')",salɡamos,salɡamos
90L_10NL,3,90L_10NL_3_1,1,336,"('l', 'lɡ', 'lɡ')",salɡamos,salɡamos
90L_10NL,3,90L_10NL_3_1,1,336,"('l', 'lɡ', 'lɡ')",salɡamos,salɡamos
90L_10NL,3,90L_10NL_3_1,1,336,"('l', 'lɡ', 'lɡ')",salɡamos,salɡamos
90L_10NL,3,90L_10NL_3_1,1,336,"('l', 'lɡ', 'lɡ')",salɡamos,salɡamos
90L_10NL,3,90L_10NL_3_1,0,140,"('l', 'l', 'lɡ')",salsamos,salɡamos
90L_10NL,3,90L_10NL_3_1,0,140,"('l', 'l', 'lɡ')",salsamos,salɡamos
90L_10NL,3,90L_10NL_3_1,1,336,"('l', 'lɡ', 'lɡ')",salɡamos,salɡamos
90L_10NL,3,90L_10NL_3_1,1,336,"('l', 'lɡ', 'lɡ')",salɡamos,salɡamos
90L_10NL,3,90L_10NL_3_1,1,336,"('l', 'lɡ', 'lɡ')",salɡamos,salɡamos
90L_10NL,3,90L_10NL_3_1,1,336,"('l', 'lɡ', 'lɡ')",salɡamos,salɡamos
90L_10NL,3,90L_10NL_3_1,1,336,"('l', 'lɡ', 'lɡ')",salɡamos,salɡamos
90L_10NL,3,90L_10NL_3_1,1,336,"('l', 'lɡ', 'lɡ')",salɡamos,salɡamos
90L_10NL,3,90L_10NL_3_1,1,140,"('l', 'l', 'lɡ')",salɡamos,salɡamos
90L_10NL,3,90L_10NL_3_1,1,140,"('l', 'l', 'lɡ')",salɡamos,salɡamos
90L_10NL,3,90L_10NL_3_1,1,210,"('lɡ', 'lɡ', 'lɡ')",salɡamos,salɡamos
90L_10NL,3,90L_10NL_3_1,1,210,"('lɡ', 'lɡ', 'lɡ')",salɡamos,salɡamos
90L_10NL,3,90L_10NL_3_1,1,210,"('lɡ', 'lɡ', 'lɡ')",salɡamos,salɡamos
90L_10NL,3,90L_10NL_3_1,1,210,"('lɡ', 'lɡ', 'lɡ')",salɡamos,salɡamos
90L_10NL,3,90L_10NL_3_1,1,210,"('lɡ', 'lɡ', 'lɡ')",salɡamos,salɡamos
90L_10NL,3,90L_10NL_3_1,1,84,"('lɡ', 'l', 'lɡ')",salɡamos,salɡamos
90L_10NL,3,90L_10NL_3_1,1,84,"('lɡ', 'l', 'lɡ')",salɡamos,salɡamos
90L_10NL,3,90L_10NL_3_1,1,210,"('lɡ', 'lɡ', 'lɡ')",salɡamos,salɡamos
90L_10NL,3,90L_10NL_3_1,1,210,"('lɡ', 'lɡ', 'lɡ')",salɡamos,salɡamos
90L_10NL,3,90L_10NL_3_1,1,210,"('lɡ', 'lɡ', 'lɡ')",salɡamos,salɡamos
90L_10NL,3,90L_10NL_3_1,1,210,"('lɡ', 'lɡ', 'lɡ')",salɡamos,salɡamos
90L_10NL,3,90L_10NL_3_1,1,84,"('lɡ', 'l', 'lɡ')",salɡamos,salɡamos
90L_10NL,3,90L_10NL_3_1,1,84,"('lɡ', 'l', 'lɡ')",salɡamos,salɡamos
90L_10NL,3,90L_10NL_3_1,1,210,"('lɡ', 'lɡ', 'lɡ')",salɡamos,salɡamos
90L_10NL,3,90L_10NL_3_1,1,210,"('lɡ', 'lɡ', 'lɡ')",salɡamos,salɡamos
90L_10NL,3,90L_10NL_3_1,1,210,"('lɡ', 'lɡ', 'lɡ')",salɡamos,salɡamos
90L_10NL,3,90L_10NL_3_1,1,84,"('lɡ', 'l', 'lɡ')",salɡamos,salɡamos
90L_10NL,3,90L_10NL_3_1,1,84,"('lɡ', 'l', 'lɡ')",salɡamos,salɡamos
90L_10NL,3,90L_10NL_3_1,1,210,"('lɡ', 'lɡ', 'lɡ')",salɡamos,salɡamos
90L_10NL,3,90L_10NL_3_1,1,210,"('lɡ', 'lɡ', 'lɡ')",salɡamos,salɡamos
90L_10NL,3,90L_10NL_3_1,1,84,"('lɡ', 'l', 'lɡ')",salɡamos,salɡamos
90L_10NL,3,90L_10NL_3_1,1,84,"('lɡ', 'l', 'lɡ')",salɡamos,salɡamos
90L_10NL,3,90L_10NL_3_1,1,210,"('lɡ', 'lɡ', 'lɡ')",salɡamos,salɡamos
90L_10NL,3,90L_10NL_3_1,1,84,"('lɡ', 'l', 'lɡ')",salɡamos,salɡamos
90L_10NL,3,90L_10NL_3_1,1,84,"('lɡ', 'l', 'lɡ')",salɡamos,salɡamos
90L_10NL,3,90L_10NL_3_1,1,84,"('lɡ', 'l', 'lɡ')",salɡamos,salɡamos
90L_10NL,3,90L_10NL_3_1,1,84,"('lɡ', 'l', 'lɡ')",salɡamos,salɡamos
90L_10NL,3,90L_10NL_3_1,0,140,"('l', 'l', 'lɡ')",salisemos,salɡamos
90L_10NL,3,90L_10NL_3_1,1,140,"('l', 'l', 'lɡ')",salɡan,salɡan
90L_10NL,3,90L_10NL_3_1,1,140,"('l', 'l', 'lɡ')",salɡan,salɡan
90L_10NL,3,90L_10NL_3_1,1,336,"('l', 'lɡ', 'lɡ')",salɡan,salɡan
90L_10NL,3,90L_10NL_3_1,1,336,"('l', 'lɡ', 'lɡ')",salɡan,salɡan
90L_10NL,3,90L_10NL_3_1,1,336,"('l', 'lɡ', 'lɡ')",salɡan,salɡan
90L_10NL,3,90L_10NL_3_1,1,336,"('l', 'lɡ', 'lɡ')",salɡan,salɡan
90L_10NL,3,90L_10NL_3_1,1,336,"('l', 'lɡ', 'lɡ')",salɡan,salɡan
90L_10NL,3,90L_10NL_3_1,1,336,"('l', 'lɡ', 'lɡ')",salɡan,salɡan
90L_10NL,3,90L_10NL_3_1,1,140,"('l', 'l', 'lɡ')",salɡan,salɡan
90L_10NL,3,90L_10NL_3_1,1,140,"('l', 'l', 'lɡ')",salɡan,salɡan
90L_10NL,3,90L_10NL_3_1,0,140,"('l', 'l', 'lɡ')",salsan,salɡan
90L_10NL,3,90L_10NL_3_1,0,336,"('l', 'lɡ', 'lɡ')",salsan,salɡan
90L_10NL,3,90L_10NL_3_1,0,336,"('l', 'lɡ', 'lɡ')",salsan,salɡan
90L_10NL,3,90L_10NL_3_1,0,336,"('l', 'lɡ', 'lɡ')",salsan,salɡan
90L_10NL,3,90L_10NL_3_1,1,336,"('l', 'lɡ', 'lɡ')",salɡan,salɡan
90L_10NL,3,90L_10NL_3_1,1,336,"('l', 'lɡ', 'lɡ')",salɡan,salɡan
90L_10NL,3,90L_10NL_3_1,1,336,"('l', 'lɡ', 'lɡ')",salɡan,salɡan
90L_10NL,3,90L_10NL_3_1,0,140,"('l', 'l', 'lɡ')",salsan,salɡan
90L_10NL,3,90L_10NL_3_1,0,140,"('l', 'l', 'lɡ')",salsan,salɡan
90L_10NL,3,90L_10NL_3_1,1,336,"('l', 'lɡ', 'lɡ')",salɡan,salɡan
90L_10NL,3,90L_10NL_3_1,1,336,"('l', 'lɡ', 'lɡ')",salɡan,salɡan
90L_10NL,3,90L_10NL_3_1,1,336,"('l', 'lɡ', 'lɡ')",salɡan,salɡan
90L_10NL,3,90L_10NL_3_1,1,336,"('l', 'lɡ', 'lɡ')",salɡan,salɡan
90L_10NL,3,90L_10NL_3_1,1,336,"('l', 'lɡ', 'lɡ')",salɡan,salɡan
90L_10NL,3,90L_10NL_3_1,1,336,"('l', 'lɡ', 'lɡ')",salɡan,salɡan
90L_10NL,3,90L_10NL_3_1,0,140,"('l', 'l', 'lɡ')",salsan,salɡan
90L_10NL,3,90L_10NL_3_1,1,140,"('l', 'l', 'lɡ')",salɡan,salɡan
90L_10NL,3,90L_10NL_3_1,1,210,"('lɡ', 'lɡ', 'lɡ')",salɡan,salɡan
90L_10NL,3,90L_10NL_3_1,1,210,"('lɡ', 'lɡ', 'lɡ')",salɡan,salɡan
90L_10NL,3,90L_10NL_3_1,1,210,"('lɡ', 'lɡ', 'lɡ')",salɡan,salɡan
90L_10NL,3,90L_10NL_3_1,1,210,"('lɡ', 'lɡ', 'lɡ')",salɡan,salɡan
90L_10NL,3,90L_10NL_3_1,1,210,"('lɡ', 'lɡ', 'lɡ')",salɡan,salɡan
90L_10NL,3,90L_10NL_3_1,1,84,"('lɡ', 'l', 'lɡ')",salɡan,salɡan
90L_10NL,3,90L_10NL_3_1,1,84,"('lɡ', 'l', 'lɡ')",salɡan,salɡan
90L_10NL,3,90L_10NL_3_1,1,210,"('lɡ', 'lɡ', 'lɡ')",salɡan,salɡan
90L_10NL,3,90L_10NL_3_1,1,210,"('lɡ', 'lɡ', 'lɡ')",salɡan,salɡan
90L_10NL,3,90L_10NL_3_1,1,210,"('lɡ', 'lɡ', 'lɡ')",salɡan,salɡan
90L_10NL,3,90L_10NL_3_1,1,210,"('lɡ', 'lɡ', 'lɡ')",salɡan,salɡan
90L_10NL,3,90L_10NL_3_1,1,84,"('lɡ', 'l', 'lɡ')",salɡan,salɡan
90L_10NL,3,90L_10NL_3_1,1,84,"('lɡ', 'l', 'lɡ')",salɡan,salɡan
90L_10NL,3,90L_10NL_3_1,1,210,"('lɡ', 'lɡ', 'lɡ')",salɡan,salɡan
90L_10NL,3,90L_10NL_3_1,1,210,"('lɡ', 'lɡ', 'lɡ')",salɡan,salɡan
90L_10NL,3,90L_10NL_3_1,1,210,"('lɡ', 'lɡ', 'lɡ')",salɡan,salɡan
90L_10NL,3,90L_10NL_3_1,1,84,"('lɡ', 'l', 'lɡ')",salɡan,salɡan
90L_10NL,3,90L_10NL_3_1,1,84,"('lɡ', 'l', 'lɡ')",salɡan,salɡan
90L_10NL,3,90L_10NL_3_1,1,210,"('lɡ', 'lɡ', 'lɡ')",salɡan,salɡan
90L_10NL,3,90L_10NL_3_1,1,210,"('lɡ', 'lɡ', 'lɡ')",salɡan,salɡan
90L_10NL,3,90L_10NL_3_1,1,84,"('lɡ', 'l', 'lɡ')",salɡan,salɡan
90L_10NL,3,90L_10NL_3_1,1,84,"('lɡ', 'l', 'lɡ')",salɡan,salɡan
90L_10NL,3,90L_10NL_3_1,1,210,"('lɡ', 'lɡ', 'lɡ')",salɡan,salɡan
90L_10NL,3,90L_10NL_3_1,1,84,"('lɡ', 'l', 'lɡ')",salɡan,salɡan
90L_10NL,3,90L_10NL_3_1,1,84,"('lɡ', 'l', 'lɡ')",salɡan,salɡan
90L_10NL,3,90L_10NL_3_1,1,84,"('lɡ', 'l', 'lɡ')",salɡan,salɡan
90L_10NL,3,90L_10NL_3_1,1,84,"('lɡ', 'l', 'lɡ')",salɡan,salɡan
90L_10NL,3,90L_10NL_3_1,0,140,"('l', 'l', 'lɡ')",salskan,salɡan
90L_10NL,3,90L_10NL_3_1,1,140,"('l', 'l', 'lɡ')",salɡas,salɡas
90L_10NL,3,90L_10NL_3_1,1,140,"('l', 'l', 'lɡ')",salɡas,salɡas
90L_10NL,3,90L_10NL_3_1,1,336,"('l', 'lɡ', 'lɡ')",salɡas,salɡas
90L_10NL,3,90L_10NL_3_1,1,336,"('l', 'lɡ', 'lɡ')",salɡas,salɡas
90L_10NL,3,90L_10NL_3_1,1,336,"('l', 'lɡ', 'lɡ')",salɡas,salɡas
90L_10NL,3,90L_10NL_3_1,1,336,"('l', 'lɡ', 'lɡ')",salɡas,salɡas
90L_10NL,3,90L_10NL_3_1,1,336,"('l', 'lɡ', 'lɡ')",salɡas,salɡas
90L_10NL,3,90L_10NL_3_1,1,336,"('l', 'lɡ', 'lɡ')",salɡas,salɡas
90L_10NL,3,90L_10NL_3_1,1,140,"('l', 'l', 'lɡ')",salɡas,salɡas
90L_10NL,3,90L_10NL_3_1,1,140,"('l', 'l', 'lɡ')",salɡas,salɡas
90L_10NL,3,90L_10NL_3_1,0,140,"('l', 'l', 'lɡ')",salsas,salɡas
90L_10NL,3,90L_10NL_3_1,0,336,"('l', 'lɡ', 'lɡ')",salsas,salɡas
90L_10NL,3,90L_10NL_3_1,0,336,"('l', 'lɡ', 'lɡ')",salsas,salɡas
90L_10NL,3,90L_10NL_3_1,1,336,"('l', 'lɡ', 'lɡ')",salɡas,salɡas
90L_10NL,3,90L_10NL_3_1,1,336,"('l', 'lɡ', 'lɡ')",salɡas,salɡas
90L_10NL,3,90L_10NL_3_1,1,336,"('l', 'lɡ', 'lɡ')",salɡas,salɡas
90L_10NL,3,90L_10NL_3_1,1,336,"('l', 'lɡ', 'lɡ')",salɡas,salɡas
90L_10NL,3,90L_10NL_3_1,0,140,"('l', 'l', 'lɡ')",salsas,salɡas
90L_10NL,3,90L_10NL_3_1,0,140,"('l', 'l', 'lɡ')",salsas,salɡas
90L_10NL,3,90L_10NL_3_1,1,336,"('l', 'lɡ', 'lɡ')",salɡas,salɡas
90L_10NL,3,90L_10NL_3_1,1,336,"('l', 'lɡ', 'lɡ')",salɡas,salɡas
90L_10NL,3,90L_10NL_3_1,1,336,"('l', 'lɡ', 'lɡ')",salɡas,salɡas
90L_10NL,3,90L_10NL_3_1,1,336,"('l', 'lɡ', 'lɡ')",salɡas,salɡas
90L_10NL,3,90L_10NL_3_1,1,336,"('l', 'lɡ', 'lɡ')",salɡas,salɡas
90L_10NL,3,90L_10NL_3_1,1,336,"('l', 'lɡ', 'lɡ')",salɡas,salɡas
90L_10NL,3,90L_10NL_3_1,0,140,"('l', 'l', 'lɡ')",salsas,salɡas
90L_10NL,3,90L_10NL_3_1,1,140,"('l', 'l', 'lɡ')",salɡas,salɡas
90L_10NL,3,90L_10NL_3_1,1,210,"('lɡ', 'lɡ', 'lɡ')",salɡas,salɡas
90L_10NL,3,90L_10NL_3_1,1,210,"('lɡ', 'lɡ', 'lɡ')",salɡas,salɡas
90L_10NL,3,90L_10NL_3_1,1,210,"('lɡ', 'lɡ', 'lɡ')",salɡas,salɡas
90L_10NL,3,90L_10NL_3_1,1,210,"('lɡ', 'lɡ', 'lɡ')",salɡas,salɡas
90L_10NL,3,90L_10NL_3_1,1,210,"('lɡ', 'lɡ', 'lɡ')",salɡas,salɡas
90L_10NL,3,90L_10NL_3_1,1,84,"('lɡ', 'l', 'lɡ')",salɡas,salɡas
90L_10NL,3,90L_10NL_3_1,1,84,"('lɡ', 'l', 'lɡ')",salɡas,salɡas
90L_10NL,3,90L_10NL_3_1,1,210,"('lɡ', 'lɡ', 'lɡ')",salɡas,salɡas
90L_10NL,3,90L_10NL_3_1,1,210,"('lɡ', 'lɡ', 'lɡ')",salɡas,salɡas
90L_10NL,3,90L_10NL_3_1,1,210,"('lɡ', 'lɡ', 'lɡ')",salɡas,salɡas
90L_10NL,3,90L_10NL_3_1,1,210,"('lɡ', 'lɡ', 'lɡ')",salɡas,salɡas
90L_10NL,3,90L_10NL_3_1,1,84,"('lɡ', 'l', 'lɡ')",salɡas,salɡas
90L_10NL,3,90L_10NL_3_1,1,84,"('lɡ', 'l', 'lɡ')",salɡas,salɡas
90L_10NL,3,90L_10NL_3_1,1,210,"('lɡ', 'lɡ', 'lɡ')",salɡas,salɡas
90L_10NL,3,90L_10NL_3_1,1,210,"('lɡ', 'lɡ', 'lɡ')",salɡas,salɡas
90L_10NL,3,90L_10NL_3_1,1,210,"('lɡ', 'lɡ', 'lɡ')",salɡas,salɡas
90L_10NL,3,90L_10NL_3_1,1,84,"('lɡ', 'l', 'lɡ')",salɡas,salɡas
90L_10NL,3,90L_10NL_3_1,1,84,"('lɡ', 'l', 'lɡ')",salɡas,salɡas
90L_10NL,3,90L_10NL_3_1,1,210,"('lɡ', 'lɡ', 'lɡ')",salɡas,salɡas
90L_10NL,3,90L_10NL_3_1,1,210,"('lɡ', 'lɡ', 'lɡ')",salɡas,salɡas
90L_10NL,3,90L_10NL_3_1,1,84,"('lɡ', 'l', 'lɡ')",salɡas,salɡas
90L_10NL,3,90L_10NL_3_1,1,84,"('lɡ', 'l', 'lɡ')",salɡas,salɡas
90L_10NL,3,90L_10NL_3_1,1,210,"('lɡ', 'lɡ', 'lɡ')",salɡas,salɡas
90L_10NL,3,90L_10NL_3_1,1,84,"('lɡ', 'l', 'lɡ')",salɡas,salɡas
90L_10NL,3,90L_10NL_3_1,1,84,"('lɡ', 'l', 'lɡ')",salɡas,salɡas
90L_10NL,3,90L_10NL_3_1,1,84,"('lɡ', 'l', 'lɡ')",salɡas,salɡas
90L_10NL,3,90L_10NL_3_1,1,84,"('lɡ', 'l', 'lɡ')",salɡas,salɡas
90L_10NL,3,90L_10NL_3_1,0,140,"('l', 'l', 'lɡ')",salsas,salɡas
90L_10NL,3,90L_10NL_3_1,1,140,"('l', 'l', 'lɡ')",salɡa,salɡa
90L_10NL,3,90L_10NL_3_1,1,140,"('l', 'l', 'lɡ')",salɡa,salɡa
90L_10NL,3,90L_10NL_3_1,1,336,"('l', 'lɡ', 'lɡ')",salɡa,salɡa
90L_10NL,3,90L_10NL_3_1,1,336,"('l', 'lɡ', 'lɡ')",salɡa,salɡa
90L_10NL,3,90L_10NL_3_1,1,336,"('l', 'lɡ', 'lɡ')",salɡa,salɡa
90L_10NL,3,90L_10NL_3_1,1,336,"('l', 'lɡ', 'lɡ')",salɡa,salɡa
90L_10NL,3,90L_10NL_3_1,1,336,"('l', 'lɡ', 'lɡ')",salɡa,salɡa
90L_10NL,3,90L_10NL_3_1,1,336,"('l', 'lɡ', 'lɡ')",salɡa,salɡa
90L_10NL,3,90L_10NL_3_1,1,140,"('l', 'l', 'lɡ')",salɡa,salɡa
90L_10NL,3,90L_10NL_3_1,1,140,"('l', 'l', 'lɡ')",salɡa,salɡa
90L_10NL,3,90L_10NL_3_1,0,140,"('l', 'l', 'lɡ')",salsa,salɡa
90L_10NL,3,90L_10NL_3_1,0,336,"('l', 'lɡ', 'lɡ')",salsa,salɡa
90L_10NL,3,90L_10NL_3_1,0,336,"('l', 'lɡ', 'lɡ')",salsa,salɡa
90L_10NL,3,90L_10NL_3_1,1,336,"('l', 'lɡ', 'lɡ')",salɡa,salɡa
90L_10NL,3,90L_10NL_3_1,0,336,"('l', 'lɡ', 'lɡ')",salsa,salɡa
90L_10NL,3,90L_10NL_3_1,1,336,"('l', 'lɡ', 'lɡ')",salɡa,salɡa
90L_10NL,3,90L_10NL_3_1,1,336,"('l', 'lɡ', 'lɡ')",salɡa,salɡa
90L_10NL,3,90L_10NL_3_1,0,140,"('l', 'l', 'lɡ')",salsa,salɡa
90L_10NL,3,90L_10NL_3_1,0,140,"('l', 'l', 'lɡ')",salsa,salɡa
90L_10NL,3,90L_10NL_3_1,1,336,"('l', 'lɡ', 'lɡ')",salɡa,salɡa
90L_10NL,3,90L_10NL_3_1,1,336,"('l', 'lɡ', 'lɡ')",salɡa,salɡa
90L_10NL,3,90L_10NL_3_1,1,336,"('l', 'lɡ', 'lɡ')",salɡa,salɡa
90L_10NL,3,90L_10NL_3_1,1,336,"('l', 'lɡ', 'lɡ')",salɡa,salɡa
90L_10NL,3,90L_10NL_3_1,1,336,"('l', 'lɡ', 'lɡ')",salɡa,salɡa
90L_10NL,3,90L_10NL_3_1,1,336,"('l', 'lɡ', 'lɡ')",salɡa,salɡa
90L_10NL,3,90L_10NL_3_1,0,140,"('l', 'l', 'lɡ')",salsa,salɡa
90L_10NL,3,90L_10NL_3_1,1,140,"('l', 'l', 'lɡ')",salɡa,salɡa
90L_10NL,3,90L_10NL_3_1,1,210,"('lɡ', 'lɡ', 'lɡ')",salɡa,salɡa
90L_10NL,3,90L_10NL_3_1,1,210,"('lɡ', 'lɡ', 'lɡ')",salɡa,salɡa
90L_10NL,3,90L_10NL_3_1,1,210,"('lɡ', 'lɡ', 'lɡ')",salɡa,salɡa
90L_10NL,3,90L_10NL_3_1,1,210,"('lɡ', 'lɡ', 'lɡ')",salɡa,salɡa
90L_10NL,3,90L_10NL_3_1,1,210,"('lɡ', 'lɡ', 'lɡ')",salɡa,salɡa
90L_10NL,3,90L_10NL_3_1,1,84,"('lɡ', 'l', 'lɡ')",salɡa,salɡa
90L_10NL,3,90L_10NL_3_1,1,84,"('lɡ', 'l', 'lɡ')",salɡa,salɡa
90L_10NL,3,90L_10NL_3_1,1,210,"('lɡ', 'lɡ', 'lɡ')",salɡa,salɡa
90L_10NL,3,90L_10NL_3_1,1,210,"('lɡ', 'lɡ', 'lɡ')",salɡa,salɡa
90L_10NL,3,90L_10NL_3_1,1,210,"('lɡ', 'lɡ', 'lɡ')",salɡa,salɡa
90L_10NL,3,90L_10NL_3_1,1,210,"('lɡ', 'lɡ', 'lɡ')",salɡa,salɡa
90L_10NL,3,90L_10NL_3_1,1,84,"('lɡ', 'l', 'lɡ')",salɡa,salɡa
90L_10NL,3,90L_10NL_3_1,1,84,"('lɡ', 'l', 'lɡ')",salɡa,salɡa
90L_10NL,3,90L_10NL_3_1,1,210,"('lɡ', 'lɡ', 'lɡ')",salɡa,salɡa
90L_10NL,3,90L_10NL_3_1,1,210,"('lɡ', 'lɡ', 'lɡ')",salɡa,salɡa
90L_10NL,3,90L_10NL_3_1,1,210,"('lɡ', 'lɡ', 'lɡ')",salɡa,salɡa
90L_10NL,3,90L_10NL_3_1,1,84,"('lɡ', 'l', 'lɡ')",salɡa,salɡa
90L_10NL,3,90L_10NL_3_1,1,84,"('lɡ', 'l', 'lɡ')",salɡa,salɡa
90L_10NL,3,90L_10NL_3_1,1,210,"('lɡ', 'lɡ', 'lɡ')",salɡa,salɡa
90L_10NL,3,90L_10NL_3_1,1,210,"('lɡ', 'lɡ', 'lɡ')",salɡa,salɡa
90L_10NL,3,90L_10NL_3_1,1,84,"('lɡ', 'l', 'lɡ')",salɡa,salɡa
90L_10NL,3,90L_10NL_3_1,1,84,"('lɡ', 'l', 'lɡ')",salɡa,salɡa
90L_10NL,3,90L_10NL_3_1,1,210,"('lɡ', 'lɡ', 'lɡ')",salɡa,salɡa
90L_10NL,3,90L_10NL_3_1,1,84,"('lɡ', 'l', 'lɡ')",salɡa,salɡa
90L_10NL,3,90L_10NL_3_1,1,84,"('lɡ', 'l', 'lɡ')",salɡa,salɡa
90L_10NL,3,90L_10NL_3_1,1,84,"('lɡ', 'l', 'lɡ')",salɡa,salɡa
90L_10NL,3,90L_10NL_3_1,1,84,"('lɡ', 'l', 'lɡ')",salɡa,salɡa
90L_10NL,3,90L_10NL_3_1,0,140,"('l', 'l', 'lɡ')",salsa,salɡa
90L_10NL,3,90L_10NL_3_1,1,140,"('l', 'l', 'lɡ')",salɡa,salɡa
90L_10NL,3,90L_10NL_3_1,1,140,"('l', 'l', 'lɡ')",salɡa,salɡa
90L_10NL,3,90L_10NL_3_1,1,336,"('l', 'lɡ', 'lɡ')",salɡa,salɡa
90L_10NL,3,90L_10NL_3_1,1,336,"('l', 'lɡ', 'lɡ')",salɡa,salɡa
90L_10NL,3,90L_10NL_3_1,1,336,"('l', 'lɡ', 'lɡ')",salɡa,salɡa
90L_10NL,3,90L_10NL_3_1,1,336,"('l', 'lɡ', 'lɡ')",salɡa,salɡa
90L_10NL,3,90L_10NL_3_1,1,336,"('l', 'lɡ', 'lɡ')",salɡa,salɡa
90L_10NL,3,90L_10NL_3_1,1,336,"('l', 'lɡ', 'lɡ')",salɡa,salɡa
90L_10NL,3,90L_10NL_3_1,1,140,"('l', 'l', 'lɡ')",salɡa,salɡa
90L_10NL,3,90L_10NL_3_1,1,140,"('l', 'l', 'lɡ')",salɡa,salɡa
90L_10NL,3,90L_10NL_3_1,0,140,"('l', 'l', 'lɡ')",salsa,salɡa
90L_10NL,3,90L_10NL_3_1,0,336,"('l', 'lɡ', 'lɡ')",salsa,salɡa
90L_10NL,3,90L_10NL_3_1,0,336,"('l', 'lɡ', 'lɡ')",salsa,salɡa
90L_10NL,3,90L_10NL_3_1,1,336,"('l', 'lɡ', 'lɡ')",salɡa,salɡa
90L_10NL,3,90L_10NL_3_1,0,336,"('l', 'lɡ', 'lɡ')",salsa,salɡa
90L_10NL,3,90L_10NL_3_1,1,336,"('l', 'lɡ', 'lɡ')",salɡa,salɡa
90L_10NL,3,90L_10NL_3_1,1,336,"('l', 'lɡ', 'lɡ')",salɡa,salɡa
90L_10NL,3,90L_10NL_3_1,0,140,"('l', 'l', 'lɡ')",salsa,salɡa
90L_10NL,3,90L_10NL_3_1,0,140,"('l', 'l', 'lɡ')",salsa,salɡa
90L_10NL,3,90L_10NL_3_1,1,336,"('l', 'lɡ', 'lɡ')",salɡa,salɡa
90L_10NL,3,90L_10NL_3_1,1,336,"('l', 'lɡ', 'lɡ')",salɡa,salɡa
90L_10NL,3,90L_10NL_3_1,1,336,"('l', 'lɡ', 'lɡ')",salɡa,salɡa
90L_10NL,3,90L_10NL_3_1,1,336,"('l', 'lɡ', 'lɡ')",salɡa,salɡa
90L_10NL,3,90L_10NL_3_1,1,336,"('l', 'lɡ', 'lɡ')",salɡa,salɡa
90L_10NL,3,90L_10NL_3_1,1,336,"('l', 'lɡ', 'lɡ')",salɡa,salɡa
90L_10NL,3,90L_10NL_3_1,0,140,"('l', 'l', 'lɡ')",salsa,salɡa
90L_10NL,3,90L_10NL_3_1,1,140,"('l', 'l', 'lɡ')",salɡa,salɡa
90L_10NL,3,90L_10NL_3_1,1,210,"('lɡ', 'lɡ', 'lɡ')",salɡa,salɡa
90L_10NL,3,90L_10NL_3_1,1,210,"('lɡ', 'lɡ', 'lɡ')",salɡa,salɡa
90L_10NL,3,90L_10NL_3_1,1,210,"('lɡ', 'lɡ', 'lɡ')",salɡa,salɡa
90L_10NL,3,90L_10NL_3_1,1,210,"('lɡ', 'lɡ', 'lɡ')",salɡa,salɡa
90L_10NL,3,90L_10NL_3_1,1,210,"('lɡ', 'lɡ', 'lɡ')",salɡa,salɡa
90L_10NL,3,90L_10NL_3_1,1,84,"('lɡ', 'l', 'lɡ')",salɡa,salɡa
90L_10NL,3,90L_10NL_3_1,1,84,"('lɡ', 'l', 'lɡ')",salɡa,salɡa
90L_10NL,3,90L_10NL_3_1,1,210,"('lɡ', 'lɡ', 'lɡ')",salɡa,salɡa
90L_10NL,3,90L_10NL_3_1,1,210,"('lɡ', 'lɡ', 'lɡ')",salɡa,salɡa
90L_10NL,3,90L_10NL_3_1,1,210,"('lɡ', 'lɡ', 'lɡ')",salɡa,salɡa
90L_10NL,3,90L_10NL_3_1,1,210,"('lɡ', 'lɡ', 'lɡ')",salɡa,salɡa
90L_10NL,3,90L_10NL_3_1,1,84,"('lɡ', 'l', 'lɡ')",salɡa,salɡa
90L_10NL,3,90L_10NL_3_1,1,84,"('lɡ', 'l', 'lɡ')",salɡa,salɡa
90L_10NL,3,90L_10NL_3_1,1,210,"('lɡ', 'lɡ', 'lɡ')",salɡa,salɡa
90L_10NL,3,90L_10NL_3_1,1,210,"('lɡ', 'lɡ', 'lɡ')",salɡa,salɡa
90L_10NL,3,90L_10NL_3_1,1,210,"('lɡ', 'lɡ', 'lɡ')",salɡa,salɡa
90L_10NL,3,90L_10NL_3_1,1,84,"('lɡ', 'l', 'lɡ')",salɡa,salɡa
90L_10NL,3,90L_10NL_3_1,1,84,"('lɡ', 'l', 'lɡ')",salɡa,salɡa
90L_10NL,3,90L_10NL_3_1,1,210,"('lɡ', 'lɡ', 'lɡ')",salɡa,salɡa
90L_10NL,3,90L_10NL_3_1,1,210,"('lɡ', 'lɡ', 'lɡ')",salɡa,salɡa
90L_10NL,3,90L_10NL_3_1,1,84,"('lɡ', 'l', 'lɡ')",salɡa,salɡa
90L_10NL,3,90L_10NL_3_1,1,84,"('lɡ', 'l', 'lɡ')",salɡa,salɡa
90L_10NL,3,90L_10NL_3_1,1,210,"('lɡ', 'lɡ', 'lɡ')",salɡa,salɡa
90L_10NL,3,90L_10NL_3_1,1,84,"('lɡ', 'l', 'lɡ')",salɡa,salɡa
90L_10NL,3,90L_10NL_3_1,1,84,"('lɡ', 'l', 'lɡ')",salɡa,salɡa
90L_10NL,3,90L_10NL_3_1,1,84,"('lɡ', 'l', 'lɡ')",salɡa,salɡa
90L_10NL,3,90L_10NL_3_1,1,84,"('lɡ', 'l', 'lɡ')",salɡa,salɡa
90L_10NL,3,90L_10NL_3_1,0,140,"('l', 'l', 'lɡ')",salsa,salɡa
90L_10NL,3,90L_10NL_3_1,0,140,"('l', 'l', 'lɡ')",salsko,salɡo
90L_10NL,3,90L_10NL_3_1,1,140,"('l', 'l', 'lɡ')",salɡo,salɡo
90L_10NL,3,90L_10NL_3_1,1,336,"('l', 'lɡ', 'lɡ')",salɡo,salɡo
90L_10NL,3,90L_10NL_3_1,1,336,"('l', 'lɡ', 'lɡ')",salɡo,salɡo
90L_10NL,3,90L_10NL_3_1,1,336,"('l', 'lɡ', 'lɡ')",salɡo,salɡo
90L_10NL,3,90L_10NL_3_1,1,336,"('l', 'lɡ', 'lɡ')",salɡo,salɡo
90L_10NL,3,90L_10NL_3_1,1,336,"('l', 'lɡ', 'lɡ')",salɡo,salɡo
90L_10NL,3,90L_10NL_3_1,1,336,"('l', 'lɡ', 'lɡ')",salɡo,salɡo
90L_10NL,3,90L_10NL_3_1,0,140,"('l', 'l', 'lɡ')",salso,salɡo
90L_10NL,3,90L_10NL_3_1,1,140,"('l', 'l', 'lɡ')",salɡo,salɡo
90L_10NL,3,90L_10NL_3_1,0,140,"('l', 'l', 'lɡ')",salso,salɡo
90L_10NL,3,90L_10NL_3_1,0,336,"('l', 'lɡ', 'lɡ')",salso,salɡo
90L_10NL,3,90L_10NL_3_1,0,336,"('l', 'lɡ', 'lɡ')",salso,salɡo
90L_10NL,3,90L_10NL_3_1,1,336,"('l', 'lɡ', 'lɡ')",salɡo,salɡo
90L_10NL,3,90L_10NL_3_1,0,336,"('l', 'lɡ', 'lɡ')",salso,salɡo
90L_10NL,3,90L_10NL_3_1,1,336,"('l', 'lɡ', 'lɡ')",salɡo,salɡo
90L_10NL,3,90L_10NL_3_1,1,336,"('l', 'lɡ', 'lɡ')",salɡo,salɡo
90L_10NL,3,90L_10NL_3_1,0,140,"('l', 'l', 'lɡ')",salso,salɡo
90L_10NL,3,90L_10NL_3_1,0,140,"('l', 'l', 'lɡ')",salso,salɡo
90L_10NL,3,90L_10NL_3_1,1,336,"('l', 'lɡ', 'lɡ')",salɡo,salɡo
90L_10NL,3,90L_10NL_3_1,1,336,"('l', 'lɡ', 'lɡ')",salɡo,salɡo
90L_10NL,3,90L_10NL_3_1,1,336,"('l', 'lɡ', 'lɡ')",salɡo,salɡo
90L_10NL,3,90L_10NL_3_1,1,336,"('l', 'lɡ', 'lɡ')",salɡo,salɡo
90L_10NL,3,90L_10NL_3_1,1,336,"('l', 'lɡ', 'lɡ')",salɡo,salɡo
90L_10NL,3,90L_10NL_3_1,1,336,"('l', 'lɡ', 'lɡ')",salɡo,salɡo
90L_10NL,3,90L_10NL_3_1,0,140,"('l', 'l', 'lɡ')",salso,salɡo
90L_10NL,3,90L_10NL_3_1,1,140,"('l', 'l', 'lɡ')",salɡo,salɡo
90L_10NL,3,90L_10NL_3_1,1,210,"('lɡ', 'lɡ', 'lɡ')",salɡo,salɡo
90L_10NL,3,90L_10NL_3_1,1,210,"('lɡ', 'lɡ', 'lɡ')",salɡo,salɡo
90L_10NL,3,90L_10NL_3_1,1,210,"('lɡ', 'lɡ', 'lɡ')",salɡo,salɡo
90L_10NL,3,90L_10NL_3_1,1,210,"('lɡ', 'lɡ', 'lɡ')",salɡo,salɡo
90L_10NL,3,90L_10NL_3_1,1,210,"('lɡ', 'lɡ', 'lɡ')",salɡo,salɡo
90L_10NL,3,90L_10NL_3_1,1,84,"('lɡ', 'l', 'lɡ')",salɡo,salɡo
90L_10NL,3,90L_10NL_3_1,1,84,"('lɡ', 'l', 'lɡ')",salɡo,salɡo
90L_10NL,3,90L_10NL_3_1,1,210,"('lɡ', 'lɡ', 'lɡ')",salɡo,salɡo
90L_10NL,3,90L_10NL_3_1,1,210,"('lɡ', 'lɡ', 'lɡ')",salɡo,salɡo
90L_10NL,3,90L_10NL_3_1,1,210,"('lɡ', 'lɡ', 'lɡ')",salɡo,salɡo
90L_10NL,3,90L_10NL_3_1,1,210,"('lɡ', 'lɡ', 'lɡ')",salɡo,salɡo
90L_10NL,3,90L_10NL_3_1,1,84,"('lɡ', 'l', 'lɡ')",salɡo,salɡo
90L_10NL,3,90L_10NL_3_1,1,84,"('lɡ', 'l', 'lɡ')",salɡo,salɡo
90L_10NL,3,90L_10NL_3_1,1,210,"('lɡ', 'lɡ', 'lɡ')",salɡo,salɡo
90L_10NL,3,90L_10NL_3_1,1,210,"('lɡ', 'lɡ', 'lɡ')",salɡo,salɡo
90L_10NL,3,90L_10NL_3_1,1,210,"('lɡ', 'lɡ', 'lɡ')",salɡo,salɡo
90L_10NL,3,90L_10NL_3_1,1,84,"('lɡ', 'l', 'lɡ')",salɡo,salɡo
90L_10NL,3,90L_10NL_3_1,1,84,"('lɡ', 'l', 'lɡ')",salɡo,salɡo
90L_10NL,3,90L_10NL_3_1,1,210,"('lɡ', 'lɡ', 'lɡ')",salɡo,salɡo
90L_10NL,3,90L_10NL_3_1,1,210,"('lɡ', 'lɡ', 'lɡ')",salɡo,salɡo
90L_10NL,3,90L_10NL_3_1,1,84,"('lɡ', 'l', 'lɡ')",salɡo,salɡo
90L_10NL,3,90L_10NL_3_1,1,84,"('lɡ', 'l', 'lɡ')",salɡo,salɡo
90L_10NL,3,90L_10NL_3_1,1,210,"('lɡ', 'lɡ', 'lɡ')",salɡo,salɡo
90L_10NL,3,90L_10NL_3_1,1,84,"('lɡ', 'l', 'lɡ')",salɡo,salɡo
90L_10NL,3,90L_10NL_3_1,1,84,"('lɡ', 'l', 'lɡ')",salɡo,salɡo
90L_10NL,3,90L_10NL_3_1,1,84,"('lɡ', 'l', 'lɡ')",salɡo,salɡo
90L_10NL,3,90L_10NL_3_1,1,84,"('lɡ', 'l', 'lɡ')",salɡo,salɡo
90L_10NL,3,90L_10NL_3_1,0,140,"('l', 'l', 'lɡ')",salso,salɡo
90L_10NL,3,90L_10NL_3_1,0,60,"('l', 'l', 'l')",salesimos,salimos
90L_10NL,3,90L_10NL_3_1,0,60,"('l', 'l', 'l')",saleamos,salimos
90L_10NL,3,90L_10NL_3_1,1,224,"('l', 'lɡ', 'l')",salimos,salimos
90L_10NL,3,90L_10NL_3_1,1,224,"('l', 'lɡ', 'l')",salimos,salimos
90L_10NL,3,90L_10NL_3_1,1,224,"('l', 'lɡ', 'l')",salimos,salimos
90L_10NL,3,90L_10NL_3_1,1,224,"('l', 'lɡ', 'l')",salimos,salimos
90L_10NL,3,90L_10NL_3_1,1,224,"('l', 'lɡ', 'l')",salimos,salimos
90L_10NL,3,90L_10NL_3_1,1,224,"('l', 'lɡ', 'l')",salimos,salimos
90L_10NL,3,90L_10NL_3_1,1,224,"('l', 'lɡ', 'l')",salimos,salimos
90L_10NL,3,90L_10NL_3_1,0,60,"('l', 'l', 'l')",salsimos,salimos
90L_10NL,3,90L_10NL_3_1,0,60,"('l', 'l', 'l')",salesimos,salimos
90L_10NL,3,90L_10NL_3_1,0,224,"('l', 'lɡ', 'l')",salsimos,salimos
90L_10NL,3,90L_10NL_3_1,0,224,"('l', 'lɡ', 'l')",salsimos,salimos
90L_10NL,3,90L_10NL_3_1,1,224,"('l', 'lɡ', 'l')",salimos,salimos
90L_10NL,3,90L_10NL_3_1,0,224,"('l', 'lɡ', 'l')",salsimos,salimos
90L_10NL,3,90L_10NL_3_1,1,224,"('l', 'lɡ', 'l')",salimos,salimos
90L_10NL,3,90L_10NL_3_1,1,224,"('l', 'lɡ', 'l')",salimos,salimos
90L_10NL,3,90L_10NL_3_1,1,224,"('l', 'lɡ', 'l')",salimos,salimos
90L_10NL,3,90L_10NL_3_1,0,60,"('l', 'l', 'l')",salsimos,salimos
90L_10NL,3,90L_10NL_3_1,1,224,"('l', 'lɡ', 'l')",salimos,salimos
90L_10NL,3,90L_10NL_3_1,1,224,"('l', 'lɡ', 'l')",salimos,salimos
90L_10NL,3,90L_10NL_3_1,1,224,"('l', 'lɡ', 'l')",salimos,salimos
90L_10NL,3,90L_10NL_3_1,1,224,"('l', 'lɡ', 'l')",salimos,salimos
90L_10NL,3,90L_10NL_3_1,1,224,"('l', 'lɡ', 'l')",salimos,salimos
90L_10NL,3,90L_10NL_3_1,1,224,"('l', 'lɡ', 'l')",salimos,salimos
90L_10NL,3,90L_10NL_3_1,1,224,"('l', 'lɡ', 'l')",salimos,salimos
90L_10NL,3,90L_10NL_3_1,0,60,"('l', 'l', 'l')",salsimos,salimos
90L_10NL,3,90L_10NL_3_1,0,210,"('lɡ', 'lɡ', 'l')",salis,salimos
90L_10NL,3,90L_10NL_3_1,0,210,"('lɡ', 'lɡ', 'l')",salɡimos,salimos
90L_10NL,3,90L_10NL_3_1,0,210,"('lɡ', 'lɡ', 'l')",salɡimos,salimos
90L_10NL,3,90L_10NL_3_1,0,210,"('lɡ', 'lɡ', 'l')",salɡimos,salimos
90L_10NL,3,90L_10NL_3_1,0,210,"('lɡ', 'lɡ', 'l')",salɡimos,salimos
90L_10NL,3,90L_10NL_3_1,0,210,"('lɡ', 'lɡ', 'l')",salɡimos,salimos
90L_10NL,3,90L_10NL_3_1,0,56,"('lɡ', 'l', 'l')",salɡimos,salimos
90L_10NL,3,90L_10NL_3_1,0,210,"('lɡ', 'lɡ', 'l')",salɡimos,salimos
90L_10NL,3,90L_10NL_3_1,0,210,"('lɡ', 'lɡ', 'l')",salɡimos,salimos
90L_10NL,3,90L_10NL_3_1,0,210,"('lɡ', 'lɡ', 'l')",salɡimos,salimos
90L_10NL,3,90L_10NL_3_1,0,210,"('lɡ', 'lɡ', 'l')",salɡimos,salimos
90L_10NL,3,90L_10NL_3_1,0,210,"('lɡ', 'lɡ', 'l')",salɡimos,salimos
90L_10NL,3,90L_10NL_3_1,0,56,"('lɡ', 'l', 'l')",salɡimos,salimos
90L_10NL,3,90L_10NL_3_1,0,210,"('lɡ', 'lɡ', 'l')",salɡimos,salimos
90L_10NL,3,90L_10NL_3_1,0,210,"('lɡ', 'lɡ', 'l')",salɡimos,salimos
90L_10NL,3,90L_10NL_3_1,0,210,"('lɡ', 'lɡ', 'l')",salɡimos,salimos
90L_10NL,3,90L_10NL_3_1,0,210,"('lɡ', 'lɡ', 'l')",salɡimos,salimos
90L_10NL,3,90L_10NL_3_1,0,56,"('lɡ', 'l', 'l')",salɡimos,salimos
90L_10NL,3,90L_10NL_3_1,0,210,"('lɡ', 'lɡ', 'l')",salɡimos,salimos
90L_10NL,3,90L_10NL_3_1,0,210,"('lɡ', 'lɡ', 'l')",salɡimos,salimos
90L_10NL,3,90L_10NL_3_1,0,210,"('lɡ', 'lɡ', 'l')",salɡimos,salimos
90L_10NL,3,90L_10NL_3_1,0,56,"('lɡ', 'l', 'l')",salɡimos,salimos
90L_10NL,3,90L_10NL_3_1,1,210,"('lɡ', 'lɡ', 'l')",salimos,salimos
90L_10NL,3,90L_10NL_3_1,1,210,"('lɡ', 'lɡ', 'l')",salimos,salimos
90L_10NL,3,90L_10NL_3_1,0,56,"('lɡ', 'l', 'l')",salɡimos,salimos
90L_10NL,3,90L_10NL_3_1,1,210,"('lɡ', 'lɡ', 'l')",salimos,salimos
90L_10NL,3,90L_10NL_3_1,0,56,"('lɡ', 'l', 'l')",salɡimos,salimos
90L_10NL,3,90L_10NL_3_1,0,56,"('lɡ', 'l', 'l')",salɡimos,salimos
90L_10NL,3,90L_10NL_3_1,0,60,"('l', 'l', 'l')",salesis,salis
90L_10NL,3,90L_10NL_3_1,0,60,"('l', 'l', 'l')",saleajs,salis
90L_10NL,3,90L_10NL_3_1,1,224,"('l', 'lɡ', 'l')",salis,salis
90L_10NL,3,90L_10NL_3_1,1,224,"('l', 'lɡ', 'l')",salis,salis
90L_10NL,3,90L_10NL_3_1,1,224,"('l', 'lɡ', 'l')",salis,salis
90L_10NL,3,90L_10NL_3_1,1,224,"('l', 'lɡ', 'l')",salis,salis
90L_10NL,3,90L_10NL_3_1,1,224,"('l', 'lɡ', 'l')",salis,salis
90L_10NL,3,90L_10NL_3_1,1,224,"('l', 'lɡ', 'l')",salis,salis
90L_10NL,3,90L_10NL_3_1,1,224,"('l', 'lɡ', 'l')",salis,salis
90L_10NL,3,90L_10NL_3_1,0,60,"('l', 'l', 'l')",salsis,salis
90L_10NL,3,90L_10NL_3_1,0,60,"('l', 'l', 'l')",salesis,salis
90L_10NL,3,90L_10NL_3_1,0,224,"('l', 'lɡ', 'l')",salsis,salis
90L_10NL,3,90L_10NL_3_1,1,224,"('l', 'lɡ', 'l')",salis,salis
90L_10NL,3,90L_10NL_3_1,1,224,"('l', 'lɡ', 'l')",salis,salis
90L_10NL,3,90L_10NL_3_1,0,224,"('l', 'lɡ', 'l')",salsis,salis
90L_10NL,3,90L_10NL_3_1,1,224,"('l', 'lɡ', 'l')",salis,salis
90L_10NL,3,90L_10NL_3_1,1,224,"('l', 'lɡ', 'l')",salis,salis
90L_10NL,3,90L_10NL_3_1,1,224,"('l', 'lɡ', 'l')",salis,salis
90L_10NL,3,90L_10NL_3_1,0,60,"('l', 'l', 'l')",salsis,salis
90L_10NL,3,90L_10NL_3_1,1,224,"('l', 'lɡ', 'l')",salis,salis
90L_10NL,3,90L_10NL_3_1,1,224,"('l', 'lɡ', 'l')",salis,salis
90L_10NL,3,90L_10NL_3_1,1,224,"('l', 'lɡ', 'l')",salis,salis
90L_10NL,3,90L_10NL_3_1,1,224,"('l', 'lɡ', 'l')",salis,salis
90L_10NL,3,90L_10NL_3_1,1,224,"('l', 'lɡ', 'l')",salis,salis
90L_10NL,3,90L_10NL_3_1,1,224,"('l', 'lɡ', 'l')",salis,salis
90L_10NL,3,90L_10NL_3_1,1,224,"('l', 'lɡ', 'l')",salis,salis
90L_10NL,3,90L_10NL_3_1,0,60,"('l', 'l', 'l')",salsis,salis
90L_10NL,3,90L_10NL_3_1,1,210,"('lɡ', 'lɡ', 'l')",salis,salis
90L_10NL,3,90L_10NL_3_1,0,210,"('lɡ', 'lɡ', 'l')",salɡis,salis
90L_10NL,3,90L_10NL_3_1,1,210,"('lɡ', 'lɡ', 'l')",salis,salis
90L_10NL,3,90L_10NL_3_1,1,210,"('lɡ', 'lɡ', 'l')",salis,salis
90L_10NL,3,90L_10NL_3_1,0,210,"('lɡ', 'lɡ', 'l')",salɡis,salis
90L_10NL,3,90L_10NL_3_1,1,210,"('lɡ', 'lɡ', 'l')",salis,salis
90L_10NL,3,90L_10NL_3_1,0,56,"('lɡ', 'l', 'l')",salesis,salis
90L_10NL,3,90L_10NL_3_1,0,210,"('lɡ', 'lɡ', 'l')",salɡis,salis
90L_10NL,3,90L_10NL_3_1,0,210,"('lɡ', 'lɡ', 'l')",salɡis,salis
90L_10NL,3,90L_10NL_3_1,0,210,"('lɡ', 'lɡ', 'l')",salɡis,salis
90L_10NL,3,90L_10NL_3_1,0,210,"('lɡ', 'lɡ', 'l')",salɡis,salis
90L_10NL,3,90L_10NL_3_1,0,210,"('lɡ', 'lɡ', 'l')",salɡis,salis
90L_10NL,3,90L_10NL_3_1,0,56,"('lɡ', 'l', 'l')",salɡajs,salis
90L_10NL,3,90L_10NL_3_1,0,210,"('lɡ', 'lɡ', 'l')",salɡajs,salis
90L_10NL,3,90L_10NL_3_1,0,210,"('lɡ', 'lɡ', 'l')",salɡis,salis
90L_10NL,3,90L_10NL_3_1,0,210,"('lɡ', 'lɡ', 'l')",salɡis,salis
90L_10NL,3,90L_10NL_3_1,0,210,"('lɡ', 'lɡ', 'l')",salɡis,salis
90L_10NL,3,90L_10NL_3_1,0,56,"('lɡ', 'l', 'l')",salɡajs,salis
90L_10NL,3,90L_10NL_3_1,0,210,"('lɡ', 'lɡ', 'l')",salɡis,salis
90L_10NL,3,90L_10NL_3_1,0,210,"('lɡ', 'lɡ', 'l')",salɡis,salis
90L_10NL,3,90L_10NL_3_1,0,210,"('lɡ', 'lɡ', 'l')",salɡis,salis
90L_10NL,3,90L_10NL_3_1,0,56,"('lɡ', 'l', 'l')",salɡajs,salis
90L_10NL,3,90L_10NL_3_1,1,210,"('lɡ', 'lɡ', 'l')",salis,salis
90L_10NL,3,90L_10NL_3_1,1,210,"('lɡ', 'lɡ', 'l')",salis,salis
90L_10NL,3,90L_10NL_3_1,1,56,"('lɡ', 'l', 'l')",salis,salis
90L_10NL,3,90L_10NL_3_1,1,210,"('lɡ', 'lɡ', 'l')",salis,salis
90L_10NL,3,90L_10NL_3_1,1,56,"('lɡ', 'l', 'l')",salis,salis
90L_10NL,3,90L_10NL_3_1,1,56,"('lɡ', 'l', 'l')",salis,salis
90L_10NL,3,90L_10NL_3_1,1,1050,"('nɡ', 'nɡ', 'nɡ')",abenɡajs,abenɡajs
90L_10NL,3,90L_10NL_3_1,1,1050,"('nɡ', 'nɡ', 'nɡ')",abenɡajs,abenɡajs
90L_10NL,3,90L_10NL_3_1,1,1050,"('nɡ', 'nɡ', 'nɡ')",abenɡajs,abenɡajs
90L_10NL,3,90L_10NL_3_1,1,1050,"('nɡ', 'nɡ', 'nɡ')",abenɡajs,abenɡajs
90L_10NL,3,90L_10NL_3_1,1,1050,"('nɡ', 'nɡ', 'nɡ')",abenɡajs,abenɡajs
90L_10NL,3,90L_10NL_3_1,1,1092,"('nɡ', 'n', 'nɡ')",abenɡajs,abenɡajs
90L_10NL,3,90L_10NL_3_1,1,1092,"('nɡ', 'n', 'nɡ')",abenɡajs,abenɡajs
90L_10NL,3,90L_10NL_3_1,1,1092,"('nɡ', 'n', 'nɡ')",abenɡajs,abenɡajs
90L_10NL,3,90L_10NL_3_1,1,1092,"('nɡ', 'n', 'nɡ')",abenɡajs,abenɡajs
90L_10NL,3,90L_10NL_3_1,1,1092,"('nɡ', 'n', 'nɡ')",abenɡajs,abenɡajs
90L_10NL,3,90L_10NL_3_1,1,1050,"('nɡ', 'nɡ', 'nɡ')",abenɡajs,abenɡajs
90L_10NL,3,90L_10NL_3_1,1,1050,"('nɡ', 'nɡ', 'nɡ')",abenɡajs,abenɡajs
90L_10NL,3,90L_10NL_3_1,1,1050,"('nɡ', 'nɡ', 'nɡ')",abenɡajs,abenɡajs
90L_10NL,3,90L_10NL_3_1,1,1050,"('nɡ', 'nɡ', 'nɡ')",abenɡajs,abenɡajs
90L_10NL,3,90L_10NL_3_1,1,1092,"('nɡ', 'n', 'nɡ')",abenɡajs,abenɡajs
90L_10NL,3,90L_10NL_3_1,1,1092,"('nɡ', 'n', 'nɡ')",abenɡajs,abenɡajs
90L_10NL,3,90L_10NL_3_1,1,1092,"('nɡ', 'n', 'nɡ')",abenɡajs,abenɡajs
90L_10NL,3,90L_10NL_3_1,1,1092,"('nɡ', 'n', 'nɡ')",abenɡajs,abenɡajs
90L_10NL,3,90L_10NL_3_1,1,1092,"('nɡ', 'n', 'nɡ')",abenɡajs,abenɡajs
90L_10NL,3,90L_10NL_3_1,1,1050,"('nɡ', 'nɡ', 'nɡ')",abenɡajs,abenɡajs
90L_10NL,3,90L_10NL_3_1,1,1050,"('nɡ', 'nɡ', 'nɡ')",abenɡajs,abenɡajs
90L_10NL,3,90L_10NL_3_1,1,1050,"('nɡ', 'nɡ', 'nɡ')",abenɡajs,abenɡajs
90L_10NL,3,90L_10NL_3_1,1,1092,"('nɡ', 'n', 'nɡ')",abenɡajs,abenɡajs
90L_10NL,3,90L_10NL_3_1,1,1092,"('nɡ', 'n', 'nɡ')",abenɡajs,abenɡajs
90L_10NL,3,90L_10NL_3_1,1,1092,"('nɡ', 'n', 'nɡ')",abenɡajs,abenɡajs
90L_10NL,3,90L_10NL_3_1,1,1092,"('nɡ', 'n', 'nɡ')",abenɡajs,abenɡajs
90L_10NL,3,90L_10NL_3_1,1,1092,"('nɡ', 'n', 'nɡ')",abenɡajs,abenɡajs
90L_10NL,3,90L_10NL_3_1,1,1050,"('nɡ', 'nɡ', 'nɡ')",abenɡajs,abenɡajs
90L_10NL,3,90L_10NL_3_1,1,1050,"('nɡ', 'nɡ', 'nɡ')",abenɡajs,abenɡajs
90L_10NL,3,90L_10NL_3_1,1,1092,"('nɡ', 'n', 'nɡ')",abenɡajs,abenɡajs
90L_10NL,3,90L_10NL_3_1,1,1092,"('nɡ', 'n', 'nɡ')",abenɡajs,abenɡajs
90L_10NL,3,90L_10NL_3_1,1,1092,"('nɡ', 'n', 'nɡ')",abenɡajs,abenɡajs
90L_10NL,3,90L_10NL_3_1,1,1092,"('nɡ', 'n', 'nɡ')",abenɡajs,abenɡajs
90L_10NL,3,90L_10NL_3_1,1,1092,"('nɡ', 'n', 'nɡ')",abenɡajs,abenɡajs
90L_10NL,3,90L_10NL_3_1,1,1050,"('nɡ', 'nɡ', 'nɡ')",abenɡajs,abenɡajs
90L_10NL,3,90L_10NL_3_1,1,1092,"('nɡ', 'n', 'nɡ')",abenɡajs,abenɡajs
90L_10NL,3,90L_10NL_3_1,1,1092,"('nɡ', 'n', 'nɡ')",abenɡajs,abenɡajs
90L_10NL,3,90L_10NL_3_1,1,1092,"('nɡ', 'n', 'nɡ')",abenɡajs,abenɡajs
90L_10NL,3,90L_10NL_3_1,1,1092,"('nɡ', 'n', 'nɡ')",abenɡajs,abenɡajs
90L_10NL,3,90L_10NL_3_1,1,1092,"('nɡ', 'n', 'nɡ')",abenɡajs,abenɡajs
90L_10NL,3,90L_10NL_3_1,1,1092,"('nɡ', 'n', 'nɡ')",abenɡajs,abenɡajs
90L_10NL,3,90L_10NL_3_1,1,1092,"('nɡ', 'n', 'nɡ')",abenɡajs,abenɡajs
90L_10NL,3,90L_10NL_3_1,1,1092,"('nɡ', 'n', 'nɡ')",abenɡajs,abenɡajs
90L_10NL,3,90L_10NL_3_1,1,1092,"('nɡ', 'n', 'nɡ')",abenɡajs,abenɡajs
90L_10NL,3,90L_10NL_3_1,1,1092,"('nɡ', 'n', 'nɡ')",abenɡajs,abenɡajs
90L_10NL,3,90L_10NL_3_1,1,700,"('n', 'n', 'nɡ')",abenɡajs,abenɡajs
90L_10NL,3,90L_10NL_3_1,1,700,"('n', 'n', 'nɡ')",abenɡajs,abenɡajs
90L_10NL,3,90L_10NL_3_1,1,700,"('n', 'n', 'nɡ')",abenɡajs,abenɡajs
90L_10NL,3,90L_10NL_3_1,1,700,"('n', 'n', 'nɡ')",abenɡajs,abenɡajs
90L_10NL,3,90L_10NL_3_1,1,700,"('n', 'n', 'nɡ')",abenɡajs,abenɡajs
90L_10NL,3,90L_10NL_3_1,1,700,"('n', 'n', 'nɡ')",abenɡajs,abenɡajs
90L_10NL,3,90L_10NL_3_1,1,700,"('n', 'n', 'nɡ')",abenɡajs,abenɡajs
90L_10NL,3,90L_10NL_3_1,1,700,"('n', 'n', 'nɡ')",abenɡajs,abenɡajs
90L_10NL,3,90L_10NL_3_1,1,700,"('n', 'n', 'nɡ')",abenɡajs,abenɡajs
90L_10NL,3,90L_10NL_3_1,1,700,"('n', 'n', 'nɡ')",abenɡajs,abenɡajs
90L_10NL,3,90L_10NL_3_1,1,1050,"('nɡ', 'nɡ', 'nɡ')",abenɡamos,abenɡamos
90L_10NL,3,90L_10NL_3_1,1,1050,"('nɡ', 'nɡ', 'nɡ')",abenɡamos,abenɡamos
90L_10NL,3,90L_10NL_3_1,1,1050,"('nɡ', 'nɡ', 'nɡ')",abenɡamos,abenɡamos
90L_10NL,3,90L_10NL_3_1,1,1050,"('nɡ', 'nɡ', 'nɡ')",abenɡamos,abenɡamos
90L_10NL,3,90L_10NL_3_1,1,1050,"('nɡ', 'nɡ', 'nɡ')",abenɡamos,abenɡamos
90L_10NL,3,90L_10NL_3_1,1,1092,"('nɡ', 'n', 'nɡ')",abenɡamos,abenɡamos
90L_10NL,3,90L_10NL_3_1,1,1092,"('nɡ', 'n', 'nɡ')",abenɡamos,abenɡamos
90L_10NL,3,90L_10NL_3_1,1,1092,"('nɡ', 'n', 'nɡ')",abenɡamos,abenɡamos
90L_10NL,3,90L_10NL_3_1,1,1092,"('nɡ', 'n', 'nɡ')",abenɡamos,abenɡamos
90L_10NL,3,90L_10NL_3_1,1,1092,"('nɡ', 'n', 'nɡ')",abenɡamos,abenɡamos
90L_10NL,3,90L_10NL_3_1,1,1050,"('nɡ', 'nɡ', 'nɡ')",abenɡamos,abenɡamos
90L_10NL,3,90L_10NL_3_1,1,1050,"('nɡ', 'nɡ', 'nɡ')",abenɡamos,abenɡamos
90L_10NL,3,90L_10NL_3_1,1,1050,"('nɡ', 'nɡ', 'nɡ')",abenɡamos,abenɡamos
90L_10NL,3,90L_10NL_3_1,1,1050,"('nɡ', 'nɡ', 'nɡ')",abenɡamos,abenɡamos
90L_10NL,3,90L_10NL_3_1,1,1092,"('nɡ', 'n', 'nɡ')",abenɡamos,abenɡamos
90L_10NL,3,90L_10NL_3_1,1,1092,"('nɡ', 'n', 'nɡ')",abenɡamos,abenɡamos
90L_10NL,3,90L_10NL_3_1,1,1092,"('nɡ', 'n', 'nɡ')",abenɡamos,abenɡamos
90L_10NL,3,90L_10NL_3_1,1,1092,"('nɡ', 'n', 'nɡ')",abenɡamos,abenɡamos
90L_10NL,3,90L_10NL_3_1,1,1092,"('nɡ', 'n', 'nɡ')",abenɡamos,abenɡamos
90L_10NL,3,90L_10NL_3_1,1,1050,"('nɡ', 'nɡ', 'nɡ')",abenɡamos,abenɡamos
90L_10NL,3,90L_10NL_3_1,1,1050,"('nɡ', 'nɡ', 'nɡ')",abenɡamos,abenɡamos
90L_10NL,3,90L_10NL_3_1,1,1050,"('nɡ', 'nɡ', 'nɡ')",abenɡamos,abenɡamos
90L_10NL,3,90L_10NL_3_1,1,1092,"('nɡ', 'n', 'nɡ')",abenɡamos,abenɡamos
90L_10NL,3,90L_10NL_3_1,1,1092,"('nɡ', 'n', 'nɡ')",abenɡamos,abenɡamos
90L_10NL,3,90L_10NL_3_1,1,1092,"('nɡ', 'n', 'nɡ')",abenɡamos,abenɡamos
90L_10NL,3,90L_10NL_3_1,1,1092,"('nɡ', 'n', 'nɡ')",abenɡamos,abenɡamos
90L_10NL,3,90L_10NL_3_1,1,1092,"('nɡ', 'n', 'nɡ')",abenɡamos,abenɡamos
90L_10NL,3,90L_10NL_3_1,1,1050,"('nɡ', 'nɡ', 'nɡ')",abenɡamos,abenɡamos
90L_10NL,3,90L_10NL_3_1,1,1050,"('nɡ', 'nɡ', 'nɡ')",abenɡamos,abenɡamos
90L_10NL,3,90L_10NL_3_1,1,1092,"('nɡ', 'n', 'nɡ')",abenɡamos,abenɡamos
90L_10NL,3,90L_10NL_3_1,1,1092,"('nɡ', 'n', 'nɡ')",abenɡamos,abenɡamos
90L_10NL,3,90L_10NL_3_1,1,1092,"('nɡ', 'n', 'nɡ')",abenɡamos,abenɡamos
90L_10NL,3,90L_10NL_3_1,1,1092,"('nɡ', 'n', 'nɡ')",abenɡamos,abenɡamos
90L_10NL,3,90L_10NL_3_1,1,1092,"('nɡ', 'n', 'nɡ')",abenɡamos,abenɡamos
90L_10NL,3,90L_10NL_3_1,1,1050,"('nɡ', 'nɡ', 'nɡ')",abenɡamos,abenɡamos
90L_10NL,3,90L_10NL_3_1,1,1092,"('nɡ', 'n', 'nɡ')",abenɡamos,abenɡamos
90L_10NL,3,90L_10NL_3_1,1,1092,"('nɡ', 'n', 'nɡ')",abenɡamos,abenɡamos
90L_10NL,3,90L_10NL_3_1,1,1092,"('nɡ', 'n', 'nɡ')",abenɡamos,abenɡamos
90L_10NL,3,90L_10NL_3_1,1,1092,"('nɡ', 'n', 'nɡ')",abenɡamos,abenɡamos
90L_10NL,3,90L_10NL_3_1,1,1092,"('nɡ', 'n', 'nɡ')",abenɡamos,abenɡamos
90L_10NL,3,90L_10NL_3_1,1,1092,"('nɡ', 'n', 'nɡ')",abenɡamos,abenɡamos
90L_10NL,3,90L_10NL_3_1,1,1092,"('nɡ', 'n', 'nɡ')",abenɡamos,abenɡamos
90L_10NL,3,90L_10NL_3_1,1,1092,"('nɡ', 'n', 'nɡ')",abenɡamos,abenɡamos
90L_10NL,3,90L_10NL_3_1,1,1092,"('nɡ', 'n', 'nɡ')",abenɡamos,abenɡamos
90L_10NL,3,90L_10NL_3_1,1,1092,"('nɡ', 'n', 'nɡ')",abenɡamos,abenɡamos
90L_10NL,3,90L_10NL_3_1,1,700,"('n', 'n', 'nɡ')",abenɡamos,abenɡamos
90L_10NL,3,90L_10NL_3_1,1,700,"('n', 'n', 'nɡ')",abenɡamos,abenɡamos
90L_10NL,3,90L_10NL_3_1,1,700,"('n', 'n', 'nɡ')",abenɡamos,abenɡamos
90L_10NL,3,90L_10NL_3_1,1,700,"('n', 'n', 'nɡ')",abenɡamos,abenɡamos
90L_10NL,3,90L_10NL_3_1,1,700,"('n', 'n', 'nɡ')",abenɡamos,abenɡamos
90L_10NL,3,90L_10NL_3_1,1,700,"('n', 'n', 'nɡ')",abenɡamos,abenɡamos
90L_10NL,3,90L_10NL_3_1,1,700,"('n', 'n', 'nɡ')",abenɡamos,abenɡamos
90L_10NL,3,90L_10NL_3_1,1,700,"('n', 'n', 'nɡ')",abenɡamos,abenɡamos
90L_10NL,3,90L_10NL_3_1,1,700,"('n', 'n', 'nɡ')",abenɡamos,abenɡamos
90L_10NL,3,90L_10NL_3_1,1,700,"('n', 'n', 'nɡ')",abenɡamos,abenɡamos
90L_10NL,3,90L_10NL_3_1,1,1050,"('nɡ', 'nɡ', 'nɡ')",abenɡan,abenɡan
90L_10NL,3,90L_10NL_3_1,1,1050,"('nɡ', 'nɡ', 'nɡ')",abenɡan,abenɡan
90L_10NL,3,90L_10NL_3_1,1,1050,"('nɡ', 'nɡ', 'nɡ')",abenɡan,abenɡan
90L_10NL,3,90L_10NL_3_1,1,1050,"('nɡ', 'nɡ', 'nɡ')",abenɡan,abenɡan
90L_10NL,3,90L_10NL_3_1,1,1050,"('nɡ', 'nɡ', 'nɡ')",abenɡan,abenɡan
90L_10NL,3,90L_10NL_3_1,1,1092,"('nɡ', 'n', 'nɡ')",abenɡan,abenɡan
90L_10NL,3,90L_10NL_3_1,1,1092,"('nɡ', 'n', 'nɡ')",abenɡan,abenɡan
90L_10NL,3,90L_10NL_3_1,1,1092,"('nɡ', 'n', 'nɡ')",abenɡan,abenɡan
90L_10NL,3,90L_10NL_3_1,1,1092,"('nɡ', 'n', 'nɡ')",abenɡan,abenɡan
90L_10NL,3,90L_10NL_3_1,1,1092,"('nɡ', 'n', 'nɡ')",abenɡan,abenɡan
90L_10NL,3,90L_10NL_3_1,1,1050,"('nɡ', 'nɡ', 'nɡ')",abenɡan,abenɡan
90L_10NL,3,90L_10NL_3_1,1,1050,"('nɡ', 'nɡ', 'nɡ')",abenɡan,abenɡan
90L_10NL,3,90L_10NL_3_1,1,1050,"('nɡ', 'nɡ', 'nɡ')",abenɡan,abenɡan
90L_10NL,3,90L_10NL_3_1,1,1050,"('nɡ', 'nɡ', 'nɡ')",abenɡan,abenɡan
90L_10NL,3,90L_10NL_3_1,1,1092,"('nɡ', 'n', 'nɡ')",abenɡan,abenɡan
90L_10NL,3,90L_10NL_3_1,1,1092,"('nɡ', 'n', 'nɡ')",abenɡan,abenɡan
90L_10NL,3,90L_10NL_3_1,1,1092,"('nɡ', 'n', 'nɡ')",abenɡan,abenɡan
90L_10NL,3,90L_10NL_3_1,1,1092,"('nɡ', 'n', 'nɡ')",abenɡan,abenɡan
90L_10NL,3,90L_10NL_3_1,1,1092,"('nɡ', 'n', 'nɡ')",abenɡan,abenɡan
90L_10NL,3,90L_10NL_3_1,1,1050,"('nɡ', 'nɡ', 'nɡ')",abenɡan,abenɡan
90L_10NL,3,90L_10NL_3_1,1,1050,"('nɡ', 'nɡ', 'nɡ')",abenɡan,abenɡan
90L_10NL,3,90L_10NL_3_1,1,1050,"('nɡ', 'nɡ', 'nɡ')",abenɡan,abenɡan
90L_10NL,3,90L_10NL_3_1,1,1092,"('nɡ', 'n', 'nɡ')",abenɡan,abenɡan
90L_10NL,3,90L_10NL_3_1,1,1092,"('nɡ', 'n', 'nɡ')",abenɡan,abenɡan
90L_10NL,3,90L_10NL_3_1,1,1092,"('nɡ', 'n', 'nɡ')",abenɡan,abenɡan
90L_10NL,3,90L_10NL_3_1,1,1092,"('nɡ', 'n', 'nɡ')",abenɡan,abenɡan
90L_10NL,3,90L_10NL_3_1,1,1092,"('nɡ', 'n', 'nɡ')",abenɡan,abenɡan
90L_10NL,3,90L_10NL_3_1,1,1050,"('nɡ', 'nɡ', 'nɡ')",abenɡan,abenɡan
90L_10NL,3,90L_10NL_3_1,1,1050,"('nɡ', 'nɡ', 'nɡ')",abenɡan,abenɡan
90L_10NL,3,90L_10NL_3_1,1,1092,"('nɡ', 'n', 'nɡ')",abenɡan,abenɡan
90L_10NL,3,90L_10NL_3_1,1,1092,"('nɡ', 'n', 'nɡ')",abenɡan,abenɡan
90L_10NL,3,90L_10NL_3_1,1,1092,"('nɡ', 'n', 'nɡ')",abenɡan,abenɡan
90L_10NL,3,90L_10NL_3_1,1,1092,"('nɡ', 'n', 'nɡ')",abenɡan,abenɡan
90L_10NL,3,90L_10NL_3_1,1,1092,"('nɡ', 'n', 'nɡ')",abenɡan,abenɡan
90L_10NL,3,90L_10NL_3_1,1,1050,"('nɡ', 'nɡ', 'nɡ')",abenɡan,abenɡan
90L_10NL,3,90L_10NL_3_1,1,1092,"('nɡ', 'n', 'nɡ')",abenɡan,abenɡan
90L_10NL,3,90L_10NL_3_1,1,1092,"('nɡ', 'n', 'nɡ')",abenɡan,abenɡan
90L_10NL,3,90L_10NL_3_1,1,1092,"('nɡ', 'n', 'nɡ')",abenɡan,abenɡan
90L_10NL,3,90L_10NL_3_1,1,1092,"('nɡ', 'n', 'nɡ')",abenɡan,abenɡan
90L_10NL,3,90L_10NL_3_1,1,1092,"('nɡ', 'n', 'nɡ')",abenɡan,abenɡan
90L_10NL,3,90L_10NL_3_1,1,1092,"('nɡ', 'n', 'nɡ')",abenɡan,abenɡan
90L_10NL,3,90L_10NL_3_1,1,1092,"('nɡ', 'n', 'nɡ')",abenɡan,abenɡan
90L_10NL,3,90L_10NL_3_1,1,1092,"('nɡ', 'n', 'nɡ')",abenɡan,abenɡan
90L_10NL,3,90L_10NL_3_1,1,1092,"('nɡ', 'n', 'nɡ')",abenɡan,abenɡan
90L_10NL,3,90L_10NL_3_1,1,1092,"('nɡ', 'n', 'nɡ')",abenɡan,abenɡan
90L_10NL,3,90L_10NL_3_1,1,700,"('n', 'n', 'nɡ')",abenɡan,abenɡan
90L_10NL,3,90L_10NL_3_1,1,700,"('n', 'n', 'nɡ')",abenɡan,abenɡan
90L_10NL,3,90L_10NL_3_1,1,700,"('n', 'n', 'nɡ')",abenɡan,abenɡan
90L_10NL,3,90L_10NL_3_1,1,700,"('n', 'n', 'nɡ')",abenɡan,abenɡan
90L_10NL,3,90L_10NL_3_1,1,700,"('n', 'n', 'nɡ')",abenɡan,abenɡan
90L_10NL,3,90L_10NL_3_1,1,700,"('n', 'n', 'nɡ')",abenɡan,abenɡan
90L_10NL,3,90L_10NL_3_1,1,700,"('n', 'n', 'nɡ')",abenɡan,abenɡan
90L_10NL,3,90L_10NL_3_1,1,700,"('n', 'n', 'nɡ')",abenɡan,abenɡan
90L_10NL,3,90L_10NL_3_1,1,700,"('n', 'n', 'nɡ')",abenɡan,abenɡan
90L_10NL,3,90L_10NL_3_1,1,700,"('n', 'n', 'nɡ')",abenɡan,abenɡan
90L_10NL,3,90L_10NL_3_1,1,1050,"('nɡ', 'nɡ', 'nɡ')",abenɡas,abenɡas
90L_10NL,3,90L_10NL_3_1,1,1050,"('nɡ', 'nɡ', 'nɡ')",abenɡas,abenɡas
90L_10NL,3,90L_10NL_3_1,1,1050,"('nɡ', 'nɡ', 'nɡ')",abenɡas,abenɡas
90L_10NL,3,90L_10NL_3_1,1,1050,"('nɡ', 'nɡ', 'nɡ')",abenɡas,abenɡas
90L_10NL,3,90L_10NL_3_1,1,1050,"('nɡ', 'nɡ', 'nɡ')",abenɡas,abenɡas
90L_10NL,3,90L_10NL_3_1,1,1092,"('nɡ', 'n', 'nɡ')",abenɡas,abenɡas
90L_10NL,3,90L_10NL_3_1,1,1092,"('nɡ', 'n', 'nɡ')",abenɡas,abenɡas
90L_10NL,3,90L_10NL_3_1,1,1092,"('nɡ', 'n', 'nɡ')",abenɡas,abenɡas
90L_10NL,3,90L_10NL_3_1,1,1092,"('nɡ', 'n', 'nɡ')",abenɡas,abenɡas
90L_10NL,3,90L_10NL_3_1,1,1092,"('nɡ', 'n', 'nɡ')",abenɡas,abenɡas
90L_10NL,3,90L_10NL_3_1,1,1050,"('nɡ', 'nɡ', 'nɡ')",abenɡas,abenɡas
90L_10NL,3,90L_10NL_3_1,1,1050,"('nɡ', 'nɡ', 'nɡ')",abenɡas,abenɡas
90L_10NL,3,90L_10NL_3_1,1,1050,"('nɡ', 'nɡ', 'nɡ')",abenɡas,abenɡas
90L_10NL,3,90L_10NL_3_1,1,1050,"('nɡ', 'nɡ', 'nɡ')",abenɡas,abenɡas
90L_10NL,3,90L_10NL_3_1,1,1092,"('nɡ', 'n', 'nɡ')",abenɡas,abenɡas
90L_10NL,3,90L_10NL_3_1,1,1092,"('nɡ', 'n', 'nɡ')",abenɡas,abenɡas
90L_10NL,3,90L_10NL_3_1,1,1092,"('nɡ', 'n', 'nɡ')",abenɡas,abenɡas
90L_10NL,3,90L_10NL_3_1,1,1092,"('nɡ', 'n', 'nɡ')",abenɡas,abenɡas
90L_10NL,3,90L_10NL_3_1,1,1092,"('nɡ', 'n', 'nɡ')",abenɡas,abenɡas
90L_10NL,3,90L_10NL_3_1,1,1050,"('nɡ', 'nɡ', 'nɡ')",abenɡas,abenɡas
90L_10NL,3,90L_10NL_3_1,1,1050,"('nɡ', 'nɡ', 'nɡ')",abenɡas,abenɡas
90L_10NL,3,90L_10NL_3_1,1,1050,"('nɡ', 'nɡ', 'nɡ')",abenɡas,abenɡas
90L_10NL,3,90L_10NL_3_1,1,1092,"('nɡ', 'n', 'nɡ')",abenɡas,abenɡas
90L_10NL,3,90L_10NL_3_1,1,1092,"('nɡ', 'n', 'nɡ')",abenɡas,abenɡas
90L_10NL,3,90L_10NL_3_1,1,1092,"('nɡ', 'n', 'nɡ')",abenɡas,abenɡas
90L_10NL,3,90L_10NL_3_1,1,1092,"('nɡ', 'n', 'nɡ')",abenɡas,abenɡas
90L_10NL,3,90L_10NL_3_1,1,1092,"('nɡ', 'n', 'nɡ')",abenɡas,abenɡas
90L_10NL,3,90L_10NL_3_1,1,1050,"('nɡ', 'nɡ', 'nɡ')",abenɡas,abenɡas
90L_10NL,3,90L_10NL_3_1,1,1050,"('nɡ', 'nɡ', 'nɡ')",abenɡas,abenɡas
90L_10NL,3,90L_10NL_3_1,1,1092,"('nɡ', 'n', 'nɡ')",abenɡas,abenɡas
90L_10NL,3,90L_10NL_3_1,1,1092,"('nɡ', 'n', 'nɡ')",abenɡas,abenɡas
90L_10NL,3,90L_10NL_3_1,1,1092,"('nɡ', 'n', 'nɡ')",abenɡas,abenɡas
90L_10NL,3,90L_10NL_3_1,1,1092,"('nɡ', 'n', 'nɡ')",abenɡas,abenɡas
90L_10NL,3,90L_10NL_3_1,1,1092,"('nɡ', 'n', 'nɡ')",abenɡas,abenɡas
90L_10NL,3,90L_10NL_3_1,1,1050,"('nɡ', 'nɡ', 'nɡ')",abenɡas,abenɡas
90L_10NL,3,90L_10NL_3_1,1,1092,"('nɡ', 'n', 'nɡ')",abenɡas,abenɡas
90L_10NL,3,90L_10NL_3_1,1,1092,"('nɡ', 'n', 'nɡ')",abenɡas,abenɡas
90L_10NL,3,90L_10NL_3_1,1,1092,"('nɡ', 'n', 'nɡ')",abenɡas,abenɡas
90L_10NL,3,90L_10NL_3_1,1,1092,"('nɡ', 'n', 'nɡ')",abenɡas,abenɡas
90L_10NL,3,90L_10NL_3_1,1,1092,"('nɡ', 'n', 'nɡ')",abenɡas,abenɡas
90L_10NL,3,90L_10NL_3_1,1,1092,"('nɡ', 'n', 'nɡ')",abenɡas,abenɡas
90L_10NL,3,90L_10NL_3_1,1,1092,"('nɡ', 'n', 'nɡ')",abenɡas,abenɡas
90L_10NL,3,90L_10NL_3_1,1,1092,"('nɡ', 'n', 'nɡ')",abenɡas,abenɡas
90L_10NL,3,90L_10NL_3_1,1,1092,"('nɡ', 'n', 'nɡ')",abenɡas,abenɡas
90L_10NL,3,90L_10NL_3_1,1,1092,"('nɡ', 'n', 'nɡ')",abenɡas,abenɡas
90L_10NL,3,90L_10NL_3_1,1,700,"('n', 'n', 'nɡ')",abenɡas,abenɡas
90L_10NL,3,90L_10NL_3_1,1,700,"('n', 'n', 'nɡ')",abenɡas,abenɡas
90L_10NL,3,90L_10NL_3_1,1,700,"('n', 'n', 'nɡ')",abenɡas,abenɡas
90L_10NL,3,90L_10NL_3_1,1,700,"('n', 'n', 'nɡ')",abenɡas,abenɡas
90L_10NL,3,90L_10NL_3_1,1,700,"('n', 'n', 'nɡ')",abenɡas,abenɡas
90L_10NL,3,90L_10NL_3_1,1,700,"('n', 'n', 'nɡ')",abenɡas,abenɡas
90L_10NL,3,90L_10NL_3_1,1,700,"('n', 'n', 'nɡ')",abenɡas,abenɡas
90L_10NL,3,90L_10NL_3_1,1,700,"('n', 'n', 'nɡ')",abenɡas,abenɡas
90L_10NL,3,90L_10NL_3_1,1,700,"('n', 'n', 'nɡ')",abenɡas,abenɡas
90L_10NL,3,90L_10NL_3_1,1,700,"('n', 'n', 'nɡ')",abenɡas,abenɡas
90L_10NL,3,90L_10NL_3_1,1,1050,"('nɡ', 'nɡ', 'nɡ')",abenɡa,abenɡa
90L_10NL,3,90L_10NL_3_1,1,1050,"('nɡ', 'nɡ', 'nɡ')",abenɡa,abenɡa
90L_10NL,3,90L_10NL_3_1,1,1050,"('nɡ', 'nɡ', 'nɡ')",abenɡa,abenɡa
90L_10NL,3,90L_10NL_3_1,1,1050,"('nɡ', 'nɡ', 'nɡ')",abenɡa,abenɡa
90L_10NL,3,90L_10NL_3_1,1,1050,"('nɡ', 'nɡ', 'nɡ')",abenɡa,abenɡa
90L_10NL,3,90L_10NL_3_1,1,1092,"('nɡ', 'n', 'nɡ')",abenɡa,abenɡa
90L_10NL,3,90L_10NL_3_1,1,1092,"('nɡ', 'n', 'nɡ')",abenɡa,abenɡa
90L_10NL,3,90L_10NL_3_1,1,1092,"('nɡ', 'n', 'nɡ')",abenɡa,abenɡa
90L_10NL,3,90L_10NL_3_1,1,1092,"('nɡ', 'n', 'nɡ')",abenɡa,abenɡa
90L_10NL,3,90L_10NL_3_1,1,1092,"('nɡ', 'n', 'nɡ')",abenɡa,abenɡa
90L_10NL,3,90L_10NL_3_1,1,1050,"('nɡ', 'nɡ', 'nɡ')",abenɡa,abenɡa
90L_10NL,3,90L_10NL_3_1,1,1050,"('nɡ', 'nɡ', 'nɡ')",abenɡa,abenɡa
90L_10NL,3,90L_10NL_3_1,1,1050,"('nɡ', 'nɡ', 'nɡ')",abenɡa,abenɡa
90L_10NL,3,90L_10NL_3_1,1,1050,"('nɡ', 'nɡ', 'nɡ')",abenɡa,abenɡa
90L_10NL,3,90L_10NL_3_1,1,1092,"('nɡ', 'n', 'nɡ')",abenɡa,abenɡa
90L_10NL,3,90L_10NL_3_1,1,1092,"('nɡ', 'n', 'nɡ')",abenɡa,abenɡa
90L_10NL,3,90L_10NL_3_1,1,1092,"('nɡ', 'n', 'nɡ')",abenɡa,abenɡa
90L_10NL,3,90L_10NL_3_1,1,1092,"('nɡ', 'n', 'nɡ')",abenɡa,abenɡa
90L_10NL,3,90L_10NL_3_1,1,1092,"('nɡ', 'n', 'nɡ')",abenɡa,abenɡa
90L_10NL,3,90L_10NL_3_1,1,1050,"('nɡ', 'nɡ', 'nɡ')",abenɡa,abenɡa
90L_10NL,3,90L_10NL_3_1,1,1050,"('nɡ', 'nɡ', 'nɡ')",abenɡa,abenɡa
90L_10NL,3,90L_10NL_3_1,1,1050,"('nɡ', 'nɡ', 'nɡ')",abenɡa,abenɡa
90L_10NL,3,90L_10NL_3_1,1,1092,"('nɡ', 'n', 'nɡ')",abenɡa,abenɡa
90L_10NL,3,90L_10NL_3_1,1,1092,"('nɡ', 'n', 'nɡ')",abenɡa,abenɡa
90L_10NL,3,90L_10NL_3_1,1,1092,"('nɡ', 'n', 'nɡ')",abenɡa,abenɡa
90L_10NL,3,90L_10NL_3_1,1,1092,"('nɡ', 'n', 'nɡ')",abenɡa,abenɡa
90L_10NL,3,90L_10NL_3_1,1,1092,"('nɡ', 'n', 'nɡ')",abenɡa,abenɡa
90L_10NL,3,90L_10NL_3_1,1,1050,"('nɡ', 'nɡ', 'nɡ')",abenɡa,abenɡa
90L_10NL,3,90L_10NL_3_1,1,1050,"('nɡ', 'nɡ', 'nɡ')",abenɡa,abenɡa
90L_10NL,3,90L_10NL_3_1,1,1092,"('nɡ', 'n', 'nɡ')",abenɡa,abenɡa
90L_10NL,3,90L_10NL_3_1,1,1092,"('nɡ', 'n', 'nɡ')",abenɡa,abenɡa
90L_10NL,3,90L_10NL_3_1,1,1092,"('nɡ', 'n', 'nɡ')",abenɡa,abenɡa
90L_10NL,3,90L_10NL_3_1,1,1092,"('nɡ', 'n', 'nɡ')",abenɡa,abenɡa
90L_10NL,3,90L_10NL_3_1,1,1092,"('nɡ', 'n', 'nɡ')",abenɡa,abenɡa
90L_10NL,3,90L_10NL_3_1,1,1050,"('nɡ', 'nɡ', 'nɡ')",abenɡa,abenɡa
90L_10NL,3,90L_10NL_3_1,1,1092,"('nɡ', 'n', 'nɡ')",abenɡa,abenɡa
90L_10NL,3,90L_10NL_3_1,1,1092,"('nɡ', 'n', 'nɡ')",abenɡa,abenɡa
90L_10NL,3,90L_10NL_3_1,1,1092,"('nɡ', 'n', 'nɡ')",abenɡa,abenɡa
90L_10NL,3,90L_10NL_3_1,1,1092,"('nɡ', 'n', 'nɡ')",abenɡa,abenɡa
90L_10NL,3,90L_10NL_3_1,1,1092,"('nɡ', 'n', 'nɡ')",abenɡa,abenɡa
90L_10NL,3,90L_10NL_3_1,1,1092,"('nɡ', 'n', 'nɡ')",abenɡa,abenɡa
90L_10NL,3,90L_10NL_3_1,1,1092,"('nɡ', 'n', 'nɡ')",abenɡa,abenɡa
90L_10NL,3,90L_10NL_3_1,1,1092,"('nɡ', 'n', 'nɡ')",abenɡa,abenɡa
90L_10NL,3,90L_10NL_3_1,1,1092,"('nɡ', 'n', 'nɡ')",abenɡa,abenɡa
90L_10NL,3,90L_10NL_3_1,1,1092,"('nɡ', 'n', 'nɡ')",abenɡa,abenɡa
90L_10NL,3,90L_10NL_3_1,1,700,"('n', 'n', 'nɡ')",abenɡa,abenɡa
90L_10NL,3,90L_10NL_3_1,1,700,"('n', 'n', 'nɡ')",abenɡa,abenɡa
90L_10NL,3,90L_10NL_3_1,1,700,"('n', 'n', 'nɡ')",abenɡa,abenɡa
90L_10NL,3,90L_10NL_3_1,1,700,"('n', 'n', 'nɡ')",abenɡa,abenɡa
90L_10NL,3,90L_10NL_3_1,1,700,"('n', 'n', 'nɡ')",abenɡa,abenɡa
90L_10NL,3,90L_10NL_3_1,1,700,"('n', 'n', 'nɡ')",abenɡa,abenɡa
90L_10NL,3,90L_10NL_3_1,1,700,"('n', 'n', 'nɡ')",abenɡa,abenɡa
90L_10NL,3,90L_10NL_3_1,1,700,"('n', 'n', 'nɡ')",abenɡa,abenɡa
90L_10NL,3,90L_10NL_3_1,1,700,"('n', 'n', 'nɡ')",abenɡa,abenɡa
90L_10NL,3,90L_10NL_3_1,1,700,"('n', 'n', 'nɡ')",abenɡa,abenɡa
90L_10NL,3,90L_10NL_3_1,1,1050,"('nɡ', 'nɡ', 'nɡ')",abenɡa,abenɡa
90L_10NL,3,90L_10NL_3_1,1,1050,"('nɡ', 'nɡ', 'nɡ')",abenɡa,abenɡa
90L_10NL,3,90L_10NL_3_1,1,1050,"('nɡ', 'nɡ', 'nɡ')",abenɡa,abenɡa
90L_10NL,3,90L_10NL_3_1,1,1050,"('nɡ', 'nɡ', 'nɡ')",abenɡa,abenɡa
90L_10NL,3,90L_10NL_3_1,1,1050,"('nɡ', 'nɡ', 'nɡ')",abenɡa,abenɡa
90L_10NL,3,90L_10NL_3_1,1,1092,"('nɡ', 'n', 'nɡ')",abenɡa,abenɡa
90L_10NL,3,90L_10NL_3_1,1,1092,"('nɡ', 'n', 'nɡ')",abenɡa,abenɡa
90L_10NL,3,90L_10NL_3_1,1,1092,"('nɡ', 'n', 'nɡ')",abenɡa,abenɡa
90L_10NL,3,90L_10NL_3_1,1,1092,"('nɡ', 'n', 'nɡ')",abenɡa,abenɡa
90L_10NL,3,90L_10NL_3_1,1,1092,"('nɡ', 'n', 'nɡ')",abenɡa,abenɡa
90L_10NL,3,90L_10NL_3_1,1,1050,"('nɡ', 'nɡ', 'nɡ')",abenɡa,abenɡa
90L_10NL,3,90L_10NL_3_1,1,1050,"('nɡ', 'nɡ', 'nɡ')",abenɡa,abenɡa
90L_10NL,3,90L_10NL_3_1,1,1050,"('nɡ', 'nɡ', 'nɡ')",abenɡa,abenɡa
90L_10NL,3,90L_10NL_3_1,1,1050,"('nɡ', 'nɡ', 'nɡ')",abenɡa,abenɡa
90L_10NL,3,90L_10NL_3_1,1,1092,"('nɡ', 'n', 'nɡ')",abenɡa,abenɡa
90L_10NL,3,90L_10NL_3_1,1,1092,"('nɡ', 'n', 'nɡ')",abenɡa,abenɡa
90L_10NL,3,90L_10NL_3_1,1,1092,"('nɡ', 'n', 'nɡ')",abenɡa,abenɡa
90L_10NL,3,90L_10NL_3_1,1,1092,"('nɡ', 'n', 'nɡ')",abenɡa,abenɡa
90L_10NL,3,90L_10NL_3_1,1,1092,"('nɡ', 'n', 'nɡ')",abenɡa,abenɡa
90L_10NL,3,90L_10NL_3_1,1,1050,"('nɡ', 'nɡ', 'nɡ')",abenɡa,abenɡa
90L_10NL,3,90L_10NL_3_1,1,1050,"('nɡ', 'nɡ', 'nɡ')",abenɡa,abenɡa
90L_10NL,3,90L_10NL_3_1,1,1050,"('nɡ', 'nɡ', 'nɡ')",abenɡa,abenɡa
90L_10NL,3,90L_10NL_3_1,1,1092,"('nɡ', 'n', 'nɡ')",abenɡa,abenɡa
90L_10NL,3,90L_10NL_3_1,1,1092,"('nɡ', 'n', 'nɡ')",abenɡa,abenɡa
90L_10NL,3,90L_10NL_3_1,1,1092,"('nɡ', 'n', 'nɡ')",abenɡa,abenɡa
90L_10NL,3,90L_10NL_3_1,1,1092,"('nɡ', 'n', 'nɡ')",abenɡa,abenɡa
90L_10NL,3,90L_10NL_3_1,1,1092,"('nɡ', 'n', 'nɡ')",abenɡa,abenɡa
90L_10NL,3,90L_10NL_3_1,1,1050,"('nɡ', 'nɡ', 'nɡ')",abenɡa,abenɡa
90L_10NL,3,90L_10NL_3_1,1,1050,"('nɡ', 'nɡ', 'nɡ')",abenɡa,abenɡa
90L_10NL,3,90L_10NL_3_1,1,1092,"('nɡ', 'n', 'nɡ')",abenɡa,abenɡa
90L_10NL,3,90L_10NL_3_1,1,1092,"('nɡ', 'n', 'nɡ')",abenɡa,abenɡa
90L_10NL,3,90L_10NL_3_1,1,1092,"('nɡ', 'n', 'nɡ')",abenɡa,abenɡa
90L_10NL,3,90L_10NL_3_1,1,1092,"('nɡ', 'n', 'nɡ')",abenɡa,abenɡa
90L_10NL,3,90L_10NL_3_1,1,1092,"('nɡ', 'n', 'nɡ')",abenɡa,abenɡa
90L_10NL,3,90L_10NL_3_1,1,1050,"('nɡ', 'nɡ', 'nɡ')",abenɡa,abenɡa
90L_10NL,3,90L_10NL_3_1,1,1092,"('nɡ', 'n', 'nɡ')",abenɡa,abenɡa
90L_10NL,3,90L_10NL_3_1,1,1092,"('nɡ', 'n', 'nɡ')",abenɡa,abenɡa
90L_10NL,3,90L_10NL_3_1,1,1092,"('nɡ', 'n', 'nɡ')",abenɡa,abenɡa
90L_10NL,3,90L_10NL_3_1,1,1092,"('nɡ', 'n', 'nɡ')",abenɡa,abenɡa
90L_10NL,3,90L_10NL_3_1,1,1092,"('nɡ', 'n', 'nɡ')",abenɡa,abenɡa
90L_10NL,3,90L_10NL_3_1,1,1092,"('nɡ', 'n', 'nɡ')",abenɡa,abenɡa
90L_10NL,3,90L_10NL_3_1,1,1092,"('nɡ', 'n', 'nɡ')",abenɡa,abenɡa
90L_10NL,3,90L_10NL_3_1,1,1092,"('nɡ', 'n', 'nɡ')",abenɡa,abenɡa
90L_10NL,3,90L_10NL_3_1,1,1092,"('nɡ', 'n', 'nɡ')",abenɡa,abenɡa
90L_10NL,3,90L_10NL_3_1,1,1092,"('nɡ', 'n', 'nɡ')",abenɡa,abenɡa
90L_10NL,3,90L_10NL_3_1,1,700,"('n', 'n', 'nɡ')",abenɡa,abenɡa
90L_10NL,3,90L_10NL_3_1,1,700,"('n', 'n', 'nɡ')",abenɡa,abenɡa
90L_10NL,3,90L_10NL_3_1,1,700,"('n', 'n', 'nɡ')",abenɡa,abenɡa
90L_10NL,3,90L_10NL_3_1,1,700,"('n', 'n', 'nɡ')",abenɡa,abenɡa
90L_10NL,3,90L_10NL_3_1,1,700,"('n', 'n', 'nɡ')",abenɡa,abenɡa
90L_10NL,3,90L_10NL_3_1,1,700,"('n', 'n', 'nɡ')",abenɡa,abenɡa
90L_10NL,3,90L_10NL_3_1,1,700,"('n', 'n', 'nɡ')",abenɡa,abenɡa
90L_10NL,3,90L_10NL_3_1,1,700,"('n', 'n', 'nɡ')",abenɡa,abenɡa
90L_10NL,3,90L_10NL_3_1,1,700,"('n', 'n', 'nɡ')",abenɡa,abenɡa
90L_10NL,3,90L_10NL_3_1,1,700,"('n', 'n', 'nɡ')",abenɡa,abenɡa
90L_10NL,3,90L_10NL_3_1,1,1050,"('nɡ', 'nɡ', 'nɡ')",abenɡo,abenɡo
90L_10NL,3,90L_10NL_3_1,1,1050,"('nɡ', 'nɡ', 'nɡ')",abenɡo,abenɡo
90L_10NL,3,90L_10NL_3_1,1,1050,"('nɡ', 'nɡ', 'nɡ')",abenɡo,abenɡo
90L_10NL,3,90L_10NL_3_1,1,1050,"('nɡ', 'nɡ', 'nɡ')",abenɡo,abenɡo
90L_10NL,3,90L_10NL_3_1,1,1050,"('nɡ', 'nɡ', 'nɡ')",abenɡo,abenɡo
90L_10NL,3,90L_10NL_3_1,1,1092,"('nɡ', 'n', 'nɡ')",abenɡo,abenɡo
90L_10NL,3,90L_10NL_3_1,1,1092,"('nɡ', 'n', 'nɡ')",abenɡo,abenɡo
90L_10NL,3,90L_10NL_3_1,1,1092,"('nɡ', 'n', 'nɡ')",abenɡo,abenɡo
90L_10NL,3,90L_10NL_3_1,1,1092,"('nɡ', 'n', 'nɡ')",abenɡo,abenɡo
90L_10NL,3,90L_10NL_3_1,1,1092,"('nɡ', 'n', 'nɡ')",abenɡo,abenɡo
90L_10NL,3,90L_10NL_3_1,1,1050,"('nɡ', 'nɡ', 'nɡ')",abenɡo,abenɡo
90L_10NL,3,90L_10NL_3_1,1,1050,"('nɡ', 'nɡ', 'nɡ')",abenɡo,abenɡo
90L_10NL,3,90L_10NL_3_1,1,1050,"('nɡ', 'nɡ', 'nɡ')",abenɡo,abenɡo
90L_10NL,3,90L_10NL_3_1,1,1050,"('nɡ', 'nɡ', 'nɡ')",abenɡo,abenɡo
90L_10NL,3,90L_10NL_3_1,1,1092,"('nɡ', 'n', 'nɡ')",abenɡo,abenɡo
90L_10NL,3,90L_10NL_3_1,1,1092,"('nɡ', 'n', 'nɡ')",abenɡo,abenɡo
90L_10NL,3,90L_10NL_3_1,1,1092,"('nɡ', 'n', 'nɡ')",abenɡo,abenɡo
90L_10NL,3,90L_10NL_3_1,1,1092,"('nɡ', 'n', 'nɡ')",abenɡo,abenɡo
90L_10NL,3,90L_10NL_3_1,1,1092,"('nɡ', 'n', 'nɡ')",abenɡo,abenɡo
90L_10NL,3,90L_10NL_3_1,1,1050,"('nɡ', 'nɡ', 'nɡ')",abenɡo,abenɡo
90L_10NL,3,90L_10NL_3_1,1,1050,"('nɡ', 'nɡ', 'nɡ')",abenɡo,abenɡo
90L_10NL,3,90L_10NL_3_1,1,1050,"('nɡ', 'nɡ', 'nɡ')",abenɡo,abenɡo
90L_10NL,3,90L_10NL_3_1,1,1092,"('nɡ', 'n', 'nɡ')",abenɡo,abenɡo
90L_10NL,3,90L_10NL_3_1,1,1092,"('nɡ', 'n', 'nɡ')",abenɡo,abenɡo
90L_10NL,3,90L_10NL_3_1,1,1092,"('nɡ', 'n', 'nɡ')",abenɡo,abenɡo
90L_10NL,3,90L_10NL_3_1,1,1092,"('nɡ', 'n', 'nɡ')",abenɡo,abenɡo
90L_10NL,3,90L_10NL_3_1,1,1092,"('nɡ', 'n', 'nɡ')",abenɡo,abenɡo
90L_10NL,3,90L_10NL_3_1,1,1050,"('nɡ', 'nɡ', 'nɡ')",abenɡo,abenɡo
90L_10NL,3,90L_10NL_3_1,1,1050,"('nɡ', 'nɡ', 'nɡ')",abenɡo,abenɡo
90L_10NL,3,90L_10NL_3_1,1,1092,"('nɡ', 'n', 'nɡ')",abenɡo,abenɡo
90L_10NL,3,90L_10NL_3_1,1,1092,"('nɡ', 'n', 'nɡ')",abenɡo,abenɡo
90L_10NL,3,90L_10NL_3_1,1,1092,"('nɡ', 'n', 'nɡ')",abenɡo,abenɡo
90L_10NL,3,90L_10NL_3_1,1,1092,"('nɡ', 'n', 'nɡ')",abenɡo,abenɡo
90L_10NL,3,90L_10NL_3_1,1,1092,"('nɡ', 'n', 'nɡ')",abenɡo,abenɡo
90L_10NL,3,90L_10NL_3_1,1,1050,"('nɡ', 'nɡ', 'nɡ')",abenɡo,abenɡo
90L_10NL,3,90L_10NL_3_1,1,1092,"('nɡ', 'n', 'nɡ')",abenɡo,abenɡo
90L_10NL,3,90L_10NL_3_1,1,1092,"('nɡ', 'n', 'nɡ')",abenɡo,abenɡo
90L_10NL,3,90L_10NL_3_1,1,1092,"('nɡ', 'n', 'nɡ')",abenɡo,abenɡo
90L_10NL,3,90L_10NL_3_1,1,1092,"('nɡ', 'n', 'nɡ')",abenɡo,abenɡo
90L_10NL,3,90L_10NL_3_1,1,1092,"('nɡ', 'n', 'nɡ')",abenɡo,abenɡo
90L_10NL,3,90L_10NL_3_1,1,1092,"('nɡ', 'n', 'nɡ')",abenɡo,abenɡo
90L_10NL,3,90L_10NL_3_1,1,1092,"('nɡ', 'n', 'nɡ')",abenɡo,abenɡo
90L_10NL,3,90L_10NL_3_1,1,1092,"('nɡ', 'n', 'nɡ')",abenɡo,abenɡo
90L_10NL,3,90L_10NL_3_1,1,1092,"('nɡ', 'n', 'nɡ')",abenɡo,abenɡo
90L_10NL,3,90L_10NL_3_1,1,1092,"('nɡ', 'n', 'nɡ')",abenɡo,abenɡo
90L_10NL,3,90L_10NL_3_1,1,700,"('n', 'n', 'nɡ')",abenɡo,abenɡo
90L_10NL,3,90L_10NL_3_1,1,700,"('n', 'n', 'nɡ')",abenɡo,abenɡo
90L_10NL,3,90L_10NL_3_1,1,700,"('n', 'n', 'nɡ')",abenɡo,abenɡo
90L_10NL,3,90L_10NL_3_1,1,700,"('n', 'n', 'nɡ')",abenɡo,abenɡo
90L_10NL,3,90L_10NL_3_1,1,700,"('n', 'n', 'nɡ')",abenɡo,abenɡo
90L_10NL,3,90L_10NL_3_1,1,700,"('n', 'n', 'nɡ')",abenɡo,abenɡo
90L_10NL,3,90L_10NL_3_1,1,700,"('n', 'n', 'nɡ')",abenɡo,abenɡo
90L_10NL,3,90L_10NL_3_1,1,700,"('n', 'n', 'nɡ')",abenɡo,abenɡo
90L_10NL,3,90L_10NL_3_1,1,700,"('n', 'n', 'nɡ')",abenɡo,abenɡo
90L_10NL,3,90L_10NL_3_1,1,700,"('n', 'n', 'nɡ')",abenɡo,abenɡo
90L_10NL,3,90L_10NL_3_1,1,1050,"('nɡ', 'nɡ', 'n')",abenimos,abenimos
90L_10NL,3,90L_10NL_3_1,1,1050,"('nɡ', 'nɡ', 'n')",abenimos,abenimos
90L_10NL,3,90L_10NL_3_1,1,1050,"('nɡ', 'nɡ', 'n')",abenimos,abenimos
90L_10NL,3,90L_10NL_3_1,1,1050,"('nɡ', 'nɡ', 'n')",abenimos,abenimos
90L_10NL,3,90L_10NL_3_1,1,1050,"('nɡ', 'nɡ', 'n')",abenimos,abenimos
90L_10NL,3,90L_10NL_3_1,1,1050,"('nɡ', 'nɡ', 'n')",abenimos,abenimos
90L_10NL,3,90L_10NL_3_1,1,728,"('nɡ', 'n', 'n')",abenimos,abenimos
90L_10NL,3,90L_10NL_3_1,1,728,"('nɡ', 'n', 'n')",abenimos,abenimos
90L_10NL,3,90L_10NL_3_1,1,728,"('nɡ', 'n', 'n')",abenimos,abenimos
90L_10NL,3,90L_10NL_3_1,1,728,"('nɡ', 'n', 'n')",abenimos,abenimos
90L_10NL,3,90L_10NL_3_1,1,1050,"('nɡ', 'nɡ', 'n')",abenimos,abenimos
90L_10NL,3,90L_10NL_3_1,1,1050,"('nɡ', 'nɡ', 'n')",abenimos,abenimos
90L_10NL,3,90L_10NL_3_1,1,1050,"('nɡ', 'nɡ', 'n')",abenimos,abenimos
90L_10NL,3,90L_10NL_3_1,1,1050,"('nɡ', 'nɡ', 'n')",abenimos,abenimos
90L_10NL,3,90L_10NL_3_1,1,1050,"('nɡ', 'nɡ', 'n')",abenimos,abenimos
90L_10NL,3,90L_10NL_3_1,1,728,"('nɡ', 'n', 'n')",abenimos,abenimos
90L_10NL,3,90L_10NL_3_1,1,728,"('nɡ', 'n', 'n')",abenimos,abenimos
90L_10NL,3,90L_10NL_3_1,1,728,"('nɡ', 'n', 'n')",abenimos,abenimos
90L_10NL,3,90L_10NL_3_1,1,728,"('nɡ', 'n', 'n')",abenimos,abenimos
90L_10NL,3,90L_10NL_3_1,1,1050,"('nɡ', 'nɡ', 'n')",abenimos,abenimos
90L_10NL,3,90L_10NL_3_1,1,1050,"('nɡ', 'nɡ', 'n')",abenimos,abenimos
90L_10NL,3,90L_10NL_3_1,1,1050,"('nɡ', 'nɡ', 'n')",abenimos,abenimos
90L_10NL,3,90L_10NL_3_1,1,1050,"('nɡ', 'nɡ', 'n')",abenimos,abenimos
90L_10NL,3,90L_10NL_3_1,1,728,"('nɡ', 'n', 'n')",abenimos,abenimos
90L_10NL,3,90L_10NL_3_1,1,728,"('nɡ', 'n', 'n')",abenimos,abenimos
90L_10NL,3,90L_10NL_3_1,1,728,"('nɡ', 'n', 'n')",abenimos,abenimos
90L_10NL,3,90L_10NL_3_1,1,728,"('nɡ', 'n', 'n')",abenimos,abenimos
90L_10NL,3,90L_10NL_3_1,1,1050,"('nɡ', 'nɡ', 'n')",abenimos,abenimos
90L_10NL,3,90L_10NL_3_1,1,1050,"('nɡ', 'nɡ', 'n')",abenimos,abenimos
90L_10NL,3,90L_10NL_3_1,1,1050,"('nɡ', 'nɡ', 'n')",abenimos,abenimos
90L_10NL,3,90L_10NL_3_1,1,728,"('nɡ', 'n', 'n')",abenimos,abenimos
90L_10NL,3,90L_10NL_3_1,1,728,"('nɡ', 'n', 'n')",abenimos,abenimos
90L_10NL,3,90L_10NL_3_1,1,728,"('nɡ', 'n', 'n')",abenimos,abenimos
90L_10NL,3,90L_10NL_3_1,1,728,"('nɡ', 'n', 'n')",abenimos,abenimos
90L_10NL,3,90L_10NL_3_1,1,1050,"('nɡ', 'nɡ', 'n')",abenimos,abenimos
90L_10NL,3,90L_10NL_3_1,1,1050,"('nɡ', 'nɡ', 'n')",abenimos,abenimos
90L_10NL,3,90L_10NL_3_1,1,728,"('nɡ', 'n', 'n')",abenimos,abenimos
90L_10NL,3,90L_10NL_3_1,1,728,"('nɡ', 'n', 'n')",abenimos,abenimos
90L_10NL,3,90L_10NL_3_1,1,728,"('nɡ', 'n', 'n')",abenimos,abenimos
90L_10NL,3,90L_10NL_3_1,1,728,"('nɡ', 'n', 'n')",abenimos,abenimos
90L_10NL,3,90L_10NL_3_1,1,1050,"('nɡ', 'nɡ', 'n')",abenimos,abenimos
90L_10NL,3,90L_10NL_3_1,1,728,"('nɡ', 'n', 'n')",abenimos,abenimos
90L_10NL,3,90L_10NL_3_1,1,728,"('nɡ', 'n', 'n')",abenimos,abenimos
90L_10NL,3,90L_10NL_3_1,1,728,"('nɡ', 'n', 'n')",abenimos,abenimos
90L_10NL,3,90L_10NL_3_1,1,728,"('nɡ', 'n', 'n')",abenimos,abenimos
90L_10NL,3,90L_10NL_3_1,1,728,"('nɡ', 'n', 'n')",abenimos,abenimos
90L_10NL,3,90L_10NL_3_1,1,728,"('nɡ', 'n', 'n')",abenimos,abenimos
90L_10NL,3,90L_10NL_3_1,1,728,"('nɡ', 'n', 'n')",abenimos,abenimos
90L_10NL,3,90L_10NL_3_1,1,728,"('nɡ', 'n', 'n')",abenimos,abenimos
90L_10NL,3,90L_10NL_3_1,1,300,"('n', 'n', 'n')",abenimos,abenimos
90L_10NL,3,90L_10NL_3_1,1,300,"('n', 'n', 'n')",abenimos,abenimos
90L_10NL,3,90L_10NL_3_1,1,300,"('n', 'n', 'n')",abenimos,abenimos
90L_10NL,3,90L_10NL_3_1,0,300,"('n', 'n', 'n')",abenesemos,abenimos
90L_10NL,3,90L_10NL_3_1,0,300,"('n', 'n', 'n')",abenemos,abenimos
90L_10NL,3,90L_10NL_3_1,0,300,"('n', 'n', 'n')",abenemos,abenimos
90L_10NL,3,90L_10NL_3_1,1,1050,"('nɡ', 'nɡ', 'n')",abenis,abenis
90L_10NL,3,90L_10NL_3_1,1,1050,"('nɡ', 'nɡ', 'n')",abenis,abenis
90L_10NL,3,90L_10NL_3_1,1,1050,"('nɡ', 'nɡ', 'n')",abenis,abenis
90L_10NL,3,90L_10NL_3_1,1,1050,"('nɡ', 'nɡ', 'n')",abenis,abenis
90L_10NL,3,90L_10NL_3_1,1,1050,"('nɡ', 'nɡ', 'n')",abenis,abenis
90L_10NL,3,90L_10NL_3_1,1,1050,"('nɡ', 'nɡ', 'n')",abenis,abenis
90L_10NL,3,90L_10NL_3_1,1,728,"('nɡ', 'n', 'n')",abenis,abenis
90L_10NL,3,90L_10NL_3_1,1,728,"('nɡ', 'n', 'n')",abenis,abenis
90L_10NL,3,90L_10NL_3_1,1,728,"('nɡ', 'n', 'n')",abenis,abenis
90L_10NL,3,90L_10NL_3_1,1,728,"('nɡ', 'n', 'n')",abenis,abenis
90L_10NL,3,90L_10NL_3_1,1,1050,"('nɡ', 'nɡ', 'n')",abenis,abenis
90L_10NL,3,90L_10NL_3_1,1,1050,"('nɡ', 'nɡ', 'n')",abenis,abenis
90L_10NL,3,90L_10NL_3_1,1,1050,"('nɡ', 'nɡ', 'n')",abenis,abenis
90L_10NL,3,90L_10NL_3_1,1,1050,"('nɡ', 'nɡ', 'n')",abenis,abenis
90L_10NL,3,90L_10NL_3_1,1,1050,"('nɡ', 'nɡ', 'n')",abenis,abenis
90L_10NL,3,90L_10NL_3_1,1,728,"('nɡ', 'n', 'n')",abenis,abenis
90L_10NL,3,90L_10NL_3_1,1,728,"('nɡ', 'n', 'n')",abenis,abenis
90L_10NL,3,90L_10NL_3_1,1,728,"('nɡ', 'n', 'n')",abenis,abenis
90L_10NL,3,90L_10NL_3_1,1,728,"('nɡ', 'n', 'n')",abenis,abenis
90L_10NL,3,90L_10NL_3_1,1,1050,"('nɡ', 'nɡ', 'n')",abenis,abenis
90L_10NL,3,90L_10NL_3_1,1,1050,"('nɡ', 'nɡ', 'n')",abenis,abenis
90L_10NL,3,90L_10NL_3_1,1,1050,"('nɡ', 'nɡ', 'n')",abenis,abenis
90L_10NL,3,90L_10NL_3_1,1,1050,"('nɡ', 'nɡ', 'n')",abenis,abenis
90L_10NL,3,90L_10NL_3_1,1,728,"('nɡ', 'n', 'n')",abenis,abenis
90L_10NL,3,90L_10NL_3_1,1,728,"('nɡ', 'n', 'n')",abenis,abenis
90L_10NL,3,90L_10NL_3_1,1,728,"('nɡ', 'n', 'n')",abenis,abenis
90L_10NL,3,90L_10NL_3_1,1,728,"('nɡ', 'n', 'n')",abenis,abenis
90L_10NL,3,90L_10NL_3_1,1,1050,"('nɡ', 'nɡ', 'n')",abenis,abenis
90L_10NL,3,90L_10NL_3_1,1,1050,"('nɡ', 'nɡ', 'n')",abenis,abenis
90L_10NL,3,90L_10NL_3_1,1,1050,"('nɡ', 'nɡ', 'n')",abenis,abenis
90L_10NL,3,90L_10NL_3_1,1,728,"('nɡ', 'n', 'n')",abenis,abenis
90L_10NL,3,90L_10NL_3_1,1,728,"('nɡ', 'n', 'n')",abenis,abenis
90L_10NL,3,90L_10NL_3_1,1,728,"('nɡ', 'n', 'n')",abenis,abenis
90L_10NL,3,90L_10NL_3_1,1,728,"('nɡ', 'n', 'n')",abenis,abenis
90L_10NL,3,90L_10NL_3_1,1,1050,"('nɡ', 'nɡ', 'n')",abenis,abenis
90L_10NL,3,90L_10NL_3_1,1,1050,"('nɡ', 'nɡ', 'n')",abenis,abenis
90L_10NL,3,90L_10NL_3_1,1,728,"('nɡ', 'n', 'n')",abenis,abenis
90L_10NL,3,90L_10NL_3_1,1,728,"('nɡ', 'n', 'n')",abenis,abenis
90L_10NL,3,90L_10NL_3_1,1,728,"('nɡ', 'n', 'n')",abenis,abenis
90L_10NL,3,90L_10NL_3_1,1,728,"('nɡ', 'n', 'n')",abenis,abenis
90L_10NL,3,90L_10NL_3_1,1,1050,"('nɡ', 'nɡ', 'n')",abenis,abenis
90L_10NL,3,90L_10NL_3_1,1,728,"('nɡ', 'n', 'n')",abenis,abenis
90L_10NL,3,90L_10NL_3_1,1,728,"('nɡ', 'n', 'n')",abenis,abenis
90L_10NL,3,90L_10NL_3_1,1,728,"('nɡ', 'n', 'n')",abenis,abenis
90L_10NL,3,90L_10NL_3_1,1,728,"('nɡ', 'n', 'n')",abenis,abenis
90L_10NL,3,90L_10NL_3_1,1,728,"('nɡ', 'n', 'n')",abenis,abenis
90L_10NL,3,90L_10NL_3_1,1,728,"('nɡ', 'n', 'n')",abenis,abenis
90L_10NL,3,90L_10NL_3_1,1,728,"('nɡ', 'n', 'n')",abenis,abenis
90L_10NL,3,90L_10NL_3_1,1,728,"('nɡ', 'n', 'n')",abenis,abenis
90L_10NL,3,90L_10NL_3_1,1,300,"('n', 'n', 'n')",abenis,abenis
90L_10NL,3,90L_10NL_3_1,1,300,"('n', 'n', 'n')",abenis,abenis
90L_10NL,3,90L_10NL_3_1,1,300,"('n', 'n', 'n')",abenis,abenis
90L_10NL,3,90L_10NL_3_1,0,300,"('n', 'n', 'n')",abenesejs,abenis
90L_10NL,3,90L_10NL_3_1,1,300,"('n', 'n', 'n')",abenis,abenis
90L_10NL,3,90L_10NL_3_1,1,300,"('n', 'n', 'n')",abenis,abenis
90L_10NL,3,90L_10NL_3_1,1,1050,"('nɡ', 'nɡ', 'n')",abjenen,abjenen
90L_10NL,3,90L_10NL_3_1,1,1050,"('nɡ', 'nɡ', 'n')",abjenen,abjenen
90L_10NL,3,90L_10NL_3_1,1,1050,"('nɡ', 'nɡ', 'n')",abjenen,abjenen
90L_10NL,3,90L_10NL_3_1,1,1050,"('nɡ', 'nɡ', 'n')",abjenen,abjenen
90L_10NL,3,90L_10NL_3_1,1,1050,"('nɡ', 'nɡ', 'n')",abjenen,abjenen
90L_10NL,3,90L_10NL_3_1,1,1050,"('nɡ', 'nɡ', 'n')",abjenen,abjenen
90L_10NL,3,90L_10NL_3_1,1,728,"('nɡ', 'n', 'n')",abjenen,abjenen
90L_10NL,3,90L_10NL_3_1,1,728,"('nɡ', 'n', 'n')",abjenen,abjenen
90L_10NL,3,90L_10NL_3_1,1,728,"('nɡ', 'n', 'n')",abjenen,abjenen
90L_10NL,3,90L_10NL_3_1,1,728,"('nɡ', 'n', 'n')",abjenen,abjenen
90L_10NL,3,90L_10NL_3_1,1,1050,"('nɡ', 'nɡ', 'n')",abjenen,abjenen
90L_10NL,3,90L_10NL_3_1,1,1050,"('nɡ', 'nɡ', 'n')",abjenen,abjenen
90L_10NL,3,90L_10NL_3_1,1,1050,"('nɡ', 'nɡ', 'n')",abjenen,abjenen
90L_10NL,3,90L_10NL_3_1,1,1050,"('nɡ', 'nɡ', 'n')",abjenen,abjenen
90L_10NL,3,90L_10NL_3_1,1,1050,"('nɡ', 'nɡ', 'n')",abjenen,abjenen
90L_10NL,3,90L_10NL_3_1,1,728,"('nɡ', 'n', 'n')",abjenen,abjenen
90L_10NL,3,90L_10NL_3_1,1,728,"('nɡ', 'n', 'n')",abjenen,abjenen
90L_10NL,3,90L_10NL_3_1,1,728,"('nɡ', 'n', 'n')",abjenen,abjenen
90L_10NL,3,90L_10NL_3_1,1,728,"('nɡ', 'n', 'n')",abjenen,abjenen
90L_10NL,3,90L_10NL_3_1,1,1050,"('nɡ', 'nɡ', 'n')",abjenen,abjenen
90L_10NL,3,90L_10NL_3_1,1,1050,"('nɡ', 'nɡ', 'n')",abjenen,abjenen
90L_10NL,3,90L_10NL_3_1,1,1050,"('nɡ', 'nɡ', 'n')",abjenen,abjenen
90L_10NL,3,90L_10NL_3_1,1,1050,"('nɡ', 'nɡ', 'n')",abjenen,abjenen
90L_10NL,3,90L_10NL_3_1,1,728,"('nɡ', 'n', 'n')",abjenen,abjenen
90L_10NL,3,90L_10NL_3_1,1,728,"('nɡ', 'n', 'n')",abjenen,abjenen
90L_10NL,3,90L_10NL_3_1,1,728,"('nɡ', 'n', 'n')",abjenen,abjenen
90L_10NL,3,90L_10NL_3_1,1,728,"('nɡ', 'n', 'n')",abjenen,abjenen
90L_10NL,3,90L_10NL_3_1,1,1050,"('nɡ', 'nɡ', 'n')",abjenen,abjenen
90L_10NL,3,90L_10NL_3_1,1,1050,"('nɡ', 'nɡ', 'n')",abjenen,abjenen
90L_10NL,3,90L_10NL_3_1,1,1050,"('nɡ', 'nɡ', 'n')",abjenen,abjenen
90L_10NL,3,90L_10NL_3_1,1,728,"('nɡ', 'n', 'n')",abjenen,abjenen
90L_10NL,3,90L_10NL_3_1,1,728,"('nɡ', 'n', 'n')",abjenen,abjenen
90L_10NL,3,90L_10NL_3_1,1,728,"('nɡ', 'n', 'n')",abjenen,abjenen
90L_10NL,3,90L_10NL_3_1,1,728,"('nɡ', 'n', 'n')",abjenen,abjenen
90L_10NL,3,90L_10NL_3_1,1,1050,"('nɡ', 'nɡ', 'n')",abjenen,abjenen
90L_10NL,3,90L_10NL_3_1,1,1050,"('nɡ', 'nɡ', 'n')",abjenen,abjenen
90L_10NL,3,90L_10NL_3_1,1,728,"('nɡ', 'n', 'n')",abjenen,abjenen
90L_10NL,3,90L_10NL_3_1,1,728,"('nɡ', 'n', 'n')",abjenen,abjenen
90L_10NL,3,90L_10NL_3_1,1,728,"('nɡ', 'n', 'n')",abjenen,abjenen
90L_10NL,3,90L_10NL_3_1,1,728,"('nɡ', 'n', 'n')",abjenen,abjenen
90L_10NL,3,90L_10NL_3_1,1,1050,"('nɡ', 'nɡ', 'n')",abjenen,abjenen
90L_10NL,3,90L_10NL_3_1,1,728,"('nɡ', 'n', 'n')",abjenen,abjenen
90L_10NL,3,90L_10NL_3_1,1,728,"('nɡ', 'n', 'n')",abjenen,abjenen
90L_10NL,3,90L_10NL_3_1,1,728,"('nɡ', 'n', 'n')",abjenen,abjenen
90L_10NL,3,90L_10NL_3_1,1,728,"('nɡ', 'n', 'n')",abjenen,abjenen
90L_10NL,3,90L_10NL_3_1,1,728,"('nɡ', 'n', 'n')",abjenen,abjenen
90L_10NL,3,90L_10NL_3_1,1,728,"('nɡ', 'n', 'n')",abjenen,abjenen
90L_10NL,3,90L_10NL_3_1,1,728,"('nɡ', 'n', 'n')",abjenen,abjenen
90L_10NL,3,90L_10NL_3_1,1,728,"('nɡ', 'n', 'n')",abjenen,abjenen
90L_10NL,3,90L_10NL_3_1,1,300,"('n', 'n', 'n')",abjenen,abjenen
90L_10NL,3,90L_10NL_3_1,1,300,"('n', 'n', 'n')",abjenen,abjenen
90L_10NL,3,90L_10NL_3_1,1,300,"('n', 'n', 'n')",abjenen,abjenen
90L_10NL,3,90L_10NL_3_1,1,300,"('n', 'n', 'n')",abjenen,abjenen
90L_10NL,3,90L_10NL_3_1,1,300,"('n', 'n', 'n')",abjenen,abjenen
90L_10NL,3,90L_10NL_3_1,1,300,"('n', 'n', 'n')",abjenen,abjenen
90L_10NL,3,90L_10NL_3_1,1,1050,"('nɡ', 'nɡ', 'n')",abjenes,abjenes
90L_10NL,3,90L_10NL_3_1,1,1050,"('nɡ', 'nɡ', 'n')",abjenes,abjenes
90L_10NL,3,90L_10NL_3_1,1,1050,"('nɡ', 'nɡ', 'n')",abjenes,abjenes
90L_10NL,3,90L_10NL_3_1,1,1050,"('nɡ', 'nɡ', 'n')",abjenes,abjenes
90L_10NL,3,90L_10NL_3_1,1,1050,"('nɡ', 'nɡ', 'n')",abjenes,abjenes
90L_10NL,3,90L_10NL_3_1,1,1050,"('nɡ', 'nɡ', 'n')",abjenes,abjenes
90L_10NL,3,90L_10NL_3_1,1,728,"('nɡ', 'n', 'n')",abjenes,abjenes
90L_10NL,3,90L_10NL_3_1,1,728,"('nɡ', 'n', 'n')",abjenes,abjenes
90L_10NL,3,90L_10NL_3_1,1,728,"('nɡ', 'n', 'n')",abjenes,abjenes
90L_10NL,3,90L_10NL_3_1,1,728,"('nɡ', 'n', 'n')",abjenes,abjenes
90L_10NL,3,90L_10NL_3_1,1,1050,"('nɡ', 'nɡ', 'n')",abjenes,abjenes
90L_10NL,3,90L_10NL_3_1,1,1050,"('nɡ', 'nɡ', 'n')",abjenes,abjenes
90L_10NL,3,90L_10NL_3_1,1,1050,"('nɡ', 'nɡ', 'n')",abjenes,abjenes
90L_10NL,3,90L_10NL_3_1,1,1050,"('nɡ', 'nɡ', 'n')",abjenes,abjenes
90L_10NL,3,90L_10NL_3_1,1,1050,"('nɡ', 'nɡ', 'n')",abjenes,abjenes
90L_10NL,3,90L_10NL_3_1,1,728,"('nɡ', 'n', 'n')",abjenes,abjenes
90L_10NL,3,90L_10NL_3_1,1,728,"('nɡ', 'n', 'n')",abjenes,abjenes
90L_10NL,3,90L_10NL_3_1,1,728,"('nɡ', 'n', 'n')",abjenes,abjenes
90L_10NL,3,90L_10NL_3_1,1,728,"('nɡ', 'n', 'n')",abjenes,abjenes
90L_10NL,3,90L_10NL_3_1,1,1050,"('nɡ', 'nɡ', 'n')",abjenes,abjenes
90L_10NL,3,90L_10NL_3_1,1,1050,"('nɡ', 'nɡ', 'n')",abjenes,abjenes
90L_10NL,3,90L_10NL_3_1,1,1050,"('nɡ', 'nɡ', 'n')",abjenes,abjenes
90L_10NL,3,90L_10NL_3_1,1,1050,"('nɡ', 'nɡ', 'n')",abjenes,abjenes
90L_10NL,3,90L_10NL_3_1,1,728,"('nɡ', 'n', 'n')",abjenes,abjenes
90L_10NL,3,90L_10NL_3_1,1,728,"('nɡ', 'n', 'n')",abjenes,abjenes
90L_10NL,3,90L_10NL_3_1,1,728,"('nɡ', 'n', 'n')",abjenes,abjenes
90L_10NL,3,90L_10NL_3_1,1,728,"('nɡ', 'n', 'n')",abjenes,abjenes
90L_10NL,3,90L_10NL_3_1,1,1050,"('nɡ', 'nɡ', 'n')",abjenes,abjenes
90L_10NL,3,90L_10NL_3_1,1,1050,"('nɡ', 'nɡ', 'n')",abjenes,abjenes
90L_10NL,3,90L_10NL_3_1,1,1050,"('nɡ', 'nɡ', 'n')",abjenes,abjenes
90L_10NL,3,90L_10NL_3_1,1,728,"('nɡ', 'n', 'n')",abjenes,abjenes
90L_10NL,3,90L_10NL_3_1,1,728,"('nɡ', 'n', 'n')",abjenes,abjenes
90L_10NL,3,90L_10NL_3_1,1,728,"('nɡ', 'n', 'n')",abjenes,abjenes
90L_10NL,3,90L_10NL_3_1,1,728,"('nɡ', 'n', 'n')",abjenes,abjenes
90L_10NL,3,90L_10NL_3_1,1,1050,"('nɡ', 'nɡ', 'n')",abjenes,abjenes
90L_10NL,3,90L_10NL_3_1,1,1050,"('nɡ', 'nɡ', 'n')",abjenes,abjenes
90L_10NL,3,90L_10NL_3_1,1,728,"('nɡ', 'n', 'n')",abjenes,abjenes
90L_10NL,3,90L_10NL_3_1,1,728,"('nɡ', 'n', 'n')",abjenes,abjenes
90L_10NL,3,90L_10NL_3_1,1,728,"('nɡ', 'n', 'n')",abjenes,abjenes
90L_10NL,3,90L_10NL_3_1,1,728,"('nɡ', 'n', 'n')",abjenes,abjenes
90L_10NL,3,90L_10NL_3_1,1,1050,"('nɡ', 'nɡ', 'n')",abjenes,abjenes
90L_10NL,3,90L_10NL_3_1,1,728,"('nɡ', 'n', 'n')",abjenes,abjenes
90L_10NL,3,90L_10NL_3_1,1,728,"('nɡ', 'n', 'n')",abjenes,abjenes
90L_10NL,3,90L_10NL_3_1,1,728,"('nɡ', 'n', 'n')",abjenes,abjenes
90L_10NL,3,90L_10NL_3_1,1,728,"('nɡ', 'n', 'n')",abjenes,abjenes
90L_10NL,3,90L_10NL_3_1,1,728,"('nɡ', 'n', 'n')",abjenes,abjenes
90L_10NL,3,90L_10NL_3_1,1,728,"('nɡ', 'n', 'n')",abjenes,abjenes
90L_10NL,3,90L_10NL_3_1,1,728,"('nɡ', 'n', 'n')",abjenes,abjenes
90L_10NL,3,90L_10NL_3_1,1,728,"('nɡ', 'n', 'n')",abjenes,abjenes
90L_10NL,3,90L_10NL_3_1,0,300,"('n', 'n', 'n')",abenses,abjenes
90L_10NL,3,90L_10NL_3_1,1,300,"('n', 'n', 'n')",abjenes,abjenes
90L_10NL,3,90L_10NL_3_1,1,300,"('n', 'n', 'n')",abjenes,abjenes
90L_10NL,3,90L_10NL_3_1,1,300,"('n', 'n', 'n')",abjenes,abjenes
90L_10NL,3,90L_10NL_3_1,1,300,"('n', 'n', 'n')",abjenes,abjenes
90L_10NL,3,90L_10NL_3_1,1,300,"('n', 'n', 'n')",abjenes,abjenes
90L_10NL,3,90L_10NL_3_1,1,1050,"('nɡ', 'nɡ', 'n')",abjene,abjene
90L_10NL,3,90L_10NL_3_1,1,1050,"('nɡ', 'nɡ', 'n')",abjene,abjene
90L_10NL,3,90L_10NL_3_1,1,1050,"('nɡ', 'nɡ', 'n')",abjene,abjene
90L_10NL,3,90L_10NL_3_1,1,1050,"('nɡ', 'nɡ', 'n')",abjene,abjene
90L_10NL,3,90L_10NL_3_1,1,1050,"('nɡ', 'nɡ', 'n')",abjene,abjene
90L_10NL,3,90L_10NL_3_1,1,1050,"('nɡ', 'nɡ', 'n')",abjene,abjene
90L_10NL,3,90L_10NL_3_1,1,728,"('nɡ', 'n', 'n')",abjene,abjene
90L_10NL,3,90L_10NL_3_1,1,728,"('nɡ', 'n', 'n')",abjene,abjene
90L_10NL,3,90L_10NL_3_1,1,728,"('nɡ', 'n', 'n')",abjene,abjene
90L_10NL,3,90L_10NL_3_1,1,728,"('nɡ', 'n', 'n')",abjene,abjene
90L_10NL,3,90L_10NL_3_1,1,1050,"('nɡ', 'nɡ', 'n')",abjene,abjene
90L_10NL,3,90L_10NL_3_1,1,1050,"('nɡ', 'nɡ', 'n')",abjene,abjene
90L_10NL,3,90L_10NL_3_1,1,1050,"('nɡ', 'nɡ', 'n')",abjene,abjene
90L_10NL,3,90L_10NL_3_1,1,1050,"('nɡ', 'nɡ', 'n')",abjene,abjene
90L_10NL,3,90L_10NL_3_1,1,1050,"('nɡ', 'nɡ', 'n')",abjene,abjene
90L_10NL,3,90L_10NL_3_1,1,728,"('nɡ', 'n', 'n')",abjene,abjene
90L_10NL,3,90L_10NL_3_1,1,728,"('nɡ', 'n', 'n')",abjene,abjene
90L_10NL,3,90L_10NL_3_1,1,728,"('nɡ', 'n', 'n')",abjene,abjene
90L_10NL,3,90L_10NL_3_1,1,728,"('nɡ', 'n', 'n')",abjene,abjene
90L_10NL,3,90L_10NL_3_1,1,1050,"('nɡ', 'nɡ', 'n')",abjene,abjene
90L_10NL,3,90L_10NL_3_1,1,1050,"('nɡ', 'nɡ', 'n')",abjene,abjene
90L_10NL,3,90L_10NL_3_1,1,1050,"('nɡ', 'nɡ', 'n')",abjene,abjene
90L_10NL,3,90L_10NL_3_1,1,1050,"('nɡ', 'nɡ', 'n')",abjene,abjene
90L_10NL,3,90L_10NL_3_1,1,728,"('nɡ', 'n', 'n')",abjene,abjene
90L_10NL,3,90L_10NL_3_1,1,728,"('nɡ', 'n', 'n')",abjene,abjene
90L_10NL,3,90L_10NL_3_1,1,728,"('nɡ', 'n', 'n')",abjene,abjene
90L_10NL,3,90L_10NL_3_1,1,728,"('nɡ', 'n', 'n')",abjene,abjene
90L_10NL,3,90L_10NL_3_1,1,1050,"('nɡ', 'nɡ', 'n')",abjene,abjene
90L_10NL,3,90L_10NL_3_1,1,1050,"('nɡ', 'nɡ', 'n')",abjene,abjene
90L_10NL,3,90L_10NL_3_1,1,1050,"('nɡ', 'nɡ', 'n')",abjene,abjene
90L_10NL,3,90L_10NL_3_1,1,728,"('nɡ', 'n', 'n')",abjene,abjene
90L_10NL,3,90L_10NL_3_1,1,728,"('nɡ', 'n', 'n')",abjene,abjene
90L_10NL,3,90L_10NL_3_1,1,728,"('nɡ', 'n', 'n')",abjene,abjene
90L_10NL,3,90L_10NL_3_1,1,728,"('nɡ', 'n', 'n')",abjene,abjene
90L_10NL,3,90L_10NL_3_1,1,1050,"('nɡ', 'nɡ', 'n')",abjene,abjene
90L_10NL,3,90L_10NL_3_1,1,1050,"('nɡ', 'nɡ', 'n')",abjene,abjene
90L_10NL,3,90L_10NL_3_1,1,728,"('nɡ', 'n', 'n')",abjene,abjene
90L_10NL,3,90L_10NL_3_1,1,728,"('nɡ', 'n', 'n')",abjene,abjene
90L_10NL,3,90L_10NL_3_1,1,728,"('nɡ', 'n', 'n')",abjene,abjene
90L_10NL,3,90L_10NL_3_1,1,728,"('nɡ', 'n', 'n')",abjene,abjene
90L_10NL,3,90L_10NL_3_1,1,1050,"('nɡ', 'nɡ', 'n')",abjene,abjene
90L_10NL,3,90L_10NL_3_1,1,728,"('nɡ', 'n', 'n')",abjene,abjene
90L_10NL,3,90L_10NL_3_1,1,728,"('nɡ', 'n', 'n')",abjene,abjene
90L_10NL,3,90L_10NL_3_1,1,728,"('nɡ', 'n', 'n')",abjene,abjene
90L_10NL,3,90L_10NL_3_1,1,728,"('nɡ', 'n', 'n')",abjene,abjene
90L_10NL,3,90L_10NL_3_1,1,728,"('nɡ', 'n', 'n')",abjene,abjene
90L_10NL,3,90L_10NL_3_1,1,728,"('nɡ', 'n', 'n')",abjene,abjene
90L_10NL,3,90L_10NL_3_1,1,728,"('nɡ', 'n', 'n')",abjene,abjene
90L_10NL,3,90L_10NL_3_1,1,728,"('nɡ', 'n', 'n')",abjene,abjene
90L_10NL,3,90L_10NL_3_1,1,300,"('n', 'n', 'n')",abjene,abjene
90L_10NL,3,90L_10NL_3_1,1,300,"('n', 'n', 'n')",abjene,abjene
90L_10NL,3,90L_10NL_3_1,1,300,"('n', 'n', 'n')",abjene,abjene
90L_10NL,3,90L_10NL_3_1,1,300,"('n', 'n', 'n')",abjene,abjene
90L_10NL,3,90L_10NL_3_1,1,300,"('n', 'n', 'n')",abjene,abjene
90L_10NL,3,90L_10NL_3_1,0,300,"('n', 'n', 'n')",abene,abjene
90L_10NL,3,90L_10NL_3_1,0,1085,"('s', 's', 's')",eneɡɾesejs,enneɡɾesejs
90L_10NL,3,90L_10NL_3_1,0,1085,"('s', 's', 's')",eneɡɾesejs,enneɡɾesejs
90L_10NL,3,90L_10NL_3_1,0,1085,"('s', 's', 's')",eneɡɾesejs,enneɡɾesejs
90L_10NL,3,90L_10NL_3_1,0,3500,"('s', 'sk', 's')",eneɡɾesejs,enneɡɾesejs
90L_10NL,3,90L_10NL_3_1,0,3500,"('s', 'sk', 's')",eneɡɾesejs,enneɡɾesejs
90L_10NL,3,90L_10NL_3_1,0,3500,"('s', 'sk', 's')",eneɡɾesejs,enneɡɾesejs
90L_10NL,3,90L_10NL_3_1,0,3500,"('s', 'sk', 's')",eneɡɾesejs,enneɡɾesejs
90L_10NL,3,90L_10NL_3_1,0,3500,"('s', 'sk', 's')",eneɡɾesejs,enneɡɾesejs
90L_10NL,3,90L_10NL_3_1,0,3500,"('s', 'sk', 's')",eneɡɾesejs,enneɡɾesejs
90L_10NL,3,90L_10NL_3_1,0,3500,"('s', 'sk', 's')",eneɡɾesejs,enneɡɾesejs
90L_10NL,3,90L_10NL_3_1,0,1085,"('s', 's', 's')",eneɡɾesejs,enneɡɾesejs
90L_10NL,3,90L_10NL_3_1,0,1085,"('s', 's', 's')",eneɡɾesejs,enneɡɾesejs
90L_10NL,3,90L_10NL_3_1,0,3500,"('s', 'sk', 's')",eneɡɾesejs,enneɡɾesejs
90L_10NL,3,90L_10NL_3_1,0,3500,"('s', 'sk', 's')",eneɡɾesejs,enneɡɾesejs
90L_10NL,3,90L_10NL_3_1,0,3500,"('s', 'sk', 's')",eneɡɾesejs,enneɡɾesejs
90L_10NL,3,90L_10NL_3_1,0,3500,"('s', 'sk', 's')",eneɡɾesejs,enneɡɾesejs
90L_10NL,3,90L_10NL_3_1,0,3500,"('s', 'sk', 's')",eneɡɾesejs,enneɡɾesejs
90L_10NL,3,90L_10NL_3_1,0,3500,"('s', 'sk', 's')",eneɡɾesejs,enneɡɾesejs
90L_10NL,3,90L_10NL_3_1,0,3500,"('s', 'sk', 's')",eneɡɾesejs,enneɡɾesejs
90L_10NL,3,90L_10NL_3_1,0,1085,"('s', 's', 's')",eneɡɾesejs,enneɡɾesejs
90L_10NL,3,90L_10NL_3_1,0,3500,"('s', 'sk', 's')",eneɡɾesejs,enneɡɾesejs
90L_10NL,3,90L_10NL_3_1,0,3500,"('s', 'sk', 's')",eneɡɾesejs,enneɡɾesejs
90L_10NL,3,90L_10NL_3_1,0,3500,"('s', 'sk', 's')",eneɡɾesejs,enneɡɾesejs
90L_10NL,3,90L_10NL_3_1,0,3500,"('s', 'sk', 's')",eneɡɾesejs,enneɡɾesejs
90L_10NL,3,90L_10NL_3_1,0,3500,"('s', 'sk', 's')",eneɡɾesejs,enneɡɾesejs
90L_10NL,3,90L_10NL_3_1,0,3500,"('s', 'sk', 's')",eneɡɾesejs,enneɡɾesejs
90L_10NL,3,90L_10NL_3_1,0,3500,"('s', 'sk', 's')",eneɡɾesejs,enneɡɾesejs
90L_10NL,3,90L_10NL_3_1,0,3500,"('s', 'sk', 's')",eneɡɾesejs,enneɡɾesejs
90L_10NL,3,90L_10NL_3_1,0,3500,"('s', 'sk', 's')",eneɡɾesejs,enneɡɾesejs
90L_10NL,3,90L_10NL_3_1,0,3500,"('s', 'sk', 's')",eneɡɾesejs,enneɡɾesejs
90L_10NL,3,90L_10NL_3_1,0,3500,"('s', 'sk', 's')",eneɡɾesejs,enneɡɾesejs
90L_10NL,3,90L_10NL_3_1,0,3500,"('s', 'sk', 's')",eneɡɾesejs,enneɡɾesejs
90L_10NL,3,90L_10NL_3_1,0,3500,"('s', 'sk', 's')",eneɡɾesejs,enneɡɾesejs
90L_10NL,3,90L_10NL_3_1,0,3500,"('s', 'sk', 's')",eneɡɾesejs,enneɡɾesejs
90L_10NL,3,90L_10NL_3_1,0,2625,"('sk', 'sk', 's')",eneɡɾesejs,enneɡɾesejs
90L_10NL,3,90L_10NL_3_1,0,2625,"('sk', 'sk', 's')",eneɡɾesejs,enneɡɾesejs
90L_10NL,3,90L_10NL_3_1,0,2625,"('sk', 'sk', 's')",eneɡɾesejs,enneɡɾesejs
90L_10NL,3,90L_10NL_3_1,0,2625,"('sk', 'sk', 's')",eneɡɾesejs,enneɡɾesejs
90L_10NL,3,90L_10NL_3_1,0,2625,"('sk', 'sk', 's')",eneɡɾesejs,enneɡɾesejs
90L_10NL,3,90L_10NL_3_1,0,2625,"('sk', 'sk', 's')",eneɡɾesejs,enneɡɾesejs
90L_10NL,3,90L_10NL_3_1,0,2625,"('sk', 'sk', 's')",eneɡɾesejs,enneɡɾesejs
90L_10NL,3,90L_10NL_3_1,0,2625,"('sk', 'sk', 's')",eneɡɾesejs,enneɡɾesejs
90L_10NL,3,90L_10NL_3_1,0,2625,"('sk', 'sk', 's')",eneɡɾesejs,enneɡɾesejs
90L_10NL,3,90L_10NL_3_1,0,2625,"('sk', 'sk', 's')",eneɡɾesejs,enneɡɾesejs
90L_10NL,3,90L_10NL_3_1,0,2625,"('sk', 'sk', 's')",eneɡɾesejs,enneɡɾesejs
90L_10NL,3,90L_10NL_3_1,0,2625,"('sk', 'sk', 's')",eneɡɾesejs,enneɡɾesejs
90L_10NL,3,90L_10NL_3_1,0,2625,"('sk', 'sk', 's')",eneɡɾesejs,enneɡɾesejs
90L_10NL,3,90L_10NL_3_1,0,2625,"('sk', 'sk', 's')",eneɡɾesejs,enneɡɾesejs
90L_10NL,3,90L_10NL_3_1,0,2625,"('sk', 'sk', 's')",eneɡɾesejs,enneɡɾesejs
90L_10NL,3,90L_10NL_3_1,0,2625,"('sk', 'sk', 's')",eneɡɾesejs,enneɡɾesejs
90L_10NL,3,90L_10NL_3_1,0,2625,"('sk', 'sk', 's')",eneɡɾesejs,enneɡɾesejs
90L_10NL,3,90L_10NL_3_1,0,2625,"('sk', 'sk', 's')",eneɡɾesejs,enneɡɾesejs
90L_10NL,3,90L_10NL_3_1,0,2625,"('sk', 'sk', 's')",eneɡɾesejs,enneɡɾesejs
90L_10NL,3,90L_10NL_3_1,0,2625,"('sk', 'sk', 's')",eneɡɾesejs,enneɡɾesejs
90L_10NL,3,90L_10NL_3_1,0,2625,"('sk', 'sk', 's')",eneɡɾesejs,enneɡɾesejs
90L_10NL,3,90L_10NL_3_1,0,1085,"('s', 's', 's')",eneɡɾesemos,enneɡɾesemos
90L_10NL,3,90L_10NL_3_1,0,1085,"('s', 's', 's')",eneɡɾesemos,enneɡɾesemos
90L_10NL,3,90L_10NL_3_1,0,1085,"('s', 's', 's')",eneɡɾesemos,enneɡɾesemos
90L_10NL,3,90L_10NL_3_1,0,3500,"('s', 'sk', 's')",eneɡɾesemos,enneɡɾesemos
90L_10NL,3,90L_10NL_3_1,0,3500,"('s', 'sk', 's')",eneɡɾesemos,enneɡɾesemos
90L_10NL,3,90L_10NL_3_1,0,3500,"('s', 'sk', 's')",eneɡɾesemos,enneɡɾesemos
90L_10NL,3,90L_10NL_3_1,0,3500,"('s', 'sk', 's')",eneɡɾesemos,enneɡɾesemos
90L_10NL,3,90L_10NL_3_1,0,3500,"('s', 'sk', 's')",eneɡɾesemos,enneɡɾesemos
90L_10NL,3,90L_10NL_3_1,0,3500,"('s', 'sk', 's')",eneɡɾesemos,enneɡɾesemos
90L_10NL,3,90L_10NL_3_1,0,3500,"('s', 'sk', 's')",eneɡɾesemos,enneɡɾesemos
90L_10NL,3,90L_10NL_3_1,0,1085,"('s', 's', 's')",eneɡɾesemos,enneɡɾesemos
90L_10NL,3,90L_10NL_3_1,0,1085,"('s', 's', 's')",eneɡɾesemos,enneɡɾesemos
90L_10NL,3,90L_10NL_3_1,0,3500,"('s', 'sk', 's')",eneɡɾesemos,enneɡɾesemos
90L_10NL,3,90L_10NL_3_1,0,3500,"('s', 'sk', 's')",eneɡɾesemos,enneɡɾesemos
90L_10NL,3,90L_10NL_3_1,0,3500,"('s', 'sk', 's')",eneɡɾesemos,enneɡɾesemos
90L_10NL,3,90L_10NL_3_1,0,3500,"('s', 'sk', 's')",eneɡɾesemos,enneɡɾesemos
90L_10NL,3,90L_10NL_3_1,0,3500,"('s', 'sk', 's')",eneɡɾesemos,enneɡɾesemos
90L_10NL,3,90L_10NL_3_1,0,3500,"('s', 'sk', 's')",eneɡɾesemos,enneɡɾesemos
90L_10NL,3,90L_10NL_3_1,0,3500,"('s', 'sk', 's')",eneɡɾesemos,enneɡɾesemos
90L_10NL,3,90L_10NL_3_1,0,1085,"('s', 's', 's')",eneɡɾesemos,enneɡɾesemos
90L_10NL,3,90L_10NL_3_1,0,3500,"('s', 'sk', 's')",eneɡɾesemos,enneɡɾesemos
90L_10NL,3,90L_10NL_3_1,0,3500,"('s', 'sk', 's')",eneɡɾesemos,enneɡɾesemos
90L_10NL,3,90L_10NL_3_1,0,3500,"('s', 'sk', 's')",eneɡɾesemos,enneɡɾesemos
90L_10NL,3,90L_10NL_3_1,0,3500,"('s', 'sk', 's')",eneɡɾesemos,enneɡɾesemos
90L_10NL,3,90L_10NL_3_1,0,3500,"('s', 'sk', 's')",eneɡɾesemos,enneɡɾesemos
90L_10NL,3,90L_10NL_3_1,0,3500,"('s', 'sk', 's')",eneɡɾesemos,enneɡɾesemos
90L_10NL,3,90L_10NL_3_1,0,3500,"('s', 'sk', 's')",eneɡɾesemos,enneɡɾesemos
90L_10NL,3,90L_10NL_3_1,0,3500,"('s', 'sk', 's')",eneɡɾesemos,enneɡɾesemos
90L_10NL,3,90L_10NL_3_1,0,3500,"('s', 'sk', 's')",eneɡɾesemos,enneɡɾesemos
90L_10NL,3,90L_10NL_3_1,0,3500,"('s', 'sk', 's')",eneɡɾesemos,enneɡɾesemos
90L_10NL,3,90L_10NL_3_1,0,3500,"('s', 'sk', 's')",eneɡɾesemos,enneɡɾesemos
90L_10NL,3,90L_10NL_3_1,0,3500,"('s', 'sk', 's')",eneɡɾesemos,enneɡɾesemos
90L_10NL,3,90L_10NL_3_1,0,3500,"('s', 'sk', 's')",eneɡɾesemos,enneɡɾesemos
90L_10NL,3,90L_10NL_3_1,0,3500,"('s', 'sk', 's')",eneɡɾesemos,enneɡɾesemos
90L_10NL,3,90L_10NL_3_1,0,2625,"('sk', 'sk', 's')",eneɡɾesemos,enneɡɾesemos
90L_10NL,3,90L_10NL_3_1,0,2625,"('sk', 'sk', 's')",eneɡɾesemos,enneɡɾesemos
90L_10NL,3,90L_10NL_3_1,0,2625,"('sk', 'sk', 's')",eneɡɾesemos,enneɡɾesemos
90L_10NL,3,90L_10NL_3_1,0,2625,"('sk', 'sk', 's')",eneɡɾesemos,enneɡɾesemos
90L_10NL,3,90L_10NL_3_1,0,2625,"('sk', 'sk', 's')",eneɡɾesemos,enneɡɾesemos
90L_10NL,3,90L_10NL_3_1,0,2625,"('sk', 'sk', 's')",eneɡɾesemos,enneɡɾesemos
90L_10NL,3,90L_10NL_3_1,0,2625,"('sk', 'sk', 's')",eneɡɾesemos,enneɡɾesemos
90L_10NL,3,90L_10NL_3_1,0,2625,"('sk', 'sk', 's')",eneɡɾesemos,enneɡɾesemos
90L_10NL,3,90L_10NL_3_1,0,2625,"('sk', 'sk', 's')",eneɡɾesemos,enneɡɾesemos
90L_10NL,3,90L_10NL_3_1,0,2625,"('sk', 'sk', 's')",eneɡɾesemos,enneɡɾesemos
90L_10NL,3,90L_10NL_3_1,0,2625,"('sk', 'sk', 's')",eneɡɾesemos,enneɡɾesemos
90L_10NL,3,90L_10NL_3_1,0,2625,"('sk', 'sk', 's')",eneɡɾesemos,enneɡɾesemos
90L_10NL,3,90L_10NL_3_1,0,2625,"('sk', 'sk', 's')",eneɡɾesemos,enneɡɾesemos
90L_10NL,3,90L_10NL_3_1,0,2625,"('sk', 'sk', 's')",eneɡɾesemos,enneɡɾesemos
90L_10NL,3,90L_10NL_3_1,0,2625,"('sk', 'sk', 's')",eneɡɾesemos,enneɡɾesemos
90L_10NL,3,90L_10NL_3_1,0,2625,"('sk', 'sk', 's')",eneɡɾesemos,enneɡɾesemos
90L_10NL,3,90L_10NL_3_1,0,2625,"('sk', 'sk', 's')",eneɡɾesemos,enneɡɾesemos
90L_10NL,3,90L_10NL_3_1,0,2625,"('sk', 'sk', 's')",eneɡɾesemos,enneɡɾesemos
90L_10NL,3,90L_10NL_3_1,0,2625,"('sk', 'sk', 's')",eneɡɾesemos,enneɡɾesemos
90L_10NL,3,90L_10NL_3_1,0,2625,"('sk', 'sk', 's')",eneɡɾesemos,enneɡɾesemos
90L_10NL,3,90L_10NL_3_1,0,2625,"('sk', 'sk', 's')",eneɡɾesemos,enneɡɾesemos
90L_10NL,3,90L_10NL_3_1,0,1085,"('s', 's', 's')",eneɡɾesen,enneɡɾesen
90L_10NL,3,90L_10NL_3_1,0,1085,"('s', 's', 's')",eneɡɾesen,enneɡɾesen
90L_10NL,3,90L_10NL_3_1,0,1085,"('s', 's', 's')",eneɡɾesen,enneɡɾesen
90L_10NL,3,90L_10NL_3_1,0,3500,"('s', 'sk', 's')",eneɡɾesen,enneɡɾesen
90L_10NL,3,90L_10NL_3_1,0,3500,"('s', 'sk', 's')",eneɡɾesen,enneɡɾesen
90L_10NL,3,90L_10NL_3_1,0,3500,"('s', 'sk', 's')",eneɡɾesen,enneɡɾesen
90L_10NL,3,90L_10NL_3_1,0,3500,"('s', 'sk', 's')",eneɡɾesen,enneɡɾesen
90L_10NL,3,90L_10NL_3_1,0,3500,"('s', 'sk', 's')",eneɡɾesen,enneɡɾesen
90L_10NL,3,90L_10NL_3_1,0,3500,"('s', 'sk', 's')",eneɡɾesen,enneɡɾesen
90L_10NL,3,90L_10NL_3_1,0,3500,"('s', 'sk', 's')",eneɡɾesen,enneɡɾesen
90L_10NL,3,90L_10NL_3_1,0,1085,"('s', 's', 's')",eneɡɾesen,enneɡɾesen
90L_10NL,3,90L_10NL_3_1,0,1085,"('s', 's', 's')",eneɡɾesen,enneɡɾesen
90L_10NL,3,90L_10NL_3_1,0,3500,"('s', 'sk', 's')",eneɡɾesen,enneɡɾesen
90L_10NL,3,90L_10NL_3_1,0,3500,"('s', 'sk', 's')",eneɡɾesen,enneɡɾesen
90L_10NL,3,90L_10NL_3_1,0,3500,"('s', 'sk', 's')",eneɡɾesen,enneɡɾesen
90L_10NL,3,90L_10NL_3_1,0,3500,"('s', 'sk', 's')",eneɡɾesen,enneɡɾesen
90L_10NL,3,90L_10NL_3_1,0,3500,"('s', 'sk', 's')",eneɡɾesen,enneɡɾesen
90L_10NL,3,90L_10NL_3_1,0,3500,"('s', 'sk', 's')",eneɡɾesen,enneɡɾesen
90L_10NL,3,90L_10NL_3_1,0,3500,"('s', 'sk', 's')",eneɡɾesen,enneɡɾesen
90L_10NL,3,90L_10NL_3_1,0,1085,"('s', 's', 's')",eneɡɾesen,enneɡɾesen
90L_10NL,3,90L_10NL_3_1,0,3500,"('s', 'sk', 's')",eneɡɾesen,enneɡɾesen
90L_10NL,3,90L_10NL_3_1,0,3500,"('s', 'sk', 's')",eneɡɾesen,enneɡɾesen
90L_10NL,3,90L_10NL_3_1,0,3500,"('s', 'sk', 's')",eneɡɾesen,enneɡɾesen
90L_10NL,3,90L_10NL_3_1,0,3500,"('s', 'sk', 's')",eneɡɾesen,enneɡɾesen
90L_10NL,3,90L_10NL_3_1,0,3500,"('s', 'sk', 's')",eneɡɾesen,enneɡɾesen
90L_10NL,3,90L_10NL_3_1,0,3500,"('s', 'sk', 's')",eneɡɾesen,enneɡɾesen
90L_10NL,3,90L_10NL_3_1,0,3500,"('s', 'sk', 's')",eneɡɾesen,enneɡɾesen
90L_10NL,3,90L_10NL_3_1,0,3500,"('s', 'sk', 's')",eneɡɾesen,enneɡɾesen
90L_10NL,3,90L_10NL_3_1,0,3500,"('s', 'sk', 's')",eneɡɾesen,enneɡɾesen
90L_10NL,3,90L_10NL_3_1,0,3500,"('s', 'sk', 's')",eneɡɾesen,enneɡɾesen
90L_10NL,3,90L_10NL_3_1,0,3500,"('s', 'sk', 's')",eneɡɾesen,enneɡɾesen
90L_10NL,3,90L_10NL_3_1,0,3500,"('s', 'sk', 's')",eneɡɾesen,enneɡɾesen
90L_10NL,3,90L_10NL_3_1,0,3500,"('s', 'sk', 's')",eneɡɾesen,enneɡɾesen
90L_10NL,3,90L_10NL_3_1,0,3500,"('s', 'sk', 's')",eneɡɾesen,enneɡɾesen
90L_10NL,3,90L_10NL_3_1,0,2625,"('sk', 'sk', 's')",eneɡɾesen,enneɡɾesen
90L_10NL,3,90L_10NL_3_1,0,2625,"('sk', 'sk', 's')",eneɡɾesen,enneɡɾesen
90L_10NL,3,90L_10NL_3_1,0,2625,"('sk', 'sk', 's')",eneɡɾesen,enneɡɾesen
90L_10NL,3,90L_10NL_3_1,0,2625,"('sk', 'sk', 's')",eneɡɾesen,enneɡɾesen
90L_10NL,3,90L_10NL_3_1,0,2625,"('sk', 'sk', 's')",eneɡɾesen,enneɡɾesen
90L_10NL,3,90L_10NL_3_1,0,2625,"('sk', 'sk', 's')",eneɡɾesen,enneɡɾesen
90L_10NL,3,90L_10NL_3_1,0,2625,"('sk', 'sk', 's')",eneɡɾesen,enneɡɾesen
90L_10NL,3,90L_10NL_3_1,0,2625,"('sk', 'sk', 's')",eneɡɾesen,enneɡɾesen
90L_10NL,3,90L_10NL_3_1,0,2625,"('sk', 'sk', 's')",eneɡɾesen,enneɡɾesen
90L_10NL,3,90L_10NL_3_1,0,2625,"('sk', 'sk', 's')",eneɡɾesen,enneɡɾesen
90L_10NL,3,90L_10NL_3_1,0,2625,"('sk', 'sk', 's')",eneɡɾesen,enneɡɾesen
90L_10NL,3,90L_10NL_3_1,0,2625,"('sk', 'sk', 's')",eneɡɾesen,enneɡɾesen
90L_10NL,3,90L_10NL_3_1,0,2625,"('sk', 'sk', 's')",eneɡɾesen,enneɡɾesen
90L_10NL,3,90L_10NL_3_1,0,2625,"('sk', 'sk', 's')",eneɡɾesen,enneɡɾesen
90L_10NL,3,90L_10NL_3_1,0,2625,"('sk', 'sk', 's')",eneɡɾesen,enneɡɾesen
90L_10NL,3,90L_10NL_3_1,0,2625,"('sk', 'sk', 's')",eneɡɾesen,enneɡɾesen
90L_10NL,3,90L_10NL_3_1,0,2625,"('sk', 'sk', 's')",eneɡɾesen,enneɡɾesen
90L_10NL,3,90L_10NL_3_1,0,2625,"('sk', 'sk', 's')",eneɡɾesen,enneɡɾesen
90L_10NL,3,90L_10NL_3_1,0,2625,"('sk', 'sk', 's')",eneɡɾesen,enneɡɾesen
90L_10NL,3,90L_10NL_3_1,0,2625,"('sk', 'sk', 's')",eneɡɾesen,enneɡɾesen
90L_10NL,3,90L_10NL_3_1,0,2625,"('sk', 'sk', 's')",eneɡɾesen,enneɡɾesen
90L_10NL,3,90L_10NL_3_1,0,1085,"('s', 's', 's')",eneɡɾeses,enneɡɾeses
90L_10NL,3,90L_10NL_3_1,0,1085,"('s', 's', 's')",eneɡɾeses,enneɡɾeses
90L_10NL,3,90L_10NL_3_1,0,1085,"('s', 's', 's')",eneɡɾeses,enneɡɾeses
90L_10NL,3,90L_10NL_3_1,0,3500,"('s', 'sk', 's')",eneɡɾeses,enneɡɾeses
90L_10NL,3,90L_10NL_3_1,0,3500,"('s', 'sk', 's')",eneɡɾeses,enneɡɾeses
90L_10NL,3,90L_10NL_3_1,0,3500,"('s', 'sk', 's')",eneɡɾeses,enneɡɾeses
90L_10NL,3,90L_10NL_3_1,0,3500,"('s', 'sk', 's')",eneɡɾeses,enneɡɾeses
90L_10NL,3,90L_10NL_3_1,0,3500,"('s', 'sk', 's')",eneɡɾeses,enneɡɾeses
90L_10NL,3,90L_10NL_3_1,0,3500,"('s', 'sk', 's')",eneɡɾeses,enneɡɾeses
90L_10NL,3,90L_10NL_3_1,0,3500,"('s', 'sk', 's')",eneɡɾeses,enneɡɾeses
90L_10NL,3,90L_10NL_3_1,0,1085,"('s', 's', 's')",eneɡɾeses,enneɡɾeses
90L_10NL,3,90L_10NL_3_1,0,1085,"('s', 's', 's')",eneɡɾeses,enneɡɾeses
90L_10NL,3,90L_10NL_3_1,0,3500,"('s', 'sk', 's')",eneɡɾeses,enneɡɾeses
90L_10NL,3,90L_10NL_3_1,0,3500,"('s', 'sk', 's')",eneɡɾeses,enneɡɾeses
90L_10NL,3,90L_10NL_3_1,0,3500,"('s', 'sk', 's')",eneɡɾeses,enneɡɾeses
90L_10NL,3,90L_10NL_3_1,0,3500,"('s', 'sk', 's')",eneɡɾeses,enneɡɾeses
90L_10NL,3,90L_10NL_3_1,0,3500,"('s', 'sk', 's')",eneɡɾeses,enneɡɾeses
90L_10NL,3,90L_10NL_3_1,0,3500,"('s', 'sk', 's')",eneɡɾeses,enneɡɾeses
90L_10NL,3,90L_10NL_3_1,0,3500,"('s', 'sk', 's')",eneɡɾeses,enneɡɾeses
90L_10NL,3,90L_10NL_3_1,0,1085,"('s', 's', 's')",eneɡɾeses,enneɡɾeses
90L_10NL,3,90L_10NL_3_1,0,3500,"('s', 'sk', 's')",eneɡɾeses,enneɡɾeses
90L_10NL,3,90L_10NL_3_1,0,3500,"('s', 'sk', 's')",eneɡɾeses,enneɡɾeses
90L_10NL,3,90L_10NL_3_1,0,3500,"('s', 'sk', 's')",eneɡɾeses,enneɡɾeses
90L_10NL,3,90L_10NL_3_1,0,3500,"('s', 'sk', 's')",eneɡɾeses,enneɡɾeses
90L_10NL,3,90L_10NL_3_1,0,3500,"('s', 'sk', 's')",eneɡɾeses,enneɡɾeses
90L_10NL,3,90L_10NL_3_1,0,3500,"('s', 'sk', 's')",eneɡɾeses,enneɡɾeses
90L_10NL,3,90L_10NL_3_1,0,3500,"('s', 'sk', 's')",eneɡɾeses,enneɡɾeses
90L_10NL,3,90L_10NL_3_1,0,3500,"('s', 'sk', 's')",eneɡɾeses,enneɡɾeses
90L_10NL,3,90L_10NL_3_1,0,3500,"('s', 'sk', 's')",eneɡɾeses,enneɡɾeses
90L_10NL,3,90L_10NL_3_1,0,3500,"('s', 'sk', 's')",eneɡɾeses,enneɡɾeses
90L_10NL,3,90L_10NL_3_1,0,3500,"('s', 'sk', 's')",eneɡɾeses,enneɡɾeses
90L_10NL,3,90L_10NL_3_1,0,3500,"('s', 'sk', 's')",eneɡɾeses,enneɡɾeses
90L_10NL,3,90L_10NL_3_1,0,3500,"('s', 'sk', 's')",eneɡɾeses,enneɡɾeses
90L_10NL,3,90L_10NL_3_1,0,3500,"('s', 'sk', 's')",eneɡɾeses,enneɡɾeses
90L_10NL,3,90L_10NL_3_1,0,2625,"('sk', 'sk', 's')",eneɡɾeses,enneɡɾeses
90L_10NL,3,90L_10NL_3_1,0,2625,"('sk', 'sk', 's')",eneɡɾeses,enneɡɾeses
90L_10NL,3,90L_10NL_3_1,0,2625,"('sk', 'sk', 's')",eneɡɾeses,enneɡɾeses
90L_10NL,3,90L_10NL_3_1,0,2625,"('sk', 'sk', 's')",eneɡɾeses,enneɡɾeses
90L_10NL,3,90L_10NL_3_1,0,2625,"('sk', 'sk', 's')",eneɡɾeses,enneɡɾeses
90L_10NL,3,90L_10NL_3_1,0,2625,"('sk', 'sk', 's')",eneɡɾeses,enneɡɾeses
90L_10NL,3,90L_10NL_3_1,0,2625,"('sk', 'sk', 's')",eneɡɾeses,enneɡɾeses
90L_10NL,3,90L_10NL_3_1,0,2625,"('sk', 'sk', 's')",eneɡɾeses,enneɡɾeses
90L_10NL,3,90L_10NL_3_1,0,2625,"('sk', 'sk', 's')",eneɡɾeses,enneɡɾeses
90L_10NL,3,90L_10NL_3_1,0,2625,"('sk', 'sk', 's')",eneɡɾeses,enneɡɾeses
90L_10NL,3,90L_10NL_3_1,0,2625,"('sk', 'sk', 's')",eneɡɾeses,enneɡɾeses
90L_10NL,3,90L_10NL_3_1,0,2625,"('sk', 'sk', 's')",eneɡɾeses,enneɡɾeses
90L_10NL,3,90L_10NL_3_1,0,2625,"('sk', 'sk', 's')",eneɡɾeses,enneɡɾeses
90L_10NL,3,90L_10NL_3_1,0,2625,"('sk', 'sk', 's')",eneɡɾeses,enneɡɾeses
90L_10NL,3,90L_10NL_3_1,0,2625,"('sk', 'sk', 's')",eneɡɾeses,enneɡɾeses
90L_10NL,3,90L_10NL_3_1,0,2625,"('sk', 'sk', 's')",eneɡɾeses,enneɡɾeses
90L_10NL,3,90L_10NL_3_1,0,2625,"('sk', 'sk', 's')",eneɡɾeses,enneɡɾeses
90L_10NL,3,90L_10NL_3_1,0,2625,"('sk', 'sk', 's')",eneɡɾeses,enneɡɾeses
90L_10NL,3,90L_10NL_3_1,0,2625,"('sk', 'sk', 's')",eneɡɾeses,enneɡɾeses
90L_10NL,3,90L_10NL_3_1,0,2625,"('sk', 'sk', 's')",eneɡɾeses,enneɡɾeses
90L_10NL,3,90L_10NL_3_1,0,2625,"('sk', 'sk', 's')",eneɡɾeses,enneɡɾeses
90L_10NL,3,90L_10NL_3_1,0,1085,"('s', 's', 's')",eneɡɾese,enneɡɾese
90L_10NL,3,90L_10NL_3_1,0,1085,"('s', 's', 's')",eneɡɾese,enneɡɾese
90L_10NL,3,90L_10NL_3_1,0,1085,"('s', 's', 's')",eneɡɾese,enneɡɾese
90L_10NL,3,90L_10NL_3_1,0,3500,"('s', 'sk', 's')",eneɡɾese,enneɡɾese
90L_10NL,3,90L_10NL_3_1,0,3500,"('s', 'sk', 's')",eneɡɾese,enneɡɾese
90L_10NL,3,90L_10NL_3_1,0,3500,"('s', 'sk', 's')",eneɡɾese,enneɡɾese
90L_10NL,3,90L_10NL_3_1,0,3500,"('s', 'sk', 's')",eneɡɾese,enneɡɾese
90L_10NL,3,90L_10NL_3_1,0,3500,"('s', 'sk', 's')",eneɡɾese,enneɡɾese
90L_10NL,3,90L_10NL_3_1,0,3500,"('s', 'sk', 's')",eneɡɾese,enneɡɾese
90L_10NL,3,90L_10NL_3_1,0,3500,"('s', 'sk', 's')",eneɡɾese,enneɡɾese
90L_10NL,3,90L_10NL_3_1,0,1085,"('s', 's', 's')",eneɡɾese,enneɡɾese
90L_10NL,3,90L_10NL_3_1,0,1085,"('s', 's', 's')",eneɡɾese,enneɡɾese
90L_10NL,3,90L_10NL_3_1,0,3500,"('s', 'sk', 's')",eneɡɾese,enneɡɾese
90L_10NL,3,90L_10NL_3_1,0,3500,"('s', 'sk', 's')",eneɡɾese,enneɡɾese
90L_10NL,3,90L_10NL_3_1,0,3500,"('s', 'sk', 's')",eneɡɾese,enneɡɾese
90L_10NL,3,90L_10NL_3_1,0,3500,"('s', 'sk', 's')",eneɡɾese,enneɡɾese
90L_10NL,3,90L_10NL_3_1,0,3500,"('s', 'sk', 's')",eneɡɾese,enneɡɾese
90L_10NL,3,90L_10NL_3_1,0,3500,"('s', 'sk', 's')",eneɡɾese,enneɡɾese
90L_10NL,3,90L_10NL_3_1,0,3500,"('s', 'sk', 's')",eneɡɾese,enneɡɾese
90L_10NL,3,90L_10NL_3_1,0,1085,"('s', 's', 's')",eneɡɾese,enneɡɾese
90L_10NL,3,90L_10NL_3_1,0,3500,"('s', 'sk', 's')",eneɡɾese,enneɡɾese
90L_10NL,3,90L_10NL_3_1,0,3500,"('s', 'sk', 's')",eneɡɾese,enneɡɾese
90L_10NL,3,90L_10NL_3_1,0,3500,"('s', 'sk', 's')",eneɡɾese,enneɡɾese
90L_10NL,3,90L_10NL_3_1,0,3500,"('s', 'sk', 's')",eneɡɾese,enneɡɾese
90L_10NL,3,90L_10NL_3_1,0,3500,"('s', 'sk', 's')",eneɡɾese,enneɡɾese
90L_10NL,3,90L_10NL_3_1,0,3500,"('s', 'sk', 's')",eneɡɾese,enneɡɾese
90L_10NL,3,90L_10NL_3_1,0,3500,"('s', 'sk', 's')",eneɡɾese,enneɡɾese
90L_10NL,3,90L_10NL_3_1,0,3500,"('s', 'sk', 's')",eneɡɾese,enneɡɾese
90L_10NL,3,90L_10NL_3_1,0,3500,"('s', 'sk', 's')",eneɡɾese,enneɡɾese
90L_10NL,3,90L_10NL_3_1,0,3500,"('s', 'sk', 's')",eneɡɾese,enneɡɾese
90L_10NL,3,90L_10NL_3_1,0,3500,"('s', 'sk', 's')",eneɡɾese,enneɡɾese
90L_10NL,3,90L_10NL_3_1,0,3500,"('s', 'sk', 's')",eneɡɾese,enneɡɾese
90L_10NL,3,90L_10NL_3_1,0,3500,"('s', 'sk', 's')",eneɡɾese,enneɡɾese
90L_10NL,3,90L_10NL_3_1,0,3500,"('s', 'sk', 's')",eneɡɾese,enneɡɾese
90L_10NL,3,90L_10NL_3_1,0,2625,"('sk', 'sk', 's')",eneɡɾese,enneɡɾese
90L_10NL,3,90L_10NL_3_1,0,2625,"('sk', 'sk', 's')",eneɡɾese,enneɡɾese
90L_10NL,3,90L_10NL_3_1,0,2625,"('sk', 'sk', 's')",eneɡɾese,enneɡɾese
90L_10NL,3,90L_10NL_3_1,0,2625,"('sk', 'sk', 's')",eneɡɾese,enneɡɾese
90L_10NL,3,90L_10NL_3_1,0,2625,"('sk', 'sk', 's')",eneɡɾese,enneɡɾese
90L_10NL,3,90L_10NL_3_1,0,2625,"('sk', 'sk', 's')",eneɡɾese,enneɡɾese
90L_10NL,3,90L_10NL_3_1,0,2625,"('sk', 'sk', 's')",eneɡɾese,enneɡɾese
90L_10NL,3,90L_10NL_3_1,0,2625,"('sk', 'sk', 's')",eneɡɾese,enneɡɾese
90L_10NL,3,90L_10NL_3_1,0,2625,"('sk', 'sk', 's')",eneɡɾese,enneɡɾese
90L_10NL,3,90L_10NL_3_1,0,2625,"('sk', 'sk', 's')",eneɡɾese,enneɡɾese
90L_10NL,3,90L_10NL_3_1,0,2625,"('sk', 'sk', 's')",eneɡɾese,enneɡɾese
90L_10NL,3,90L_10NL_3_1,0,2625,"('sk', 'sk', 's')",eneɡɾese,enneɡɾese
90L_10NL,3,90L_10NL_3_1,0,2625,"('sk', 'sk', 's')",eneɡɾese,enneɡɾese
90L_10NL,3,90L_10NL_3_1,0,2625,"('sk', 'sk', 's')",eneɡɾese,enneɡɾese
90L_10NL,3,90L_10NL_3_1,0,2625,"('sk', 'sk', 's')",eneɡɾese,enneɡɾese
90L_10NL,3,90L_10NL_3_1,0,2625,"('sk', 'sk', 's')",eneɡɾese,enneɡɾese
90L_10NL,3,90L_10NL_3_1,0,2625,"('sk', 'sk', 's')",eneɡɾese,enneɡɾese
90L_10NL,3,90L_10NL_3_1,0,2625,"('sk', 'sk', 's')",eneɡɾese,enneɡɾese
90L_10NL,3,90L_10NL_3_1,0,2625,"('sk', 'sk', 's')",eneɡɾese,enneɡɾese
90L_10NL,3,90L_10NL_3_1,0,2625,"('sk', 'sk', 's')",eneɡɾese,enneɡɾese
90L_10NL,3,90L_10NL_3_1,0,2625,"('sk', 'sk', 's')",eneɡɾese,enneɡɾese
90L_10NL,3,90L_10NL_3_1,0,1750,"('s', 's', 'sk')",eneɡɾeskajs,enneɡɾeskajs
90L_10NL,3,90L_10NL_3_1,0,1750,"('s', 's', 'sk')",eneɡɾeskajs,enneɡɾeskajs
90L_10NL,3,90L_10NL_3_1,0,1750,"('s', 's', 'sk')",eneɡɾeskajs,enneɡɾeskajs
90L_10NL,3,90L_10NL_3_1,0,1750,"('s', 's', 'sk')",eneɡɾeskajs,enneɡɾeskajs
90L_10NL,3,90L_10NL_3_1,0,5250,"('s', 'sk', 'sk')",eneɡɾeskajs,enneɡɾeskajs
90L_10NL,3,90L_10NL_3_1,0,5250,"('s', 'sk', 'sk')",eneɡɾeskajs,enneɡɾeskajs
90L_10NL,3,90L_10NL_3_1,0,5250,"('s', 'sk', 'sk')",eneɡɾeskajs,enneɡɾeskajs
90L_10NL,3,90L_10NL_3_1,0,5250,"('s', 'sk', 'sk')",eneɡɾeskajs,enneɡɾeskajs
90L_10NL,3,90L_10NL_3_1,0,5250,"('s', 'sk', 'sk')",eneɡɾeskajs,enneɡɾeskajs
90L_10NL,3,90L_10NL_3_1,0,5250,"('s', 'sk', 'sk')",eneɡɾeskajs,enneɡɾeskajs
90L_10NL,3,90L_10NL_3_1,0,1750,"('s', 's', 'sk')",eneɡɾeskajs,enneɡɾeskajs
90L_10NL,3,90L_10NL_3_1,0,1750,"('s', 's', 'sk')",eneɡɾeskajs,enneɡɾeskajs
90L_10NL,3,90L_10NL_3_1,0,1750,"('s', 's', 'sk')",eneɡɾeskajs,enneɡɾeskajs
90L_10NL,3,90L_10NL_3_1,0,5250,"('s', 'sk', 'sk')",eneɡɾeskajs,enneɡɾeskajs
90L_10NL,3,90L_10NL_3_1,0,5250,"('s', 'sk', 'sk')",eneɡɾeskajs,enneɡɾeskajs
90L_10NL,3,90L_10NL_3_1,0,5250,"('s', 'sk', 'sk')",eneɡɾeskajs,enneɡɾeskajs
90L_10NL,3,90L_10NL_3_1,0,5250,"('s', 'sk', 'sk')",eneɡɾeskajs,enneɡɾeskajs
90L_10NL,3,90L_10NL_3_1,0,5250,"('s', 'sk', 'sk')",eneɡɾeskajs,enneɡɾeskajs
90L_10NL,3,90L_10NL_3_1,0,5250,"('s', 'sk', 'sk')",eneɡɾeskajs,enneɡɾeskajs
90L_10NL,3,90L_10NL_3_1,0,1750,"('s', 's', 'sk')",eneɡɾeɾeskajs,enneɡɾeskajs
90L_10NL,3,90L_10NL_3_1,0,1750,"('s', 's', 'sk')",eneɡɾeskajs,enneɡɾeskajs
90L_10NL,3,90L_10NL_3_1,0,5250,"('s', 'sk', 'sk')",eneɡɾeskajs,enneɡɾeskajs
90L_10NL,3,90L_10NL_3_1,0,5250,"('s', 'sk', 'sk')",eneɡɾeskajs,enneɡɾeskajs
90L_10NL,3,90L_10NL_3_1,0,5250,"('s', 'sk', 'sk')",eneɡɾeskajs,enneɡɾeskajs
90L_10NL,3,90L_10NL_3_1,0,5250,"('s', 'sk', 'sk')",eneɡɾeskajs,enneɡɾeskajs
90L_10NL,3,90L_10NL_3_1,0,5250,"('s', 'sk', 'sk')",eneɡɾeskajs,enneɡɾeskajs
90L_10NL,3,90L_10NL_3_1,0,5250,"('s', 'sk', 'sk')",eneɡɾeskajs,enneɡɾeskajs
90L_10NL,3,90L_10NL_3_1,0,1750,"('s', 's', 'sk')",eneɡɾeskajs,enneɡɾeskajs
90L_10NL,3,90L_10NL_3_1,0,5250,"('s', 'sk', 'sk')",eneɡɾeskajs,enneɡɾeskajs
90L_10NL,3,90L_10NL_3_1,0,5250,"('s', 'sk', 'sk')",eneɡɾeskajs,enneɡɾeskajs
90L_10NL,3,90L_10NL_3_1,0,5250,"('s', 'sk', 'sk')",eneɡɾeskajs,enneɡɾeskajs
90L_10NL,3,90L_10NL_3_1,0,5250,"('s', 'sk', 'sk')",eneɡɾeskajs,enneɡɾeskajs
90L_10NL,3,90L_10NL_3_1,0,5250,"('s', 'sk', 'sk')",eneɡɾeskajs,enneɡɾeskajs
90L_10NL,3,90L_10NL_3_1,0,5250,"('s', 'sk', 'sk')",eneɡɾeskajs,enneɡɾeskajs
90L_10NL,3,90L_10NL_3_1,0,5250,"('s', 'sk', 'sk')",eneɡɾeskajs,enneɡɾeskajs
90L_10NL,3,90L_10NL_3_1,0,5250,"('s', 'sk', 'sk')",eneɡɾeskajs,enneɡɾeskajs
90L_10NL,3,90L_10NL_3_1,0,5250,"('s', 'sk', 'sk')",eneɡɾeskajs,enneɡɾeskajs
90L_10NL,3,90L_10NL_3_1,0,5250,"('s', 'sk', 'sk')",eneɡɾeskajs,enneɡɾeskajs
90L_10NL,3,90L_10NL_3_1,0,5250,"('s', 'sk', 'sk')",eneɡɾeskajs,enneɡɾeskajs
90L_10NL,3,90L_10NL_3_1,0,5250,"('s', 'sk', 'sk')",eneɡɾeskajs,enneɡɾeskajs
90L_10NL,3,90L_10NL_3_1,0,2625,"('sk', 'sk', 'sk')",eneɡɾeskajs,enneɡɾeskajs
90L_10NL,3,90L_10NL_3_1,0,2625,"('sk', 'sk', 'sk')",eneɡɾeskajs,enneɡɾeskajs
90L_10NL,3,90L_10NL_3_1,0,2625,"('sk', 'sk', 'sk')",eneɡɾeskajs,enneɡɾeskajs
90L_10NL,3,90L_10NL_3_1,0,2625,"('sk', 'sk', 'sk')",eneɡɾeskajs,enneɡɾeskajs
90L_10NL,3,90L_10NL_3_1,0,2625,"('sk', 'sk', 'sk')",eneɡɾeskajs,enneɡɾeskajs
90L_10NL,3,90L_10NL_3_1,0,2625,"('sk', 'sk', 'sk')",eneɡɾeskajs,enneɡɾeskajs
90L_10NL,3,90L_10NL_3_1,0,2625,"('sk', 'sk', 'sk')",eneɡɾeskajs,enneɡɾeskajs
90L_10NL,3,90L_10NL_3_1,0,2625,"('sk', 'sk', 'sk')",eneɡɾeskajs,enneɡɾeskajs
90L_10NL,3,90L_10NL_3_1,0,2625,"('sk', 'sk', 'sk')",eneɡɾeɾeskajs,enneɡɾeskajs
90L_10NL,3,90L_10NL_3_1,0,2625,"('sk', 'sk', 'sk')",eneɡɾeskajs,enneɡɾeskajs
90L_10NL,3,90L_10NL_3_1,0,2625,"('sk', 'sk', 'sk')",eneɡɾeskajs,enneɡɾeskajs
90L_10NL,3,90L_10NL_3_1,0,2625,"('sk', 'sk', 'sk')",eneɡɾeɾeskajs,enneɡɾeskajs
90L_10NL,3,90L_10NL_3_1,0,2625,"('sk', 'sk', 'sk')",eneɡɾeskajs,enneɡɾeskajs
90L_10NL,3,90L_10NL_3_1,0,2625,"('sk', 'sk', 'sk')",eneɡɾeɾeskajs,enneɡɾeskajs
90L_10NL,3,90L_10NL_3_1,0,2625,"('sk', 'sk', 'sk')",eneɡɾeɾeskajs,enneɡɾeskajs
90L_10NL,3,90L_10NL_3_1,0,1750,"('s', 's', 'sk')",eneɡɾeskamos,enneɡɾeskamos
90L_10NL,3,90L_10NL_3_1,0,1750,"('s', 's', 'sk')",eneɡɾeskamos,enneɡɾeskamos
90L_10NL,3,90L_10NL_3_1,0,1750,"('s', 's', 'sk')",eneɡɾeskamos,enneɡɾeskamos
90L_10NL,3,90L_10NL_3_1,0,1750,"('s', 's', 'sk')",eneɡɾeskamos,enneɡɾeskamos
90L_10NL,3,90L_10NL_3_1,0,5250,"('s', 'sk', 'sk')",eneɡɾeskamos,enneɡɾeskamos
90L_10NL,3,90L_10NL_3_1,0,5250,"('s', 'sk', 'sk')",eneɡɾeskamos,enneɡɾeskamos
90L_10NL,3,90L_10NL_3_1,0,5250,"('s', 'sk', 'sk')",eneɡɾeskamos,enneɡɾeskamos
90L_10NL,3,90L_10NL_3_1,0,5250,"('s', 'sk', 'sk')",eneɡɾeskamos,enneɡɾeskamos
90L_10NL,3,90L_10NL_3_1,0,5250,"('s', 'sk', 'sk')",eneɡɾeskamos,enneɡɾeskamos
90L_10NL,3,90L_10NL_3_1,0,5250,"('s', 'sk', 'sk')",eneɡɾeskamos,enneɡɾeskamos
90L_10NL,3,90L_10NL_3_1,0,1750,"('s', 's', 'sk')",eneɡɾeskamos,enneɡɾeskamos
90L_10NL,3,90L_10NL_3_1,0,1750,"('s', 's', 'sk')",eneɡɾeskamos,enneɡɾeskamos
90L_10NL,3,90L_10NL_3_1,0,1750,"('s', 's', 'sk')",eneɡɾeskamos,enneɡɾeskamos
90L_10NL,3,90L_10NL_3_1,0,5250,"('s', 'sk', 'sk')",eneɡɾeskamos,enneɡɾeskamos
90L_10NL,3,90L_10NL_3_1,0,5250,"('s', 'sk', 'sk')",eneɡɾeskamos,enneɡɾeskamos
90L_10NL,3,90L_10NL_3_1,0,5250,"('s', 'sk', 'sk')",eneɡɾeskamos,enneɡɾeskamos
90L_10NL,3,90L_10NL_3_1,0,5250,"('s', 'sk', 'sk')",eneɡɾeskamos,enneɡɾeskamos
90L_10NL,3,90L_10NL_3_1,0,5250,"('s', 'sk', 'sk')",eneɡɾeskamos,enneɡɾeskamos
90L_10NL,3,90L_10NL_3_1,0,5250,"('s', 'sk', 'sk')",eneɡɾeskamos,enneɡɾeskamos
90L_10NL,3,90L_10NL_3_1,0,1750,"('s', 's', 'sk')",eneɡɾeɾeskamos,enneɡɾeskamos
90L_10NL,3,90L_10NL_3_1,0,1750,"('s', 's', 'sk')",eneɡɾeskamos,enneɡɾeskamos
90L_10NL,3,90L_10NL_3_1,0,5250,"('s', 'sk', 'sk')",eneɡɾeɾeskamos,enneɡɾeskamos
90L_10NL,3,90L_10NL_3_1,0,5250,"('s', 'sk', 'sk')",eneɡɾeskamos,enneɡɾeskamos
90L_10NL,3,90L_10NL_3_1,0,5250,"('s', 'sk', 'sk')",eneɡɾeskamos,enneɡɾeskamos
90L_10NL,3,90L_10NL_3_1,0,5250,"('s', 'sk', 'sk')",eneɡɾeskamos,enneɡɾeskamos
90L_10NL,3,90L_10NL_3_1,0,5250,"('s', 'sk', 'sk')",eneɡɾeskamos,enneɡɾeskamos
90L_10NL,3,90L_10NL_3_1,0,5250,"('s', 'sk', 'sk')",eneɡɾeɾeskamos,enneɡɾeskamos
90L_10NL,3,90L_10NL_3_1,0,1750,"('s', 's', 'sk')",eneɡɾeɾeskamos,enneɡɾeskamos
90L_10NL,3,90L_10NL_3_1,0,5250,"('s', 'sk', 'sk')",eneɡɾeɾeskamos,enneɡɾeskamos
90L_10NL,3,90L_10NL_3_1,0,5250,"('s', 'sk', 'sk')",eneɡɾeskamos,enneɡɾeskamos
90L_10NL,3,90L_10NL_3_1,0,5250,"('s', 'sk', 'sk')",eneɡɾeskamos,enneɡɾeskamos
90L_10NL,3,90L_10NL_3_1,0,5250,"('s', 'sk', 'sk')",eneɡɾeskamos,enneɡɾeskamos
90L_10NL,3,90L_10NL_3_1,0,5250,"('s', 'sk', 'sk')",eneɡɾeskamos,enneɡɾeskamos
90L_10NL,3,90L_10NL_3_1,0,5250,"('s', 'sk', 'sk')",eneɡɾeɾeskamos,enneɡɾeskamos
90L_10NL,3,90L_10NL_3_1,0,5250,"('s', 'sk', 'sk')",eneɡɾeskamos,enneɡɾeskamos
90L_10NL,3,90L_10NL_3_1,0,5250,"('s', 'sk', 'sk')",eneɡɾeskamos,enneɡɾeskamos
90L_10NL,3,90L_10NL_3_1,0,5250,"('s', 'sk', 'sk')",eneɡɾeskamos,enneɡɾeskamos
90L_10NL,3,90L_10NL_3_1,0,5250,"('s', 'sk', 'sk')",eneɡɾeskamos,enneɡɾeskamos
90L_10NL,3,90L_10NL_3_1,0,5250,"('s', 'sk', 'sk')",eneɡɾeskamos,enneɡɾeskamos
90L_10NL,3,90L_10NL_3_1,0,5250,"('s', 'sk', 'sk')",eneɡɾeskamos,enneɡɾeskamos
90L_10NL,3,90L_10NL_3_1,0,2625,"('sk', 'sk', 'sk')",eneɡɾeskamos,enneɡɾeskamos
90L_10NL,3,90L_10NL_3_1,0,2625,"('sk', 'sk', 'sk')",eneɡɾeskamos,enneɡɾeskamos
90L_10NL,3,90L_10NL_3_1,0,2625,"('sk', 'sk', 'sk')",eneɡɾeskamos,enneɡɾeskamos
90L_10NL,3,90L_10NL_3_1,0,2625,"('sk', 'sk', 'sk')",eneɡɾeskamos,enneɡɾeskamos
90L_10NL,3,90L_10NL_3_1,0,2625,"('sk', 'sk', 'sk')",eneɡɾeskamos,enneɡɾeskamos
90L_10NL,3,90L_10NL_3_1,0,2625,"('sk', 'sk', 'sk')",eneɡɾeskamos,enneɡɾeskamos
90L_10NL,3,90L_10NL_3_1,0,2625,"('sk', 'sk', 'sk')",eneɡɾeskamos,enneɡɾeskamos
90L_10NL,3,90L_10NL_3_1,0,2625,"('sk', 'sk', 'sk')",eneɡɾeskamos,enneɡɾeskamos
90L_10NL,3,90L_10NL_3_1,0,2625,"('sk', 'sk', 'sk')",eneɡɾeɾeskamos,enneɡɾeskamos
90L_10NL,3,90L_10NL_3_1,0,2625,"('sk', 'sk', 'sk')",eneɡɾeɾeskamos,enneɡɾeskamos
90L_10NL,3,90L_10NL_3_1,0,2625,"('sk', 'sk', 'sk')",eneɡɾeskamos,enneɡɾeskamos
90L_10NL,3,90L_10NL_3_1,0,2625,"('sk', 'sk', 'sk')",eneɡɾeɾeskamos,enneɡɾeskamos
90L_10NL,3,90L_10NL_3_1,0,2625,"('sk', 'sk', 'sk')",eneɡɾeskamos,enneɡɾeskamos
90L_10NL,3,90L_10NL_3_1,0,2625,"('sk', 'sk', 'sk')",eneɡɾeɾeskamos,enneɡɾeskamos
90L_10NL,3,90L_10NL_3_1,0,2625,"('sk', 'sk', 'sk')",eneɡɾeɾeskamos,enneɡɾeskamos
90L_10NL,3,90L_10NL_3_1,0,1750,"('s', 's', 'sk')",eneɡɾeskan,enneɡɾeskan
90L_10NL,3,90L_10NL_3_1,0,1750,"('s', 's', 'sk')",eneɡɾeskan,enneɡɾeskan
90L_10NL,3,90L_10NL_3_1,0,1750,"('s', 's', 'sk')",eneɡɾeskan,enneɡɾeskan
90L_10NL,3,90L_10NL_3_1,0,1750,"('s', 's', 'sk')",eneɡɾeskan,enneɡɾeskan
90L_10NL,3,90L_10NL_3_1,0,5250,"('s', 'sk', 'sk')",eneɡɾeskan,enneɡɾeskan
90L_10NL,3,90L_10NL_3_1,0,5250,"('s', 'sk', 'sk')",eneɡɾeskan,enneɡɾeskan
90L_10NL,3,90L_10NL_3_1,0,5250,"('s', 'sk', 'sk')",eneɡɾeskan,enneɡɾeskan
90L_10NL,3,90L_10NL_3_1,0,5250,"('s', 'sk', 'sk')",eneɡɾeskan,enneɡɾeskan
90L_10NL,3,90L_10NL_3_1,0,5250,"('s', 'sk', 'sk')",eneɡɾeskan,enneɡɾeskan
90L_10NL,3,90L_10NL_3_1,0,5250,"('s', 'sk', 'sk')",eneɡɾeskan,enneɡɾeskan
90L_10NL,3,90L_10NL_3_1,0,1750,"('s', 's', 'sk')",eneɡɾeskan,enneɡɾeskan
90L_10NL,3,90L_10NL_3_1,0,1750,"('s', 's', 'sk')",eneɡɾeskan,enneɡɾeskan
90L_10NL,3,90L_10NL_3_1,0,1750,"('s', 's', 'sk')",eneɡɾeskan,enneɡɾeskan
90L_10NL,3,90L_10NL_3_1,0,5250,"('s', 'sk', 'sk')",eneɡɾeskan,enneɡɾeskan
90L_10NL,3,90L_10NL_3_1,0,5250,"('s', 'sk', 'sk')",eneɡɾeskan,enneɡɾeskan
90L_10NL,3,90L_10NL_3_1,0,5250,"('s', 'sk', 'sk')",eneɡɾeskan,enneɡɾeskan
90L_10NL,3,90L_10NL_3_1,0,5250,"('s', 'sk', 'sk')",eneɡɾeskan,enneɡɾeskan
90L_10NL,3,90L_10NL_3_1,0,5250,"('s', 'sk', 'sk')",eneɡɾeskan,enneɡɾeskan
90L_10NL,3,90L_10NL_3_1,0,5250,"('s', 'sk', 'sk')",eneɡɾeskan,enneɡɾeskan
90L_10NL,3,90L_10NL_3_1,0,1750,"('s', 's', 'sk')",eneɡɾeskan,enneɡɾeskan
90L_10NL,3,90L_10NL_3_1,0,1750,"('s', 's', 'sk')",eneɡɾeskan,enneɡɾeskan
90L_10NL,3,90L_10NL_3_1,0,5250,"('s', 'sk', 'sk')",eneɡɾeskan,enneɡɾeskan
90L_10NL,3,90L_10NL_3_1,0,5250,"('s', 'sk', 'sk')",eneɡɾeskan,enneɡɾeskan
90L_10NL,3,90L_10NL_3_1,0,5250,"('s', 'sk', 'sk')",eneɡɾeskan,enneɡɾeskan
90L_10NL,3,90L_10NL_3_1,0,5250,"('s', 'sk', 'sk')",eneɡɾeskan,enneɡɾeskan
90L_10NL,3,90L_10NL_3_1,0,5250,"('s', 'sk', 'sk')",eneɡɾeskan,enneɡɾeskan
90L_10NL,3,90L_10NL_3_1,0,5250,"('s', 'sk', 'sk')",eneɡɾeskan,enneɡɾeskan
90L_10NL,3,90L_10NL_3_1,0,1750,"('s', 's', 'sk')",eneɡɾeskan,enneɡɾeskan
90L_10NL,3,90L_10NL_3_1,0,5250,"('s', 'sk', 'sk')",eneɡɾeskan,enneɡɾeskan
90L_10NL,3,90L_10NL_3_1,0,5250,"('s', 'sk', 'sk')",eneɡɾeskan,enneɡɾeskan
90L_10NL,3,90L_10NL_3_1,0,5250,"('s', 'sk', 'sk')",eneɡɾeskan,enneɡɾeskan
90L_10NL,3,90L_10NL_3_1,0,5250,"('s', 'sk', 'sk')",eneɡɾeskan,enneɡɾeskan
90L_10NL,3,90L_10NL_3_1,0,5250,"('s', 'sk', 'sk')",eneɡɾeskan,enneɡɾeskan
90L_10NL,3,90L_10NL_3_1,0,5250,"('s', 'sk', 'sk')",eneɡɾeskan,enneɡɾeskan
90L_10NL,3,90L_10NL_3_1,0,5250,"('s', 'sk', 'sk')",eneɡɾeskan,enneɡɾeskan
90L_10NL,3,90L_10NL_3_1,0,5250,"('s', 'sk', 'sk')",eneɡɾeskan,enneɡɾeskan
90L_10NL,3,90L_10NL_3_1,0,5250,"('s', 'sk', 'sk')",eneɡɾeskan,enneɡɾeskan
90L_10NL,3,90L_10NL_3_1,0,5250,"('s', 'sk', 'sk')",eneɡɾeskan,enneɡɾeskan
90L_10NL,3,90L_10NL_3_1,0,5250,"('s', 'sk', 'sk')",eneɡɾeskan,enneɡɾeskan
90L_10NL,3,90L_10NL_3_1,0,5250,"('s', 'sk', 'sk')",eneɡɾeskan,enneɡɾeskan
90L_10NL,3,90L_10NL_3_1,0,2625,"('sk', 'sk', 'sk')",eneɡɾeskan,enneɡɾeskan
90L_10NL,3,90L_10NL_3_1,0,2625,"('sk', 'sk', 'sk')",eneɡɾeskan,enneɡɾeskan
90L_10NL,3,90L_10NL_3_1,0,2625,"('sk', 'sk', 'sk')",eneɡɾeskan,enneɡɾeskan
90L_10NL,3,90L_10NL_3_1,0,2625,"('sk', 'sk', 'sk')",eneɡɾeskan,enneɡɾeskan
90L_10NL,3,90L_10NL_3_1,0,2625,"('sk', 'sk', 'sk')",eneɡɾeskan,enneɡɾeskan
90L_10NL,3,90L_10NL_3_1,0,2625,"('sk', 'sk', 'sk')",eneɡɾeskan,enneɡɾeskan
90L_10NL,3,90L_10NL_3_1,0,2625,"('sk', 'sk', 'sk')",eneɡɾeskan,enneɡɾeskan
90L_10NL,3,90L_10NL_3_1,0,2625,"('sk', 'sk', 'sk')",eneɡɾeskan,enneɡɾeskan
90L_10NL,3,90L_10NL_3_1,0,2625,"('sk', 'sk', 'sk')",eneɡɾeskan,enneɡɾeskan
90L_10NL,3,90L_10NL_3_1,0,2625,"('sk', 'sk', 'sk')",eneɡɾeskan,enneɡɾeskan
90L_10NL,3,90L_10NL_3_1,0,2625,"('sk', 'sk', 'sk')",eneɡɾeskan,enneɡɾeskan
90L_10NL,3,90L_10NL_3_1,0,2625,"('sk', 'sk', 'sk')",eneɡɾeskan,enneɡɾeskan
90L_10NL,3,90L_10NL_3_1,0,2625,"('sk', 'sk', 'sk')",eneɡɾeskan,enneɡɾeskan
90L_10NL,3,90L_10NL_3_1,0,2625,"('sk', 'sk', 'sk')",eneɡɾeskan,enneɡɾeskan
90L_10NL,3,90L_10NL_3_1,0,2625,"('sk', 'sk', 'sk')",eneɡɾeskan,enneɡɾeskan
90L_10NL,3,90L_10NL_3_1,0,1750,"('s', 's', 'sk')",eneɡɾeskas,enneɡɾeskas
90L_10NL,3,90L_10NL_3_1,0,1750,"('s', 's', 'sk')",eneɡɾeskas,enneɡɾeskas
90L_10NL,3,90L_10NL_3_1,0,1750,"('s', 's', 'sk')",eneɡɾeskas,enneɡɾeskas
90L_10NL,3,90L_10NL_3_1,0,1750,"('s', 's', 'sk')",eneɡɾeskas,enneɡɾeskas
90L_10NL,3,90L_10NL_3_1,0,5250,"('s', 'sk', 'sk')",eneɡɾeskas,enneɡɾeskas
90L_10NL,3,90L_10NL_3_1,0,5250,"('s', 'sk', 'sk')",eneɡɾeskas,enneɡɾeskas
90L_10NL,3,90L_10NL_3_1,0,5250,"('s', 'sk', 'sk')",eneɡɾeskas,enneɡɾeskas
90L_10NL,3,90L_10NL_3_1,0,5250,"('s', 'sk', 'sk')",eneɡɾeskas,enneɡɾeskas
90L_10NL,3,90L_10NL_3_1,0,5250,"('s', 'sk', 'sk')",eneɡɾeskas,enneɡɾeskas
90L_10NL,3,90L_10NL_3_1,0,5250,"('s', 'sk', 'sk')",eneɡɾeskas,enneɡɾeskas
90L_10NL,3,90L_10NL_3_1,0,1750,"('s', 's', 'sk')",eneɡɾeskas,enneɡɾeskas
90L_10NL,3,90L_10NL_3_1,0,1750,"('s', 's', 'sk')",eneɡɾeskas,enneɡɾeskas
90L_10NL,3,90L_10NL_3_1,0,1750,"('s', 's', 'sk')",eneɡɾeskas,enneɡɾeskas
90L_10NL,3,90L_10NL_3_1,0,5250,"('s', 'sk', 'sk')",eneɡɾeskas,enneɡɾeskas
90L_10NL,3,90L_10NL_3_1,0,5250,"('s', 'sk', 'sk')",eneɡɾeskas,enneɡɾeskas
90L_10NL,3,90L_10NL_3_1,0,5250,"('s', 'sk', 'sk')",eneɡɾeskas,enneɡɾeskas
90L_10NL,3,90L_10NL_3_1,0,5250,"('s', 'sk', 'sk')",eneɡɾeskas,enneɡɾeskas
90L_10NL,3,90L_10NL_3_1,0,5250,"('s', 'sk', 'sk')",eneɡɾeskas,enneɡɾeskas
90L_10NL,3,90L_10NL_3_1,0,5250,"('s', 'sk', 'sk')",eneɡɾeskas,enneɡɾeskas
90L_10NL,3,90L_10NL_3_1,0,1750,"('s', 's', 'sk')",eneɡɾeskas,enneɡɾeskas
90L_10NL,3,90L_10NL_3_1,0,1750,"('s', 's', 'sk')",eneɡɾeskas,enneɡɾeskas
90L_10NL,3,90L_10NL_3_1,0,5250,"('s', 'sk', 'sk')",eneɡɾeskas,enneɡɾeskas
90L_10NL,3,90L_10NL_3_1,0,5250,"('s', 'sk', 'sk')",eneɡɾeskas,enneɡɾeskas
90L_10NL,3,90L_10NL_3_1,0,5250,"('s', 'sk', 'sk')",eneɡɾeskas,enneɡɾeskas
90L_10NL,3,90L_10NL_3_1,0,5250,"('s', 'sk', 'sk')",eneɡɾeskas,enneɡɾeskas
90L_10NL,3,90L_10NL_3_1,0,5250,"('s', 'sk', 'sk')",eneɡɾeskas,enneɡɾeskas
90L_10NL,3,90L_10NL_3_1,0,5250,"('s', 'sk', 'sk')",eneɡɾeskas,enneɡɾeskas
90L_10NL,3,90L_10NL_3_1,0,1750,"('s', 's', 'sk')",eneɡɾeskas,enneɡɾeskas
90L_10NL,3,90L_10NL_3_1,0,5250,"('s', 'sk', 'sk')",eneɡɾeskas,enneɡɾeskas
90L_10NL,3,90L_10NL_3_1,0,5250,"('s', 'sk', 'sk')",eneɡɾeskas,enneɡɾeskas
90L_10NL,3,90L_10NL_3_1,0,5250,"('s', 'sk', 'sk')",eneɡɾeskas,enneɡɾeskas
90L_10NL,3,90L_10NL_3_1,0,5250,"('s', 'sk', 'sk')",eneɡɾeskas,enneɡɾeskas
90L_10NL,3,90L_10NL_3_1,0,5250,"('s', 'sk', 'sk')",eneɡɾeskas,enneɡɾeskas
90L_10NL,3,90L_10NL_3_1,0,5250,"('s', 'sk', 'sk')",eneɡɾeskas,enneɡɾeskas
90L_10NL,3,90L_10NL_3_1,0,5250,"('s', 'sk', 'sk')",eneɡɾeskas,enneɡɾeskas
90L_10NL,3,90L_10NL_3_1,0,5250,"('s', 'sk', 'sk')",eneɡɾeskas,enneɡɾeskas
90L_10NL,3,90L_10NL_3_1,0,5250,"('s', 'sk', 'sk')",eneɡɾeskas,enneɡɾeskas
90L_10NL,3,90L_10NL_3_1,0,5250,"('s', 'sk', 'sk')",eneɡɾeskas,enneɡɾeskas
90L_10NL,3,90L_10NL_3_1,0,5250,"('s', 'sk', 'sk')",eneɡɾeskas,enneɡɾeskas
90L_10NL,3,90L_10NL_3_1,0,5250,"('s', 'sk', 'sk')",eneɡɾeskas,enneɡɾeskas
90L_10NL,3,90L_10NL_3_1,0,2625,"('sk', 'sk', 'sk')",eneɡɾeskas,enneɡɾeskas
90L_10NL,3,90L_10NL_3_1,0,2625,"('sk', 'sk', 'sk')",eneɡɾeskas,enneɡɾeskas
90L_10NL,3,90L_10NL_3_1,0,2625,"('sk', 'sk', 'sk')",eneɡɾeskas,enneɡɾeskas
90L_10NL,3,90L_10NL_3_1,0,2625,"('sk', 'sk', 'sk')",eneɡɾeskas,enneɡɾeskas
90L_10NL,3,90L_10NL_3_1,0,2625,"('sk', 'sk', 'sk')",eneɡɾeskas,enneɡɾeskas
90L_10NL,3,90L_10NL_3_1,0,2625,"('sk', 'sk', 'sk')",eneɡɾeskas,enneɡɾeskas
90L_10NL,3,90L_10NL_3_1,0,2625,"('sk', 'sk', 'sk')",eneɡɾeskas,enneɡɾeskas
90L_10NL,3,90L_10NL_3_1,0,2625,"('sk', 'sk', 'sk')",eneɡɾeskas,enneɡɾeskas
90L_10NL,3,90L_10NL_3_1,0,2625,"('sk', 'sk', 'sk')",eneɡɾeskas,enneɡɾeskas
90L_10NL,3,90L_10NL_3_1,0,2625,"('sk', 'sk', 'sk')",eneɡɾeskas,enneɡɾeskas
90L_10NL,3,90L_10NL_3_1,0,2625,"('sk', 'sk', 'sk')",eneɡɾeskas,enneɡɾeskas
90L_10NL,3,90L_10NL_3_1,0,2625,"('sk', 'sk', 'sk')",eneɡɾeskas,enneɡɾeskas
90L_10NL,3,90L_10NL_3_1,0,2625,"('sk', 'sk', 'sk')",eneɡɾeskas,enneɡɾeskas
90L_10NL,3,90L_10NL_3_1,0,2625,"('sk', 'sk', 'sk')",eneɡɾeskas,enneɡɾeskas
90L_10NL,3,90L_10NL_3_1,0,2625,"('sk', 'sk', 'sk')",eneɡɾeskas,enneɡɾeskas
90L_10NL,3,90L_10NL_3_1,0,1750,"('s', 's', 'sk')",eneɡɾeska,enneɡɾeska
90L_10NL,3,90L_10NL_3_1,0,1750,"('s', 's', 'sk')",eneɡɾeska,enneɡɾeska
90L_10NL,3,90L_10NL_3_1,0,1750,"('s', 's', 'sk')",eneɡɾeska,enneɡɾeska
90L_10NL,3,90L_10NL_3_1,0,1750,"('s', 's', 'sk')",eneɡɾeska,enneɡɾeska
90L_10NL,3,90L_10NL_3_1,0,5250,"('s', 'sk', 'sk')",eneɡɾeska,enneɡɾeska
90L_10NL,3,90L_10NL_3_1,0,5250,"('s', 'sk', 'sk')",eneɡɾeska,enneɡɾeska
90L_10NL,3,90L_10NL_3_1,0,5250,"('s', 'sk', 'sk')",eneɡɾeska,enneɡɾeska
90L_10NL,3,90L_10NL_3_1,0,5250,"('s', 'sk', 'sk')",eneɡɾeska,enneɡɾeska
90L_10NL,3,90L_10NL_3_1,0,5250,"('s', 'sk', 'sk')",eneɡɾeska,enneɡɾeska
90L_10NL,3,90L_10NL_3_1,0,5250,"('s', 'sk', 'sk')",eneɡɾeska,enneɡɾeska
90L_10NL,3,90L_10NL_3_1,0,1750,"('s', 's', 'sk')",eneɡɾeska,enneɡɾeska
90L_10NL,3,90L_10NL_3_1,0,1750,"('s', 's', 'sk')",eneɡɾeska,enneɡɾeska
90L_10NL,3,90L_10NL_3_1,0,1750,"('s', 's', 'sk')",eneɡɾeska,enneɡɾeska
90L_10NL,3,90L_10NL_3_1,0,5250,"('s', 'sk', 'sk')",eneɡɾeska,enneɡɾeska
90L_10NL,3,90L_10NL_3_1,0,5250,"('s', 'sk', 'sk')",eneɡɾeska,enneɡɾeska
90L_10NL,3,90L_10NL_3_1,0,5250,"('s', 'sk', 'sk')",eneɡɾeska,enneɡɾeska
90L_10NL,3,90L_10NL_3_1,0,5250,"('s', 'sk', 'sk')",eneɡɾeska,enneɡɾeska
90L_10NL,3,90L_10NL_3_1,0,5250,"('s', 'sk', 'sk')",eneɡɾeska,enneɡɾeska
90L_10NL,3,90L_10NL_3_1,0,5250,"('s', 'sk', 'sk')",eneɡɾeska,enneɡɾeska
90L_10NL,3,90L_10NL_3_1,0,1750,"('s', 's', 'sk')",eneɡɾeska,enneɡɾeska
90L_10NL,3,90L_10NL_3_1,0,1750,"('s', 's', 'sk')",eneɡɾeska,enneɡɾeska
90L_10NL,3,90L_10NL_3_1,0,5250,"('s', 'sk', 'sk')",eneɡɾeska,enneɡɾeska
90L_10NL,3,90L_10NL_3_1,0,5250,"('s', 'sk', 'sk')",eneɡɾeska,enneɡɾeska
90L_10NL,3,90L_10NL_3_1,0,5250,"('s', 'sk', 'sk')",eneɡɾeska,enneɡɾeska
90L_10NL,3,90L_10NL_3_1,0,5250,"('s', 'sk', 'sk')",eneɡɾeska,enneɡɾeska
90L_10NL,3,90L_10NL_3_1,0,5250,"('s', 'sk', 'sk')",eneɡɾeska,enneɡɾeska
90L_10NL,3,90L_10NL_3_1,0,5250,"('s', 'sk', 'sk')",eneɡɾeska,enneɡɾeska
90L_10NL,3,90L_10NL_3_1,0,1750,"('s', 's', 'sk')",eneɡɾeska,enneɡɾeska
90L_10NL,3,90L_10NL_3_1,0,5250,"('s', 'sk', 'sk')",eneɡɾeska,enneɡɾeska
90L_10NL,3,90L_10NL_3_1,0,5250,"('s', 'sk', 'sk')",eneɡɾeska,enneɡɾeska
90L_10NL,3,90L_10NL_3_1,0,5250,"('s', 'sk', 'sk')",eneɡɾeska,enneɡɾeska
90L_10NL,3,90L_10NL_3_1,0,5250,"('s', 'sk', 'sk')",eneɡɾeska,enneɡɾeska
90L_10NL,3,90L_10NL_3_1,0,5250,"('s', 'sk', 'sk')",eneɡɾeska,enneɡɾeska
90L_10NL,3,90L_10NL_3_1,0,5250,"('s', 'sk', 'sk')",eneɡɾeska,enneɡɾeska
90L_10NL,3,90L_10NL_3_1,0,5250,"('s', 'sk', 'sk')",eneɡɾeska,enneɡɾeska
90L_10NL,3,90L_10NL_3_1,0,5250,"('s', 'sk', 'sk')",eneɡɾeska,enneɡɾeska
90L_10NL,3,90L_10NL_3_1,0,5250,"('s', 'sk', 'sk')",eneɡɾeska,enneɡɾeska
90L_10NL,3,90L_10NL_3_1,0,5250,"('s', 'sk', 'sk')",eneɡɾeska,enneɡɾeska
90L_10NL,3,90L_10NL_3_1,0,5250,"('s', 'sk', 'sk')",eneɡɾeska,enneɡɾeska
90L_10NL,3,90L_10NL_3_1,0,5250,"('s', 'sk', 'sk')",eneɡɾeska,enneɡɾeska
90L_10NL,3,90L_10NL_3_1,0,2625,"('sk', 'sk', 'sk')",eneɡɾeska,enneɡɾeska
90L_10NL,3,90L_10NL_3_1,0,2625,"('sk', 'sk', 'sk')",eneɡɾeska,enneɡɾeska
90L_10NL,3,90L_10NL_3_1,0,2625,"('sk', 'sk', 'sk')",eneɡɾeska,enneɡɾeska
90L_10NL,3,90L_10NL_3_1,0,2625,"('sk', 'sk', 'sk')",eneɡɾeska,enneɡɾeska
90L_10NL,3,90L_10NL_3_1,0,2625,"('sk', 'sk', 'sk')",eneɡɾeska,enneɡɾeska
90L_10NL,3,90L_10NL_3_1,0,2625,"('sk', 'sk', 'sk')",eneɡɾeska,enneɡɾeska
90L_10NL,3,90L_10NL_3_1,0,2625,"('sk', 'sk', 'sk')",eneɡɾeska,enneɡɾeska
90L_10NL,3,90L_10NL_3_1,0,2625,"('sk', 'sk', 'sk')",eneɡɾeska,enneɡɾeska
90L_10NL,3,90L_10NL_3_1,0,2625,"('sk', 'sk', 'sk')",eneɡɾeska,enneɡɾeska
90L_10NL,3,90L_10NL_3_1,0,2625,"('sk', 'sk', 'sk')",eneɡɾeska,enneɡɾeska
90L_10NL,3,90L_10NL_3_1,0,2625,"('sk', 'sk', 'sk')",eneɡɾeska,enneɡɾeska
90L_10NL,3,90L_10NL_3_1,0,2625,"('sk', 'sk', 'sk')",eneɡɾeska,enneɡɾeska
90L_10NL,3,90L_10NL_3_1,0,2625,"('sk', 'sk', 'sk')",eneɡɾeska,enneɡɾeska
90L_10NL,3,90L_10NL_3_1,0,2625,"('sk', 'sk', 'sk')",eneɡɾeska,enneɡɾeska
90L_10NL,3,90L_10NL_3_1,0,2625,"('sk', 'sk', 'sk')",eneɡɾeska,enneɡɾeska
90L_10NL,3,90L_10NL_3_1,0,1750,"('s', 's', 'sk')",eneɡɾeska,enneɡɾeska
90L_10NL,3,90L_10NL_3_1,0,1750,"('s', 's', 'sk')",eneɡɾeska,enneɡɾeska
90L_10NL,3,90L_10NL_3_1,0,1750,"('s', 's', 'sk')",eneɡɾeska,enneɡɾeska
90L_10NL,3,90L_10NL_3_1,0,1750,"('s', 's', 'sk')",eneɡɾeska,enneɡɾeska
90L_10NL,3,90L_10NL_3_1,0,5250,"('s', 'sk', 'sk')",eneɡɾeska,enneɡɾeska
90L_10NL,3,90L_10NL_3_1,0,5250,"('s', 'sk', 'sk')",eneɡɾeska,enneɡɾeska
90L_10NL,3,90L_10NL_3_1,0,5250,"('s', 'sk', 'sk')",eneɡɾeska,enneɡɾeska
90L_10NL,3,90L_10NL_3_1,0,5250,"('s', 'sk', 'sk')",eneɡɾeska,enneɡɾeska
90L_10NL,3,90L_10NL_3_1,0,5250,"('s', 'sk', 'sk')",eneɡɾeska,enneɡɾeska
90L_10NL,3,90L_10NL_3_1,0,5250,"('s', 'sk', 'sk')",eneɡɾeska,enneɡɾeska
90L_10NL,3,90L_10NL_3_1,0,1750,"('s', 's', 'sk')",eneɡɾeska,enneɡɾeska
90L_10NL,3,90L_10NL_3_1,0,1750,"('s', 's', 'sk')",eneɡɾeska,enneɡɾeska
90L_10NL,3,90L_10NL_3_1,0,1750,"('s', 's', 'sk')",eneɡɾeska,enneɡɾeska
90L_10NL,3,90L_10NL_3_1,0,5250,"('s', 'sk', 'sk')",eneɡɾeska,enneɡɾeska
90L_10NL,3,90L_10NL_3_1,0,5250,"('s', 'sk', 'sk')",eneɡɾeska,enneɡɾeska
90L_10NL,3,90L_10NL_3_1,0,5250,"('s', 'sk', 'sk')",eneɡɾeska,enneɡɾeska
90L_10NL,3,90L_10NL_3_1,0,5250,"('s', 'sk', 'sk')",eneɡɾeska,enneɡɾeska
90L_10NL,3,90L_10NL_3_1,0,5250,"('s', 'sk', 'sk')",eneɡɾeska,enneɡɾeska
90L_10NL,3,90L_10NL_3_1,0,5250,"('s', 'sk', 'sk')",eneɡɾeska,enneɡɾeska
90L_10NL,3,90L_10NL_3_1,0,1750,"('s', 's', 'sk')",eneɡɾeska,enneɡɾeska
90L_10NL,3,90L_10NL_3_1,0,1750,"('s', 's', 'sk')",eneɡɾeska,enneɡɾeska
90L_10NL,3,90L_10NL_3_1,0,5250,"('s', 'sk', 'sk')",eneɡɾeska,enneɡɾeska
90L_10NL,3,90L_10NL_3_1,0,5250,"('s', 'sk', 'sk')",eneɡɾeska,enneɡɾeska
90L_10NL,3,90L_10NL_3_1,0,5250,"('s', 'sk', 'sk')",eneɡɾeska,enneɡɾeska
90L_10NL,3,90L_10NL_3_1,0,5250,"('s', 'sk', 'sk')",eneɡɾeska,enneɡɾeska
90L_10NL,3,90L_10NL_3_1,0,5250,"('s', 'sk', 'sk')",eneɡɾeska,enneɡɾeska
90L_10NL,3,90L_10NL_3_1,0,5250,"('s', 'sk', 'sk')",eneɡɾeska,enneɡɾeska
90L_10NL,3,90L_10NL_3_1,0,1750,"('s', 's', 'sk')",eneɡɾeska,enneɡɾeska
90L_10NL,3,90L_10NL_3_1,0,5250,"('s', 'sk', 'sk')",eneɡɾeska,enneɡɾeska
90L_10NL,3,90L_10NL_3_1,0,5250,"('s', 'sk', 'sk')",eneɡɾeska,enneɡɾeska
90L_10NL,3,90L_10NL_3_1,0,5250,"('s', 'sk', 'sk')",eneɡɾeska,enneɡɾeska
90L_10NL,3,90L_10NL_3_1,0,5250,"('s', 'sk', 'sk')",eneɡɾeska,enneɡɾeska
90L_10NL,3,90L_10NL_3_1,0,5250,"('s', 'sk', 'sk')",eneɡɾeska,enneɡɾeska
90L_10NL,3,90L_10NL_3_1,0,5250,"('s', 'sk', 'sk')",eneɡɾeska,enneɡɾeska
90L_10NL,3,90L_10NL_3_1,0,5250,"('s', 'sk', 'sk')",eneɡɾeska,enneɡɾeska
90L_10NL,3,90L_10NL_3_1,0,5250,"('s', 'sk', 'sk')",eneɡɾeska,enneɡɾeska
90L_10NL,3,90L_10NL_3_1,0,5250,"('s', 'sk', 'sk')",eneɡɾeska,enneɡɾeska
90L_10NL,3,90L_10NL_3_1,0,5250,"('s', 'sk', 'sk')",eneɡɾeska,enneɡɾeska
90L_10NL,3,90L_10NL_3_1,0,5250,"('s', 'sk', 'sk')",eneɡɾeska,enneɡɾeska
90L_10NL,3,90L_10NL_3_1,0,5250,"('s', 'sk', 'sk')",eneɡɾeska,enneɡɾeska
90L_10NL,3,90L_10NL_3_1,0,2625,"('sk', 'sk', 'sk')",eneɡɾeska,enneɡɾeska
90L_10NL,3,90L_10NL_3_1,0,2625,"('sk', 'sk', 'sk')",eneɡɾeska,enneɡɾeska
90L_10NL,3,90L_10NL_3_1,0,2625,"('sk', 'sk', 'sk')",eneɡɾeska,enneɡɾeska
90L_10NL,3,90L_10NL_3_1,0,2625,"('sk', 'sk', 'sk')",eneɡɾeska,enneɡɾeska
90L_10NL,3,90L_10NL_3_1,0,2625,"('sk', 'sk', 'sk')",eneɡɾeska,enneɡɾeska
90L_10NL,3,90L_10NL_3_1,0,2625,"('sk', 'sk', 'sk')",eneɡɾeska,enneɡɾeska
90L_10NL,3,90L_10NL_3_1,0,2625,"('sk', 'sk', 'sk')",eneɡɾeska,enneɡɾeska
90L_10NL,3,90L_10NL_3_1,0,2625,"('sk', 'sk', 'sk')",eneɡɾeska,enneɡɾeska
90L_10NL,3,90L_10NL_3_1,0,2625,"('sk', 'sk', 'sk')",eneɡɾeska,enneɡɾeska
90L_10NL,3,90L_10NL_3_1,0,2625,"('sk', 'sk', 'sk')",eneɡɾeska,enneɡɾeska
90L_10NL,3,90L_10NL_3_1,0,2625,"('sk', 'sk', 'sk')",eneɡɾeska,enneɡɾeska
90L_10NL,3,90L_10NL_3_1,0,2625,"('sk', 'sk', 'sk')",eneɡɾeska,enneɡɾeska
90L_10NL,3,90L_10NL_3_1,0,2625,"('sk', 'sk', 'sk')",eneɡɾeska,enneɡɾeska
90L_10NL,3,90L_10NL_3_1,0,2625,"('sk', 'sk', 'sk')",eneɡɾeska,enneɡɾeska
90L_10NL,3,90L_10NL_3_1,0,2625,"('sk', 'sk', 'sk')",eneɡɾeska,enneɡɾeska
90L_10NL,3,90L_10NL_3_1,0,1750,"('s', 's', 'sk')",eneɡɾesko,enneɡɾesko
90L_10NL,3,90L_10NL_3_1,0,1750,"('s', 's', 'sk')",eneɡɾesko,enneɡɾesko
90L_10NL,3,90L_10NL_3_1,0,1750,"('s', 's', 'sk')",eneɡɾesko,enneɡɾesko
90L_10NL,3,90L_10NL_3_1,0,1750,"('s', 's', 'sk')",eneɡɾesko,enneɡɾesko
90L_10NL,3,90L_10NL_3_1,0,5250,"('s', 'sk', 'sk')",eneɡɾesko,enneɡɾesko
90L_10NL,3,90L_10NL_3_1,0,5250,"('s', 'sk', 'sk')",eneɡɾesko,enneɡɾesko
90L_10NL,3,90L_10NL_3_1,0,5250,"('s', 'sk', 'sk')",eneɡɾesko,enneɡɾesko
90L_10NL,3,90L_10NL_3_1,0,5250,"('s', 'sk', 'sk')",eneɡɾesko,enneɡɾesko
90L_10NL,3,90L_10NL_3_1,0,5250,"('s', 'sk', 'sk')",eneɡɾesko,enneɡɾesko
90L_10NL,3,90L_10NL_3_1,0,5250,"('s', 'sk', 'sk')",eneɡɾesko,enneɡɾesko
90L_10NL,3,90L_10NL_3_1,0,1750,"('s', 's', 'sk')",eneɡɾesko,enneɡɾesko
90L_10NL,3,90L_10NL_3_1,0,1750,"('s', 's', 'sk')",eneɡɾesko,enneɡɾesko
90L_10NL,3,90L_10NL_3_1,0,1750,"('s', 's', 'sk')",eneɡɾesko,enneɡɾesko
90L_10NL,3,90L_10NL_3_1,0,5250,"('s', 'sk', 'sk')",eneɡɾesko,enneɡɾesko
90L_10NL,3,90L_10NL_3_1,0,5250,"('s', 'sk', 'sk')",eneɡɾesko,enneɡɾesko
90L_10NL,3,90L_10NL_3_1,0,5250,"('s', 'sk', 'sk')",eneɡɾesko,enneɡɾesko
90L_10NL,3,90L_10NL_3_1,0,5250,"('s', 'sk', 'sk')",eneɡɾesko,enneɡɾesko
90L_10NL,3,90L_10NL_3_1,0,5250,"('s', 'sk', 'sk')",eneɡɾesko,enneɡɾesko
90L_10NL,3,90L_10NL_3_1,0,5250,"('s', 'sk', 'sk')",eneɡɾesko,enneɡɾesko
90L_10NL,3,90L_10NL_3_1,0,1750,"('s', 's', 'sk')",eneɡɾesko,enneɡɾesko
90L_10NL,3,90L_10NL_3_1,0,1750,"('s', 's', 'sk')",eneɡɾesko,enneɡɾesko
90L_10NL,3,90L_10NL_3_1,0,5250,"('s', 'sk', 'sk')",eneɡɾesko,enneɡɾesko
90L_10NL,3,90L_10NL_3_1,0,5250,"('s', 'sk', 'sk')",eneɡɾesko,enneɡɾesko
90L_10NL,3,90L_10NL_3_1,0,5250,"('s', 'sk', 'sk')",eneɡɾesko,enneɡɾesko
90L_10NL,3,90L_10NL_3_1,0,5250,"('s', 'sk', 'sk')",eneɡɾesko,enneɡɾesko
90L_10NL,3,90L_10NL_3_1,0,5250,"('s', 'sk', 'sk')",eneɡɾesko,enneɡɾesko
90L_10NL,3,90L_10NL_3_1,0,5250,"('s', 'sk', 'sk')",eneɡɾesko,enneɡɾesko
90L_10NL,3,90L_10NL_3_1,0,1750,"('s', 's', 'sk')",eneɡɾesko,enneɡɾesko
90L_10NL,3,90L_10NL_3_1,0,5250,"('s', 'sk', 'sk')",eneɡɾesko,enneɡɾesko
90L_10NL,3,90L_10NL_3_1,0,5250,"('s', 'sk', 'sk')",eneɡɾesko,enneɡɾesko
90L_10NL,3,90L_10NL_3_1,0,5250,"('s', 'sk', 'sk')",eneɡɾesko,enneɡɾesko
90L_10NL,3,90L_10NL_3_1,0,5250,"('s', 'sk', 'sk')",eneɡɾesko,enneɡɾesko
90L_10NL,3,90L_10NL_3_1,0,5250,"('s', 'sk', 'sk')",eneɡɾesko,enneɡɾesko
90L_10NL,3,90L_10NL_3_1,0,5250,"('s', 'sk', 'sk')",eneɡɾesko,enneɡɾesko
90L_10NL,3,90L_10NL_3_1,0,5250,"('s', 'sk', 'sk')",eneɡɾesko,enneɡɾesko
90L_10NL,3,90L_10NL_3_1,0,5250,"('s', 'sk', 'sk')",eneɡɾesko,enneɡɾesko
90L_10NL,3,90L_10NL_3_1,0,5250,"('s', 'sk', 'sk')",eneɡɾesko,enneɡɾesko
90L_10NL,3,90L_10NL_3_1,0,5250,"('s', 'sk', 'sk')",eneɡɾesko,enneɡɾesko
90L_10NL,3,90L_10NL_3_1,0,5250,"('s', 'sk', 'sk')",eneɡɾesko,enneɡɾesko
90L_10NL,3,90L_10NL_3_1,0,5250,"('s', 'sk', 'sk')",eneɡɾesko,enneɡɾesko
90L_10NL,3,90L_10NL_3_1,0,2625,"('sk', 'sk', 'sk')",eneɡɾesko,enneɡɾesko
90L_10NL,3,90L_10NL_3_1,0,2625,"('sk', 'sk', 'sk')",eneɡɾesko,enneɡɾesko
90L_10NL,3,90L_10NL_3_1,0,2625,"('sk', 'sk', 'sk')",eneɡɾesko,enneɡɾesko
90L_10NL,3,90L_10NL_3_1,0,2625,"('sk', 'sk', 'sk')",eneɡɾesko,enneɡɾesko
90L_10NL,3,90L_10NL_3_1,0,2625,"('sk', 'sk', 'sk')",eneɡɾesko,enneɡɾesko
90L_10NL,3,90L_10NL_3_1,0,2625,"('sk', 'sk', 'sk')",eneɡɾesko,enneɡɾesko
90L_10NL,3,90L_10NL_3_1,0,2625,"('sk', 'sk', 'sk')",eneɡɾesko,enneɡɾesko
90L_10NL,3,90L_10NL_3_1,0,2625,"('sk', 'sk', 'sk')",eneɡɾesko,enneɡɾesko
90L_10NL,3,90L_10NL_3_1,0,2625,"('sk', 'sk', 'sk')",eneɡɾesko,enneɡɾesko
90L_10NL,3,90L_10NL_3_1,0,2625,"('sk', 'sk', 'sk')",eneɡɾesko,enneɡɾesko
90L_10NL,3,90L_10NL_3_1,0,2625,"('sk', 'sk', 'sk')",eneɡɾesko,enneɡɾesko
90L_10NL,3,90L_10NL_3_1,0,2625,"('sk', 'sk', 'sk')",eneɡɾesko,enneɡɾesko
90L_10NL,3,90L_10NL_3_1,0,2625,"('sk', 'sk', 'sk')",eneɡɾesko,enneɡɾesko
90L_10NL,3,90L_10NL_3_1,0,2625,"('sk', 'sk', 'sk')",eneɡɾesko,enneɡɾesko
90L_10NL,3,90L_10NL_3_1,0,2625,"('sk', 'sk', 'sk')",eneɡɾesko,enneɡɾesko
90L_10NL,3,90L_10NL_3_1,1,210,"('ç', 'ç', 'ç')",koçejs,koçejs
90L_10NL,3,90L_10NL_3_1,1,210,"('ç', 'ç', 'ç')",koçejs,koçejs
90L_10NL,3,90L_10NL_3_1,1,210,"('ç', 'ç', 'ç')",koçejs,koçejs
90L_10NL,3,90L_10NL_3_1,1,980,"('ç', 'x', 'ç')",koçejs,koçejs
90L_10NL,3,90L_10NL_3_1,1,980,"('ç', 'x', 'ç')",koçejs,koçejs
90L_10NL,3,90L_10NL_3_1,1,980,"('ç', 'x', 'ç')",koçejs,koçejs
90L_10NL,3,90L_10NL_3_1,1,980,"('ç', 'x', 'ç')",koçejs,koçejs
90L_10NL,3,90L_10NL_3_1,1,980,"('ç', 'x', 'ç')",koçejs,koçejs
90L_10NL,3,90L_10NL_3_1,1,980,"('ç', 'x', 'ç')",koçejs,koçejs
90L_10NL,3,90L_10NL_3_1,1,980,"('ç', 'x', 'ç')",koçejs,koçejs
90L_10NL,3,90L_10NL_3_1,1,210,"('ç', 'ç', 'ç')",koçejs,koçejs
90L_10NL,3,90L_10NL_3_1,1,210,"('ç', 'ç', 'ç')",koçejs,koçejs
90L_10NL,3,90L_10NL_3_1,1,980,"('ç', 'x', 'ç')",koçejs,koçejs
90L_10NL,3,90L_10NL_3_1,1,980,"('ç', 'x', 'ç')",koçejs,koçejs
90L_10NL,3,90L_10NL_3_1,1,980,"('ç', 'x', 'ç')",koçejs,koçejs
90L_10NL,3,90L_10NL_3_1,1,980,"('ç', 'x', 'ç')",koçejs,koçejs
90L_10NL,3,90L_10NL_3_1,1,980,"('ç', 'x', 'ç')",koçejs,koçejs
90L_10NL,3,90L_10NL_3_1,1,980,"('ç', 'x', 'ç')",koçejs,koçejs
90L_10NL,3,90L_10NL_3_1,1,980,"('ç', 'x', 'ç')",koçejs,koçejs
90L_10NL,3,90L_10NL_3_1,1,210,"('ç', 'ç', 'ç')",koçejs,koçejs
90L_10NL,3,90L_10NL_3_1,1,980,"('ç', 'x', 'ç')",koçejs,koçejs
90L_10NL,3,90L_10NL_3_1,1,980,"('ç', 'x', 'ç')",koçejs,koçejs
90L_10NL,3,90L_10NL_3_1,1,980,"('ç', 'x', 'ç')",koçejs,koçejs
90L_10NL,3,90L_10NL_3_1,1,980,"('ç', 'x', 'ç')",koçejs,koçejs
90L_10NL,3,90L_10NL_3_1,1,980,"('ç', 'x', 'ç')",koçejs,koçejs
90L_10NL,3,90L_10NL_3_1,1,980,"('ç', 'x', 'ç')",koçejs,koçejs
90L_10NL,3,90L_10NL_3_1,1,980,"('ç', 'x', 'ç')",koçejs,koçejs
90L_10NL,3,90L_10NL_3_1,1,980,"('ç', 'x', 'ç')",koçejs,koçejs
90L_10NL,3,90L_10NL_3_1,1,980,"('ç', 'x', 'ç')",koçejs,koçejs
90L_10NL,3,90L_10NL_3_1,1,980,"('ç', 'x', 'ç')",koçejs,koçejs
90L_10NL,3,90L_10NL_3_1,1,980,"('ç', 'x', 'ç')",koçejs,koçejs
90L_10NL,3,90L_10NL_3_1,1,980,"('ç', 'x', 'ç')",koçejs,koçejs
90L_10NL,3,90L_10NL_3_1,1,980,"('ç', 'x', 'ç')",koçejs,koçejs
90L_10NL,3,90L_10NL_3_1,1,980,"('ç', 'x', 'ç')",koçejs,koçejs
90L_10NL,3,90L_10NL_3_1,1,735,"('x', 'x', 'ç')",koçejs,koçejs
90L_10NL,3,90L_10NL_3_1,1,735,"('x', 'x', 'ç')",koçejs,koçejs
90L_10NL,3,90L_10NL_3_1,1,735,"('x', 'x', 'ç')",koçejs,koçejs
90L_10NL,3,90L_10NL_3_1,1,735,"('x', 'x', 'ç')",koçejs,koçejs
90L_10NL,3,90L_10NL_3_1,1,735,"('x', 'x', 'ç')",koçejs,koçejs
90L_10NL,3,90L_10NL_3_1,1,735,"('x', 'x', 'ç')",koçejs,koçejs
90L_10NL,3,90L_10NL_3_1,1,735,"('x', 'x', 'ç')",koçejs,koçejs
90L_10NL,3,90L_10NL_3_1,1,735,"('x', 'x', 'ç')",koçejs,koçejs
90L_10NL,3,90L_10NL_3_1,1,735,"('x', 'x', 'ç')",koçejs,koçejs
90L_10NL,3,90L_10NL_3_1,1,735,"('x', 'x', 'ç')",koçejs,koçejs
90L_10NL,3,90L_10NL_3_1,1,735,"('x', 'x', 'ç')",koçejs,koçejs
90L_10NL,3,90L_10NL_3_1,1,735,"('x', 'x', 'ç')",koçejs,koçejs
90L_10NL,3,90L_10NL_3_1,1,735,"('x', 'x', 'ç')",koçejs,koçejs
90L_10NL,3,90L_10NL_3_1,1,735,"('x', 'x', 'ç')",koçejs,koçejs
90L_10NL,3,90L_10NL_3_1,1,735,"('x', 'x', 'ç')",koçejs,koçejs
90L_10NL,3,90L_10NL_3_1,1,735,"('x', 'x', 'ç')",koçejs,koçejs
90L_10NL,3,90L_10NL_3_1,1,735,"('x', 'x', 'ç')",koçejs,koçejs
90L_10NL,3,90L_10NL_3_1,1,735,"('x', 'x', 'ç')",koçejs,koçejs
90L_10NL,3,90L_10NL_3_1,1,735,"('x', 'x', 'ç')",koçejs,koçejs
90L_10NL,3,90L_10NL_3_1,1,735,"('x', 'x', 'ç')",koçejs,koçejs
90L_10NL,3,90L_10NL_3_1,1,735,"('x', 'x', 'ç')",koçejs,koçejs
90L_10NL,3,90L_10NL_3_1,1,210,"('ç', 'ç', 'ç')",koçemos,koçemos
90L_10NL,3,90L_10NL_3_1,1,210,"('ç', 'ç', 'ç')",koçemos,koçemos
90L_10NL,3,90L_10NL_3_1,1,210,"('ç', 'ç', 'ç')",koçemos,koçemos
90L_10NL,3,90L_10NL_3_1,1,980,"('ç', 'x', 'ç')",koçemos,koçemos
90L_10NL,3,90L_10NL_3_1,1,980,"('ç', 'x', 'ç')",koçemos,koçemos
90L_10NL,3,90L_10NL_3_1,1,980,"('ç', 'x', 'ç')",koçemos,koçemos
90L_10NL,3,90L_10NL_3_1,1,980,"('ç', 'x', 'ç')",koçemos,koçemos
90L_10NL,3,90L_10NL_3_1,1,980,"('ç', 'x', 'ç')",koçemos,koçemos
90L_10NL,3,90L_10NL_3_1,1,980,"('ç', 'x', 'ç')",koçemos,koçemos
90L_10NL,3,90L_10NL_3_1,1,980,"('ç', 'x', 'ç')",koçemos,koçemos
90L_10NL,3,90L_10NL_3_1,1,210,"('ç', 'ç', 'ç')",koçemos,koçemos
90L_10NL,3,90L_10NL_3_1,1,210,"('ç', 'ç', 'ç')",koçemos,koçemos
90L_10NL,3,90L_10NL_3_1,1,980,"('ç', 'x', 'ç')",koçemos,koçemos
90L_10NL,3,90L_10NL_3_1,1,980,"('ç', 'x', 'ç')",koçemos,koçemos
90L_10NL,3,90L_10NL_3_1,1,980,"('ç', 'x', 'ç')",koçemos,koçemos
90L_10NL,3,90L_10NL_3_1,1,980,"('ç', 'x', 'ç')",koçemos,koçemos
90L_10NL,3,90L_10NL_3_1,1,980,"('ç', 'x', 'ç')",koçemos,koçemos
90L_10NL,3,90L_10NL_3_1,1,980,"('ç', 'x', 'ç')",koçemos,koçemos
90L_10NL,3,90L_10NL_3_1,1,980,"('ç', 'x', 'ç')",koçemos,koçemos
90L_10NL,3,90L_10NL_3_1,1,210,"('ç', 'ç', 'ç')",koçemos,koçemos
90L_10NL,3,90L_10NL_3_1,1,980,"('ç', 'x', 'ç')",koçemos,koçemos
90L_10NL,3,90L_10NL_3_1,1,980,"('ç', 'x', 'ç')",koçemos,koçemos
90L_10NL,3,90L_10NL_3_1,1,980,"('ç', 'x', 'ç')",koçemos,koçemos
90L_10NL,3,90L_10NL_3_1,1,980,"('ç', 'x', 'ç')",koçemos,koçemos
90L_10NL,3,90L_10NL_3_1,1,980,"('ç', 'x', 'ç')",koçemos,koçemos
90L_10NL,3,90L_10NL_3_1,1,980,"('ç', 'x', 'ç')",koçemos,koçemos
90L_10NL,3,90L_10NL_3_1,1,980,"('ç', 'x', 'ç')",koçemos,koçemos
90L_10NL,3,90L_10NL_3_1,1,980,"('ç', 'x', 'ç')",koçemos,koçemos
90L_10NL,3,90L_10NL_3_1,1,980,"('ç', 'x', 'ç')",koçemos,koçemos
90L_10NL,3,90L_10NL_3_1,1,980,"('ç', 'x', 'ç')",koçemos,koçemos
90L_10NL,3,90L_10NL_3_1,1,980,"('ç', 'x', 'ç')",koçemos,koçemos
90L_10NL,3,90L_10NL_3_1,1,980,"('ç', 'x', 'ç')",koçemos,koçemos
90L_10NL,3,90L_10NL_3_1,1,980,"('ç', 'x', 'ç')",koçemos,koçemos
90L_10NL,3,90L_10NL_3_1,1,980,"('ç', 'x', 'ç')",koçemos,koçemos
90L_10NL,3,90L_10NL_3_1,1,735,"('x', 'x', 'ç')",koçemos,koçemos
90L_10NL,3,90L_10NL_3_1,1,735,"('x', 'x', 'ç')",koçemos,koçemos
90L_10NL,3,90L_10NL_3_1,1,735,"('x', 'x', 'ç')",koçemos,koçemos
90L_10NL,3,90L_10NL_3_1,1,735,"('x', 'x', 'ç')",koçemos,koçemos
90L_10NL,3,90L_10NL_3_1,1,735,"('x', 'x', 'ç')",koçemos,koçemos
90L_10NL,3,90L_10NL_3_1,1,735,"('x', 'x', 'ç')",koçemos,koçemos
90L_10NL,3,90L_10NL_3_1,1,735,"('x', 'x', 'ç')",koçemos,koçemos
90L_10NL,3,90L_10NL_3_1,1,735,"('x', 'x', 'ç')",koçemos,koçemos
90L_10NL,3,90L_10NL_3_1,1,735,"('x', 'x', 'ç')",koçemos,koçemos
90L_10NL,3,90L_10NL_3_1,1,735,"('x', 'x', 'ç')",koçemos,koçemos
90L_10NL,3,90L_10NL_3_1,1,735,"('x', 'x', 'ç')",koçemos,koçemos
90L_10NL,3,90L_10NL_3_1,1,735,"('x', 'x', 'ç')",koçemos,koçemos
90L_10NL,3,90L_10NL_3_1,1,735,"('x', 'x', 'ç')",koçemos,koçemos
90L_10NL,3,90L_10NL_3_1,1,735,"('x', 'x', 'ç')",koçemos,koçemos
90L_10NL,3,90L_10NL_3_1,1,735,"('x', 'x', 'ç')",koçemos,koçemos
90L_10NL,3,90L_10NL_3_1,1,735,"('x', 'x', 'ç')",koçemos,koçemos
90L_10NL,3,90L_10NL_3_1,1,735,"('x', 'x', 'ç')",koçemos,koçemos
90L_10NL,3,90L_10NL_3_1,1,735,"('x', 'x', 'ç')",koçemos,koçemos
90L_10NL,3,90L_10NL_3_1,1,735,"('x', 'x', 'ç')",koçemos,koçemos
90L_10NL,3,90L_10NL_3_1,1,735,"('x', 'x', 'ç')",koçemos,koçemos
90L_10NL,3,90L_10NL_3_1,1,735,"('x', 'x', 'ç')",koçemos,koçemos
90L_10NL,3,90L_10NL_3_1,1,210,"('ç', 'ç', 'ç')",koçen,koçen
90L_10NL,3,90L_10NL_3_1,1,210,"('ç', 'ç', 'ç')",koçen,koçen
90L_10NL,3,90L_10NL_3_1,1,210,"('ç', 'ç', 'ç')",koçen,koçen
90L_10NL,3,90L_10NL_3_1,1,980,"('ç', 'x', 'ç')",koçen,koçen
90L_10NL,3,90L_10NL_3_1,1,980,"('ç', 'x', 'ç')",koçen,koçen
90L_10NL,3,90L_10NL_3_1,1,980,"('ç', 'x', 'ç')",koçen,koçen
90L_10NL,3,90L_10NL_3_1,1,980,"('ç', 'x', 'ç')",koçen,koçen
90L_10NL,3,90L_10NL_3_1,1,980,"('ç', 'x', 'ç')",koçen,koçen
90L_10NL,3,90L_10NL_3_1,1,980,"('ç', 'x', 'ç')",koçen,koçen
90L_10NL,3,90L_10NL_3_1,1,980,"('ç', 'x', 'ç')",koçen,koçen
90L_10NL,3,90L_10NL_3_1,1,210,"('ç', 'ç', 'ç')",koçen,koçen
90L_10NL,3,90L_10NL_3_1,1,210,"('ç', 'ç', 'ç')",koçen,koçen
90L_10NL,3,90L_10NL_3_1,1,980,"('ç', 'x', 'ç')",koçen,koçen
90L_10NL,3,90L_10NL_3_1,1,980,"('ç', 'x', 'ç')",koçen,koçen
90L_10NL,3,90L_10NL_3_1,1,980,"('ç', 'x', 'ç')",koçen,koçen
90L_10NL,3,90L_10NL_3_1,1,980,"('ç', 'x', 'ç')",koçen,koçen
90L_10NL,3,90L_10NL_3_1,1,980,"('ç', 'x', 'ç')",koçen,koçen
90L_10NL,3,90L_10NL_3_1,1,980,"('ç', 'x', 'ç')",koçen,koçen
90L_10NL,3,90L_10NL_3_1,1,980,"('ç', 'x', 'ç')",koçen,koçen
90L_10NL,3,90L_10NL_3_1,1,210,"('ç', 'ç', 'ç')",koçen,koçen
90L_10NL,3,90L_10NL_3_1,1,980,"('ç', 'x', 'ç')",koçen,koçen
90L_10NL,3,90L_10NL_3_1,1,980,"('ç', 'x', 'ç')",koçen,koçen
90L_10NL,3,90L_10NL_3_1,1,980,"('ç', 'x', 'ç')",koçen,koçen
90L_10NL,3,90L_10NL_3_1,1,980,"('ç', 'x', 'ç')",koçen,koçen
90L_10NL,3,90L_10NL_3_1,1,980,"('ç', 'x', 'ç')",koçen,koçen
90L_10NL,3,90L_10NL_3_1,1,980,"('ç', 'x', 'ç')",koçen,koçen
90L_10NL,3,90L_10NL_3_1,1,980,"('ç', 'x', 'ç')",koçen,koçen
90L_10NL,3,90L_10NL_3_1,1,980,"('ç', 'x', 'ç')",koçen,koçen
90L_10NL,3,90L_10NL_3_1,1,980,"('ç', 'x', 'ç')",koçen,koçen
90L_10NL,3,90L_10NL_3_1,1,980,"('ç', 'x', 'ç')",koçen,koçen
90L_10NL,3,90L_10NL_3_1,1,980,"('ç', 'x', 'ç')",koçen,koçen
90L_10NL,3,90L_10NL_3_1,1,980,"('ç', 'x', 'ç')",koçen,koçen
90L_10NL,3,90L_10NL_3_1,1,980,"('ç', 'x', 'ç')",koçen,koçen
90L_10NL,3,90L_10NL_3_1,1,980,"('ç', 'x', 'ç')",koçen,koçen
90L_10NL,3,90L_10NL_3_1,1,735,"('x', 'x', 'ç')",koçen,koçen
90L_10NL,3,90L_10NL_3_1,1,735,"('x', 'x', 'ç')",koçen,koçen
90L_10NL,3,90L_10NL_3_1,1,735,"('x', 'x', 'ç')",koçen,koçen
90L_10NL,3,90L_10NL_3_1,1,735,"('x', 'x', 'ç')",koçen,koçen
90L_10NL,3,90L_10NL_3_1,1,735,"('x', 'x', 'ç')",koçen,koçen
90L_10NL,3,90L_10NL_3_1,1,735,"('x', 'x', 'ç')",koçen,koçen
90L_10NL,3,90L_10NL_3_1,1,735,"('x', 'x', 'ç')",koçen,koçen
90L_10NL,3,90L_10NL_3_1,1,735,"('x', 'x', 'ç')",koçen,koçen
90L_10NL,3,90L_10NL_3_1,1,735,"('x', 'x', 'ç')",koçen,koçen
90L_10NL,3,90L_10NL_3_1,1,735,"('x', 'x', 'ç')",koçen,koçen
90L_10NL,3,90L_10NL_3_1,1,735,"('x', 'x', 'ç')",koçen,koçen
90L_10NL,3,90L_10NL_3_1,1,735,"('x', 'x', 'ç')",koçen,koçen
90L_10NL,3,90L_10NL_3_1,1,735,"('x', 'x', 'ç')",koçen,koçen
90L_10NL,3,90L_10NL_3_1,1,735,"('x', 'x', 'ç')",koçen,koçen
90L_10NL,3,90L_10NL_3_1,1,735,"('x', 'x', 'ç')",koçen,koçen
90L_10NL,3,90L_10NL_3_1,1,735,"('x', 'x', 'ç')",koçen,koçen
90L_10NL,3,90L_10NL_3_1,1,735,"('x', 'x', 'ç')",koçen,koçen
90L_10NL,3,90L_10NL_3_1,1,735,"('x', 'x', 'ç')",koçen,koçen
90L_10NL,3,90L_10NL_3_1,1,735,"('x', 'x', 'ç')",koçen,koçen
90L_10NL,3,90L_10NL_3_1,1,735,"('x', 'x', 'ç')",koçen,koçen
90L_10NL,3,90L_10NL_3_1,1,735,"('x', 'x', 'ç')",koçen,koçen
90L_10NL,3,90L_10NL_3_1,1,210,"('ç', 'ç', 'ç')",koçes,koçes
90L_10NL,3,90L_10NL_3_1,1,210,"('ç', 'ç', 'ç')",koçes,koçes
90L_10NL,3,90L_10NL_3_1,1,210,"('ç', 'ç', 'ç')",koçes,koçes
90L_10NL,3,90L_10NL_3_1,1,980,"('ç', 'x', 'ç')",koçes,koçes
90L_10NL,3,90L_10NL_3_1,1,980,"('ç', 'x', 'ç')",koçes,koçes
90L_10NL,3,90L_10NL_3_1,1,980,"('ç', 'x', 'ç')",koçes,koçes
90L_10NL,3,90L_10NL_3_1,1,980,"('ç', 'x', 'ç')",koçes,koçes
90L_10NL,3,90L_10NL_3_1,1,980,"('ç', 'x', 'ç')",koçes,koçes
90L_10NL,3,90L_10NL_3_1,1,980,"('ç', 'x', 'ç')",koçes,koçes
90L_10NL,3,90L_10NL_3_1,1,980,"('ç', 'x', 'ç')",koçes,koçes
90L_10NL,3,90L_10NL_3_1,1,210,"('ç', 'ç', 'ç')",koçes,koçes
90L_10NL,3,90L_10NL_3_1,1,210,"('ç', 'ç', 'ç')",koçes,koçes
90L_10NL,3,90L_10NL_3_1,1,980,"('ç', 'x', 'ç')",koçes,koçes
90L_10NL,3,90L_10NL_3_1,1,980,"('ç', 'x', 'ç')",koçes,koçes
90L_10NL,3,90L_10NL_3_1,1,980,"('ç', 'x', 'ç')",koçes,koçes
90L_10NL,3,90L_10NL_3_1,1,980,"('ç', 'x', 'ç')",koçes,koçes
90L_10NL,3,90L_10NL_3_1,1,980,"('ç', 'x', 'ç')",koçes,koçes
90L_10NL,3,90L_10NL_3_1,1,980,"('ç', 'x', 'ç')",koçes,koçes
90L_10NL,3,90L_10NL_3_1,1,980,"('ç', 'x', 'ç')",koçes,koçes
90L_10NL,3,90L_10NL_3_1,1,210,"('ç', 'ç', 'ç')",koçes,koçes
90L_10NL,3,90L_10NL_3_1,1,980,"('ç', 'x', 'ç')",koçes,koçes
90L_10NL,3,90L_10NL_3_1,1,980,"('ç', 'x', 'ç')",koçes,koçes
90L_10NL,3,90L_10NL_3_1,1,980,"('ç', 'x', 'ç')",koçes,koçes
90L_10NL,3,90L_10NL_3_1,1,980,"('ç', 'x', 'ç')",koçes,koçes
90L_10NL,3,90L_10NL_3_1,1,980,"('ç', 'x', 'ç')",koçes,koçes
90L_10NL,3,90L_10NL_3_1,1,980,"('ç', 'x', 'ç')",koçes,koçes
90L_10NL,3,90L_10NL_3_1,1,980,"('ç', 'x', 'ç')",koçes,koçes
90L_10NL,3,90L_10NL_3_1,1,980,"('ç', 'x', 'ç')",koçes,koçes
90L_10NL,3,90L_10NL_3_1,1,980,"('ç', 'x', 'ç')",koçes,koçes
90L_10NL,3,90L_10NL_3_1,1,980,"('ç', 'x', 'ç')",koçes,koçes
90L_10NL,3,90L_10NL_3_1,1,980,"('ç', 'x', 'ç')",koçes,koçes
90L_10NL,3,90L_10NL_3_1,1,980,"('ç', 'x', 'ç')",koçes,koçes
90L_10NL,3,90L_10NL_3_1,1,980,"('ç', 'x', 'ç')",koçes,koçes
90L_10NL,3,90L_10NL_3_1,1,980,"('ç', 'x', 'ç')",koçes,koçes
90L_10NL,3,90L_10NL_3_1,1,735,"('x', 'x', 'ç')",koçes,koçes
90L_10NL,3,90L_10NL_3_1,1,735,"('x', 'x', 'ç')",koçes,koçes
90L_10NL,3,90L_10NL_3_1,1,735,"('x', 'x', 'ç')",koçes,koçes
90L_10NL,3,90L_10NL_3_1,1,735,"('x', 'x', 'ç')",koçes,koçes
90L_10NL,3,90L_10NL_3_1,1,735,"('x', 'x', 'ç')",koçes,koçes
90L_10NL,3,90L_10NL_3_1,1,735,"('x', 'x', 'ç')",koçes,koçes
90L_10NL,3,90L_10NL_3_1,1,735,"('x', 'x', 'ç')",koçes,koçes
90L_10NL,3,90L_10NL_3_1,1,735,"('x', 'x', 'ç')",koçes,koçes
90L_10NL,3,90L_10NL_3_1,1,735,"('x', 'x', 'ç')",koçes,koçes
90L_10NL,3,90L_10NL_3_1,1,735,"('x', 'x', 'ç')",koçes,koçes
90L_10NL,3,90L_10NL_3_1,1,735,"('x', 'x', 'ç')",koçes,koçes
90L_10NL,3,90L_10NL_3_1,1,735,"('x', 'x', 'ç')",koçes,koçes
90L_10NL,3,90L_10NL_3_1,1,735,"('x', 'x', 'ç')",koçes,koçes
90L_10NL,3,90L_10NL_3_1,1,735,"('x', 'x', 'ç')",koçes,koçes
90L_10NL,3,90L_10NL_3_1,1,735,"('x', 'x', 'ç')",koçes,koçes
90L_10NL,3,90L_10NL_3_1,1,735,"('x', 'x', 'ç')",koçes,koçes
90L_10NL,3,90L_10NL_3_1,1,735,"('x', 'x', 'ç')",koçes,koçes
90L_10NL,3,90L_10NL_3_1,1,735,"('x', 'x', 'ç')",koçes,koçes
90L_10NL,3,90L_10NL_3_1,1,735,"('x', 'x', 'ç')",koçes,koçes
90L_10NL,3,90L_10NL_3_1,1,735,"('x', 'x', 'ç')",koçes,koçes
90L_10NL,3,90L_10NL_3_1,1,735,"('x', 'x', 'ç')",koçes,koçes
90L_10NL,3,90L_10NL_3_1,1,210,"('ç', 'ç', 'ç')",koçe,koçe
90L_10NL,3,90L_10NL_3_1,1,210,"('ç', 'ç', 'ç')",koçe,koçe
90L_10NL,3,90L_10NL_3_1,1,210,"('ç', 'ç', 'ç')",koçe,koçe
90L_10NL,3,90L_10NL_3_1,1,980,"('ç', 'x', 'ç')",koçe,koçe
90L_10NL,3,90L_10NL_3_1,1,980,"('ç', 'x', 'ç')",koçe,koçe
90L_10NL,3,90L_10NL_3_1,1,980,"('ç', 'x', 'ç')",koçe,koçe
90L_10NL,3,90L_10NL_3_1,1,980,"('ç', 'x', 'ç')",koçe,koçe
90L_10NL,3,90L_10NL_3_1,1,980,"('ç', 'x', 'ç')",koçe,koçe
90L_10NL,3,90L_10NL_3_1,1,980,"('ç', 'x', 'ç')",koçe,koçe
90L_10NL,3,90L_10NL_3_1,1,980,"('ç', 'x', 'ç')",koçe,koçe
90L_10NL,3,90L_10NL_3_1,1,210,"('ç', 'ç', 'ç')",koçe,koçe
90L_10NL,3,90L_10NL_3_1,1,210,"('ç', 'ç', 'ç')",koçe,koçe
90L_10NL,3,90L_10NL_3_1,1,980,"('ç', 'x', 'ç')",koçe,koçe
90L_10NL,3,90L_10NL_3_1,1,980,"('ç', 'x', 'ç')",koçe,koçe
90L_10NL,3,90L_10NL_3_1,1,980,"('ç', 'x', 'ç')",koçe,koçe
90L_10NL,3,90L_10NL_3_1,1,980,"('ç', 'x', 'ç')",koçe,koçe
90L_10NL,3,90L_10NL_3_1,1,980,"('ç', 'x', 'ç')",koçe,koçe
90L_10NL,3,90L_10NL_3_1,1,980,"('ç', 'x', 'ç')",koçe,koçe
90L_10NL,3,90L_10NL_3_1,1,980,"('ç', 'x', 'ç')",koçe,koçe
90L_10NL,3,90L_10NL_3_1,1,210,"('ç', 'ç', 'ç')",koçe,koçe
90L_10NL,3,90L_10NL_3_1,1,980,"('ç', 'x', 'ç')",koçe,koçe
90L_10NL,3,90L_10NL_3_1,1,980,"('ç', 'x', 'ç')",koçe,koçe
90L_10NL,3,90L_10NL_3_1,1,980,"('ç', 'x', 'ç')",koçe,koçe
90L_10NL,3,90L_10NL_3_1,1,980,"('ç', 'x', 'ç')",koçe,koçe
90L_10NL,3,90L_10NL_3_1,1,980,"('ç', 'x', 'ç')",koçe,koçe
90L_10NL,3,90L_10NL_3_1,1,980,"('ç', 'x', 'ç')",koçe,koçe
90L_10NL,3,90L_10NL_3_1,1,980,"('ç', 'x', 'ç')",koçe,koçe
90L_10NL,3,90L_10NL_3_1,1,980,"('ç', 'x', 'ç')",koçe,koçe
90L_10NL,3,90L_10NL_3_1,1,980,"('ç', 'x', 'ç')",koçe,koçe
90L_10NL,3,90L_10NL_3_1,1,980,"('ç', 'x', 'ç')",koçe,koçe
90L_10NL,3,90L_10NL_3_1,1,980,"('ç', 'x', 'ç')",koçe,koçe
90L_10NL,3,90L_10NL_3_1,1,980,"('ç', 'x', 'ç')",koçe,koçe
90L_10NL,3,90L_10NL_3_1,1,980,"('ç', 'x', 'ç')",koçe,koçe
90L_10NL,3,90L_10NL_3_1,1,980,"('ç', 'x', 'ç')",koçe,koçe
90L_10NL,3,90L_10NL_3_1,1,735,"('x', 'x', 'ç')",koçe,koçe
90L_10NL,3,90L_10NL_3_1,1,735,"('x', 'x', 'ç')",koçe,koçe
90L_10NL,3,90L_10NL_3_1,1,735,"('x', 'x', 'ç')",koçe,koçe
90L_10NL,3,90L_10NL_3_1,1,735,"('x', 'x', 'ç')",koçe,koçe
90L_10NL,3,90L_10NL_3_1,1,735,"('x', 'x', 'ç')",koçe,koçe
90L_10NL,3,90L_10NL_3_1,1,735,"('x', 'x', 'ç')",koçe,koçe
90L_10NL,3,90L_10NL_3_1,1,735,"('x', 'x', 'ç')",koçe,koçe
90L_10NL,3,90L_10NL_3_1,1,735,"('x', 'x', 'ç')",koçe,koçe
90L_10NL,3,90L_10NL_3_1,1,735,"('x', 'x', 'ç')",koçe,koçe
90L_10NL,3,90L_10NL_3_1,1,735,"('x', 'x', 'ç')",koçe,koçe
90L_10NL,3,90L_10NL_3_1,1,735,"('x', 'x', 'ç')",koçe,koçe
90L_10NL,3,90L_10NL_3_1,1,735,"('x', 'x', 'ç')",koçe,koçe
90L_10NL,3,90L_10NL_3_1,1,735,"('x', 'x', 'ç')",koçe,koçe
90L_10NL,3,90L_10NL_3_1,1,735,"('x', 'x', 'ç')",koçe,koçe
90L_10NL,3,90L_10NL_3_1,1,735,"('x', 'x', 'ç')",koçe,koçe
90L_10NL,3,90L_10NL_3_1,1,735,"('x', 'x', 'ç')",koçe,koçe
90L_10NL,3,90L_10NL_3_1,1,735,"('x', 'x', 'ç')",koçe,koçe
90L_10NL,3,90L_10NL_3_1,1,735,"('x', 'x', 'ç')",koçe,koçe
90L_10NL,3,90L_10NL_3_1,1,735,"('x', 'x', 'ç')",koçe,koçe
90L_10NL,3,90L_10NL_3_1,1,735,"('x', 'x', 'ç')",koçe,koçe
90L_10NL,3,90L_10NL_3_1,1,735,"('x', 'x', 'ç')",koçe,koçe
90L_10NL,3,90L_10NL_3_1,1,490,"('ç', 'ç', 'x')",koxajs,koxajs
90L_10NL,3,90L_10NL_3_1,1,490,"('ç', 'ç', 'x')",koxajs,koxajs
90L_10NL,3,90L_10NL_3_1,1,490,"('ç', 'ç', 'x')",koxajs,koxajs
90L_10NL,3,90L_10NL_3_1,1,490,"('ç', 'ç', 'x')",koxajs,koxajs
90L_10NL,3,90L_10NL_3_1,1,1470,"('ç', 'x', 'x')",koxajs,koxajs
90L_10NL,3,90L_10NL_3_1,1,1470,"('ç', 'x', 'x')",koxajs,koxajs
90L_10NL,3,90L_10NL_3_1,1,1470,"('ç', 'x', 'x')",koxajs,koxajs
90L_10NL,3,90L_10NL_3_1,1,1470,"('ç', 'x', 'x')",koxajs,koxajs
90L_10NL,3,90L_10NL_3_1,1,1470,"('ç', 'x', 'x')",koxajs,koxajs
90L_10NL,3,90L_10NL_3_1,1,1470,"('ç', 'x', 'x')",koxajs,koxajs
90L_10NL,3,90L_10NL_3_1,1,490,"('ç', 'ç', 'x')",koxajs,koxajs
90L_10NL,3,90L_10NL_3_1,1,490,"('ç', 'ç', 'x')",koxajs,koxajs
90L_10NL,3,90L_10NL_3_1,1,490,"('ç', 'ç', 'x')",koxajs,koxajs
90L_10NL,3,90L_10NL_3_1,1,1470,"('ç', 'x', 'x')",koxajs,koxajs
90L_10NL,3,90L_10NL_3_1,1,1470,"('ç', 'x', 'x')",koxajs,koxajs
90L_10NL,3,90L_10NL_3_1,1,1470,"('ç', 'x', 'x')",koxajs,koxajs
90L_10NL,3,90L_10NL_3_1,1,1470,"('ç', 'x', 'x')",koxajs,koxajs
90L_10NL,3,90L_10NL_3_1,1,1470,"('ç', 'x', 'x')",koxajs,koxajs
90L_10NL,3,90L_10NL_3_1,1,1470,"('ç', 'x', 'x')",koxajs,koxajs
90L_10NL,3,90L_10NL_3_1,1,490,"('ç', 'ç', 'x')",koxajs,koxajs
90L_10NL,3,90L_10NL_3_1,1,490,"('ç', 'ç', 'x')",koxajs,koxajs
90L_10NL,3,90L_10NL_3_1,1,1470,"('ç', 'x', 'x')",koxajs,koxajs
90L_10NL,3,90L_10NL_3_1,1,1470,"('ç', 'x', 'x')",koxajs,koxajs
90L_10NL,3,90L_10NL_3_1,1,1470,"('ç', 'x', 'x')",koxajs,koxajs
90L_10NL,3,90L_10NL_3_1,1,1470,"('ç', 'x', 'x')",koxajs,koxajs
90L_10NL,3,90L_10NL_3_1,1,1470,"('ç', 'x', 'x')",koxajs,koxajs
90L_10NL,3,90L_10NL_3_1,1,1470,"('ç', 'x', 'x')",koxajs,koxajs
90L_10NL,3,90L_10NL_3_1,1,490,"('ç', 'ç', 'x')",koxajs,koxajs
90L_10NL,3,90L_10NL_3_1,1,1470,"('ç', 'x', 'x')",koxajs,koxajs
90L_10NL,3,90L_10NL_3_1,1,1470,"('ç', 'x', 'x')",koxajs,koxajs
90L_10NL,3,90L_10NL_3_1,1,1470,"('ç', 'x', 'x')",koxajs,koxajs
90L_10NL,3,90L_10NL_3_1,1,1470,"('ç', 'x', 'x')",koxajs,koxajs
90L_10NL,3,90L_10NL_3_1,1,1470,"('ç', 'x', 'x')",koxajs,koxajs
90L_10NL,3,90L_10NL_3_1,1,1470,"('ç', 'x', 'x')",koxajs,koxajs
90L_10NL,3,90L_10NL_3_1,1,1470,"('ç', 'x', 'x')",koxajs,koxajs
90L_10NL,3,90L_10NL_3_1,1,1470,"('ç', 'x', 'x')",koxajs,koxajs
90L_10NL,3,90L_10NL_3_1,1,1470,"('ç', 'x', 'x')",koxajs,koxajs
90L_10NL,3,90L_10NL_3_1,1,1470,"('ç', 'x', 'x')",koxajs,koxajs
90L_10NL,3,90L_10NL_3_1,1,1470,"('ç', 'x', 'x')",koxajs,koxajs
90L_10NL,3,90L_10NL_3_1,1,1470,"('ç', 'x', 'x')",koxajs,koxajs
90L_10NL,3,90L_10NL_3_1,1,735,"('x', 'x', 'x')",koxajs,koxajs
90L_10NL,3,90L_10NL_3_1,1,735,"('x', 'x', 'x')",koxajs,koxajs
90L_10NL,3,90L_10NL_3_1,1,735,"('x', 'x', 'x')",koxajs,koxajs
90L_10NL,3,90L_10NL_3_1,1,735,"('x', 'x', 'x')",koxajs,koxajs
90L_10NL,3,90L_10NL_3_1,1,735,"('x', 'x', 'x')",koxajs,koxajs
90L_10NL,3,90L_10NL_3_1,1,735,"('x', 'x', 'x')",koxajs,koxajs
90L_10NL,3,90L_10NL_3_1,1,735,"('x', 'x', 'x')",koxajs,koxajs
90L_10NL,3,90L_10NL_3_1,1,735,"('x', 'x', 'x')",koxajs,koxajs
90L_10NL,3,90L_10NL_3_1,1,735,"('x', 'x', 'x')",koxajs,koxajs
90L_10NL,3,90L_10NL_3_1,1,735,"('x', 'x', 'x')",koxajs,koxajs
90L_10NL,3,90L_10NL_3_1,1,735,"('x', 'x', 'x')",koxajs,koxajs
90L_10NL,3,90L_10NL_3_1,1,735,"('x', 'x', 'x')",koxajs,koxajs
90L_10NL,3,90L_10NL_3_1,1,735,"('x', 'x', 'x')",koxajs,koxajs
90L_10NL,3,90L_10NL_3_1,1,735,"('x', 'x', 'x')",koxajs,koxajs
90L_10NL,3,90L_10NL_3_1,1,735,"('x', 'x', 'x')",koxajs,koxajs
90L_10NL,3,90L_10NL_3_1,1,490,"('ç', 'ç', 'x')",koxamos,koxamos
90L_10NL,3,90L_10NL_3_1,1,490,"('ç', 'ç', 'x')",koxamos,koxamos
90L_10NL,3,90L_10NL_3_1,1,490,"('ç', 'ç', 'x')",koxamos,koxamos
90L_10NL,3,90L_10NL_3_1,1,490,"('ç', 'ç', 'x')",koxamos,koxamos
90L_10NL,3,90L_10NL_3_1,1,1470,"('ç', 'x', 'x')",koxamos,koxamos
90L_10NL,3,90L_10NL_3_1,1,1470,"('ç', 'x', 'x')",koxamos,koxamos
90L_10NL,3,90L_10NL_3_1,1,1470,"('ç', 'x', 'x')",koxamos,koxamos
90L_10NL,3,90L_10NL_3_1,1,1470,"('ç', 'x', 'x')",koxamos,koxamos
90L_10NL,3,90L_10NL_3_1,1,1470,"('ç', 'x', 'x')",koxamos,koxamos
90L_10NL,3,90L_10NL_3_1,1,1470,"('ç', 'x', 'x')",koxamos,koxamos
90L_10NL,3,90L_10NL_3_1,1,490,"('ç', 'ç', 'x')",koxamos,koxamos
90L_10NL,3,90L_10NL_3_1,1,490,"('ç', 'ç', 'x')",koxamos,koxamos
90L_10NL,3,90L_10NL_3_1,1,490,"('ç', 'ç', 'x')",koxamos,koxamos
90L_10NL,3,90L_10NL_3_1,1,1470,"('ç', 'x', 'x')",koxamos,koxamos
90L_10NL,3,90L_10NL_3_1,1,1470,"('ç', 'x', 'x')",koxamos,koxamos
90L_10NL,3,90L_10NL_3_1,1,1470,"('ç', 'x', 'x')",koxamos,koxamos
90L_10NL,3,90L_10NL_3_1,1,1470,"('ç', 'x', 'x')",koxamos,koxamos
90L_10NL,3,90L_10NL_3_1,1,1470,"('ç', 'x', 'x')",koxamos,koxamos
90L_10NL,3,90L_10NL_3_1,1,1470,"('ç', 'x', 'x')",koxamos,koxamos
90L_10NL,3,90L_10NL_3_1,1,490,"('ç', 'ç', 'x')",koxamos,koxamos
90L_10NL,3,90L_10NL_3_1,1,490,"('ç', 'ç', 'x')",koxamos,koxamos
90L_10NL,3,90L_10NL_3_1,1,1470,"('ç', 'x', 'x')",koxamos,koxamos
90L_10NL,3,90L_10NL_3_1,1,1470,"('ç', 'x', 'x')",koxamos,koxamos
90L_10NL,3,90L_10NL_3_1,1,1470,"('ç', 'x', 'x')",koxamos,koxamos
90L_10NL,3,90L_10NL_3_1,1,1470,"('ç', 'x', 'x')",koxamos,koxamos
90L_10NL,3,90L_10NL_3_1,1,1470,"('ç', 'x', 'x')",koxamos,koxamos
90L_10NL,3,90L_10NL_3_1,1,1470,"('ç', 'x', 'x')",koxamos,koxamos
90L_10NL,3,90L_10NL_3_1,1,490,"('ç', 'ç', 'x')",koxamos,koxamos
90L_10NL,3,90L_10NL_3_1,1,1470,"('ç', 'x', 'x')",koxamos,koxamos
90L_10NL,3,90L_10NL_3_1,1,1470,"('ç', 'x', 'x')",koxamos,koxamos
90L_10NL,3,90L_10NL_3_1,1,1470,"('ç', 'x', 'x')",koxamos,koxamos
90L_10NL,3,90L_10NL_3_1,1,1470,"('ç', 'x', 'x')",koxamos,koxamos
90L_10NL,3,90L_10NL_3_1,1,1470,"('ç', 'x', 'x')",koxamos,koxamos
90L_10NL,3,90L_10NL_3_1,1,1470,"('ç', 'x', 'x')",koxamos,koxamos
90L_10NL,3,90L_10NL_3_1,1,1470,"('ç', 'x', 'x')",koxamos,koxamos
90L_10NL,3,90L_10NL_3_1,1,1470,"('ç', 'x', 'x')",koxamos,koxamos
90L_10NL,3,90L_10NL_3_1,1,1470,"('ç', 'x', 'x')",koxamos,koxamos
90L_10NL,3,90L_10NL_3_1,1,1470,"('ç', 'x', 'x')",koxamos,koxamos
90L_10NL,3,90L_10NL_3_1,1,1470,"('ç', 'x', 'x')",koxamos,koxamos
90L_10NL,3,90L_10NL_3_1,1,1470,"('ç', 'x', 'x')",koxamos,koxamos
90L_10NL,3,90L_10NL_3_1,1,735,"('x', 'x', 'x')",koxamos,koxamos
90L_10NL,3,90L_10NL_3_1,1,735,"('x', 'x', 'x')",koxamos,koxamos
90L_10NL,3,90L_10NL_3_1,1,735,"('x', 'x', 'x')",koxamos,koxamos
90L_10NL,3,90L_10NL_3_1,1,735,"('x', 'x', 'x')",koxamos,koxamos
90L_10NL,3,90L_10NL_3_1,1,735,"('x', 'x', 'x')",koxamos,koxamos
90L_10NL,3,90L_10NL_3_1,1,735,"('x', 'x', 'x')",koxamos,koxamos
90L_10NL,3,90L_10NL_3_1,1,735,"('x', 'x', 'x')",koxamos,koxamos
90L_10NL,3,90L_10NL_3_1,1,735,"('x', 'x', 'x')",koxamos,koxamos
90L_10NL,3,90L_10NL_3_1,1,735,"('x', 'x', 'x')",koxamos,koxamos
90L_10NL,3,90L_10NL_3_1,1,735,"('x', 'x', 'x')",koxamos,koxamos
90L_10NL,3,90L_10NL_3_1,1,735,"('x', 'x', 'x')",koxamos,koxamos
90L_10NL,3,90L_10NL_3_1,1,735,"('x', 'x', 'x')",koxamos,koxamos
90L_10NL,3,90L_10NL_3_1,1,735,"('x', 'x', 'x')",koxamos,koxamos
90L_10NL,3,90L_10NL_3_1,1,735,"('x', 'x', 'x')",koxamos,koxamos
90L_10NL,3,90L_10NL_3_1,1,735,"('x', 'x', 'x')",koxamos,koxamos
90L_10NL,3,90L_10NL_3_1,1,490,"('ç', 'ç', 'x')",koxan,koxan
90L_10NL,3,90L_10NL_3_1,1,490,"('ç', 'ç', 'x')",koxan,koxan
90L_10NL,3,90L_10NL_3_1,1,490,"('ç', 'ç', 'x')",koxan,koxan
90L_10NL,3,90L_10NL_3_1,1,490,"('ç', 'ç', 'x')",koxan,koxan
90L_10NL,3,90L_10NL_3_1,1,1470,"('ç', 'x', 'x')",koxan,koxan
90L_10NL,3,90L_10NL_3_1,1,1470,"('ç', 'x', 'x')",koxan,koxan
90L_10NL,3,90L_10NL_3_1,1,1470,"('ç', 'x', 'x')",koxan,koxan
90L_10NL,3,90L_10NL_3_1,1,1470,"('ç', 'x', 'x')",koxan,koxan
90L_10NL,3,90L_10NL_3_1,1,1470,"('ç', 'x', 'x')",koxan,koxan
90L_10NL,3,90L_10NL_3_1,1,1470,"('ç', 'x', 'x')",koxan,koxan
90L_10NL,3,90L_10NL_3_1,1,490,"('ç', 'ç', 'x')",koxan,koxan
90L_10NL,3,90L_10NL_3_1,1,490,"('ç', 'ç', 'x')",koxan,koxan
90L_10NL,3,90L_10NL_3_1,1,490,"('ç', 'ç', 'x')",koxan,koxan
90L_10NL,3,90L_10NL_3_1,1,1470,"('ç', 'x', 'x')",koxan,koxan
90L_10NL,3,90L_10NL_3_1,1,1470,"('ç', 'x', 'x')",koxan,koxan
90L_10NL,3,90L_10NL_3_1,1,1470,"('ç', 'x', 'x')",koxan,koxan
90L_10NL,3,90L_10NL_3_1,1,1470,"('ç', 'x', 'x')",koxan,koxan
90L_10NL,3,90L_10NL_3_1,1,1470,"('ç', 'x', 'x')",koxan,koxan
90L_10NL,3,90L_10NL_3_1,1,1470,"('ç', 'x', 'x')",koxan,koxan
90L_10NL,3,90L_10NL_3_1,1,490,"('ç', 'ç', 'x')",koxan,koxan
90L_10NL,3,90L_10NL_3_1,1,490,"('ç', 'ç', 'x')",koxan,koxan
90L_10NL,3,90L_10NL_3_1,1,1470,"('ç', 'x', 'x')",koxan,koxan
90L_10NL,3,90L_10NL_3_1,1,1470,"('ç', 'x', 'x')",koxan,koxan
90L_10NL,3,90L_10NL_3_1,1,1470,"('ç', 'x', 'x')",koxan,koxan
90L_10NL,3,90L_10NL_3_1,1,1470,"('ç', 'x', 'x')",koxan,koxan
90L_10NL,3,90L_10NL_3_1,1,1470,"('ç', 'x', 'x')",koxan,koxan
90L_10NL,3,90L_10NL_3_1,1,1470,"('ç', 'x', 'x')",koxan,koxan
90L_10NL,3,90L_10NL_3_1,1,490,"('ç', 'ç', 'x')",koxan,koxan
90L_10NL,3,90L_10NL_3_1,1,1470,"('ç', 'x', 'x')",koxan,koxan
90L_10NL,3,90L_10NL_3_1,1,1470,"('ç', 'x', 'x')",koxan,koxan
90L_10NL,3,90L_10NL_3_1,1,1470,"('ç', 'x', 'x')",koxan,koxan
90L_10NL,3,90L_10NL_3_1,1,1470,"('ç', 'x', 'x')",koxan,koxan
90L_10NL,3,90L_10NL_3_1,1,1470,"('ç', 'x', 'x')",koxan,koxan
90L_10NL,3,90L_10NL_3_1,1,1470,"('ç', 'x', 'x')",koxan,koxan
90L_10NL,3,90L_10NL_3_1,1,1470,"('ç', 'x', 'x')",koxan,koxan
90L_10NL,3,90L_10NL_3_1,1,1470,"('ç', 'x', 'x')",koxan,koxan
90L_10NL,3,90L_10NL_3_1,1,1470,"('ç', 'x', 'x')",koxan,koxan
90L_10NL,3,90L_10NL_3_1,1,1470,"('ç', 'x', 'x')",koxan,koxan
90L_10NL,3,90L_10NL_3_1,1,1470,"('ç', 'x', 'x')",koxan,koxan
90L_10NL,3,90L_10NL_3_1,1,1470,"('ç', 'x', 'x')",koxan,koxan
90L_10NL,3,90L_10NL_3_1,1,735,"('x', 'x', 'x')",koxan,koxan
90L_10NL,3,90L_10NL_3_1,1,735,"('x', 'x', 'x')",koxan,koxan
90L_10NL,3,90L_10NL_3_1,1,735,"('x', 'x', 'x')",koxan,koxan
90L_10NL,3,90L_10NL_3_1,1,735,"('x', 'x', 'x')",koxan,koxan
90L_10NL,3,90L_10NL_3_1,1,735,"('x', 'x', 'x')",koxan,koxan
90L_10NL,3,90L_10NL_3_1,1,735,"('x', 'x', 'x')",koxan,koxan
90L_10NL,3,90L_10NL_3_1,1,735,"('x', 'x', 'x')",koxan,koxan
90L_10NL,3,90L_10NL_3_1,1,735,"('x', 'x', 'x')",koxan,koxan
90L_10NL,3,90L_10NL_3_1,1,735,"('x', 'x', 'x')",koxan,koxan
90L_10NL,3,90L_10NL_3_1,1,735,"('x', 'x', 'x')",koxan,koxan
90L_10NL,3,90L_10NL_3_1,1,735,"('x', 'x', 'x')",koxan,koxan
90L_10NL,3,90L_10NL_3_1,1,735,"('x', 'x', 'x')",koxan,koxan
90L_10NL,3,90L_10NL_3_1,1,735,"('x', 'x', 'x')",koxan,koxan
90L_10NL,3,90L_10NL_3_1,1,735,"('x', 'x', 'x')",koxan,koxan
90L_10NL,3,90L_10NL_3_1,1,735,"('x', 'x', 'x')",koxan,koxan
90L_10NL,3,90L_10NL_3_1,1,490,"('ç', 'ç', 'x')",koxas,koxas
90L_10NL,3,90L_10NL_3_1,1,490,"('ç', 'ç', 'x')",koxas,koxas
90L_10NL,3,90L_10NL_3_1,1,490,"('ç', 'ç', 'x')",koxas,koxas
90L_10NL,3,90L_10NL_3_1,1,490,"('ç', 'ç', 'x')",koxas,koxas
90L_10NL,3,90L_10NL_3_1,1,1470,"('ç', 'x', 'x')",koxas,koxas
90L_10NL,3,90L_10NL_3_1,1,1470,"('ç', 'x', 'x')",koxas,koxas
90L_10NL,3,90L_10NL_3_1,1,1470,"('ç', 'x', 'x')",koxas,koxas
90L_10NL,3,90L_10NL_3_1,1,1470,"('ç', 'x', 'x')",koxas,koxas
90L_10NL,3,90L_10NL_3_1,1,1470,"('ç', 'x', 'x')",koxas,koxas
90L_10NL,3,90L_10NL_3_1,1,1470,"('ç', 'x', 'x')",koxas,koxas
90L_10NL,3,90L_10NL_3_1,1,490,"('ç', 'ç', 'x')",koxas,koxas
90L_10NL,3,90L_10NL_3_1,1,490,"('ç', 'ç', 'x')",koxas,koxas
90L_10NL,3,90L_10NL_3_1,1,490,"('ç', 'ç', 'x')",koxas,koxas
90L_10NL,3,90L_10NL_3_1,1,1470,"('ç', 'x', 'x')",koxas,koxas
90L_10NL,3,90L_10NL_3_1,1,1470,"('ç', 'x', 'x')",koxas,koxas
90L_10NL,3,90L_10NL_3_1,1,1470,"('ç', 'x', 'x')",koxas,koxas
90L_10NL,3,90L_10NL_3_1,1,1470,"('ç', 'x', 'x')",koxas,koxas
90L_10NL,3,90L_10NL_3_1,1,1470,"('ç', 'x', 'x')",koxas,koxas
90L_10NL,3,90L_10NL_3_1,1,1470,"('ç', 'x', 'x')",koxas,koxas
90L_10NL,3,90L_10NL_3_1,1,490,"('ç', 'ç', 'x')",koxas,koxas
90L_10NL,3,90L_10NL_3_1,1,490,"('ç', 'ç', 'x')",koxas,koxas
90L_10NL,3,90L_10NL_3_1,1,1470,"('ç', 'x', 'x')",koxas,koxas
90L_10NL,3,90L_10NL_3_1,1,1470,"('ç', 'x', 'x')",koxas,koxas
90L_10NL,3,90L_10NL_3_1,1,1470,"('ç', 'x', 'x')",koxas,koxas
90L_10NL,3,90L_10NL_3_1,1,1470,"('ç', 'x', 'x')",koxas,koxas
90L_10NL,3,90L_10NL_3_1,1,1470,"('ç', 'x', 'x')",koxas,koxas
90L_10NL,3,90L_10NL_3_1,1,1470,"('ç', 'x', 'x')",koxas,koxas
90L_10NL,3,90L_10NL_3_1,1,490,"('ç', 'ç', 'x')",koxas,koxas
90L_10NL,3,90L_10NL_3_1,1,1470,"('ç', 'x', 'x')",koxas,koxas
90L_10NL,3,90L_10NL_3_1,1,1470,"('ç', 'x', 'x')",koxas,koxas
90L_10NL,3,90L_10NL_3_1,1,1470,"('ç', 'x', 'x')",koxas,koxas
90L_10NL,3,90L_10NL_3_1,1,1470,"('ç', 'x', 'x')",koxas,koxas
90L_10NL,3,90L_10NL_3_1,1,1470,"('ç', 'x', 'x')",koxas,koxas
90L_10NL,3,90L_10NL_3_1,1,1470,"('ç', 'x', 'x')",koxas,koxas
90L_10NL,3,90L_10NL_3_1,1,1470,"('ç', 'x', 'x')",koxas,koxas
90L_10NL,3,90L_10NL_3_1,1,1470,"('ç', 'x', 'x')",koxas,koxas
90L_10NL,3,90L_10NL_3_1,1,1470,"('ç', 'x', 'x')",koxas,koxas
90L_10NL,3,90L_10NL_3_1,1,1470,"('ç', 'x', 'x')",koxas,koxas
90L_10NL,3,90L_10NL_3_1,1,1470,"('ç', 'x', 'x')",koxas,koxas
90L_10NL,3,90L_10NL_3_1,1,1470,"('ç', 'x', 'x')",koxas,koxas
90L_10NL,3,90L_10NL_3_1,1,735,"('x', 'x', 'x')",koxas,koxas
90L_10NL,3,90L_10NL_3_1,1,735,"('x', 'x', 'x')",koxas,koxas
90L_10NL,3,90L_10NL_3_1,1,735,"('x', 'x', 'x')",koxas,koxas
90L_10NL,3,90L_10NL_3_1,1,735,"('x', 'x', 'x')",koxas,koxas
90L_10NL,3,90L_10NL_3_1,1,735,"('x', 'x', 'x')",koxas,koxas
90L_10NL,3,90L_10NL_3_1,1,735,"('x', 'x', 'x')",koxas,koxas
90L_10NL,3,90L_10NL_3_1,1,735,"('x', 'x', 'x')",koxas,koxas
90L_10NL,3,90L_10NL_3_1,1,735,"('x', 'x', 'x')",koxas,koxas
90L_10NL,3,90L_10NL_3_1,1,735,"('x', 'x', 'x')",koxas,koxas
90L_10NL,3,90L_10NL_3_1,1,735,"('x', 'x', 'x')",koxas,koxas
90L_10NL,3,90L_10NL_3_1,1,735,"('x', 'x', 'x')",koxas,koxas
90L_10NL,3,90L_10NL_3_1,1,735,"('x', 'x', 'x')",koxas,koxas
90L_10NL,3,90L_10NL_3_1,1,735,"('x', 'x', 'x')",koxas,koxas
90L_10NL,3,90L_10NL_3_1,1,735,"('x', 'x', 'x')",koxas,koxas
90L_10NL,3,90L_10NL_3_1,1,735,"('x', 'x', 'x')",koxas,koxas
90L_10NL,3,90L_10NL_3_1,1,490,"('ç', 'ç', 'x')",koxa,koxa
90L_10NL,3,90L_10NL_3_1,1,490,"('ç', 'ç', 'x')",koxa,koxa
90L_10NL,3,90L_10NL_3_1,1,490,"('ç', 'ç', 'x')",koxa,koxa
90L_10NL,3,90L_10NL_3_1,1,490,"('ç', 'ç', 'x')",koxa,koxa
90L_10NL,3,90L_10NL_3_1,1,1470,"('ç', 'x', 'x')",koxa,koxa
90L_10NL,3,90L_10NL_3_1,1,1470,"('ç', 'x', 'x')",koxa,koxa
90L_10NL,3,90L_10NL_3_1,1,1470,"('ç', 'x', 'x')",koxa,koxa
90L_10NL,3,90L_10NL_3_1,1,1470,"('ç', 'x', 'x')",koxa,koxa
90L_10NL,3,90L_10NL_3_1,1,1470,"('ç', 'x', 'x')",koxa,koxa
90L_10NL,3,90L_10NL_3_1,1,1470,"('ç', 'x', 'x')",koxa,koxa
90L_10NL,3,90L_10NL_3_1,1,490,"('ç', 'ç', 'x')",koxa,koxa
90L_10NL,3,90L_10NL_3_1,1,490,"('ç', 'ç', 'x')",koxa,koxa
90L_10NL,3,90L_10NL_3_1,1,490,"('ç', 'ç', 'x')",koxa,koxa
90L_10NL,3,90L_10NL_3_1,1,1470,"('ç', 'x', 'x')",koxa,koxa
90L_10NL,3,90L_10NL_3_1,1,1470,"('ç', 'x', 'x')",koxa,koxa
90L_10NL,3,90L_10NL_3_1,1,1470,"('ç', 'x', 'x')",koxa,koxa
90L_10NL,3,90L_10NL_3_1,1,1470,"('ç', 'x', 'x')",koxa,koxa
90L_10NL,3,90L_10NL_3_1,1,1470,"('ç', 'x', 'x')",koxa,koxa
90L_10NL,3,90L_10NL_3_1,1,1470,"('ç', 'x', 'x')",koxa,koxa
90L_10NL,3,90L_10NL_3_1,1,490,"('ç', 'ç', 'x')",koxa,koxa
90L_10NL,3,90L_10NL_3_1,1,490,"('ç', 'ç', 'x')",koxa,koxa
90L_10NL,3,90L_10NL_3_1,1,1470,"('ç', 'x', 'x')",koxa,koxa
90L_10NL,3,90L_10NL_3_1,1,1470,"('ç', 'x', 'x')",koxa,koxa
90L_10NL,3,90L_10NL_3_1,1,1470,"('ç', 'x', 'x')",koxa,koxa
90L_10NL,3,90L_10NL_3_1,1,1470,"('ç', 'x', 'x')",koxa,koxa
90L_10NL,3,90L_10NL_3_1,1,1470,"('ç', 'x', 'x')",koxa,koxa
90L_10NL,3,90L_10NL_3_1,1,1470,"('ç', 'x', 'x')",koxa,koxa
90L_10NL,3,90L_10NL_3_1,1,490,"('ç', 'ç', 'x')",koxa,koxa
90L_10NL,3,90L_10NL_3_1,1,1470,"('ç', 'x', 'x')",koxa,koxa
90L_10NL,3,90L_10NL_3_1,1,1470,"('ç', 'x', 'x')",koxa,koxa
90L_10NL,3,90L_10NL_3_1,1,1470,"('ç', 'x', 'x')",koxa,koxa
90L_10NL,3,90L_10NL_3_1,1,1470,"('ç', 'x', 'x')",koxa,koxa
90L_10NL,3,90L_10NL_3_1,1,1470,"('ç', 'x', 'x')",koxa,koxa
90L_10NL,3,90L_10NL_3_1,1,1470,"('ç', 'x', 'x')",koxa,koxa
90L_10NL,3,90L_10NL_3_1,1,1470,"('ç', 'x', 'x')",koxa,koxa
90L_10NL,3,90L_10NL_3_1,1,1470,"('ç', 'x', 'x')",koxa,koxa
90L_10NL,3,90L_10NL_3_1,1,1470,"('ç', 'x', 'x')",koxa,koxa
90L_10NL,3,90L_10NL_3_1,1,1470,"('ç', 'x', 'x')",koxa,koxa
90L_10NL,3,90L_10NL_3_1,1,1470,"('ç', 'x', 'x')",koxa,koxa
90L_10NL,3,90L_10NL_3_1,1,1470,"('ç', 'x', 'x')",koxa,koxa
90L_10NL,3,90L_10NL_3_1,1,735,"('x', 'x', 'x')",koxa,koxa
90L_10NL,3,90L_10NL_3_1,1,735,"('x', 'x', 'x')",koxa,koxa
90L_10NL,3,90L_10NL_3_1,1,735,"('x', 'x', 'x')",koxa,koxa
90L_10NL,3,90L_10NL_3_1,1,735,"('x', 'x', 'x')",koxa,koxa
90L_10NL,3,90L_10NL_3_1,1,735,"('x', 'x', 'x')",koxa,koxa
90L_10NL,3,90L_10NL_3_1,1,735,"('x', 'x', 'x')",koxa,koxa
90L_10NL,3,90L_10NL_3_1,1,735,"('x', 'x', 'x')",koxa,koxa
90L_10NL,3,90L_10NL_3_1,1,735,"('x', 'x', 'x')",koxa,koxa
90L_10NL,3,90L_10NL_3_1,1,735,"('x', 'x', 'x')",koxa,koxa
90L_10NL,3,90L_10NL_3_1,1,735,"('x', 'x', 'x')",koxa,koxa
90L_10NL,3,90L_10NL_3_1,1,735,"('x', 'x', 'x')",koxa,koxa
90L_10NL,3,90L_10NL_3_1,1,735,"('x', 'x', 'x')",koxa,koxa
90L_10NL,3,90L_10NL_3_1,1,735,"('x', 'x', 'x')",koxa,koxa
90L_10NL,3,90L_10NL_3_1,1,735,"('x', 'x', 'x')",koxa,koxa
90L_10NL,3,90L_10NL_3_1,1,735,"('x', 'x', 'x')",koxa,koxa
90L_10NL,3,90L_10NL_3_1,1,490,"('ç', 'ç', 'x')",koxa,koxa
90L_10NL,3,90L_10NL_3_1,1,490,"('ç', 'ç', 'x')",koxa,koxa
90L_10NL,3,90L_10NL_3_1,1,490,"('ç', 'ç', 'x')",koxa,koxa
90L_10NL,3,90L_10NL_3_1,1,490,"('ç', 'ç', 'x')",koxa,koxa
90L_10NL,3,90L_10NL_3_1,1,1470,"('ç', 'x', 'x')",koxa,koxa
90L_10NL,3,90L_10NL_3_1,1,1470,"('ç', 'x', 'x')",koxa,koxa
90L_10NL,3,90L_10NL_3_1,1,1470,"('ç', 'x', 'x')",koxa,koxa
90L_10NL,3,90L_10NL_3_1,1,1470,"('ç', 'x', 'x')",koxa,koxa
90L_10NL,3,90L_10NL_3_1,1,1470,"('ç', 'x', 'x')",koxa,koxa
90L_10NL,3,90L_10NL_3_1,1,1470,"('ç', 'x', 'x')",koxa,koxa
90L_10NL,3,90L_10NL_3_1,1,490,"('ç', 'ç', 'x')",koxa,koxa
90L_10NL,3,90L_10NL_3_1,1,490,"('ç', 'ç', 'x')",koxa,koxa
90L_10NL,3,90L_10NL_3_1,1,490,"('ç', 'ç', 'x')",koxa,koxa
90L_10NL,3,90L_10NL_3_1,1,1470,"('ç', 'x', 'x')",koxa,koxa
90L_10NL,3,90L_10NL_3_1,1,1470,"('ç', 'x', 'x')",koxa,koxa
90L_10NL,3,90L_10NL_3_1,1,1470,"('ç', 'x', 'x')",koxa,koxa
90L_10NL,3,90L_10NL_3_1,1,1470,"('ç', 'x', 'x')",koxa,koxa
90L_10NL,3,90L_10NL_3_1,1,1470,"('ç', 'x', 'x')",koxa,koxa
90L_10NL,3,90L_10NL_3_1,1,1470,"('ç', 'x', 'x')",koxa,koxa
90L_10NL,3,90L_10NL_3_1,1,490,"('ç', 'ç', 'x')",koxa,koxa
90L_10NL,3,90L_10NL_3_1,1,490,"('ç', 'ç', 'x')",koxa,koxa
90L_10NL,3,90L_10NL_3_1,1,1470,"('ç', 'x', 'x')",koxa,koxa
90L_10NL,3,90L_10NL_3_1,1,1470,"('ç', 'x', 'x')",koxa,koxa
90L_10NL,3,90L_10NL_3_1,1,1470,"('ç', 'x', 'x')",koxa,koxa
90L_10NL,3,90L_10NL_3_1,1,1470,"('ç', 'x', 'x')",koxa,koxa
90L_10NL,3,90L_10NL_3_1,1,1470,"('ç', 'x', 'x')",koxa,koxa
90L_10NL,3,90L_10NL_3_1,1,1470,"('ç', 'x', 'x')",koxa,koxa
90L_10NL,3,90L_10NL_3_1,1,490,"('ç', 'ç', 'x')",koxa,koxa
90L_10NL,3,90L_10NL_3_1,1,1470,"('ç', 'x', 'x')",koxa,koxa
90L_10NL,3,90L_10NL_3_1,1,1470,"('ç', 'x', 'x')",koxa,koxa
90L_10NL,3,90L_10NL_3_1,1,1470,"('ç', 'x', 'x')",koxa,koxa
90L_10NL,3,90L_10NL_3_1,1,1470,"('ç', 'x', 'x')",koxa,koxa
90L_10NL,3,90L_10NL_3_1,1,1470,"('ç', 'x', 'x')",koxa,koxa
90L_10NL,3,90L_10NL_3_1,1,1470,"('ç', 'x', 'x')",koxa,koxa
90L_10NL,3,90L_10NL_3_1,1,1470,"('ç', 'x', 'x')",koxa,koxa
90L_10NL,3,90L_10NL_3_1,1,1470,"('ç', 'x', 'x')",koxa,koxa
90L_10NL,3,90L_10NL_3_1,1,1470,"('ç', 'x', 'x')",koxa,koxa
90L_10NL,3,90L_10NL_3_1,1,1470,"('ç', 'x', 'x')",koxa,koxa
90L_10NL,3,90L_10NL_3_1,1,1470,"('ç', 'x', 'x')",koxa,koxa
90L_10NL,3,90L_10NL_3_1,1,1470,"('ç', 'x', 'x')",koxa,koxa
90L_10NL,3,90L_10NL_3_1,1,735,"('x', 'x', 'x')",koxa,koxa
90L_10NL,3,90L_10NL_3_1,1,735,"('x', 'x', 'x')",koxa,koxa
90L_10NL,3,90L_10NL_3_1,1,735,"('x', 'x', 'x')",koxa,koxa
90L_10NL,3,90L_10NL_3_1,1,735,"('x', 'x', 'x')",koxa,koxa
90L_10NL,3,90L_10NL_3_1,1,735,"('x', 'x', 'x')",koxa,koxa
90L_10NL,3,90L_10NL_3_1,1,735,"('x', 'x', 'x')",koxa,koxa
90L_10NL,3,90L_10NL_3_1,1,735,"('x', 'x', 'x')",koxa,koxa
90L_10NL,3,90L_10NL_3_1,1,735,"('x', 'x', 'x')",koxa,koxa
90L_10NL,3,90L_10NL_3_1,1,735,"('x', 'x', 'x')",koxa,koxa
90L_10NL,3,90L_10NL_3_1,1,735,"('x', 'x', 'x')",koxa,koxa
90L_10NL,3,90L_10NL_3_1,1,735,"('x', 'x', 'x')",koxa,koxa
90L_10NL,3,90L_10NL_3_1,1,735,"('x', 'x', 'x')",koxa,koxa
90L_10NL,3,90L_10NL_3_1,1,735,"('x', 'x', 'x')",koxa,koxa
90L_10NL,3,90L_10NL_3_1,1,735,"('x', 'x', 'x')",koxa,koxa
90L_10NL,3,90L_10NL_3_1,1,735,"('x', 'x', 'x')",koxa,koxa
90L_10NL,3,90L_10NL_3_1,1,490,"('ç', 'ç', 'x')",koxo,koxo
90L_10NL,3,90L_10NL_3_1,1,490,"('ç', 'ç', 'x')",koxo,koxo
90L_10NL,3,90L_10NL_3_1,1,490,"('ç', 'ç', 'x')",koxo,koxo
90L_10NL,3,90L_10NL_3_1,1,490,"('ç', 'ç', 'x')",koxo,koxo
90L_10NL,3,90L_10NL_3_1,1,1470,"('ç', 'x', 'x')",koxo,koxo
90L_10NL,3,90L_10NL_3_1,1,1470,"('ç', 'x', 'x')",koxo,koxo
90L_10NL,3,90L_10NL_3_1,1,1470,"('ç', 'x', 'x')",koxo,koxo
90L_10NL,3,90L_10NL_3_1,1,1470,"('ç', 'x', 'x')",koxo,koxo
90L_10NL,3,90L_10NL_3_1,1,1470,"('ç', 'x', 'x')",koxo,koxo
90L_10NL,3,90L_10NL_3_1,1,1470,"('ç', 'x', 'x')",koxo,koxo
90L_10NL,3,90L_10NL_3_1,1,490,"('ç', 'ç', 'x')",koxo,koxo
90L_10NL,3,90L_10NL_3_1,1,490,"('ç', 'ç', 'x')",koxo,koxo
90L_10NL,3,90L_10NL_3_1,1,490,"('ç', 'ç', 'x')",koxo,koxo
90L_10NL,3,90L_10NL_3_1,1,1470,"('ç', 'x', 'x')",koxo,koxo
90L_10NL,3,90L_10NL_3_1,1,1470,"('ç', 'x', 'x')",koxo,koxo
90L_10NL,3,90L_10NL_3_1,1,1470,"('ç', 'x', 'x')",koxo,koxo
90L_10NL,3,90L_10NL_3_1,1,1470,"('ç', 'x', 'x')",koxo,koxo
90L_10NL,3,90L_10NL_3_1,1,1470,"('ç', 'x', 'x')",koxo,koxo
90L_10NL,3,90L_10NL_3_1,1,1470,"('ç', 'x', 'x')",koxo,koxo
90L_10NL,3,90L_10NL_3_1,1,490,"('ç', 'ç', 'x')",koxo,koxo
90L_10NL,3,90L_10NL_3_1,1,490,"('ç', 'ç', 'x')",koxo,koxo
90L_10NL,3,90L_10NL_3_1,1,1470,"('ç', 'x', 'x')",koxo,koxo
90L_10NL,3,90L_10NL_3_1,1,1470,"('ç', 'x', 'x')",koxo,koxo
90L_10NL,3,90L_10NL_3_1,1,1470,"('ç', 'x', 'x')",koxo,koxo
90L_10NL,3,90L_10NL_3_1,1,1470,"('ç', 'x', 'x')",koxo,koxo
90L_10NL,3,90L_10NL_3_1,1,1470,"('ç', 'x', 'x')",koxo,koxo
90L_10NL,3,90L_10NL_3_1,1,1470,"('ç', 'x', 'x')",koxo,koxo
90L_10NL,3,90L_10NL_3_1,1,490,"('ç', 'ç', 'x')",koxo,koxo
90L_10NL,3,90L_10NL_3_1,1,1470,"('ç', 'x', 'x')",koxo,koxo
90L_10NL,3,90L_10NL_3_1,1,1470,"('ç', 'x', 'x')",koxo,koxo
90L_10NL,3,90L_10NL_3_1,1,1470,"('ç', 'x', 'x')",koxo,koxo
90L_10NL,3,90L_10NL_3_1,1,1470,"('ç', 'x', 'x')",koxo,koxo
90L_10NL,3,90L_10NL_3_1,1,1470,"('ç', 'x', 'x')",koxo,koxo
90L_10NL,3,90L_10NL_3_1,1,1470,"('ç', 'x', 'x')",koxo,koxo
90L_10NL,3,90L_10NL_3_1,1,1470,"('ç', 'x', 'x')",koxo,koxo
90L_10NL,3,90L_10NL_3_1,1,1470,"('ç', 'x', 'x')",koxo,koxo
90L_10NL,3,90L_10NL_3_1,1,1470,"('ç', 'x', 'x')",koxo,koxo
90L_10NL,3,90L_10NL_3_1,1,1470,"('ç', 'x', 'x')",koxo,koxo
90L_10NL,3,90L_10NL_3_1,0,1470,"('ç', 'x', 'x')",koxa,koxo
90L_10NL,3,90L_10NL_3_1,0,1470,"('ç', 'x', 'x')",koxa,koxo
90L_10NL,3,90L_10NL_3_1,1,735,"('x', 'x', 'x')",koxo,koxo
90L_10NL,3,90L_10NL_3_1,1,735,"('x', 'x', 'x')",koxo,koxo
90L_10NL,3,90L_10NL_3_1,1,735,"('x', 'x', 'x')",koxo,koxo
90L_10NL,3,90L_10NL_3_1,1,735,"('x', 'x', 'x')",koxo,koxo
90L_10NL,3,90L_10NL_3_1,1,735,"('x', 'x', 'x')",koxo,koxo
90L_10NL,3,90L_10NL_3_1,1,735,"('x', 'x', 'x')",koxo,koxo
90L_10NL,3,90L_10NL_3_1,1,735,"('x', 'x', 'x')",koxo,koxo
90L_10NL,3,90L_10NL_3_1,1,735,"('x', 'x', 'x')",koxo,koxo
90L_10NL,3,90L_10NL_3_1,1,735,"('x', 'x', 'x')",koxo,koxo
90L_10NL,3,90L_10NL_3_1,1,735,"('x', 'x', 'x')",koxo,koxo
90L_10NL,3,90L_10NL_3_1,1,735,"('x', 'x', 'x')",koxo,koxo
90L_10NL,3,90L_10NL_3_1,1,735,"('x', 'x', 'x')",koxo,koxo
90L_10NL,3,90L_10NL_3_1,1,735,"('x', 'x', 'x')",koxo,koxo
90L_10NL,3,90L_10NL_3_1,1,735,"('x', 'x', 'x')",koxo,koxo
90L_10NL,3,90L_10NL_3_1,0,735,"('x', 'x', 'x')",koxas,koxo
90L_10NL,3,90L_10NL_3_1,1,1085,"('s', 's', 's')",dedusen,dedusen
90L_10NL,3,90L_10NL_3_1,1,1085,"('s', 's', 's')",dedusen,dedusen
90L_10NL,3,90L_10NL_3_1,1,1085,"('s', 's', 's')",dedusen,dedusen
90L_10NL,3,90L_10NL_3_1,1,3500,"('s', 'sk', 's')",dedusen,dedusen
90L_10NL,3,90L_10NL_3_1,1,3500,"('s', 'sk', 's')",dedusen,dedusen
90L_10NL,3,90L_10NL_3_1,1,3500,"('s', 'sk', 's')",dedusen,dedusen
90L_10NL,3,90L_10NL_3_1,1,3500,"('s', 'sk', 's')",dedusen,dedusen
90L_10NL,3,90L_10NL_3_1,1,3500,"('s', 'sk', 's')",dedusen,dedusen
90L_10NL,3,90L_10NL_3_1,1,3500,"('s', 'sk', 's')",dedusen,dedusen
90L_10NL,3,90L_10NL_3_1,1,3500,"('s', 'sk', 's')",dedusen,dedusen
90L_10NL,3,90L_10NL_3_1,1,1085,"('s', 's', 's')",dedusen,dedusen
90L_10NL,3,90L_10NL_3_1,1,1085,"('s', 's', 's')",dedusen,dedusen
90L_10NL,3,90L_10NL_3_1,1,3500,"('s', 'sk', 's')",dedusen,dedusen
90L_10NL,3,90L_10NL_3_1,1,3500,"('s', 'sk', 's')",dedusen,dedusen
90L_10NL,3,90L_10NL_3_1,1,3500,"('s', 'sk', 's')",dedusen,dedusen
90L_10NL,3,90L_10NL_3_1,1,3500,"('s', 'sk', 's')",dedusen,dedusen
90L_10NL,3,90L_10NL_3_1,1,3500,"('s', 'sk', 's')",dedusen,dedusen
90L_10NL,3,90L_10NL_3_1,1,3500,"('s', 'sk', 's')",dedusen,dedusen
90L_10NL,3,90L_10NL_3_1,1,3500,"('s', 'sk', 's')",dedusen,dedusen
90L_10NL,3,90L_10NL_3_1,1,1085,"('s', 's', 's')",dedusen,dedusen
90L_10NL,3,90L_10NL_3_1,1,3500,"('s', 'sk', 's')",dedusen,dedusen
90L_10NL,3,90L_10NL_3_1,1,3500,"('s', 'sk', 's')",dedusen,dedusen
90L_10NL,3,90L_10NL_3_1,1,3500,"('s', 'sk', 's')",dedusen,dedusen
90L_10NL,3,90L_10NL_3_1,1,3500,"('s', 'sk', 's')",dedusen,dedusen
90L_10NL,3,90L_10NL_3_1,1,3500,"('s', 'sk', 's')",dedusen,dedusen
90L_10NL,3,90L_10NL_3_1,1,3500,"('s', 'sk', 's')",dedusen,dedusen
90L_10NL,3,90L_10NL_3_1,1,3500,"('s', 'sk', 's')",dedusen,dedusen
90L_10NL,3,90L_10NL_3_1,1,3500,"('s', 'sk', 's')",dedusen,dedusen
90L_10NL,3,90L_10NL_3_1,1,3500,"('s', 'sk', 's')",dedusen,dedusen
90L_10NL,3,90L_10NL_3_1,1,3500,"('s', 'sk', 's')",dedusen,dedusen
90L_10NL,3,90L_10NL_3_1,1,3500,"('s', 'sk', 's')",dedusen,dedusen
90L_10NL,3,90L_10NL_3_1,1,3500,"('s', 'sk', 's')",dedusen,dedusen
90L_10NL,3,90L_10NL_3_1,1,3500,"('s', 'sk', 's')",dedusen,dedusen
90L_10NL,3,90L_10NL_3_1,1,3500,"('s', 'sk', 's')",dedusen,dedusen
90L_10NL,3,90L_10NL_3_1,1,2625,"('sk', 'sk', 's')",dedusen,dedusen
90L_10NL,3,90L_10NL_3_1,1,2625,"('sk', 'sk', 's')",dedusen,dedusen
90L_10NL,3,90L_10NL_3_1,1,2625,"('sk', 'sk', 's')",dedusen,dedusen
90L_10NL,3,90L_10NL_3_1,1,2625,"('sk', 'sk', 's')",dedusen,dedusen
90L_10NL,3,90L_10NL_3_1,1,2625,"('sk', 'sk', 's')",dedusen,dedusen
90L_10NL,3,90L_10NL_3_1,1,2625,"('sk', 'sk', 's')",dedusen,dedusen
90L_10NL,3,90L_10NL_3_1,1,2625,"('sk', 'sk', 's')",dedusen,dedusen
90L_10NL,3,90L_10NL_3_1,1,2625,"('sk', 'sk', 's')",dedusen,dedusen
90L_10NL,3,90L_10NL_3_1,1,2625,"('sk', 'sk', 's')",dedusen,dedusen
90L_10NL,3,90L_10NL_3_1,1,2625,"('sk', 'sk', 's')",dedusen,dedusen
90L_10NL,3,90L_10NL_3_1,1,2625,"('sk', 'sk', 's')",dedusen,dedusen
90L_10NL,3,90L_10NL_3_1,1,2625,"('sk', 'sk', 's')",dedusen,dedusen
90L_10NL,3,90L_10NL_3_1,1,2625,"('sk', 'sk', 's')",dedusen,dedusen
90L_10NL,3,90L_10NL_3_1,1,2625,"('sk', 'sk', 's')",dedusen,dedusen
90L_10NL,3,90L_10NL_3_1,1,2625,"('sk', 'sk', 's')",dedusen,dedusen
90L_10NL,3,90L_10NL_3_1,1,2625,"('sk', 'sk', 's')",dedusen,dedusen
90L_10NL,3,90L_10NL_3_1,1,2625,"('sk', 'sk', 's')",dedusen,dedusen
90L_10NL,3,90L_10NL_3_1,1,2625,"('sk', 'sk', 's')",dedusen,dedusen
90L_10NL,3,90L_10NL_3_1,1,2625,"('sk', 'sk', 's')",dedusen,dedusen
90L_10NL,3,90L_10NL_3_1,1,2625,"('sk', 'sk', 's')",dedusen,dedusen
90L_10NL,3,90L_10NL_3_1,1,2625,"('sk', 'sk', 's')",dedusen,dedusen
90L_10NL,3,90L_10NL_3_1,1,1085,"('s', 's', 's')",deduses,deduses
90L_10NL,3,90L_10NL_3_1,1,1085,"('s', 's', 's')",deduses,deduses
90L_10NL,3,90L_10NL_3_1,1,1085,"('s', 's', 's')",deduses,deduses
90L_10NL,3,90L_10NL_3_1,1,3500,"('s', 'sk', 's')",deduses,deduses
90L_10NL,3,90L_10NL_3_1,1,3500,"('s', 'sk', 's')",deduses,deduses
90L_10NL,3,90L_10NL_3_1,1,3500,"('s', 'sk', 's')",deduses,deduses
90L_10NL,3,90L_10NL_3_1,1,3500,"('s', 'sk', 's')",deduses,deduses
90L_10NL,3,90L_10NL_3_1,1,3500,"('s', 'sk', 's')",deduses,deduses
90L_10NL,3,90L_10NL_3_1,1,3500,"('s', 'sk', 's')",deduses,deduses
90L_10NL,3,90L_10NL_3_1,1,3500,"('s', 'sk', 's')",deduses,deduses
90L_10NL,3,90L_10NL_3_1,1,1085,"('s', 's', 's')",deduses,deduses
90L_10NL,3,90L_10NL_3_1,1,1085,"('s', 's', 's')",deduses,deduses
90L_10NL,3,90L_10NL_3_1,1,3500,"('s', 'sk', 's')",deduses,deduses
90L_10NL,3,90L_10NL_3_1,1,3500,"('s', 'sk', 's')",deduses,deduses
90L_10NL,3,90L_10NL_3_1,1,3500,"('s', 'sk', 's')",deduses,deduses
90L_10NL,3,90L_10NL_3_1,1,3500,"('s', 'sk', 's')",deduses,deduses
90L_10NL,3,90L_10NL_3_1,1,3500,"('s', 'sk', 's')",deduses,deduses
90L_10NL,3,90L_10NL_3_1,1,3500,"('s', 'sk', 's')",deduses,deduses
90L_10NL,3,90L_10NL_3_1,1,3500,"('s', 'sk', 's')",deduses,deduses
90L_10NL,3,90L_10NL_3_1,1,1085,"('s', 's', 's')",deduses,deduses
90L_10NL,3,90L_10NL_3_1,1,3500,"('s', 'sk', 's')",deduses,deduses
90L_10NL,3,90L_10NL_3_1,1,3500,"('s', 'sk', 's')",deduses,deduses
90L_10NL,3,90L_10NL_3_1,1,3500,"('s', 'sk', 's')",deduses,deduses
90L_10NL,3,90L_10NL_3_1,1,3500,"('s', 'sk', 's')",deduses,deduses
90L_10NL,3,90L_10NL_3_1,1,3500,"('s', 'sk', 's')",deduses,deduses
90L_10NL,3,90L_10NL_3_1,1,3500,"('s', 'sk', 's')",deduses,deduses
90L_10NL,3,90L_10NL_3_1,1,3500,"('s', 'sk', 's')",deduses,deduses
90L_10NL,3,90L_10NL_3_1,1,3500,"('s', 'sk', 's')",deduses,deduses
90L_10NL,3,90L_10NL_3_1,1,3500,"('s', 'sk', 's')",deduses,deduses
90L_10NL,3,90L_10NL_3_1,1,3500,"('s', 'sk', 's')",deduses,deduses
90L_10NL,3,90L_10NL_3_1,1,3500,"('s', 'sk', 's')",deduses,deduses
90L_10NL,3,90L_10NL_3_1,1,3500,"('s', 'sk', 's')",deduses,deduses
90L_10NL,3,90L_10NL_3_1,1,3500,"('s', 'sk', 's')",deduses,deduses
90L_10NL,3,90L_10NL_3_1,1,3500,"('s', 'sk', 's')",deduses,deduses
90L_10NL,3,90L_10NL_3_1,1,2625,"('sk', 'sk', 's')",deduses,deduses
90L_10NL,3,90L_10NL_3_1,1,2625,"('sk', 'sk', 's')",deduses,deduses
90L_10NL,3,90L_10NL_3_1,1,2625,"('sk', 'sk', 's')",deduses,deduses
90L_10NL,3,90L_10NL_3_1,1,2625,"('sk', 'sk', 's')",deduses,deduses
90L_10NL,3,90L_10NL_3_1,1,2625,"('sk', 'sk', 's')",deduses,deduses
90L_10NL,3,90L_10NL_3_1,1,2625,"('sk', 'sk', 's')",deduses,deduses
90L_10NL,3,90L_10NL_3_1,1,2625,"('sk', 'sk', 's')",deduses,deduses
90L_10NL,3,90L_10NL_3_1,1,2625,"('sk', 'sk', 's')",deduses,deduses
90L_10NL,3,90L_10NL_3_1,1,2625,"('sk', 'sk', 's')",deduses,deduses
90L_10NL,3,90L_10NL_3_1,1,2625,"('sk', 'sk', 's')",deduses,deduses
90L_10NL,3,90L_10NL_3_1,1,2625,"('sk', 'sk', 's')",deduses,deduses
90L_10NL,3,90L_10NL_3_1,1,2625,"('sk', 'sk', 's')",deduses,deduses
90L_10NL,3,90L_10NL_3_1,1,2625,"('sk', 'sk', 's')",deduses,deduses
90L_10NL,3,90L_10NL_3_1,1,2625,"('sk', 'sk', 's')",deduses,deduses
90L_10NL,3,90L_10NL_3_1,1,2625,"('sk', 'sk', 's')",deduses,deduses
90L_10NL,3,90L_10NL_3_1,1,2625,"('sk', 'sk', 's')",deduses,deduses
90L_10NL,3,90L_10NL_3_1,1,2625,"('sk', 'sk', 's')",deduses,deduses
90L_10NL,3,90L_10NL_3_1,1,2625,"('sk', 'sk', 's')",deduses,deduses
90L_10NL,3,90L_10NL_3_1,1,2625,"('sk', 'sk', 's')",deduses,deduses
90L_10NL,3,90L_10NL_3_1,1,2625,"('sk', 'sk', 's')",deduses,deduses
90L_10NL,3,90L_10NL_3_1,1,2625,"('sk', 'sk', 's')",deduses,deduses
90L_10NL,3,90L_10NL_3_1,1,1085,"('s', 's', 's')",deduse,deduse
90L_10NL,3,90L_10NL_3_1,1,1085,"('s', 's', 's')",deduse,deduse
90L_10NL,3,90L_10NL_3_1,1,1085,"('s', 's', 's')",deduse,deduse
90L_10NL,3,90L_10NL_3_1,1,3500,"('s', 'sk', 's')",deduse,deduse
90L_10NL,3,90L_10NL_3_1,1,3500,"('s', 'sk', 's')",deduse,deduse
90L_10NL,3,90L_10NL_3_1,1,3500,"('s', 'sk', 's')",deduse,deduse
90L_10NL,3,90L_10NL_3_1,1,3500,"('s', 'sk', 's')",deduse,deduse
90L_10NL,3,90L_10NL_3_1,1,3500,"('s', 'sk', 's')",deduse,deduse
90L_10NL,3,90L_10NL_3_1,1,3500,"('s', 'sk', 's')",deduse,deduse
90L_10NL,3,90L_10NL_3_1,1,3500,"('s', 'sk', 's')",deduse,deduse
90L_10NL,3,90L_10NL_3_1,1,1085,"('s', 's', 's')",deduse,deduse
90L_10NL,3,90L_10NL_3_1,1,1085,"('s', 's', 's')",deduse,deduse
90L_10NL,3,90L_10NL_3_1,1,3500,"('s', 'sk', 's')",deduse,deduse
90L_10NL,3,90L_10NL_3_1,1,3500,"('s', 'sk', 's')",deduse,deduse
90L_10NL,3,90L_10NL_3_1,1,3500,"('s', 'sk', 's')",deduse,deduse
90L_10NL,3,90L_10NL_3_1,1,3500,"('s', 'sk', 's')",deduse,deduse
90L_10NL,3,90L_10NL_3_1,1,3500,"('s', 'sk', 's')",deduse,deduse
90L_10NL,3,90L_10NL_3_1,1,3500,"('s', 'sk', 's')",deduse,deduse
90L_10NL,3,90L_10NL_3_1,1,3500,"('s', 'sk', 's')",deduse,deduse
90L_10NL,3,90L_10NL_3_1,1,1085,"('s', 's', 's')",deduse,deduse
90L_10NL,3,90L_10NL_3_1,1,3500,"('s', 'sk', 's')",deduse,deduse
90L_10NL,3,90L_10NL_3_1,1,3500,"('s', 'sk', 's')",deduse,deduse
90L_10NL,3,90L_10NL_3_1,1,3500,"('s', 'sk', 's')",deduse,deduse
90L_10NL,3,90L_10NL_3_1,1,3500,"('s', 'sk', 's')",deduse,deduse
90L_10NL,3,90L_10NL_3_1,1,3500,"('s', 'sk', 's')",deduse,deduse
90L_10NL,3,90L_10NL_3_1,1,3500,"('s', 'sk', 's')",deduse,deduse
90L_10NL,3,90L_10NL_3_1,1,3500,"('s', 'sk', 's')",deduse,deduse
90L_10NL,3,90L_10NL_3_1,1,3500,"('s', 'sk', 's')",deduse,deduse
90L_10NL,3,90L_10NL_3_1,1,3500,"('s', 'sk', 's')",deduse,deduse
90L_10NL,3,90L_10NL_3_1,1,3500,"('s', 'sk', 's')",deduse,deduse
90L_10NL,3,90L_10NL_3_1,1,3500,"('s', 'sk', 's')",deduse,deduse
90L_10NL,3,90L_10NL_3_1,1,3500,"('s', 'sk', 's')",deduse,deduse
90L_10NL,3,90L_10NL_3_1,1,3500,"('s', 'sk', 's')",deduse,deduse
90L_10NL,3,90L_10NL_3_1,1,3500,"('s', 'sk', 's')",deduse,deduse
90L_10NL,3,90L_10NL_3_1,1,2625,"('sk', 'sk', 's')",deduse,deduse
90L_10NL,3,90L_10NL_3_1,1,2625,"('sk', 'sk', 's')",deduse,deduse
90L_10NL,3,90L_10NL_3_1,1,2625,"('sk', 'sk', 's')",deduse,deduse
90L_10NL,3,90L_10NL_3_1,1,2625,"('sk', 'sk', 's')",deduse,deduse
90L_10NL,3,90L_10NL_3_1,1,2625,"('sk', 'sk', 's')",deduse,deduse
90L_10NL,3,90L_10NL_3_1,1,2625,"('sk', 'sk', 's')",deduse,deduse
90L_10NL,3,90L_10NL_3_1,1,2625,"('sk', 'sk', 's')",deduse,deduse
90L_10NL,3,90L_10NL_3_1,1,2625,"('sk', 'sk', 's')",deduse,deduse
90L_10NL,3,90L_10NL_3_1,1,2625,"('sk', 'sk', 's')",deduse,deduse
90L_10NL,3,90L_10NL_3_1,1,2625,"('sk', 'sk', 's')",deduse,deduse
90L_10NL,3,90L_10NL_3_1,1,2625,"('sk', 'sk', 's')",deduse,deduse
90L_10NL,3,90L_10NL_3_1,1,2625,"('sk', 'sk', 's')",deduse,deduse
90L_10NL,3,90L_10NL_3_1,1,2625,"('sk', 'sk', 's')",deduse,deduse
90L_10NL,3,90L_10NL_3_1,1,2625,"('sk', 'sk', 's')",deduse,deduse
90L_10NL,3,90L_10NL_3_1,1,2625,"('sk', 'sk', 's')",deduse,deduse
90L_10NL,3,90L_10NL_3_1,1,2625,"('sk', 'sk', 's')",deduse,deduse
90L_10NL,3,90L_10NL_3_1,1,2625,"('sk', 'sk', 's')",deduse,deduse
90L_10NL,3,90L_10NL_3_1,1,2625,"('sk', 'sk', 's')",deduse,deduse
90L_10NL,3,90L_10NL_3_1,1,2625,"('sk', 'sk', 's')",deduse,deduse
90L_10NL,3,90L_10NL_3_1,1,2625,"('sk', 'sk', 's')",deduse,deduse
90L_10NL,3,90L_10NL_3_1,1,2625,"('sk', 'sk', 's')",deduse,deduse
90L_10NL,3,90L_10NL_3_1,1,1085,"('s', 's', 's')",dedusimos,dedusimos
90L_10NL,3,90L_10NL_3_1,1,1085,"('s', 's', 's')",dedusimos,dedusimos
90L_10NL,3,90L_10NL_3_1,1,1085,"('s', 's', 's')",dedusimos,dedusimos
90L_10NL,3,90L_10NL_3_1,1,3500,"('s', 'sk', 's')",dedusimos,dedusimos
90L_10NL,3,90L_10NL_3_1,1,3500,"('s', 'sk', 's')",dedusimos,dedusimos
90L_10NL,3,90L_10NL_3_1,1,3500,"('s', 'sk', 's')",dedusimos,dedusimos
90L_10NL,3,90L_10NL_3_1,1,3500,"('s', 'sk', 's')",dedusimos,dedusimos
90L_10NL,3,90L_10NL_3_1,1,3500,"('s', 'sk', 's')",dedusimos,dedusimos
90L_10NL,3,90L_10NL_3_1,1,3500,"('s', 'sk', 's')",dedusimos,dedusimos
90L_10NL,3,90L_10NL_3_1,1,3500,"('s', 'sk', 's')",dedusimos,dedusimos
90L_10NL,3,90L_10NL_3_1,1,1085,"('s', 's', 's')",dedusimos,dedusimos
90L_10NL,3,90L_10NL_3_1,1,1085,"('s', 's', 's')",dedusimos,dedusimos
90L_10NL,3,90L_10NL_3_1,1,3500,"('s', 'sk', 's')",dedusimos,dedusimos
90L_10NL,3,90L_10NL_3_1,1,3500,"('s', 'sk', 's')",dedusimos,dedusimos
90L_10NL,3,90L_10NL_3_1,1,3500,"('s', 'sk', 's')",dedusimos,dedusimos
90L_10NL,3,90L_10NL_3_1,1,3500,"('s', 'sk', 's')",dedusimos,dedusimos
90L_10NL,3,90L_10NL_3_1,1,3500,"('s', 'sk', 's')",dedusimos,dedusimos
90L_10NL,3,90L_10NL_3_1,1,3500,"('s', 'sk', 's')",dedusimos,dedusimos
90L_10NL,3,90L_10NL_3_1,1,3500,"('s', 'sk', 's')",dedusimos,dedusimos
90L_10NL,3,90L_10NL_3_1,1,1085,"('s', 's', 's')",dedusimos,dedusimos
90L_10NL,3,90L_10NL_3_1,1,3500,"('s', 'sk', 's')",dedusimos,dedusimos
90L_10NL,3,90L_10NL_3_1,1,3500,"('s', 'sk', 's')",dedusimos,dedusimos
90L_10NL,3,90L_10NL_3_1,1,3500,"('s', 'sk', 's')",dedusimos,dedusimos
90L_10NL,3,90L_10NL_3_1,1,3500,"('s', 'sk', 's')",dedusimos,dedusimos
90L_10NL,3,90L_10NL_3_1,1,3500,"('s', 'sk', 's')",dedusimos,dedusimos
90L_10NL,3,90L_10NL_3_1,1,3500,"('s', 'sk', 's')",dedusimos,dedusimos
90L_10NL,3,90L_10NL_3_1,1,3500,"('s', 'sk', 's')",dedusimos,dedusimos
90L_10NL,3,90L_10NL_3_1,1,3500,"('s', 'sk', 's')",dedusimos,dedusimos
90L_10NL,3,90L_10NL_3_1,1,3500,"('s', 'sk', 's')",dedusimos,dedusimos
90L_10NL,3,90L_10NL_3_1,1,3500,"('s', 'sk', 's')",dedusimos,dedusimos
90L_10NL,3,90L_10NL_3_1,1,3500,"('s', 'sk', 's')",dedusimos,dedusimos
90L_10NL,3,90L_10NL_3_1,1,3500,"('s', 'sk', 's')",dedusimos,dedusimos
90L_10NL,3,90L_10NL_3_1,1,3500,"('s', 'sk', 's')",dedusimos,dedusimos
90L_10NL,3,90L_10NL_3_1,1,3500,"('s', 'sk', 's')",dedusimos,dedusimos
90L_10NL,3,90L_10NL_3_1,1,2625,"('sk', 'sk', 's')",dedusimos,dedusimos
90L_10NL,3,90L_10NL_3_1,1,2625,"('sk', 'sk', 's')",dedusimos,dedusimos
90L_10NL,3,90L_10NL_3_1,1,2625,"('sk', 'sk', 's')",dedusimos,dedusimos
90L_10NL,3,90L_10NL_3_1,1,2625,"('sk', 'sk', 's')",dedusimos,dedusimos
90L_10NL,3,90L_10NL_3_1,1,2625,"('sk', 'sk', 's')",dedusimos,dedusimos
90L_10NL,3,90L_10NL_3_1,1,2625,"('sk', 'sk', 's')",dedusimos,dedusimos
90L_10NL,3,90L_10NL_3_1,1,2625,"('sk', 'sk', 's')",dedusimos,dedusimos
90L_10NL,3,90L_10NL_3_1,1,2625,"('sk', 'sk', 's')",dedusimos,dedusimos
90L_10NL,3,90L_10NL_3_1,1,2625,"('sk', 'sk', 's')",dedusimos,dedusimos
90L_10NL,3,90L_10NL_3_1,1,2625,"('sk', 'sk', 's')",dedusimos,dedusimos
90L_10NL,3,90L_10NL_3_1,1,2625,"('sk', 'sk', 's')",dedusimos,dedusimos
90L_10NL,3,90L_10NL_3_1,1,2625,"('sk', 'sk', 's')",dedusimos,dedusimos
90L_10NL,3,90L_10NL_3_1,1,2625,"('sk', 'sk', 's')",dedusimos,dedusimos
90L_10NL,3,90L_10NL_3_1,1,2625,"('sk', 'sk', 's')",dedusimos,dedusimos
90L_10NL,3,90L_10NL_3_1,1,2625,"('sk', 'sk', 's')",dedusimos,dedusimos
90L_10NL,3,90L_10NL_3_1,1,2625,"('sk', 'sk', 's')",dedusimos,dedusimos
90L_10NL,3,90L_10NL_3_1,1,2625,"('sk', 'sk', 's')",dedusimos,dedusimos
90L_10NL,3,90L_10NL_3_1,1,2625,"('sk', 'sk', 's')",dedusimos,dedusimos
90L_10NL,3,90L_10NL_3_1,1,2625,"('sk', 'sk', 's')",dedusimos,dedusimos
90L_10NL,3,90L_10NL_3_1,1,2625,"('sk', 'sk', 's')",dedusimos,dedusimos
90L_10NL,3,90L_10NL_3_1,1,2625,"('sk', 'sk', 's')",dedusimos,dedusimos
90L_10NL,3,90L_10NL_3_1,1,1085,"('s', 's', 's')",dedusis,dedusis
90L_10NL,3,90L_10NL_3_1,1,1085,"('s', 's', 's')",dedusis,dedusis
90L_10NL,3,90L_10NL_3_1,1,1085,"('s', 's', 's')",dedusis,dedusis
90L_10NL,3,90L_10NL_3_1,1,3500,"('s', 'sk', 's')",dedusis,dedusis
90L_10NL,3,90L_10NL_3_1,1,3500,"('s', 'sk', 's')",dedusis,dedusis
90L_10NL,3,90L_10NL_3_1,1,3500,"('s', 'sk', 's')",dedusis,dedusis
90L_10NL,3,90L_10NL_3_1,1,3500,"('s', 'sk', 's')",dedusis,dedusis
90L_10NL,3,90L_10NL_3_1,1,3500,"('s', 'sk', 's')",dedusis,dedusis
90L_10NL,3,90L_10NL_3_1,1,3500,"('s', 'sk', 's')",dedusis,dedusis
90L_10NL,3,90L_10NL_3_1,1,3500,"('s', 'sk', 's')",dedusis,dedusis
90L_10NL,3,90L_10NL_3_1,1,1085,"('s', 's', 's')",dedusis,dedusis
90L_10NL,3,90L_10NL_3_1,1,1085,"('s', 's', 's')",dedusis,dedusis
90L_10NL,3,90L_10NL_3_1,1,3500,"('s', 'sk', 's')",dedusis,dedusis
90L_10NL,3,90L_10NL_3_1,1,3500,"('s', 'sk', 's')",dedusis,dedusis
90L_10NL,3,90L_10NL_3_1,1,3500,"('s', 'sk', 's')",dedusis,dedusis
90L_10NL,3,90L_10NL_3_1,1,3500,"('s', 'sk', 's')",dedusis,dedusis
90L_10NL,3,90L_10NL_3_1,1,3500,"('s', 'sk', 's')",dedusis,dedusis
90L_10NL,3,90L_10NL_3_1,1,3500,"('s', 'sk', 's')",dedusis,dedusis
90L_10NL,3,90L_10NL_3_1,1,3500,"('s', 'sk', 's')",dedusis,dedusis
90L_10NL,3,90L_10NL_3_1,1,1085,"('s', 's', 's')",dedusis,dedusis
90L_10NL,3,90L_10NL_3_1,1,3500,"('s', 'sk', 's')",dedusis,dedusis
90L_10NL,3,90L_10NL_3_1,1,3500,"('s', 'sk', 's')",dedusis,dedusis
90L_10NL,3,90L_10NL_3_1,1,3500,"('s', 'sk', 's')",dedusis,dedusis
90L_10NL,3,90L_10NL_3_1,1,3500,"('s', 'sk', 's')",dedusis,dedusis
90L_10NL,3,90L_10NL_3_1,1,3500,"('s', 'sk', 's')",dedusis,dedusis
90L_10NL,3,90L_10NL_3_1,1,3500,"('s', 'sk', 's')",dedusis,dedusis
90L_10NL,3,90L_10NL_3_1,1,3500,"('s', 'sk', 's')",dedusis,dedusis
90L_10NL,3,90L_10NL_3_1,1,3500,"('s', 'sk', 's')",dedusis,dedusis
90L_10NL,3,90L_10NL_3_1,1,3500,"('s', 'sk', 's')",dedusis,dedusis
90L_10NL,3,90L_10NL_3_1,1,3500,"('s', 'sk', 's')",dedusis,dedusis
90L_10NL,3,90L_10NL_3_1,1,3500,"('s', 'sk', 's')",dedusis,dedusis
90L_10NL,3,90L_10NL_3_1,1,3500,"('s', 'sk', 's')",dedusis,dedusis
90L_10NL,3,90L_10NL_3_1,1,3500,"('s', 'sk', 's')",dedusis,dedusis
90L_10NL,3,90L_10NL_3_1,1,3500,"('s', 'sk', 's')",dedusis,dedusis
90L_10NL,3,90L_10NL_3_1,1,2625,"('sk', 'sk', 's')",dedusis,dedusis
90L_10NL,3,90L_10NL_3_1,1,2625,"('sk', 'sk', 's')",dedusis,dedusis
90L_10NL,3,90L_10NL_3_1,1,2625,"('sk', 'sk', 's')",dedusis,dedusis
90L_10NL,3,90L_10NL_3_1,1,2625,"('sk', 'sk', 's')",dedusis,dedusis
90L_10NL,3,90L_10NL_3_1,1,2625,"('sk', 'sk', 's')",dedusis,dedusis
90L_10NL,3,90L_10NL_3_1,1,2625,"('sk', 'sk', 's')",dedusis,dedusis
90L_10NL,3,90L_10NL_3_1,1,2625,"('sk', 'sk', 's')",dedusis,dedusis
90L_10NL,3,90L_10NL_3_1,1,2625,"('sk', 'sk', 's')",dedusis,dedusis
90L_10NL,3,90L_10NL_3_1,1,2625,"('sk', 'sk', 's')",dedusis,dedusis
90L_10NL,3,90L_10NL_3_1,1,2625,"('sk', 'sk', 's')",dedusis,dedusis
90L_10NL,3,90L_10NL_3_1,1,2625,"('sk', 'sk', 's')",dedusis,dedusis
90L_10NL,3,90L_10NL_3_1,1,2625,"('sk', 'sk', 's')",dedusis,dedusis
90L_10NL,3,90L_10NL_3_1,1,2625,"('sk', 'sk', 's')",dedusis,dedusis
90L_10NL,3,90L_10NL_3_1,1,2625,"('sk', 'sk', 's')",dedusis,dedusis
90L_10NL,3,90L_10NL_3_1,1,2625,"('sk', 'sk', 's')",dedusis,dedusis
90L_10NL,3,90L_10NL_3_1,1,2625,"('sk', 'sk', 's')",dedusis,dedusis
90L_10NL,3,90L_10NL_3_1,1,2625,"('sk', 'sk', 's')",dedusis,dedusis
90L_10NL,3,90L_10NL_3_1,1,2625,"('sk', 'sk', 's')",dedusis,dedusis
90L_10NL,3,90L_10NL_3_1,1,2625,"('sk', 'sk', 's')",dedusis,dedusis
90L_10NL,3,90L_10NL_3_1,1,2625,"('sk', 'sk', 's')",dedusis,dedusis
90L_10NL,3,90L_10NL_3_1,1,2625,"('sk', 'sk', 's')",dedusis,dedusis
90L_10NL,3,90L_10NL_3_1,1,1750,"('s', 's', 'sk')",deduskajs,deduskajs
90L_10NL,3,90L_10NL_3_1,1,1750,"('s', 's', 'sk')",deduskajs,deduskajs
90L_10NL,3,90L_10NL_3_1,1,1750,"('s', 's', 'sk')",deduskajs,deduskajs
90L_10NL,3,90L_10NL_3_1,1,1750,"('s', 's', 'sk')",deduskajs,deduskajs
90L_10NL,3,90L_10NL_3_1,1,5250,"('s', 'sk', 'sk')",deduskajs,deduskajs
90L_10NL,3,90L_10NL_3_1,1,5250,"('s', 'sk', 'sk')",deduskajs,deduskajs
90L_10NL,3,90L_10NL_3_1,1,5250,"('s', 'sk', 'sk')",deduskajs,deduskajs
90L_10NL,3,90L_10NL_3_1,1,5250,"('s', 'sk', 'sk')",deduskajs,deduskajs
90L_10NL,3,90L_10NL_3_1,1,5250,"('s', 'sk', 'sk')",deduskajs,deduskajs
90L_10NL,3,90L_10NL_3_1,1,5250,"('s', 'sk', 'sk')",deduskajs,deduskajs
90L_10NL,3,90L_10NL_3_1,1,1750,"('s', 's', 'sk')",deduskajs,deduskajs
90L_10NL,3,90L_10NL_3_1,1,1750,"('s', 's', 'sk')",deduskajs,deduskajs
90L_10NL,3,90L_10NL_3_1,1,1750,"('s', 's', 'sk')",deduskajs,deduskajs
90L_10NL,3,90L_10NL_3_1,1,5250,"('s', 'sk', 'sk')",deduskajs,deduskajs
90L_10NL,3,90L_10NL_3_1,1,5250,"('s', 'sk', 'sk')",deduskajs,deduskajs
90L_10NL,3,90L_10NL_3_1,1,5250,"('s', 'sk', 'sk')",deduskajs,deduskajs
90L_10NL,3,90L_10NL_3_1,1,5250,"('s', 'sk', 'sk')",deduskajs,deduskajs
90L_10NL,3,90L_10NL_3_1,1,5250,"('s', 'sk', 'sk')",deduskajs,deduskajs
90L_10NL,3,90L_10NL_3_1,1,5250,"('s', 'sk', 'sk')",deduskajs,deduskajs
90L_10NL,3,90L_10NL_3_1,1,1750,"('s', 's', 'sk')",deduskajs,deduskajs
90L_10NL,3,90L_10NL_3_1,1,1750,"('s', 's', 'sk')",deduskajs,deduskajs
90L_10NL,3,90L_10NL_3_1,1,5250,"('s', 'sk', 'sk')",deduskajs,deduskajs
90L_10NL,3,90L_10NL_3_1,1,5250,"('s', 'sk', 'sk')",deduskajs,deduskajs
90L_10NL,3,90L_10NL_3_1,1,5250,"('s', 'sk', 'sk')",deduskajs,deduskajs
90L_10NL,3,90L_10NL_3_1,1,5250,"('s', 'sk', 'sk')",deduskajs,deduskajs
90L_10NL,3,90L_10NL_3_1,1,5250,"('s', 'sk', 'sk')",deduskajs,deduskajs
90L_10NL,3,90L_10NL_3_1,1,5250,"('s', 'sk', 'sk')",deduskajs,deduskajs
90L_10NL,3,90L_10NL_3_1,1,1750,"('s', 's', 'sk')",deduskajs,deduskajs
90L_10NL,3,90L_10NL_3_1,1,5250,"('s', 'sk', 'sk')",deduskajs,deduskajs
90L_10NL,3,90L_10NL_3_1,1,5250,"('s', 'sk', 'sk')",deduskajs,deduskajs
90L_10NL,3,90L_10NL_3_1,1,5250,"('s', 'sk', 'sk')",deduskajs,deduskajs
90L_10NL,3,90L_10NL_3_1,1,5250,"('s', 'sk', 'sk')",deduskajs,deduskajs
90L_10NL,3,90L_10NL_3_1,1,5250,"('s', 'sk', 'sk')",deduskajs,deduskajs
90L_10NL,3,90L_10NL_3_1,1,5250,"('s', 'sk', 'sk')",deduskajs,deduskajs
90L_10NL,3,90L_10NL_3_1,1,5250,"('s', 'sk', 'sk')",deduskajs,deduskajs
90L_10NL,3,90L_10NL_3_1,1,5250,"('s', 'sk', 'sk')",deduskajs,deduskajs
90L_10NL,3,90L_10NL_3_1,1,5250,"('s', 'sk', 'sk')",deduskajs,deduskajs
90L_10NL,3,90L_10NL_3_1,1,5250,"('s', 'sk', 'sk')",deduskajs,deduskajs
90L_10NL,3,90L_10NL_3_1,1,5250,"('s', 'sk', 'sk')",deduskajs,deduskajs
90L_10NL,3,90L_10NL_3_1,1,5250,"('s', 'sk', 'sk')",deduskajs,deduskajs
90L_10NL,3,90L_10NL_3_1,1,2625,"('sk', 'sk', 'sk')",deduskajs,deduskajs
90L_10NL,3,90L_10NL_3_1,1,2625,"('sk', 'sk', 'sk')",deduskajs,deduskajs
90L_10NL,3,90L_10NL_3_1,1,2625,"('sk', 'sk', 'sk')",deduskajs,deduskajs
90L_10NL,3,90L_10NL_3_1,1,2625,"('sk', 'sk', 'sk')",deduskajs,deduskajs
90L_10NL,3,90L_10NL_3_1,1,2625,"('sk', 'sk', 'sk')",deduskajs,deduskajs
90L_10NL,3,90L_10NL_3_1,1,2625,"('sk', 'sk', 'sk')",deduskajs,deduskajs
90L_10NL,3,90L_10NL_3_1,1,2625,"('sk', 'sk', 'sk')",deduskajs,deduskajs
90L_10NL,3,90L_10NL_3_1,1,2625,"('sk', 'sk', 'sk')",deduskajs,deduskajs
90L_10NL,3,90L_10NL_3_1,1,2625,"('sk', 'sk', 'sk')",deduskajs,deduskajs
90L_10NL,3,90L_10NL_3_1,1,2625,"('sk', 'sk', 'sk')",deduskajs,deduskajs
90L_10NL,3,90L_10NL_3_1,1,2625,"('sk', 'sk', 'sk')",deduskajs,deduskajs
90L_10NL,3,90L_10NL_3_1,1,2625,"('sk', 'sk', 'sk')",deduskajs,deduskajs
90L_10NL,3,90L_10NL_3_1,1,2625,"('sk', 'sk', 'sk')",deduskajs,deduskajs
90L_10NL,3,90L_10NL_3_1,1,2625,"('sk', 'sk', 'sk')",deduskajs,deduskajs
90L_10NL,3,90L_10NL_3_1,1,2625,"('sk', 'sk', 'sk')",deduskajs,deduskajs
90L_10NL,3,90L_10NL_3_1,1,1750,"('s', 's', 'sk')",deduskamos,deduskamos
90L_10NL,3,90L_10NL_3_1,1,1750,"('s', 's', 'sk')",deduskamos,deduskamos
90L_10NL,3,90L_10NL_3_1,1,1750,"('s', 's', 'sk')",deduskamos,deduskamos
90L_10NL,3,90L_10NL_3_1,1,1750,"('s', 's', 'sk')",deduskamos,deduskamos
90L_10NL,3,90L_10NL_3_1,1,5250,"('s', 'sk', 'sk')",deduskamos,deduskamos
90L_10NL,3,90L_10NL_3_1,1,5250,"('s', 'sk', 'sk')",deduskamos,deduskamos
90L_10NL,3,90L_10NL_3_1,1,5250,"('s', 'sk', 'sk')",deduskamos,deduskamos
90L_10NL,3,90L_10NL_3_1,1,5250,"('s', 'sk', 'sk')",deduskamos,deduskamos
90L_10NL,3,90L_10NL_3_1,1,5250,"('s', 'sk', 'sk')",deduskamos,deduskamos
90L_10NL,3,90L_10NL_3_1,1,5250,"('s', 'sk', 'sk')",deduskamos,deduskamos
90L_10NL,3,90L_10NL_3_1,1,1750,"('s', 's', 'sk')",deduskamos,deduskamos
90L_10NL,3,90L_10NL_3_1,1,1750,"('s', 's', 'sk')",deduskamos,deduskamos
90L_10NL,3,90L_10NL_3_1,1,1750,"('s', 's', 'sk')",deduskamos,deduskamos
90L_10NL,3,90L_10NL_3_1,1,5250,"('s', 'sk', 'sk')",deduskamos,deduskamos
90L_10NL,3,90L_10NL_3_1,1,5250,"('s', 'sk', 'sk')",deduskamos,deduskamos
90L_10NL,3,90L_10NL_3_1,1,5250,"('s', 'sk', 'sk')",deduskamos,deduskamos
90L_10NL,3,90L_10NL_3_1,1,5250,"('s', 'sk', 'sk')",deduskamos,deduskamos
90L_10NL,3,90L_10NL_3_1,1,5250,"('s', 'sk', 'sk')",deduskamos,deduskamos
90L_10NL,3,90L_10NL_3_1,1,5250,"('s', 'sk', 'sk')",deduskamos,deduskamos
90L_10NL,3,90L_10NL_3_1,1,1750,"('s', 's', 'sk')",deduskamos,deduskamos
90L_10NL,3,90L_10NL_3_1,1,1750,"('s', 's', 'sk')",deduskamos,deduskamos
90L_10NL,3,90L_10NL_3_1,1,5250,"('s', 'sk', 'sk')",deduskamos,deduskamos
90L_10NL,3,90L_10NL_3_1,1,5250,"('s', 'sk', 'sk')",deduskamos,deduskamos
90L_10NL,3,90L_10NL_3_1,1,5250,"('s', 'sk', 'sk')",deduskamos,deduskamos
90L_10NL,3,90L_10NL_3_1,1,5250,"('s', 'sk', 'sk')",deduskamos,deduskamos
90L_10NL,3,90L_10NL_3_1,1,5250,"('s', 'sk', 'sk')",deduskamos,deduskamos
90L_10NL,3,90L_10NL_3_1,1,5250,"('s', 'sk', 'sk')",deduskamos,deduskamos
90L_10NL,3,90L_10NL_3_1,1,1750,"('s', 's', 'sk')",deduskamos,deduskamos
90L_10NL,3,90L_10NL_3_1,1,5250,"('s', 'sk', 'sk')",deduskamos,deduskamos
90L_10NL,3,90L_10NL_3_1,1,5250,"('s', 'sk', 'sk')",deduskamos,deduskamos
90L_10NL,3,90L_10NL_3_1,1,5250,"('s', 'sk', 'sk')",deduskamos,deduskamos
90L_10NL,3,90L_10NL_3_1,1,5250,"('s', 'sk', 'sk')",deduskamos,deduskamos
90L_10NL,3,90L_10NL_3_1,1,5250,"('s', 'sk', 'sk')",deduskamos,deduskamos
90L_10NL,3,90L_10NL_3_1,1,5250,"('s', 'sk', 'sk')",deduskamos,deduskamos
90L_10NL,3,90L_10NL_3_1,1,5250,"('s', 'sk', 'sk')",deduskamos,deduskamos
90L_10NL,3,90L_10NL_3_1,1,5250,"('s', 'sk', 'sk')",deduskamos,deduskamos
90L_10NL,3,90L_10NL_3_1,1,5250,"('s', 'sk', 'sk')",deduskamos,deduskamos
90L_10NL,3,90L_10NL_3_1,1,5250,"('s', 'sk', 'sk')",deduskamos,deduskamos
90L_10NL,3,90L_10NL_3_1,1,5250,"('s', 'sk', 'sk')",deduskamos,deduskamos
90L_10NL,3,90L_10NL_3_1,1,5250,"('s', 'sk', 'sk')",deduskamos,deduskamos
90L_10NL,3,90L_10NL_3_1,1,2625,"('sk', 'sk', 'sk')",deduskamos,deduskamos
90L_10NL,3,90L_10NL_3_1,1,2625,"('sk', 'sk', 'sk')",deduskamos,deduskamos
90L_10NL,3,90L_10NL_3_1,1,2625,"('sk', 'sk', 'sk')",deduskamos,deduskamos
90L_10NL,3,90L_10NL_3_1,1,2625,"('sk', 'sk', 'sk')",deduskamos,deduskamos
90L_10NL,3,90L_10NL_3_1,1,2625,"('sk', 'sk', 'sk')",deduskamos,deduskamos
90L_10NL,3,90L_10NL_3_1,1,2625,"('sk', 'sk', 'sk')",deduskamos,deduskamos
90L_10NL,3,90L_10NL_3_1,1,2625,"('sk', 'sk', 'sk')",deduskamos,deduskamos
90L_10NL,3,90L_10NL_3_1,1,2625,"('sk', 'sk', 'sk')",deduskamos,deduskamos
90L_10NL,3,90L_10NL_3_1,1,2625,"('sk', 'sk', 'sk')",deduskamos,deduskamos
90L_10NL,3,90L_10NL_3_1,1,2625,"('sk', 'sk', 'sk')",deduskamos,deduskamos
90L_10NL,3,90L_10NL_3_1,1,2625,"('sk', 'sk', 'sk')",deduskamos,deduskamos
90L_10NL,3,90L_10NL_3_1,1,2625,"('sk', 'sk', 'sk')",deduskamos,deduskamos
90L_10NL,3,90L_10NL_3_1,1,2625,"('sk', 'sk', 'sk')",deduskamos,deduskamos
90L_10NL,3,90L_10NL_3_1,1,2625,"('sk', 'sk', 'sk')",deduskamos,deduskamos
90L_10NL,3,90L_10NL_3_1,1,2625,"('sk', 'sk', 'sk')",deduskamos,deduskamos
90L_10NL,3,90L_10NL_3_1,1,1750,"('s', 's', 'sk')",deduskan,deduskan
90L_10NL,3,90L_10NL_3_1,1,1750,"('s', 's', 'sk')",deduskan,deduskan
90L_10NL,3,90L_10NL_3_1,1,1750,"('s', 's', 'sk')",deduskan,deduskan
90L_10NL,3,90L_10NL_3_1,1,1750,"('s', 's', 'sk')",deduskan,deduskan
90L_10NL,3,90L_10NL_3_1,1,5250,"('s', 'sk', 'sk')",deduskan,deduskan
90L_10NL,3,90L_10NL_3_1,1,5250,"('s', 'sk', 'sk')",deduskan,deduskan
90L_10NL,3,90L_10NL_3_1,1,5250,"('s', 'sk', 'sk')",deduskan,deduskan
90L_10NL,3,90L_10NL_3_1,1,5250,"('s', 'sk', 'sk')",deduskan,deduskan
90L_10NL,3,90L_10NL_3_1,1,5250,"('s', 'sk', 'sk')",deduskan,deduskan
90L_10NL,3,90L_10NL_3_1,1,5250,"('s', 'sk', 'sk')",deduskan,deduskan
90L_10NL,3,90L_10NL_3_1,1,1750,"('s', 's', 'sk')",deduskan,deduskan
90L_10NL,3,90L_10NL_3_1,1,1750,"('s', 's', 'sk')",deduskan,deduskan
90L_10NL,3,90L_10NL_3_1,1,1750,"('s', 's', 'sk')",deduskan,deduskan
90L_10NL,3,90L_10NL_3_1,1,5250,"('s', 'sk', 'sk')",deduskan,deduskan
90L_10NL,3,90L_10NL_3_1,1,5250,"('s', 'sk', 'sk')",deduskan,deduskan
90L_10NL,3,90L_10NL_3_1,1,5250,"('s', 'sk', 'sk')",deduskan,deduskan
90L_10NL,3,90L_10NL_3_1,1,5250,"('s', 'sk', 'sk')",deduskan,deduskan
90L_10NL,3,90L_10NL_3_1,1,5250,"('s', 'sk', 'sk')",deduskan,deduskan
90L_10NL,3,90L_10NL_3_1,1,5250,"('s', 'sk', 'sk')",deduskan,deduskan
90L_10NL,3,90L_10NL_3_1,1,1750,"('s', 's', 'sk')",deduskan,deduskan
90L_10NL,3,90L_10NL_3_1,1,1750,"('s', 's', 'sk')",deduskan,deduskan
90L_10NL,3,90L_10NL_3_1,1,5250,"('s', 'sk', 'sk')",deduskan,deduskan
90L_10NL,3,90L_10NL_3_1,1,5250,"('s', 'sk', 'sk')",deduskan,deduskan
90L_10NL,3,90L_10NL_3_1,1,5250,"('s', 'sk', 'sk')",deduskan,deduskan
90L_10NL,3,90L_10NL_3_1,1,5250,"('s', 'sk', 'sk')",deduskan,deduskan
90L_10NL,3,90L_10NL_3_1,1,5250,"('s', 'sk', 'sk')",deduskan,deduskan
90L_10NL,3,90L_10NL_3_1,1,5250,"('s', 'sk', 'sk')",deduskan,deduskan
90L_10NL,3,90L_10NL_3_1,1,1750,"('s', 's', 'sk')",deduskan,deduskan
90L_10NL,3,90L_10NL_3_1,1,5250,"('s', 'sk', 'sk')",deduskan,deduskan
90L_10NL,3,90L_10NL_3_1,1,5250,"('s', 'sk', 'sk')",deduskan,deduskan
90L_10NL,3,90L_10NL_3_1,1,5250,"('s', 'sk', 'sk')",deduskan,deduskan
90L_10NL,3,90L_10NL_3_1,1,5250,"('s', 'sk', 'sk')",deduskan,deduskan
90L_10NL,3,90L_10NL_3_1,1,5250,"('s', 'sk', 'sk')",deduskan,deduskan
90L_10NL,3,90L_10NL_3_1,1,5250,"('s', 'sk', 'sk')",deduskan,deduskan
90L_10NL,3,90L_10NL_3_1,1,5250,"('s', 'sk', 'sk')",deduskan,deduskan
90L_10NL,3,90L_10NL_3_1,1,5250,"('s', 'sk', 'sk')",deduskan,deduskan
90L_10NL,3,90L_10NL_3_1,1,5250,"('s', 'sk', 'sk')",deduskan,deduskan
90L_10NL,3,90L_10NL_3_1,1,5250,"('s', 'sk', 'sk')",deduskan,deduskan
90L_10NL,3,90L_10NL_3_1,1,5250,"('s', 'sk', 'sk')",deduskan,deduskan
90L_10NL,3,90L_10NL_3_1,1,5250,"('s', 'sk', 'sk')",deduskan,deduskan
90L_10NL,3,90L_10NL_3_1,1,2625,"('sk', 'sk', 'sk')",deduskan,deduskan
90L_10NL,3,90L_10NL_3_1,1,2625,"('sk', 'sk', 'sk')",deduskan,deduskan
90L_10NL,3,90L_10NL_3_1,1,2625,"('sk', 'sk', 'sk')",deduskan,deduskan
90L_10NL,3,90L_10NL_3_1,1,2625,"('sk', 'sk', 'sk')",deduskan,deduskan
90L_10NL,3,90L_10NL_3_1,1,2625,"('sk', 'sk', 'sk')",deduskan,deduskan
90L_10NL,3,90L_10NL_3_1,1,2625,"('sk', 'sk', 'sk')",deduskan,deduskan
90L_10NL,3,90L_10NL_3_1,1,2625,"('sk', 'sk', 'sk')",deduskan,deduskan
90L_10NL,3,90L_10NL_3_1,1,2625,"('sk', 'sk', 'sk')",deduskan,deduskan
90L_10NL,3,90L_10NL_3_1,1,2625,"('sk', 'sk', 'sk')",deduskan,deduskan
90L_10NL,3,90L_10NL_3_1,1,2625,"('sk', 'sk', 'sk')",deduskan,deduskan
90L_10NL,3,90L_10NL_3_1,1,2625,"('sk', 'sk', 'sk')",deduskan,deduskan
90L_10NL,3,90L_10NL_3_1,1,2625,"('sk', 'sk', 'sk')",deduskan,deduskan
90L_10NL,3,90L_10NL_3_1,1,2625,"('sk', 'sk', 'sk')",deduskan,deduskan
90L_10NL,3,90L_10NL_3_1,1,2625,"('sk', 'sk', 'sk')",deduskan,deduskan
90L_10NL,3,90L_10NL_3_1,1,2625,"('sk', 'sk', 'sk')",deduskan,deduskan
90L_10NL,3,90L_10NL_3_1,1,1750,"('s', 's', 'sk')",deduskas,deduskas
90L_10NL,3,90L_10NL_3_1,1,1750,"('s', 's', 'sk')",deduskas,deduskas
90L_10NL,3,90L_10NL_3_1,1,1750,"('s', 's', 'sk')",deduskas,deduskas
90L_10NL,3,90L_10NL_3_1,1,1750,"('s', 's', 'sk')",deduskas,deduskas
90L_10NL,3,90L_10NL_3_1,1,5250,"('s', 'sk', 'sk')",deduskas,deduskas
90L_10NL,3,90L_10NL_3_1,1,5250,"('s', 'sk', 'sk')",deduskas,deduskas
90L_10NL,3,90L_10NL_3_1,1,5250,"('s', 'sk', 'sk')",deduskas,deduskas
90L_10NL,3,90L_10NL_3_1,1,5250,"('s', 'sk', 'sk')",deduskas,deduskas
90L_10NL,3,90L_10NL_3_1,1,5250,"('s', 'sk', 'sk')",deduskas,deduskas
90L_10NL,3,90L_10NL_3_1,1,5250,"('s', 'sk', 'sk')",deduskas,deduskas
90L_10NL,3,90L_10NL_3_1,1,1750,"('s', 's', 'sk')",deduskas,deduskas
90L_10NL,3,90L_10NL_3_1,1,1750,"('s', 's', 'sk')",deduskas,deduskas
90L_10NL,3,90L_10NL_3_1,1,1750,"('s', 's', 'sk')",deduskas,deduskas
90L_10NL,3,90L_10NL_3_1,1,5250,"('s', 'sk', 'sk')",deduskas,deduskas
90L_10NL,3,90L_10NL_3_1,1,5250,"('s', 'sk', 'sk')",deduskas,deduskas
90L_10NL,3,90L_10NL_3_1,1,5250,"('s', 'sk', 'sk')",deduskas,deduskas
90L_10NL,3,90L_10NL_3_1,1,5250,"('s', 'sk', 'sk')",deduskas,deduskas
90L_10NL,3,90L_10NL_3_1,1,5250,"('s', 'sk', 'sk')",deduskas,deduskas
90L_10NL,3,90L_10NL_3_1,1,5250,"('s', 'sk', 'sk')",deduskas,deduskas
90L_10NL,3,90L_10NL_3_1,1,1750,"('s', 's', 'sk')",deduskas,deduskas
90L_10NL,3,90L_10NL_3_1,1,1750,"('s', 's', 'sk')",deduskas,deduskas
90L_10NL,3,90L_10NL_3_1,1,5250,"('s', 'sk', 'sk')",deduskas,deduskas
90L_10NL,3,90L_10NL_3_1,1,5250,"('s', 'sk', 'sk')",deduskas,deduskas
90L_10NL,3,90L_10NL_3_1,1,5250,"('s', 'sk', 'sk')",deduskas,deduskas
90L_10NL,3,90L_10NL_3_1,1,5250,"('s', 'sk', 'sk')",deduskas,deduskas
90L_10NL,3,90L_10NL_3_1,1,5250,"('s', 'sk', 'sk')",deduskas,deduskas
90L_10NL,3,90L_10NL_3_1,1,5250,"('s', 'sk', 'sk')",deduskas,deduskas
90L_10NL,3,90L_10NL_3_1,1,1750,"('s', 's', 'sk')",deduskas,deduskas
90L_10NL,3,90L_10NL_3_1,1,5250,"('s', 'sk', 'sk')",deduskas,deduskas
90L_10NL,3,90L_10NL_3_1,1,5250,"('s', 'sk', 'sk')",deduskas,deduskas
90L_10NL,3,90L_10NL_3_1,1,5250,"('s', 'sk', 'sk')",deduskas,deduskas
90L_10NL,3,90L_10NL_3_1,1,5250,"('s', 'sk', 'sk')",deduskas,deduskas
90L_10NL,3,90L_10NL_3_1,1,5250,"('s', 'sk', 'sk')",deduskas,deduskas
90L_10NL,3,90L_10NL_3_1,1,5250,"('s', 'sk', 'sk')",deduskas,deduskas
90L_10NL,3,90L_10NL_3_1,1,5250,"('s', 'sk', 'sk')",deduskas,deduskas
90L_10NL,3,90L_10NL_3_1,1,5250,"('s', 'sk', 'sk')",deduskas,deduskas
90L_10NL,3,90L_10NL_3_1,1,5250,"('s', 'sk', 'sk')",deduskas,deduskas
90L_10NL,3,90L_10NL_3_1,1,5250,"('s', 'sk', 'sk')",deduskas,deduskas
90L_10NL,3,90L_10NL_3_1,1,5250,"('s', 'sk', 'sk')",deduskas,deduskas
90L_10NL,3,90L_10NL_3_1,1,5250,"('s', 'sk', 'sk')",deduskas,deduskas
90L_10NL,3,90L_10NL_3_1,1,2625,"('sk', 'sk', 'sk')",deduskas,deduskas
90L_10NL,3,90L_10NL_3_1,1,2625,"('sk', 'sk', 'sk')",deduskas,deduskas
90L_10NL,3,90L_10NL_3_1,1,2625,"('sk', 'sk', 'sk')",deduskas,deduskas
90L_10NL,3,90L_10NL_3_1,1,2625,"('sk', 'sk', 'sk')",deduskas,deduskas
90L_10NL,3,90L_10NL_3_1,1,2625,"('sk', 'sk', 'sk')",deduskas,deduskas
90L_10NL,3,90L_10NL_3_1,1,2625,"('sk', 'sk', 'sk')",deduskas,deduskas
90L_10NL,3,90L_10NL_3_1,1,2625,"('sk', 'sk', 'sk')",deduskas,deduskas
90L_10NL,3,90L_10NL_3_1,1,2625,"('sk', 'sk', 'sk')",deduskas,deduskas
90L_10NL,3,90L_10NL_3_1,1,2625,"('sk', 'sk', 'sk')",deduskas,deduskas
90L_10NL,3,90L_10NL_3_1,1,2625,"('sk', 'sk', 'sk')",deduskas,deduskas
90L_10NL,3,90L_10NL_3_1,1,2625,"('sk', 'sk', 'sk')",deduskas,deduskas
90L_10NL,3,90L_10NL_3_1,1,2625,"('sk', 'sk', 'sk')",deduskas,deduskas
90L_10NL,3,90L_10NL_3_1,1,2625,"('sk', 'sk', 'sk')",deduskas,deduskas
90L_10NL,3,90L_10NL_3_1,1,2625,"('sk', 'sk', 'sk')",deduskas,deduskas
90L_10NL,3,90L_10NL_3_1,1,2625,"('sk', 'sk', 'sk')",deduskas,deduskas
90L_10NL,3,90L_10NL_3_1,1,1750,"('s', 's', 'sk')",deduska,deduska
90L_10NL,3,90L_10NL_3_1,1,1750,"('s', 's', 'sk')",deduska,deduska
90L_10NL,3,90L_10NL_3_1,1,1750,"('s', 's', 'sk')",deduska,deduska
90L_10NL,3,90L_10NL_3_1,1,1750,"('s', 's', 'sk')",deduska,deduska
90L_10NL,3,90L_10NL_3_1,1,5250,"('s', 'sk', 'sk')",deduska,deduska
90L_10NL,3,90L_10NL_3_1,1,5250,"('s', 'sk', 'sk')",deduska,deduska
90L_10NL,3,90L_10NL_3_1,1,5250,"('s', 'sk', 'sk')",deduska,deduska
90L_10NL,3,90L_10NL_3_1,1,5250,"('s', 'sk', 'sk')",deduska,deduska
90L_10NL,3,90L_10NL_3_1,1,5250,"('s', 'sk', 'sk')",deduska,deduska
90L_10NL,3,90L_10NL_3_1,1,5250,"('s', 'sk', 'sk')",deduska,deduska
90L_10NL,3,90L_10NL_3_1,1,1750,"('s', 's', 'sk')",deduska,deduska
90L_10NL,3,90L_10NL_3_1,1,1750,"('s', 's', 'sk')",deduska,deduska
90L_10NL,3,90L_10NL_3_1,1,1750,"('s', 's', 'sk')",deduska,deduska
90L_10NL,3,90L_10NL_3_1,1,5250,"('s', 'sk', 'sk')",deduska,deduska
90L_10NL,3,90L_10NL_3_1,1,5250,"('s', 'sk', 'sk')",deduska,deduska
90L_10NL,3,90L_10NL_3_1,1,5250,"('s', 'sk', 'sk')",deduska,deduska
90L_10NL,3,90L_10NL_3_1,1,5250,"('s', 'sk', 'sk')",deduska,deduska
90L_10NL,3,90L_10NL_3_1,1,5250,"('s', 'sk', 'sk')",deduska,deduska
90L_10NL,3,90L_10NL_3_1,1,5250,"('s', 'sk', 'sk')",deduska,deduska
90L_10NL,3,90L_10NL_3_1,1,1750,"('s', 's', 'sk')",deduska,deduska
90L_10NL,3,90L_10NL_3_1,1,1750,"('s', 's', 'sk')",deduska,deduska
90L_10NL,3,90L_10NL_3_1,1,5250,"('s', 'sk', 'sk')",deduska,deduska
90L_10NL,3,90L_10NL_3_1,1,5250,"('s', 'sk', 'sk')",deduska,deduska
90L_10NL,3,90L_10NL_3_1,1,5250,"('s', 'sk', 'sk')",deduska,deduska
90L_10NL,3,90L_10NL_3_1,1,5250,"('s', 'sk', 'sk')",deduska,deduska
90L_10NL,3,90L_10NL_3_1,1,5250,"('s', 'sk', 'sk')",deduska,deduska
90L_10NL,3,90L_10NL_3_1,1,5250,"('s', 'sk', 'sk')",deduska,deduska
90L_10NL,3,90L_10NL_3_1,1,1750,"('s', 's', 'sk')",deduska,deduska
90L_10NL,3,90L_10NL_3_1,1,5250,"('s', 'sk', 'sk')",deduska,deduska
90L_10NL,3,90L_10NL_3_1,1,5250,"('s', 'sk', 'sk')",deduska,deduska
90L_10NL,3,90L_10NL_3_1,1,5250,"('s', 'sk', 'sk')",deduska,deduska
90L_10NL,3,90L_10NL_3_1,1,5250,"('s', 'sk', 'sk')",deduska,deduska
90L_10NL,3,90L_10NL_3_1,1,5250,"('s', 'sk', 'sk')",deduska,deduska
90L_10NL,3,90L_10NL_3_1,1,5250,"('s', 'sk', 'sk')",deduska,deduska
90L_10NL,3,90L_10NL_3_1,1,5250,"('s', 'sk', 'sk')",deduska,deduska
90L_10NL,3,90L_10NL_3_1,1,5250,"('s', 'sk', 'sk')",deduska,deduska
90L_10NL,3,90L_10NL_3_1,1,5250,"('s', 'sk', 'sk')",deduska,deduska
90L_10NL,3,90L_10NL_3_1,1,5250,"('s', 'sk', 'sk')",deduska,deduska
90L_10NL,3,90L_10NL_3_1,1,5250,"('s', 'sk', 'sk')",deduska,deduska
90L_10NL,3,90L_10NL_3_1,1,5250,"('s', 'sk', 'sk')",deduska,deduska
90L_10NL,3,90L_10NL_3_1,1,2625,"('sk', 'sk', 'sk')",deduska,deduska
90L_10NL,3,90L_10NL_3_1,1,2625,"('sk', 'sk', 'sk')",deduska,deduska
90L_10NL,3,90L_10NL_3_1,1,2625,"('sk', 'sk', 'sk')",deduska,deduska
90L_10NL,3,90L_10NL_3_1,1,2625,"('sk', 'sk', 'sk')",deduska,deduska
90L_10NL,3,90L_10NL_3_1,1,2625,"('sk', 'sk', 'sk')",deduska,deduska
90L_10NL,3,90L_10NL_3_1,1,2625,"('sk', 'sk', 'sk')",deduska,deduska
90L_10NL,3,90L_10NL_3_1,1,2625,"('sk', 'sk', 'sk')",deduska,deduska
90L_10NL,3,90L_10NL_3_1,1,2625,"('sk', 'sk', 'sk')",deduska,deduska
90L_10NL,3,90L_10NL_3_1,1,2625,"('sk', 'sk', 'sk')",deduska,deduska
90L_10NL,3,90L_10NL_3_1,1,2625,"('sk', 'sk', 'sk')",deduska,deduska
90L_10NL,3,90L_10NL_3_1,1,2625,"('sk', 'sk', 'sk')",deduska,deduska
90L_10NL,3,90L_10NL_3_1,1,2625,"('sk', 'sk', 'sk')",deduska,deduska
90L_10NL,3,90L_10NL_3_1,1,2625,"('sk', 'sk', 'sk')",deduska,deduska
90L_10NL,3,90L_10NL_3_1,1,2625,"('sk', 'sk', 'sk')",deduska,deduska
90L_10NL,3,90L_10NL_3_1,1,2625,"('sk', 'sk', 'sk')",deduska,deduska
90L_10NL,3,90L_10NL_3_1,1,1750,"('s', 's', 'sk')",deduska,deduska
90L_10NL,3,90L_10NL_3_1,1,1750,"('s', 's', 'sk')",deduska,deduska
90L_10NL,3,90L_10NL_3_1,1,1750,"('s', 's', 'sk')",deduska,deduska
90L_10NL,3,90L_10NL_3_1,1,1750,"('s', 's', 'sk')",deduska,deduska
90L_10NL,3,90L_10NL_3_1,1,5250,"('s', 'sk', 'sk')",deduska,deduska
90L_10NL,3,90L_10NL_3_1,1,5250,"('s', 'sk', 'sk')",deduska,deduska
90L_10NL,3,90L_10NL_3_1,1,5250,"('s', 'sk', 'sk')",deduska,deduska
90L_10NL,3,90L_10NL_3_1,1,5250,"('s', 'sk', 'sk')",deduska,deduska
90L_10NL,3,90L_10NL_3_1,1,5250,"('s', 'sk', 'sk')",deduska,deduska
90L_10NL,3,90L_10NL_3_1,1,5250,"('s', 'sk', 'sk')",deduska,deduska
90L_10NL,3,90L_10NL_3_1,1,1750,"('s', 's', 'sk')",deduska,deduska
90L_10NL,3,90L_10NL_3_1,1,1750,"('s', 's', 'sk')",deduska,deduska
90L_10NL,3,90L_10NL_3_1,1,1750,"('s', 's', 'sk')",deduska,deduska
90L_10NL,3,90L_10NL_3_1,1,5250,"('s', 'sk', 'sk')",deduska,deduska
90L_10NL,3,90L_10NL_3_1,1,5250,"('s', 'sk', 'sk')",deduska,deduska
90L_10NL,3,90L_10NL_3_1,1,5250,"('s', 'sk', 'sk')",deduska,deduska
90L_10NL,3,90L_10NL_3_1,1,5250,"('s', 'sk', 'sk')",deduska,deduska
90L_10NL,3,90L_10NL_3_1,1,5250,"('s', 'sk', 'sk')",deduska,deduska
90L_10NL,3,90L_10NL_3_1,1,5250,"('s', 'sk', 'sk')",deduska,deduska
90L_10NL,3,90L_10NL_3_1,1,1750,"('s', 's', 'sk')",deduska,deduska
90L_10NL,3,90L_10NL_3_1,1,1750,"('s', 's', 'sk')",deduska,deduska
90L_10NL,3,90L_10NL_3_1,1,5250,"('s', 'sk', 'sk')",deduska,deduska
90L_10NL,3,90L_10NL_3_1,1,5250,"('s', 'sk', 'sk')",deduska,deduska
90L_10NL,3,90L_10NL_3_1,1,5250,"('s', 'sk', 'sk')",deduska,deduska
90L_10NL,3,90L_10NL_3_1,1,5250,"('s', 'sk', 'sk')",deduska,deduska
90L_10NL,3,90L_10NL_3_1,1,5250,"('s', 'sk', 'sk')",deduska,deduska
90L_10NL,3,90L_10NL_3_1,1,5250,"('s', 'sk', 'sk')",deduska,deduska
90L_10NL,3,90L_10NL_3_1,1,1750,"('s', 's', 'sk')",deduska,deduska
90L_10NL,3,90L_10NL_3_1,1,5250,"('s', 'sk', 'sk')",deduska,deduska
90L_10NL,3,90L_10NL_3_1,1,5250,"('s', 'sk', 'sk')",deduska,deduska
90L_10NL,3,90L_10NL_3_1,1,5250,"('s', 'sk', 'sk')",deduska,deduska
90L_10NL,3,90L_10NL_3_1,1,5250,"('s', 'sk', 'sk')",deduska,deduska
90L_10NL,3,90L_10NL_3_1,1,5250,"('s', 'sk', 'sk')",deduska,deduska
90L_10NL,3,90L_10NL_3_1,1,5250,"('s', 'sk', 'sk')",deduska,deduska
90L_10NL,3,90L_10NL_3_1,1,5250,"('s', 'sk', 'sk')",deduska,deduska
90L_10NL,3,90L_10NL_3_1,1,5250,"('s', 'sk', 'sk')",deduska,deduska
90L_10NL,3,90L_10NL_3_1,1,5250,"('s', 'sk', 'sk')",deduska,deduska
90L_10NL,3,90L_10NL_3_1,1,5250,"('s', 'sk', 'sk')",deduska,deduska
90L_10NL,3,90L_10NL_3_1,1,5250,"('s', 'sk', 'sk')",deduska,deduska
90L_10NL,3,90L_10NL_3_1,1,5250,"('s', 'sk', 'sk')",deduska,deduska
90L_10NL,3,90L_10NL_3_1,1,2625,"('sk', 'sk', 'sk')",deduska,deduska
90L_10NL,3,90L_10NL_3_1,1,2625,"('sk', 'sk', 'sk')",deduska,deduska
90L_10NL,3,90L_10NL_3_1,1,2625,"('sk', 'sk', 'sk')",deduska,deduska
90L_10NL,3,90L_10NL_3_1,1,2625,"('sk', 'sk', 'sk')",deduska,deduska
90L_10NL,3,90L_10NL_3_1,1,2625,"('sk', 'sk', 'sk')",deduska,deduska
90L_10NL,3,90L_10NL_3_1,1,2625,"('sk', 'sk', 'sk')",deduska,deduska
90L_10NL,3,90L_10NL_3_1,1,2625,"('sk', 'sk', 'sk')",deduska,deduska
90L_10NL,3,90L_10NL_3_1,1,2625,"('sk', 'sk', 'sk')",deduska,deduska
90L_10NL,3,90L_10NL_3_1,1,2625,"('sk', 'sk', 'sk')",deduska,deduska
90L_10NL,3,90L_10NL_3_1,1,2625,"('sk', 'sk', 'sk')",deduska,deduska
90L_10NL,3,90L_10NL_3_1,1,2625,"('sk', 'sk', 'sk')",deduska,deduska
90L_10NL,3,90L_10NL_3_1,1,2625,"('sk', 'sk', 'sk')",deduska,deduska
90L_10NL,3,90L_10NL_3_1,1,2625,"('sk', 'sk', 'sk')",deduska,deduska
90L_10NL,3,90L_10NL_3_1,1,2625,"('sk', 'sk', 'sk')",deduska,deduska
90L_10NL,3,90L_10NL_3_1,1,2625,"('sk', 'sk', 'sk')",deduska,deduska
90L_10NL,3,90L_10NL_3_1,1,1750,"('s', 's', 'sk')",dedusko,dedusko
90L_10NL,3,90L_10NL_3_1,1,1750,"('s', 's', 'sk')",dedusko,dedusko
90L_10NL,3,90L_10NL_3_1,1,1750,"('s', 's', 'sk')",dedusko,dedusko
90L_10NL,3,90L_10NL_3_1,1,1750,"('s', 's', 'sk')",dedusko,dedusko
90L_10NL,3,90L_10NL_3_1,1,5250,"('s', 'sk', 'sk')",dedusko,dedusko
90L_10NL,3,90L_10NL_3_1,1,5250,"('s', 'sk', 'sk')",dedusko,dedusko
90L_10NL,3,90L_10NL_3_1,1,5250,"('s', 'sk', 'sk')",dedusko,dedusko
90L_10NL,3,90L_10NL_3_1,1,5250,"('s', 'sk', 'sk')",dedusko,dedusko
90L_10NL,3,90L_10NL_3_1,1,5250,"('s', 'sk', 'sk')",dedusko,dedusko
90L_10NL,3,90L_10NL_3_1,1,5250,"('s', 'sk', 'sk')",dedusko,dedusko
90L_10NL,3,90L_10NL_3_1,1,1750,"('s', 's', 'sk')",dedusko,dedusko
90L_10NL,3,90L_10NL_3_1,1,1750,"('s', 's', 'sk')",dedusko,dedusko
90L_10NL,3,90L_10NL_3_1,1,1750,"('s', 's', 'sk')",dedusko,dedusko
90L_10NL,3,90L_10NL_3_1,1,5250,"('s', 'sk', 'sk')",dedusko,dedusko
90L_10NL,3,90L_10NL_3_1,1,5250,"('s', 'sk', 'sk')",dedusko,dedusko
90L_10NL,3,90L_10NL_3_1,1,5250,"('s', 'sk', 'sk')",dedusko,dedusko
90L_10NL,3,90L_10NL_3_1,1,5250,"('s', 'sk', 'sk')",dedusko,dedusko
90L_10NL,3,90L_10NL_3_1,1,5250,"('s', 'sk', 'sk')",dedusko,dedusko
90L_10NL,3,90L_10NL_3_1,1,5250,"('s', 'sk', 'sk')",dedusko,dedusko
90L_10NL,3,90L_10NL_3_1,1,1750,"('s', 's', 'sk')",dedusko,dedusko
90L_10NL,3,90L_10NL_3_1,1,1750,"('s', 's', 'sk')",dedusko,dedusko
90L_10NL,3,90L_10NL_3_1,1,5250,"('s', 'sk', 'sk')",dedusko,dedusko
90L_10NL,3,90L_10NL_3_1,1,5250,"('s', 'sk', 'sk')",dedusko,dedusko
90L_10NL,3,90L_10NL_3_1,1,5250,"('s', 'sk', 'sk')",dedusko,dedusko
90L_10NL,3,90L_10NL_3_1,1,5250,"('s', 'sk', 'sk')",dedusko,dedusko
90L_10NL,3,90L_10NL_3_1,1,5250,"('s', 'sk', 'sk')",dedusko,dedusko
90L_10NL,3,90L_10NL_3_1,1,5250,"('s', 'sk', 'sk')",dedusko,dedusko
90L_10NL,3,90L_10NL_3_1,1,1750,"('s', 's', 'sk')",dedusko,dedusko
90L_10NL,3,90L_10NL_3_1,1,5250,"('s', 'sk', 'sk')",dedusko,dedusko
90L_10NL,3,90L_10NL_3_1,1,5250,"('s', 'sk', 'sk')",dedusko,dedusko
90L_10NL,3,90L_10NL_3_1,1,5250,"('s', 'sk', 'sk')",dedusko,dedusko
90L_10NL,3,90L_10NL_3_1,1,5250,"('s', 'sk', 'sk')",dedusko,dedusko
90L_10NL,3,90L_10NL_3_1,1,5250,"('s', 'sk', 'sk')",dedusko,dedusko
90L_10NL,3,90L_10NL_3_1,1,5250,"('s', 'sk', 'sk')",dedusko,dedusko
90L_10NL,3,90L_10NL_3_1,1,5250,"('s', 'sk', 'sk')",dedusko,dedusko
90L_10NL,3,90L_10NL_3_1,1,5250,"('s', 'sk', 'sk')",dedusko,dedusko
90L_10NL,3,90L_10NL_3_1,1,5250,"('s', 'sk', 'sk')",dedusko,dedusko
90L_10NL,3,90L_10NL_3_1,1,5250,"('s', 'sk', 'sk')",dedusko,dedusko
90L_10NL,3,90L_10NL_3_1,1,5250,"('s', 'sk', 'sk')",dedusko,dedusko
90L_10NL,3,90L_10NL_3_1,1,5250,"('s', 'sk', 'sk')",dedusko,dedusko
90L_10NL,3,90L_10NL_3_1,1,2625,"('sk', 'sk', 'sk')",dedusko,dedusko
90L_10NL,3,90L_10NL_3_1,1,2625,"('sk', 'sk', 'sk')",dedusko,dedusko
90L_10NL,3,90L_10NL_3_1,1,2625,"('sk', 'sk', 'sk')",dedusko,dedusko
90L_10NL,3,90L_10NL_3_1,1,2625,"('sk', 'sk', 'sk')",dedusko,dedusko
90L_10NL,3,90L_10NL_3_1,1,2625,"('sk', 'sk', 'sk')",dedusko,dedusko
90L_10NL,3,90L_10NL_3_1,1,2625,"('sk', 'sk', 'sk')",dedusko,dedusko
90L_10NL,3,90L_10NL_3_1,1,2625,"('sk', 'sk', 'sk')",dedusko,dedusko
90L_10NL,3,90L_10NL_3_1,1,2625,"('sk', 'sk', 'sk')",dedusko,dedusko
90L_10NL,3,90L_10NL_3_1,1,2625,"('sk', 'sk', 'sk')",dedusko,dedusko
90L_10NL,3,90L_10NL_3_1,1,2625,"('sk', 'sk', 'sk')",dedusko,dedusko
90L_10NL,3,90L_10NL_3_1,1,2625,"('sk', 'sk', 'sk')",dedusko,dedusko
90L_10NL,3,90L_10NL_3_1,1,2625,"('sk', 'sk', 'sk')",dedusko,dedusko
90L_10NL,3,90L_10NL_3_1,1,2625,"('sk', 'sk', 'sk')",dedusko,dedusko
90L_10NL,3,90L_10NL_3_1,1,2625,"('sk', 'sk', 'sk')",dedusko,dedusko
90L_10NL,3,90L_10NL_3_1,1,2625,"('sk', 'sk', 'sk')",dedusko,dedusko
90L_10NL,3,90L_10NL_3_1,1,120,"('nç', 'nç', 'nç')",astɾinçen,astɾinçen
90L_10NL,3,90L_10NL_3_1,1,120,"('nç', 'nç', 'nç')",astɾinçen,astɾinçen
90L_10NL,3,90L_10NL_3_1,1,120,"('nç', 'nç', 'nç')",astɾinçen,astɾinçen
90L_10NL,3,90L_10NL_3_1,1,560,"('nç', 'nx', 'nç')",astɾinçen,astɾinçen
90L_10NL,3,90L_10NL_3_1,1,560,"('nç', 'nx', 'nç')",astɾinçen,astɾinçen
90L_10NL,3,90L_10NL_3_1,1,560,"('nç', 'nx', 'nç')",astɾinçen,astɾinçen
90L_10NL,3,90L_10NL_3_1,1,560,"('nç', 'nx', 'nç')",astɾinçen,astɾinçen
90L_10NL,3,90L_10NL_3_1,1,560,"('nç', 'nx', 'nç')",astɾinçen,astɾinçen
90L_10NL,3,90L_10NL_3_1,1,560,"('nç', 'nx', 'nç')",astɾinçen,astɾinçen
90L_10NL,3,90L_10NL_3_1,1,560,"('nç', 'nx', 'nç')",astɾinçen,astɾinçen
90L_10NL,3,90L_10NL_3_1,1,120,"('nç', 'nç', 'nç')",astɾinçen,astɾinçen
90L_10NL,3,90L_10NL_3_1,1,120,"('nç', 'nç', 'nç')",astɾinçen,astɾinçen
90L_10NL,3,90L_10NL_3_1,1,560,"('nç', 'nx', 'nç')",astɾinçen,astɾinçen
90L_10NL,3,90L_10NL_3_1,1,560,"('nç', 'nx', 'nç')",astɾinçen,astɾinçen
90L_10NL,3,90L_10NL_3_1,1,560,"('nç', 'nx', 'nç')",astɾinçen,astɾinçen
90L_10NL,3,90L_10NL_3_1,1,560,"('nç', 'nx', 'nç')",astɾinçen,astɾinçen
90L_10NL,3,90L_10NL_3_1,1,560,"('nç', 'nx', 'nç')",astɾinçen,astɾinçen
90L_10NL,3,90L_10NL_3_1,1,560,"('nç', 'nx', 'nç')",astɾinçen,astɾinçen
90L_10NL,3,90L_10NL_3_1,1,560,"('nç', 'nx', 'nç')",astɾinçen,astɾinçen
90L_10NL,3,90L_10NL_3_1,1,120,"('nç', 'nç', 'nç')",astɾinçen,astɾinçen
90L_10NL,3,90L_10NL_3_1,1,560,"('nç', 'nx', 'nç')",astɾinçen,astɾinçen
90L_10NL,3,90L_10NL_3_1,1,560,"('nç', 'nx', 'nç')",astɾinçen,astɾinçen
90L_10NL,3,90L_10NL_3_1,1,560,"('nç', 'nx', 'nç')",astɾinçen,astɾinçen
90L_10NL,3,90L_10NL_3_1,1,560,"('nç', 'nx', 'nç')",astɾinçen,astɾinçen
90L_10NL,3,90L_10NL_3_1,1,560,"('nç', 'nx', 'nç')",astɾinçen,astɾinçen
90L_10NL,3,90L_10NL_3_1,1,560,"('nç', 'nx', 'nç')",astɾinçen,astɾinçen
90L_10NL,3,90L_10NL_3_1,1,560,"('nç', 'nx', 'nç')",astɾinçen,astɾinçen
90L_10NL,3,90L_10NL_3_1,1,560,"('nç', 'nx', 'nç')",astɾinçen,astɾinçen
90L_10NL,3,90L_10NL_3_1,1,560,"('nç', 'nx', 'nç')",astɾinçen,astɾinçen
90L_10NL,3,90L_10NL_3_1,1,560,"('nç', 'nx', 'nç')",astɾinçen,astɾinçen
90L_10NL,3,90L_10NL_3_1,1,560,"('nç', 'nx', 'nç')",astɾinçen,astɾinçen
90L_10NL,3,90L_10NL_3_1,1,560,"('nç', 'nx', 'nç')",astɾinçen,astɾinçen
90L_10NL,3,90L_10NL_3_1,1,560,"('nç', 'nx', 'nç')",astɾinçen,astɾinçen
90L_10NL,3,90L_10NL_3_1,1,560,"('nç', 'nx', 'nç')",astɾinçen,astɾinçen
90L_10NL,3,90L_10NL_3_1,1,420,"('nx', 'nx', 'nç')",astɾinçen,astɾinçen
90L_10NL,3,90L_10NL_3_1,1,420,"('nx', 'nx', 'nç')",astɾinçen,astɾinçen
90L_10NL,3,90L_10NL_3_1,1,420,"('nx', 'nx', 'nç')",astɾinçen,astɾinçen
90L_10NL,3,90L_10NL_3_1,1,420,"('nx', 'nx', 'nç')",astɾinçen,astɾinçen
90L_10NL,3,90L_10NL_3_1,1,420,"('nx', 'nx', 'nç')",astɾinçen,astɾinçen
90L_10NL,3,90L_10NL_3_1,1,420,"('nx', 'nx', 'nç')",astɾinçen,astɾinçen
90L_10NL,3,90L_10NL_3_1,1,420,"('nx', 'nx', 'nç')",astɾinçen,astɾinçen
90L_10NL,3,90L_10NL_3_1,1,420,"('nx', 'nx', 'nç')",astɾinçen,astɾinçen
90L_10NL,3,90L_10NL_3_1,1,420,"('nx', 'nx', 'nç')",astɾinçen,astɾinçen
90L_10NL,3,90L_10NL_3_1,1,420,"('nx', 'nx', 'nç')",astɾinçen,astɾinçen
90L_10NL,3,90L_10NL_3_1,1,420,"('nx', 'nx', 'nç')",astɾinçen,astɾinçen
90L_10NL,3,90L_10NL_3_1,1,420,"('nx', 'nx', 'nç')",astɾinçen,astɾinçen
90L_10NL,3,90L_10NL_3_1,1,420,"('nx', 'nx', 'nç')",astɾinçen,astɾinçen
90L_10NL,3,90L_10NL_3_1,1,420,"('nx', 'nx', 'nç')",astɾinçen,astɾinçen
90L_10NL,3,90L_10NL_3_1,1,420,"('nx', 'nx', 'nç')",astɾinçen,astɾinçen
90L_10NL,3,90L_10NL_3_1,1,420,"('nx', 'nx', 'nç')",astɾinçen,astɾinçen
90L_10NL,3,90L_10NL_3_1,1,420,"('nx', 'nx', 'nç')",astɾinçen,astɾinçen
90L_10NL,3,90L_10NL_3_1,0,420,"('nx', 'nx', 'nç')",astɾinçes,astɾinçen
90L_10NL,3,90L_10NL_3_1,0,420,"('nx', 'nx', 'nç')",astɾinçes,astɾinçen
90L_10NL,3,90L_10NL_3_1,0,420,"('nx', 'nx', 'nç')",astɾinçes,astɾinçen
90L_10NL,3,90L_10NL_3_1,0,420,"('nx', 'nx', 'nç')",astɾinçes,astɾinçen
90L_10NL,3,90L_10NL_3_1,1,120,"('nç', 'nç', 'nç')",astɾinçes,astɾinçes
90L_10NL,3,90L_10NL_3_1,1,120,"('nç', 'nç', 'nç')",astɾinçes,astɾinçes
90L_10NL,3,90L_10NL_3_1,1,120,"('nç', 'nç', 'nç')",astɾinçes,astɾinçes
90L_10NL,3,90L_10NL_3_1,1,560,"('nç', 'nx', 'nç')",astɾinçes,astɾinçes
90L_10NL,3,90L_10NL_3_1,1,560,"('nç', 'nx', 'nç')",astɾinçes,astɾinçes
90L_10NL,3,90L_10NL_3_1,1,560,"('nç', 'nx', 'nç')",astɾinçes,astɾinçes
90L_10NL,3,90L_10NL_3_1,1,560,"('nç', 'nx', 'nç')",astɾinçes,astɾinçes
90L_10NL,3,90L_10NL_3_1,1,560,"('nç', 'nx', 'nç')",astɾinçes,astɾinçes
90L_10NL,3,90L_10NL_3_1,1,560,"('nç', 'nx', 'nç')",astɾinçes,astɾinçes
90L_10NL,3,90L_10NL_3_1,1,560,"('nç', 'nx', 'nç')",astɾinçes,astɾinçes
90L_10NL,3,90L_10NL_3_1,1,120,"('nç', 'nç', 'nç')",astɾinçes,astɾinçes
90L_10NL,3,90L_10NL_3_1,1,120,"('nç', 'nç', 'nç')",astɾinçes,astɾinçes
90L_10NL,3,90L_10NL_3_1,1,560,"('nç', 'nx', 'nç')",astɾinçes,astɾinçes
90L_10NL,3,90L_10NL_3_1,1,560,"('nç', 'nx', 'nç')",astɾinçes,astɾinçes
90L_10NL,3,90L_10NL_3_1,1,560,"('nç', 'nx', 'nç')",astɾinçes,astɾinçes
90L_10NL,3,90L_10NL_3_1,1,560,"('nç', 'nx', 'nç')",astɾinçes,astɾinçes
90L_10NL,3,90L_10NL_3_1,1,560,"('nç', 'nx', 'nç')",astɾinçes,astɾinçes
90L_10NL,3,90L_10NL_3_1,1,560,"('nç', 'nx', 'nç')",astɾinçes,astɾinçes
90L_10NL,3,90L_10NL_3_1,1,560,"('nç', 'nx', 'nç')",astɾinçes,astɾinçes
90L_10NL,3,90L_10NL_3_1,1,120,"('nç', 'nç', 'nç')",astɾinçes,astɾinçes
90L_10NL,3,90L_10NL_3_1,1,560,"('nç', 'nx', 'nç')",astɾinçes,astɾinçes
90L_10NL,3,90L_10NL_3_1,1,560,"('nç', 'nx', 'nç')",astɾinçes,astɾinçes
90L_10NL,3,90L_10NL_3_1,1,560,"('nç', 'nx', 'nç')",astɾinçes,astɾinçes
90L_10NL,3,90L_10NL_3_1,1,560,"('nç', 'nx', 'nç')",astɾinçes,astɾinçes
90L_10NL,3,90L_10NL_3_1,1,560,"('nç', 'nx', 'nç')",astɾinçes,astɾinçes
90L_10NL,3,90L_10NL_3_1,1,560,"('nç', 'nx', 'nç')",astɾinçes,astɾinçes
90L_10NL,3,90L_10NL_3_1,1,560,"('nç', 'nx', 'nç')",astɾinçes,astɾinçes
90L_10NL,3,90L_10NL_3_1,1,560,"('nç', 'nx', 'nç')",astɾinçes,astɾinçes
90L_10NL,3,90L_10NL_3_1,1,560,"('nç', 'nx', 'nç')",astɾinçes,astɾinçes
90L_10NL,3,90L_10NL_3_1,1,560,"('nç', 'nx', 'nç')",astɾinçes,astɾinçes
90L_10NL,3,90L_10NL_3_1,1,560,"('nç', 'nx', 'nç')",astɾinçes,astɾinçes
90L_10NL,3,90L_10NL_3_1,1,560,"('nç', 'nx', 'nç')",astɾinçes,astɾinçes
90L_10NL,3,90L_10NL_3_1,1,560,"('nç', 'nx', 'nç')",astɾinçes,astɾinçes
90L_10NL,3,90L_10NL_3_1,1,560,"('nç', 'nx', 'nç')",astɾinçes,astɾinçes
90L_10NL,3,90L_10NL_3_1,1,420,"('nx', 'nx', 'nç')",astɾinçes,astɾinçes
90L_10NL,3,90L_10NL_3_1,1,420,"('nx', 'nx', 'nç')",astɾinçes,astɾinçes
90L_10NL,3,90L_10NL_3_1,1,420,"('nx', 'nx', 'nç')",astɾinçes,astɾinçes
90L_10NL,3,90L_10NL_3_1,1,420,"('nx', 'nx', 'nç')",astɾinçes,astɾinçes
90L_10NL,3,90L_10NL_3_1,1,420,"('nx', 'nx', 'nç')",astɾinçes,astɾinçes
90L_10NL,3,90L_10NL_3_1,1,420,"('nx', 'nx', 'nç')",astɾinçes,astɾinçes
90L_10NL,3,90L_10NL_3_1,1,420,"('nx', 'nx', 'nç')",astɾinçes,astɾinçes
90L_10NL,3,90L_10NL_3_1,1,420,"('nx', 'nx', 'nç')",astɾinçes,astɾinçes
90L_10NL,3,90L_10NL_3_1,1,420,"('nx', 'nx', 'nç')",astɾinçes,astɾinçes
90L_10NL,3,90L_10NL_3_1,1,420,"('nx', 'nx', 'nç')",astɾinçes,astɾinçes
90L_10NL,3,90L_10NL_3_1,1,420,"('nx', 'nx', 'nç')",astɾinçes,astɾinçes
90L_10NL,3,90L_10NL_3_1,1,420,"('nx', 'nx', 'nç')",astɾinçes,astɾinçes
90L_10NL,3,90L_10NL_3_1,1,420,"('nx', 'nx', 'nç')",astɾinçes,astɾinçes
90L_10NL,3,90L_10NL_3_1,1,420,"('nx', 'nx', 'nç')",astɾinçes,astɾinçes
90L_10NL,3,90L_10NL_3_1,1,420,"('nx', 'nx', 'nç')",astɾinçes,astɾinçes
90L_10NL,3,90L_10NL_3_1,1,420,"('nx', 'nx', 'nç')",astɾinçes,astɾinçes
90L_10NL,3,90L_10NL_3_1,1,420,"('nx', 'nx', 'nç')",astɾinçes,astɾinçes
90L_10NL,3,90L_10NL_3_1,0,420,"('nx', 'nx', 'nç')",astɾinçe,astɾinçes
90L_10NL,3,90L_10NL_3_1,0,420,"('nx', 'nx', 'nç')",astɾinçe,astɾinçes
90L_10NL,3,90L_10NL_3_1,0,420,"('nx', 'nx', 'nç')",astɾinçe,astɾinçes
90L_10NL,3,90L_10NL_3_1,0,420,"('nx', 'nx', 'nç')",astɾinçe,astɾinçes
90L_10NL,3,90L_10NL_3_1,1,120,"('nç', 'nç', 'nç')",astɾinçe,astɾinçe
90L_10NL,3,90L_10NL_3_1,1,120,"('nç', 'nç', 'nç')",astɾinçe,astɾinçe
90L_10NL,3,90L_10NL_3_1,1,120,"('nç', 'nç', 'nç')",astɾinçe,astɾinçe
90L_10NL,3,90L_10NL_3_1,1,560,"('nç', 'nx', 'nç')",astɾinçe,astɾinçe
90L_10NL,3,90L_10NL_3_1,1,560,"('nç', 'nx', 'nç')",astɾinçe,astɾinçe
90L_10NL,3,90L_10NL_3_1,1,560,"('nç', 'nx', 'nç')",astɾinçe,astɾinçe
90L_10NL,3,90L_10NL_3_1,1,560,"('nç', 'nx', 'nç')",astɾinçe,astɾinçe
90L_10NL,3,90L_10NL_3_1,1,560,"('nç', 'nx', 'nç')",astɾinçe,astɾinçe
90L_10NL,3,90L_10NL_3_1,1,560,"('nç', 'nx', 'nç')",astɾinçe,astɾinçe
90L_10NL,3,90L_10NL_3_1,1,560,"('nç', 'nx', 'nç')",astɾinçe,astɾinçe
90L_10NL,3,90L_10NL_3_1,1,120,"('nç', 'nç', 'nç')",astɾinçe,astɾinçe
90L_10NL,3,90L_10NL_3_1,1,120,"('nç', 'nç', 'nç')",astɾinçe,astɾinçe
90L_10NL,3,90L_10NL_3_1,1,560,"('nç', 'nx', 'nç')",astɾinçe,astɾinçe
90L_10NL,3,90L_10NL_3_1,1,560,"('nç', 'nx', 'nç')",astɾinçe,astɾinçe
90L_10NL,3,90L_10NL_3_1,1,560,"('nç', 'nx', 'nç')",astɾinçe,astɾinçe
90L_10NL,3,90L_10NL_3_1,1,560,"('nç', 'nx', 'nç')",astɾinçe,astɾinçe
90L_10NL,3,90L_10NL_3_1,1,560,"('nç', 'nx', 'nç')",astɾinçe,astɾinçe
90L_10NL,3,90L_10NL_3_1,1,560,"('nç', 'nx', 'nç')",astɾinçe,astɾinçe
90L_10NL,3,90L_10NL_3_1,1,560,"('nç', 'nx', 'nç')",astɾinçe,astɾinçe
90L_10NL,3,90L_10NL_3_1,1,120,"('nç', 'nç', 'nç')",astɾinçe,astɾinçe
90L_10NL,3,90L_10NL_3_1,1,560,"('nç', 'nx', 'nç')",astɾinçe,astɾinçe
90L_10NL,3,90L_10NL_3_1,1,560,"('nç', 'nx', 'nç')",astɾinçe,astɾinçe
90L_10NL,3,90L_10NL_3_1,1,560,"('nç', 'nx', 'nç')",astɾinçe,astɾinçe
90L_10NL,3,90L_10NL_3_1,1,560,"('nç', 'nx', 'nç')",astɾinçe,astɾinçe
90L_10NL,3,90L_10NL_3_1,1,560,"('nç', 'nx', 'nç')",astɾinçe,astɾinçe
90L_10NL,3,90L_10NL_3_1,1,560,"('nç', 'nx', 'nç')",astɾinçe,astɾinçe
90L_10NL,3,90L_10NL_3_1,1,560,"('nç', 'nx', 'nç')",astɾinçe,astɾinçe
90L_10NL,3,90L_10NL_3_1,1,560,"('nç', 'nx', 'nç')",astɾinçe,astɾinçe
90L_10NL,3,90L_10NL_3_1,1,560,"('nç', 'nx', 'nç')",astɾinçe,astɾinçe
90L_10NL,3,90L_10NL_3_1,1,560,"('nç', 'nx', 'nç')",astɾinçe,astɾinçe
90L_10NL,3,90L_10NL_3_1,1,560,"('nç', 'nx', 'nç')",astɾinçe,astɾinçe
90L_10NL,3,90L_10NL_3_1,1,560,"('nç', 'nx', 'nç')",astɾinçe,astɾinçe
90L_10NL,3,90L_10NL_3_1,1,560,"('nç', 'nx', 'nç')",astɾinçe,astɾinçe
90L_10NL,3,90L_10NL_3_1,1,560,"('nç', 'nx', 'nç')",astɾinçe,astɾinçe
90L_10NL,3,90L_10NL_3_1,1,420,"('nx', 'nx', 'nç')",astɾinçe,astɾinçe
90L_10NL,3,90L_10NL_3_1,1,420,"('nx', 'nx', 'nç')",astɾinçe,astɾinçe
90L_10NL,3,90L_10NL_3_1,1,420,"('nx', 'nx', 'nç')",astɾinçe,astɾinçe
90L_10NL,3,90L_10NL_3_1,1,420,"('nx', 'nx', 'nç')",astɾinçe,astɾinçe
90L_10NL,3,90L_10NL_3_1,1,420,"('nx', 'nx', 'nç')",astɾinçe,astɾinçe
90L_10NL,3,90L_10NL_3_1,1,420,"('nx', 'nx', 'nç')",astɾinçe,astɾinçe
90L_10NL,3,90L_10NL_3_1,1,420,"('nx', 'nx', 'nç')",astɾinçe,astɾinçe
90L_10NL,3,90L_10NL_3_1,1,420,"('nx', 'nx', 'nç')",astɾinçe,astɾinçe
90L_10NL,3,90L_10NL_3_1,1,420,"('nx', 'nx', 'nç')",astɾinçe,astɾinçe
90L_10NL,3,90L_10NL_3_1,1,420,"('nx', 'nx', 'nç')",astɾinçe,astɾinçe
90L_10NL,3,90L_10NL_3_1,1,420,"('nx', 'nx', 'nç')",astɾinçe,astɾinçe
90L_10NL,3,90L_10NL_3_1,1,420,"('nx', 'nx', 'nç')",astɾinçe,astɾinçe
90L_10NL,3,90L_10NL_3_1,1,420,"('nx', 'nx', 'nç')",astɾinçe,astɾinçe
90L_10NL,3,90L_10NL_3_1,1,420,"('nx', 'nx', 'nç')",astɾinçe,astɾinçe
90L_10NL,3,90L_10NL_3_1,1,420,"('nx', 'nx', 'nç')",astɾinçe,astɾinçe
90L_10NL,3,90L_10NL_3_1,1,420,"('nx', 'nx', 'nç')",astɾinçe,astɾinçe
90L_10NL,3,90L_10NL_3_1,1,420,"('nx', 'nx', 'nç')",astɾinçe,astɾinçe
90L_10NL,3,90L_10NL_3_1,0,420,"('nx', 'nx', 'nç')",astɾinçimos,astɾinçe
90L_10NL,3,90L_10NL_3_1,0,420,"('nx', 'nx', 'nç')",astɾinçimos,astɾinçe
90L_10NL,3,90L_10NL_3_1,0,420,"('nx', 'nx', 'nç')",astɾinçimos,astɾinçe
90L_10NL,3,90L_10NL_3_1,0,420,"('nx', 'nx', 'nç')",astɾinçimos,astɾinçe
90L_10NL,3,90L_10NL_3_1,1,120,"('nç', 'nç', 'nç')",astɾinçimos,astɾinçimos
90L_10NL,3,90L_10NL_3_1,1,120,"('nç', 'nç', 'nç')",astɾinçimos,astɾinçimos
90L_10NL,3,90L_10NL_3_1,1,120,"('nç', 'nç', 'nç')",astɾinçimos,astɾinçimos
90L_10NL,3,90L_10NL_3_1,1,560,"('nç', 'nx', 'nç')",astɾinçimos,astɾinçimos
90L_10NL,3,90L_10NL_3_1,1,560,"('nç', 'nx', 'nç')",astɾinçimos,astɾinçimos
90L_10NL,3,90L_10NL_3_1,1,560,"('nç', 'nx', 'nç')",astɾinçimos,astɾinçimos
90L_10NL,3,90L_10NL_3_1,1,560,"('nç', 'nx', 'nç')",astɾinçimos,astɾinçimos
90L_10NL,3,90L_10NL_3_1,1,560,"('nç', 'nx', 'nç')",astɾinçimos,astɾinçimos
90L_10NL,3,90L_10NL_3_1,1,560,"('nç', 'nx', 'nç')",astɾinçimos,astɾinçimos
90L_10NL,3,90L_10NL_3_1,1,560,"('nç', 'nx', 'nç')",astɾinçimos,astɾinçimos
90L_10NL,3,90L_10NL_3_1,1,120,"('nç', 'nç', 'nç')",astɾinçimos,astɾinçimos
90L_10NL,3,90L_10NL_3_1,1,120,"('nç', 'nç', 'nç')",astɾinçimos,astɾinçimos
90L_10NL,3,90L_10NL_3_1,1,560,"('nç', 'nx', 'nç')",astɾinçimos,astɾinçimos
90L_10NL,3,90L_10NL_3_1,1,560,"('nç', 'nx', 'nç')",astɾinçimos,astɾinçimos
90L_10NL,3,90L_10NL_3_1,1,560,"('nç', 'nx', 'nç')",astɾinçimos,astɾinçimos
90L_10NL,3,90L_10NL_3_1,1,560,"('nç', 'nx', 'nç')",astɾinçimos,astɾinçimos
90L_10NL,3,90L_10NL_3_1,1,560,"('nç', 'nx', 'nç')",astɾinçimos,astɾinçimos
90L_10NL,3,90L_10NL_3_1,1,560,"('nç', 'nx', 'nç')",astɾinçimos,astɾinçimos
90L_10NL,3,90L_10NL_3_1,1,560,"('nç', 'nx', 'nç')",astɾinçimos,astɾinçimos
90L_10NL,3,90L_10NL_3_1,1,120,"('nç', 'nç', 'nç')",astɾinçimos,astɾinçimos
90L_10NL,3,90L_10NL_3_1,1,560,"('nç', 'nx', 'nç')",astɾinçimos,astɾinçimos
90L_10NL,3,90L_10NL_3_1,1,560,"('nç', 'nx', 'nç')",astɾinçimos,astɾinçimos
90L_10NL,3,90L_10NL_3_1,1,560,"('nç', 'nx', 'nç')",astɾinçimos,astɾinçimos
90L_10NL,3,90L_10NL_3_1,1,560,"('nç', 'nx', 'nç')",astɾinçimos,astɾinçimos
90L_10NL,3,90L_10NL_3_1,1,560,"('nç', 'nx', 'nç')",astɾinçimos,astɾinçimos
90L_10NL,3,90L_10NL_3_1,1,560,"('nç', 'nx', 'nç')",astɾinçimos,astɾinçimos
90L_10NL,3,90L_10NL_3_1,1,560,"('nç', 'nx', 'nç')",astɾinçimos,astɾinçimos
90L_10NL,3,90L_10NL_3_1,1,560,"('nç', 'nx', 'nç')",astɾinçimos,astɾinçimos
90L_10NL,3,90L_10NL_3_1,1,560,"('nç', 'nx', 'nç')",astɾinçimos,astɾinçimos
90L_10NL,3,90L_10NL_3_1,1,560,"('nç', 'nx', 'nç')",astɾinçimos,astɾinçimos
90L_10NL,3,90L_10NL_3_1,1,560,"('nç', 'nx', 'nç')",astɾinçimos,astɾinçimos
90L_10NL,3,90L_10NL_3_1,1,560,"('nç', 'nx', 'nç')",astɾinçimos,astɾinçimos
90L_10NL,3,90L_10NL_3_1,1,560,"('nç', 'nx', 'nç')",astɾinçimos,astɾinçimos
90L_10NL,3,90L_10NL_3_1,1,560,"('nç', 'nx', 'nç')",astɾinçimos,astɾinçimos
90L_10NL,3,90L_10NL_3_1,1,420,"('nx', 'nx', 'nç')",astɾinçimos,astɾinçimos
90L_10NL,3,90L_10NL_3_1,1,420,"('nx', 'nx', 'nç')",astɾinçimos,astɾinçimos
90L_10NL,3,90L_10NL_3_1,1,420,"('nx', 'nx', 'nç')",astɾinçimos,astɾinçimos
90L_10NL,3,90L_10NL_3_1,1,420,"('nx', 'nx', 'nç')",astɾinçimos,astɾinçimos
90L_10NL,3,90L_10NL_3_1,1,420,"('nx', 'nx', 'nç')",astɾinçimos,astɾinçimos
90L_10NL,3,90L_10NL_3_1,1,420,"('nx', 'nx', 'nç')",astɾinçimos,astɾinçimos
90L_10NL,3,90L_10NL_3_1,1,420,"('nx', 'nx', 'nç')",astɾinçimos,astɾinçimos
90L_10NL,3,90L_10NL_3_1,1,420,"('nx', 'nx', 'nç')",astɾinçimos,astɾinçimos
90L_10NL,3,90L_10NL_3_1,1,420,"('nx', 'nx', 'nç')",astɾinçimos,astɾinçimos
90L_10NL,3,90L_10NL_3_1,1,420,"('nx', 'nx', 'nç')",astɾinçimos,astɾinçimos
90L_10NL,3,90L_10NL_3_1,1,420,"('nx', 'nx', 'nç')",astɾinçimos,astɾinçimos
90L_10NL,3,90L_10NL_3_1,1,420,"('nx', 'nx', 'nç')",astɾinçimos,astɾinçimos
90L_10NL,3,90L_10NL_3_1,1,420,"('nx', 'nx', 'nç')",astɾinçimos,astɾinçimos
90L_10NL,3,90L_10NL_3_1,1,420,"('nx', 'nx', 'nç')",astɾinçimos,astɾinçimos
90L_10NL,3,90L_10NL_3_1,1,420,"('nx', 'nx', 'nç')",astɾinçimos,astɾinçimos
90L_10NL,3,90L_10NL_3_1,1,420,"('nx', 'nx', 'nç')",astɾinçimos,astɾinçimos
90L_10NL,3,90L_10NL_3_1,1,420,"('nx', 'nx', 'nç')",astɾinçimos,astɾinçimos
90L_10NL,3,90L_10NL_3_1,0,420,"('nx', 'nx', 'nç')",astɾinçis,astɾinçimos
90L_10NL,3,90L_10NL_3_1,0,420,"('nx', 'nx', 'nç')",astɾinçis,astɾinçimos
90L_10NL,3,90L_10NL_3_1,0,420,"('nx', 'nx', 'nç')",astɾinçis,astɾinçimos
90L_10NL,3,90L_10NL_3_1,0,420,"('nx', 'nx', 'nç')",astɾinçis,astɾinçimos
90L_10NL,3,90L_10NL_3_1,1,120,"('nç', 'nç', 'nç')",astɾinçis,astɾinçis
90L_10NL,3,90L_10NL_3_1,1,120,"('nç', 'nç', 'nç')",astɾinçis,astɾinçis
90L_10NL,3,90L_10NL_3_1,1,120,"('nç', 'nç', 'nç')",astɾinçis,astɾinçis
90L_10NL,3,90L_10NL_3_1,1,560,"('nç', 'nx', 'nç')",astɾinçis,astɾinçis
90L_10NL,3,90L_10NL_3_1,1,560,"('nç', 'nx', 'nç')",astɾinçis,astɾinçis
90L_10NL,3,90L_10NL_3_1,1,560,"('nç', 'nx', 'nç')",astɾinçis,astɾinçis
90L_10NL,3,90L_10NL_3_1,1,560,"('nç', 'nx', 'nç')",astɾinçis,astɾinçis
90L_10NL,3,90L_10NL_3_1,1,560,"('nç', 'nx', 'nç')",astɾinçis,astɾinçis
90L_10NL,3,90L_10NL_3_1,1,560,"('nç', 'nx', 'nç')",astɾinçis,astɾinçis
90L_10NL,3,90L_10NL_3_1,1,560,"('nç', 'nx', 'nç')",astɾinçis,astɾinçis
90L_10NL,3,90L_10NL_3_1,1,120,"('nç', 'nç', 'nç')",astɾinçis,astɾinçis
90L_10NL,3,90L_10NL_3_1,1,120,"('nç', 'nç', 'nç')",astɾinçis,astɾinçis
90L_10NL,3,90L_10NL_3_1,1,560,"('nç', 'nx', 'nç')",astɾinçis,astɾinçis
90L_10NL,3,90L_10NL_3_1,1,560,"('nç', 'nx', 'nç')",astɾinçis,astɾinçis
90L_10NL,3,90L_10NL_3_1,1,560,"('nç', 'nx', 'nç')",astɾinçis,astɾinçis
90L_10NL,3,90L_10NL_3_1,1,560,"('nç', 'nx', 'nç')",astɾinçis,astɾinçis
90L_10NL,3,90L_10NL_3_1,1,560,"('nç', 'nx', 'nç')",astɾinçis,astɾinçis
90L_10NL,3,90L_10NL_3_1,1,560,"('nç', 'nx', 'nç')",astɾinçis,astɾinçis
90L_10NL,3,90L_10NL_3_1,1,560,"('nç', 'nx', 'nç')",astɾinçis,astɾinçis
90L_10NL,3,90L_10NL_3_1,1,120,"('nç', 'nç', 'nç')",astɾinçis,astɾinçis
90L_10NL,3,90L_10NL_3_1,1,560,"('nç', 'nx', 'nç')",astɾinçis,astɾinçis
90L_10NL,3,90L_10NL_3_1,1,560,"('nç', 'nx', 'nç')",astɾinçis,astɾinçis
90L_10NL,3,90L_10NL_3_1,1,560,"('nç', 'nx', 'nç')",astɾinçis,astɾinçis
90L_10NL,3,90L_10NL_3_1,1,560,"('nç', 'nx', 'nç')",astɾinçis,astɾinçis
90L_10NL,3,90L_10NL_3_1,1,560,"('nç', 'nx', 'nç')",astɾinçis,astɾinçis
90L_10NL,3,90L_10NL_3_1,1,560,"('nç', 'nx', 'nç')",astɾinçis,astɾinçis
90L_10NL,3,90L_10NL_3_1,1,560,"('nç', 'nx', 'nç')",astɾinçis,astɾinçis
90L_10NL,3,90L_10NL_3_1,1,560,"('nç', 'nx', 'nç')",astɾinçis,astɾinçis
90L_10NL,3,90L_10NL_3_1,1,560,"('nç', 'nx', 'nç')",astɾinçis,astɾinçis
90L_10NL,3,90L_10NL_3_1,1,560,"('nç', 'nx', 'nç')",astɾinçis,astɾinçis
90L_10NL,3,90L_10NL_3_1,1,560,"('nç', 'nx', 'nç')",astɾinçis,astɾinçis
90L_10NL,3,90L_10NL_3_1,1,560,"('nç', 'nx', 'nç')",astɾinçis,astɾinçis
90L_10NL,3,90L_10NL_3_1,1,560,"('nç', 'nx', 'nç')",astɾinçis,astɾinçis
90L_10NL,3,90L_10NL_3_1,1,560,"('nç', 'nx', 'nç')",astɾinçis,astɾinçis
90L_10NL,3,90L_10NL_3_1,1,420,"('nx', 'nx', 'nç')",astɾinçis,astɾinçis
90L_10NL,3,90L_10NL_3_1,1,420,"('nx', 'nx', 'nç')",astɾinçis,astɾinçis
90L_10NL,3,90L_10NL_3_1,1,420,"('nx', 'nx', 'nç')",astɾinçis,astɾinçis
90L_10NL,3,90L_10NL_3_1,1,420,"('nx', 'nx', 'nç')",astɾinçis,astɾinçis
90L_10NL,3,90L_10NL_3_1,1,420,"('nx', 'nx', 'nç')",astɾinçis,astɾinçis
90L_10NL,3,90L_10NL_3_1,1,420,"('nx', 'nx', 'nç')",astɾinçis,astɾinçis
90L_10NL,3,90L_10NL_3_1,1,420,"('nx', 'nx', 'nç')",astɾinçis,astɾinçis
90L_10NL,3,90L_10NL_3_1,1,420,"('nx', 'nx', 'nç')",astɾinçis,astɾinçis
90L_10NL,3,90L_10NL_3_1,1,420,"('nx', 'nx', 'nç')",astɾinçis,astɾinçis
90L_10NL,3,90L_10NL_3_1,1,420,"('nx', 'nx', 'nç')",astɾinçis,astɾinçis
90L_10NL,3,90L_10NL_3_1,1,420,"('nx', 'nx', 'nç')",astɾinçis,astɾinçis
90L_10NL,3,90L_10NL_3_1,1,420,"('nx', 'nx', 'nç')",astɾinçis,astɾinçis
90L_10NL,3,90L_10NL_3_1,1,420,"('nx', 'nx', 'nç')",astɾinçis,astɾinçis
90L_10NL,3,90L_10NL_3_1,1,420,"('nx', 'nx', 'nç')",astɾinçis,astɾinçis
90L_10NL,3,90L_10NL_3_1,1,420,"('nx', 'nx', 'nç')",astɾinçis,astɾinçis
90L_10NL,3,90L_10NL_3_1,1,420,"('nx', 'nx', 'nç')",astɾinçis,astɾinçis
90L_10NL,3,90L_10NL_3_1,1,420,"('nx', 'nx', 'nç')",astɾinçis,astɾinçis
90L_10NL,3,90L_10NL_3_1,0,420,"('nx', 'nx', 'nç')",astɾinxajs,astɾinçis
90L_10NL,3,90L_10NL_3_1,0,420,"('nx', 'nx', 'nç')",astɾinxajs,astɾinçis
90L_10NL,3,90L_10NL_3_1,0,420,"('nx', 'nx', 'nç')",astɾinxajs,astɾinçis
90L_10NL,3,90L_10NL_3_1,0,420,"('nx', 'nx', 'nç')",astɾinxajs,astɾinçis
90L_10NL,3,90L_10NL_3_1,1,280,"('nç', 'nç', 'nx')",astɾinxajs,astɾinxajs
90L_10NL,3,90L_10NL_3_1,1,280,"('nç', 'nç', 'nx')",astɾinxajs,astɾinxajs
90L_10NL,3,90L_10NL_3_1,1,280,"('nç', 'nç', 'nx')",astɾinxajs,astɾinxajs
90L_10NL,3,90L_10NL_3_1,1,280,"('nç', 'nç', 'nx')",astɾinxajs,astɾinxajs
90L_10NL,3,90L_10NL_3_1,1,840,"('nç', 'nx', 'nx')",astɾinxajs,astɾinxajs
90L_10NL,3,90L_10NL_3_1,1,840,"('nç', 'nx', 'nx')",astɾinxajs,astɾinxajs
90L_10NL,3,90L_10NL_3_1,1,840,"('nç', 'nx', 'nx')",astɾinxajs,astɾinxajs
90L_10NL,3,90L_10NL_3_1,1,840,"('nç', 'nx', 'nx')",astɾinxajs,astɾinxajs
90L_10NL,3,90L_10NL_3_1,1,840,"('nç', 'nx', 'nx')",astɾinxajs,astɾinxajs
90L_10NL,3,90L_10NL_3_1,1,840,"('nç', 'nx', 'nx')",astɾinxajs,astɾinxajs
90L_10NL,3,90L_10NL_3_1,1,280,"('nç', 'nç', 'nx')",astɾinxajs,astɾinxajs
90L_10NL,3,90L_10NL_3_1,1,280,"('nç', 'nç', 'nx')",astɾinxajs,astɾinxajs
90L_10NL,3,90L_10NL_3_1,1,280,"('nç', 'nç', 'nx')",astɾinxajs,astɾinxajs
90L_10NL,3,90L_10NL_3_1,1,840,"('nç', 'nx', 'nx')",astɾinxajs,astɾinxajs
90L_10NL,3,90L_10NL_3_1,1,840,"('nç', 'nx', 'nx')",astɾinxajs,astɾinxajs
90L_10NL,3,90L_10NL_3_1,1,840,"('nç', 'nx', 'nx')",astɾinxajs,astɾinxajs
90L_10NL,3,90L_10NL_3_1,1,840,"('nç', 'nx', 'nx')",astɾinxajs,astɾinxajs
90L_10NL,3,90L_10NL_3_1,1,840,"('nç', 'nx', 'nx')",astɾinxajs,astɾinxajs
90L_10NL,3,90L_10NL_3_1,1,840,"('nç', 'nx', 'nx')",astɾinxajs,astɾinxajs
90L_10NL,3,90L_10NL_3_1,1,280,"('nç', 'nç', 'nx')",astɾinxajs,astɾinxajs
90L_10NL,3,90L_10NL_3_1,1,280,"('nç', 'nç', 'nx')",astɾinxajs,astɾinxajs
90L_10NL,3,90L_10NL_3_1,1,840,"('nç', 'nx', 'nx')",astɾinxajs,astɾinxajs
90L_10NL,3,90L_10NL_3_1,1,840,"('nç', 'nx', 'nx')",astɾinxajs,astɾinxajs
90L_10NL,3,90L_10NL_3_1,1,840,"('nç', 'nx', 'nx')",astɾinxajs,astɾinxajs
90L_10NL,3,90L_10NL_3_1,1,840,"('nç', 'nx', 'nx')",astɾinxajs,astɾinxajs
90L_10NL,3,90L_10NL_3_1,1,840,"('nç', 'nx', 'nx')",astɾinxajs,astɾinxajs
90L_10NL,3,90L_10NL_3_1,1,840,"('nç', 'nx', 'nx')",astɾinxajs,astɾinxajs
90L_10NL,3,90L_10NL_3_1,1,280,"('nç', 'nç', 'nx')",astɾinxajs,astɾinxajs
90L_10NL,3,90L_10NL_3_1,1,840,"('nç', 'nx', 'nx')",astɾinxajs,astɾinxajs
90L_10NL,3,90L_10NL_3_1,1,840,"('nç', 'nx', 'nx')",astɾinxajs,astɾinxajs
90L_10NL,3,90L_10NL_3_1,1,840,"('nç', 'nx', 'nx')",astɾinxajs,astɾinxajs
90L_10NL,3,90L_10NL_3_1,1,840,"('nç', 'nx', 'nx')",astɾinxajs,astɾinxajs
90L_10NL,3,90L_10NL_3_1,1,840,"('nç', 'nx', 'nx')",astɾinxajs,astɾinxajs
90L_10NL,3,90L_10NL_3_1,1,840,"('nç', 'nx', 'nx')",astɾinxajs,astɾinxajs
90L_10NL,3,90L_10NL_3_1,1,840,"('nç', 'nx', 'nx')",astɾinxajs,astɾinxajs
90L_10NL,3,90L_10NL_3_1,1,840,"('nç', 'nx', 'nx')",astɾinxajs,astɾinxajs
90L_10NL,3,90L_10NL_3_1,1,840,"('nç', 'nx', 'nx')",astɾinxajs,astɾinxajs
90L_10NL,3,90L_10NL_3_1,1,840,"('nç', 'nx', 'nx')",astɾinxajs,astɾinxajs
90L_10NL,3,90L_10NL_3_1,1,840,"('nç', 'nx', 'nx')",astɾinxajs,astɾinxajs
90L_10NL,3,90L_10NL_3_1,1,840,"('nç', 'nx', 'nx')",astɾinxajs,astɾinxajs
90L_10NL,3,90L_10NL_3_1,1,420,"('nx', 'nx', 'nx')",astɾinxajs,astɾinxajs
90L_10NL,3,90L_10NL_3_1,1,420,"('nx', 'nx', 'nx')",astɾinxajs,astɾinxajs
90L_10NL,3,90L_10NL_3_1,1,420,"('nx', 'nx', 'nx')",astɾinxajs,astɾinxajs
90L_10NL,3,90L_10NL_3_1,1,420,"('nx', 'nx', 'nx')",astɾinxajs,astɾinxajs
90L_10NL,3,90L_10NL_3_1,1,420,"('nx', 'nx', 'nx')",astɾinxajs,astɾinxajs
90L_10NL,3,90L_10NL_3_1,1,420,"('nx', 'nx', 'nx')",astɾinxajs,astɾinxajs
90L_10NL,3,90L_10NL_3_1,1,420,"('nx', 'nx', 'nx')",astɾinxajs,astɾinxajs
90L_10NL,3,90L_10NL_3_1,1,420,"('nx', 'nx', 'nx')",astɾinxajs,astɾinxajs
90L_10NL,3,90L_10NL_3_1,1,420,"('nx', 'nx', 'nx')",astɾinxajs,astɾinxajs
90L_10NL,3,90L_10NL_3_1,1,420,"('nx', 'nx', 'nx')",astɾinxajs,astɾinxajs
90L_10NL,3,90L_10NL_3_1,1,420,"('nx', 'nx', 'nx')",astɾinxajs,astɾinxajs
90L_10NL,3,90L_10NL_3_1,0,420,"('nx', 'nx', 'nx')",astɾinxamos,astɾinxajs
90L_10NL,3,90L_10NL_3_1,0,420,"('nx', 'nx', 'nx')",astɾinxamos,astɾinxajs
90L_10NL,3,90L_10NL_3_1,0,420,"('nx', 'nx', 'nx')",astɾinxamos,astɾinxajs
90L_10NL,3,90L_10NL_3_1,0,420,"('nx', 'nx', 'nx')",astɾinxamos,astɾinxajs
90L_10NL,3,90L_10NL_3_1,1,280,"('nç', 'nç', 'nx')",astɾinxamos,astɾinxamos
90L_10NL,3,90L_10NL_3_1,1,280,"('nç', 'nç', 'nx')",astɾinxamos,astɾinxamos
90L_10NL,3,90L_10NL_3_1,1,280,"('nç', 'nç', 'nx')",astɾinxamos,astɾinxamos
90L_10NL,3,90L_10NL_3_1,1,280,"('nç', 'nç', 'nx')",astɾinxamos,astɾinxamos
90L_10NL,3,90L_10NL_3_1,1,840,"('nç', 'nx', 'nx')",astɾinxamos,astɾinxamos
90L_10NL,3,90L_10NL_3_1,1,840,"('nç', 'nx', 'nx')",astɾinxamos,astɾinxamos
90L_10NL,3,90L_10NL_3_1,1,840,"('nç', 'nx', 'nx')",astɾinxamos,astɾinxamos
90L_10NL,3,90L_10NL_3_1,1,840,"('nç', 'nx', 'nx')",astɾinxamos,astɾinxamos
90L_10NL,3,90L_10NL_3_1,1,840,"('nç', 'nx', 'nx')",astɾinxamos,astɾinxamos
90L_10NL,3,90L_10NL_3_1,1,840,"('nç', 'nx', 'nx')",astɾinxamos,astɾinxamos
90L_10NL,3,90L_10NL_3_1,1,280,"('nç', 'nç', 'nx')",astɾinxamos,astɾinxamos
90L_10NL,3,90L_10NL_3_1,1,280,"('nç', 'nç', 'nx')",astɾinxamos,astɾinxamos
90L_10NL,3,90L_10NL_3_1,1,280,"('nç', 'nç', 'nx')",astɾinxamos,astɾinxamos
90L_10NL,3,90L_10NL_3_1,1,840,"('nç', 'nx', 'nx')",astɾinxamos,astɾinxamos
90L_10NL,3,90L_10NL_3_1,1,840,"('nç', 'nx', 'nx')",astɾinxamos,astɾinxamos
90L_10NL,3,90L_10NL_3_1,1,840,"('nç', 'nx', 'nx')",astɾinxamos,astɾinxamos
90L_10NL,3,90L_10NL_3_1,1,840,"('nç', 'nx', 'nx')",astɾinxamos,astɾinxamos
90L_10NL,3,90L_10NL_3_1,1,840,"('nç', 'nx', 'nx')",astɾinxamos,astɾinxamos
90L_10NL,3,90L_10NL_3_1,1,840,"('nç', 'nx', 'nx')",astɾinxamos,astɾinxamos
90L_10NL,3,90L_10NL_3_1,1,280,"('nç', 'nç', 'nx')",astɾinxamos,astɾinxamos
90L_10NL,3,90L_10NL_3_1,1,280,"('nç', 'nç', 'nx')",astɾinxamos,astɾinxamos
90L_10NL,3,90L_10NL_3_1,1,840,"('nç', 'nx', 'nx')",astɾinxamos,astɾinxamos
90L_10NL,3,90L_10NL_3_1,1,840,"('nç', 'nx', 'nx')",astɾinxamos,astɾinxamos
90L_10NL,3,90L_10NL_3_1,1,840,"('nç', 'nx', 'nx')",astɾinxamos,astɾinxamos
90L_10NL,3,90L_10NL_3_1,1,840,"('nç', 'nx', 'nx')",astɾinxamos,astɾinxamos
90L_10NL,3,90L_10NL_3_1,1,840,"('nç', 'nx', 'nx')",astɾinxamos,astɾinxamos
90L_10NL,3,90L_10NL_3_1,1,840,"('nç', 'nx', 'nx')",astɾinxamos,astɾinxamos
90L_10NL,3,90L_10NL_3_1,1,280,"('nç', 'nç', 'nx')",astɾinxamos,astɾinxamos
90L_10NL,3,90L_10NL_3_1,1,840,"('nç', 'nx', 'nx')",astɾinxamos,astɾinxamos
90L_10NL,3,90L_10NL_3_1,1,840,"('nç', 'nx', 'nx')",astɾinxamos,astɾinxamos
90L_10NL,3,90L_10NL_3_1,1,840,"('nç', 'nx', 'nx')",astɾinxamos,astɾinxamos
90L_10NL,3,90L_10NL_3_1,1,840,"('nç', 'nx', 'nx')",astɾinxamos,astɾinxamos
90L_10NL,3,90L_10NL_3_1,1,840,"('nç', 'nx', 'nx')",astɾinxamos,astɾinxamos
90L_10NL,3,90L_10NL_3_1,1,840,"('nç', 'nx', 'nx')",astɾinxamos,astɾinxamos
90L_10NL,3,90L_10NL_3_1,1,840,"('nç', 'nx', 'nx')",astɾinxamos,astɾinxamos
90L_10NL,3,90L_10NL_3_1,1,840,"('nç', 'nx', 'nx')",astɾinxamos,astɾinxamos
90L_10NL,3,90L_10NL_3_1,1,840,"('nç', 'nx', 'nx')",astɾinxamos,astɾinxamos
90L_10NL,3,90L_10NL_3_1,1,840,"('nç', 'nx', 'nx')",astɾinxamos,astɾinxamos
90L_10NL,3,90L_10NL_3_1,1,840,"('nç', 'nx', 'nx')",astɾinxamos,astɾinxamos
90L_10NL,3,90L_10NL_3_1,1,840,"('nç', 'nx', 'nx')",astɾinxamos,astɾinxamos
90L_10NL,3,90L_10NL_3_1,1,420,"('nx', 'nx', 'nx')",astɾinxamos,astɾinxamos
90L_10NL,3,90L_10NL_3_1,1,420,"('nx', 'nx', 'nx')",astɾinxamos,astɾinxamos
90L_10NL,3,90L_10NL_3_1,1,420,"('nx', 'nx', 'nx')",astɾinxamos,astɾinxamos
90L_10NL,3,90L_10NL_3_1,1,420,"('nx', 'nx', 'nx')",astɾinxamos,astɾinxamos
90L_10NL,3,90L_10NL_3_1,1,420,"('nx', 'nx', 'nx')",astɾinxamos,astɾinxamos
90L_10NL,3,90L_10NL_3_1,1,420,"('nx', 'nx', 'nx')",astɾinxamos,astɾinxamos
90L_10NL,3,90L_10NL_3_1,1,420,"('nx', 'nx', 'nx')",astɾinxamos,astɾinxamos
90L_10NL,3,90L_10NL_3_1,1,420,"('nx', 'nx', 'nx')",astɾinxamos,astɾinxamos
90L_10NL,3,90L_10NL_3_1,1,420,"('nx', 'nx', 'nx')",astɾinxamos,astɾinxamos
90L_10NL,3,90L_10NL_3_1,1,420,"('nx', 'nx', 'nx')",astɾinxamos,astɾinxamos
90L_10NL,3,90L_10NL_3_1,1,420,"('nx', 'nx', 'nx')",astɾinxamos,astɾinxamos
90L_10NL,3,90L_10NL_3_1,0,420,"('nx', 'nx', 'nx')",astɾinxan,astɾinxamos
90L_10NL,3,90L_10NL_3_1,0,420,"('nx', 'nx', 'nx')",astɾinxan,astɾinxamos
90L_10NL,3,90L_10NL_3_1,0,420,"('nx', 'nx', 'nx')",astɾinxan,astɾinxamos
90L_10NL,3,90L_10NL_3_1,0,420,"('nx', 'nx', 'nx')",astɾinxan,astɾinxamos
90L_10NL,3,90L_10NL_3_1,1,280,"('nç', 'nç', 'nx')",astɾinxan,astɾinxan
90L_10NL,3,90L_10NL_3_1,1,280,"('nç', 'nç', 'nx')",astɾinxan,astɾinxan
90L_10NL,3,90L_10NL_3_1,1,280,"('nç', 'nç', 'nx')",astɾinxan,astɾinxan
90L_10NL,3,90L_10NL_3_1,1,280,"('nç', 'nç', 'nx')",astɾinxan,astɾinxan
90L_10NL,3,90L_10NL_3_1,1,840,"('nç', 'nx', 'nx')",astɾinxan,astɾinxan
90L_10NL,3,90L_10NL_3_1,1,840,"('nç', 'nx', 'nx')",astɾinxan,astɾinxan
90L_10NL,3,90L_10NL_3_1,1,840,"('nç', 'nx', 'nx')",astɾinxan,astɾinxan
90L_10NL,3,90L_10NL_3_1,1,840,"('nç', 'nx', 'nx')",astɾinxan,astɾinxan
90L_10NL,3,90L_10NL_3_1,1,840,"('nç', 'nx', 'nx')",astɾinxan,astɾinxan
90L_10NL,3,90L_10NL_3_1,1,840,"('nç', 'nx', 'nx')",astɾinxan,astɾinxan
90L_10NL,3,90L_10NL_3_1,1,280,"('nç', 'nç', 'nx')",astɾinxan,astɾinxan
90L_10NL,3,90L_10NL_3_1,1,280,"('nç', 'nç', 'nx')",astɾinxan,astɾinxan
90L_10NL,3,90L_10NL_3_1,1,280,"('nç', 'nç', 'nx')",astɾinxan,astɾinxan
90L_10NL,3,90L_10NL_3_1,1,840,"('nç', 'nx', 'nx')",astɾinxan,astɾinxan
90L_10NL,3,90L_10NL_3_1,1,840,"('nç', 'nx', 'nx')",astɾinxan,astɾinxan
90L_10NL,3,90L_10NL_3_1,1,840,"('nç', 'nx', 'nx')",astɾinxan,astɾinxan
90L_10NL,3,90L_10NL_3_1,1,840,"('nç', 'nx', 'nx')",astɾinxan,astɾinxan
90L_10NL,3,90L_10NL_3_1,1,840,"('nç', 'nx', 'nx')",astɾinxan,astɾinxan
90L_10NL,3,90L_10NL_3_1,1,840,"('nç', 'nx', 'nx')",astɾinxan,astɾinxan
90L_10NL,3,90L_10NL_3_1,1,280,"('nç', 'nç', 'nx')",astɾinxan,astɾinxan
90L_10NL,3,90L_10NL_3_1,1,280,"('nç', 'nç', 'nx')",astɾinxan,astɾinxan
90L_10NL,3,90L_10NL_3_1,1,840,"('nç', 'nx', 'nx')",astɾinxan,astɾinxan
90L_10NL,3,90L_10NL_3_1,1,840,"('nç', 'nx', 'nx')",astɾinxan,astɾinxan
90L_10NL,3,90L_10NL_3_1,1,840,"('nç', 'nx', 'nx')",astɾinxan,astɾinxan
90L_10NL,3,90L_10NL_3_1,1,840,"('nç', 'nx', 'nx')",astɾinxan,astɾinxan
90L_10NL,3,90L_10NL_3_1,1,840,"('nç', 'nx', 'nx')",astɾinxan,astɾinxan
90L_10NL,3,90L_10NL_3_1,1,840,"('nç', 'nx', 'nx')",astɾinxan,astɾinxan
90L_10NL,3,90L_10NL_3_1,1,280,"('nç', 'nç', 'nx')",astɾinxan,astɾinxan
90L_10NL,3,90L_10NL_3_1,1,840,"('nç', 'nx', 'nx')",astɾinxan,astɾinxan
90L_10NL,3,90L_10NL_3_1,1,840,"('nç', 'nx', 'nx')",astɾinxan,astɾinxan
90L_10NL,3,90L_10NL_3_1,1,840,"('nç', 'nx', 'nx')",astɾinxan,astɾinxan
90L_10NL,3,90L_10NL_3_1,1,840,"('nç', 'nx', 'nx')",astɾinxan,astɾinxan
90L_10NL,3,90L_10NL_3_1,1,840,"('nç', 'nx', 'nx')",astɾinxan,astɾinxan
90L_10NL,3,90L_10NL_3_1,1,840,"('nç', 'nx', 'nx')",astɾinxan,astɾinxan
90L_10NL,3,90L_10NL_3_1,1,840,"('nç', 'nx', 'nx')",astɾinxan,astɾinxan
90L_10NL,3,90L_10NL_3_1,1,840,"('nç', 'nx', 'nx')",astɾinxan,astɾinxan
90L_10NL,3,90L_10NL_3_1,1,840,"('nç', 'nx', 'nx')",astɾinxan,astɾinxan
90L_10NL,3,90L_10NL_3_1,1,840,"('nç', 'nx', 'nx')",astɾinxan,astɾinxan
90L_10NL,3,90L_10NL_3_1,1,840,"('nç', 'nx', 'nx')",astɾinxan,astɾinxan
90L_10NL,3,90L_10NL_3_1,1,840,"('nç', 'nx', 'nx')",astɾinxan,astɾinxan
90L_10NL,3,90L_10NL_3_1,1,420,"('nx', 'nx', 'nx')",astɾinxan,astɾinxan
90L_10NL,3,90L_10NL_3_1,1,420,"('nx', 'nx', 'nx')",astɾinxan,astɾinxan
90L_10NL,3,90L_10NL_3_1,1,420,"('nx', 'nx', 'nx')",astɾinxan,astɾinxan
90L_10NL,3,90L_10NL_3_1,1,420,"('nx', 'nx', 'nx')",astɾinxan,astɾinxan
90L_10NL,3,90L_10NL_3_1,1,420,"('nx', 'nx', 'nx')",astɾinxan,astɾinxan
90L_10NL,3,90L_10NL_3_1,1,420,"('nx', 'nx', 'nx')",astɾinxan,astɾinxan
90L_10NL,3,90L_10NL_3_1,1,420,"('nx', 'nx', 'nx')",astɾinxan,astɾinxan
90L_10NL,3,90L_10NL_3_1,1,420,"('nx', 'nx', 'nx')",astɾinxan,astɾinxan
90L_10NL,3,90L_10NL_3_1,1,420,"('nx', 'nx', 'nx')",astɾinxan,astɾinxan
90L_10NL,3,90L_10NL_3_1,1,420,"('nx', 'nx', 'nx')",astɾinxan,astɾinxan
90L_10NL,3,90L_10NL_3_1,1,420,"('nx', 'nx', 'nx')",astɾinxan,astɾinxan
90L_10NL,3,90L_10NL_3_1,0,420,"('nx', 'nx', 'nx')",astɾinxas,astɾinxan
90L_10NL,3,90L_10NL_3_1,0,420,"('nx', 'nx', 'nx')",astɾinxas,astɾinxan
90L_10NL,3,90L_10NL_3_1,0,420,"('nx', 'nx', 'nx')",astɾinxas,astɾinxan
90L_10NL,3,90L_10NL_3_1,0,420,"('nx', 'nx', 'nx')",astɾinxas,astɾinxan
90L_10NL,3,90L_10NL_3_1,1,280,"('nç', 'nç', 'nx')",astɾinxas,astɾinxas
90L_10NL,3,90L_10NL_3_1,1,280,"('nç', 'nç', 'nx')",astɾinxas,astɾinxas
90L_10NL,3,90L_10NL_3_1,1,280,"('nç', 'nç', 'nx')",astɾinxas,astɾinxas
90L_10NL,3,90L_10NL_3_1,1,280,"('nç', 'nç', 'nx')",astɾinxas,astɾinxas
90L_10NL,3,90L_10NL_3_1,1,840,"('nç', 'nx', 'nx')",astɾinxas,astɾinxas
90L_10NL,3,90L_10NL_3_1,1,840,"('nç', 'nx', 'nx')",astɾinxas,astɾinxas
90L_10NL,3,90L_10NL_3_1,1,840,"('nç', 'nx', 'nx')",astɾinxas,astɾinxas
90L_10NL,3,90L_10NL_3_1,1,840,"('nç', 'nx', 'nx')",astɾinxas,astɾinxas
90L_10NL,3,90L_10NL_3_1,1,840,"('nç', 'nx', 'nx')",astɾinxas,astɾinxas
90L_10NL,3,90L_10NL_3_1,1,840,"('nç', 'nx', 'nx')",astɾinxas,astɾinxas
90L_10NL,3,90L_10NL_3_1,1,280,"('nç', 'nç', 'nx')",astɾinxas,astɾinxas
90L_10NL,3,90L_10NL_3_1,1,280,"('nç', 'nç', 'nx')",astɾinxas,astɾinxas
90L_10NL,3,90L_10NL_3_1,1,280,"('nç', 'nç', 'nx')",astɾinxas,astɾinxas
90L_10NL,3,90L_10NL_3_1,1,840,"('nç', 'nx', 'nx')",astɾinxas,astɾinxas
90L_10NL,3,90L_10NL_3_1,1,840,"('nç', 'nx', 'nx')",astɾinxas,astɾinxas
90L_10NL,3,90L_10NL_3_1,1,840,"('nç', 'nx', 'nx')",astɾinxas,astɾinxas
90L_10NL,3,90L_10NL_3_1,1,840,"('nç', 'nx', 'nx')",astɾinxas,astɾinxas
90L_10NL,3,90L_10NL_3_1,1,840,"('nç', 'nx', 'nx')",astɾinxas,astɾinxas
90L_10NL,3,90L_10NL_3_1,1,840,"('nç', 'nx', 'nx')",astɾinxas,astɾinxas
90L_10NL,3,90L_10NL_3_1,1,280,"('nç', 'nç', 'nx')",astɾinxas,astɾinxas
90L_10NL,3,90L_10NL_3_1,1,280,"('nç', 'nç', 'nx')",astɾinxas,astɾinxas
90L_10NL,3,90L_10NL_3_1,1,840,"('nç', 'nx', 'nx')",astɾinxas,astɾinxas
90L_10NL,3,90L_10NL_3_1,1,840,"('nç', 'nx', 'nx')",astɾinxas,astɾinxas
90L_10NL,3,90L_10NL_3_1,1,840,"('nç', 'nx', 'nx')",astɾinxas,astɾinxas
90L_10NL,3,90L_10NL_3_1,1,840,"('nç', 'nx', 'nx')",astɾinxas,astɾinxas
90L_10NL,3,90L_10NL_3_1,1,840,"('nç', 'nx', 'nx')",astɾinxas,astɾinxas
90L_10NL,3,90L_10NL_3_1,1,840,"('nç', 'nx', 'nx')",astɾinxas,astɾinxas
90L_10NL,3,90L_10NL_3_1,1,280,"('nç', 'nç', 'nx')",astɾinxas,astɾinxas
90L_10NL,3,90L_10NL_3_1,1,840,"('nç', 'nx', 'nx')",astɾinxas,astɾinxas
90L_10NL,3,90L_10NL_3_1,1,840,"('nç', 'nx', 'nx')",astɾinxas,astɾinxas
90L_10NL,3,90L_10NL_3_1,1,840,"('nç', 'nx', 'nx')",astɾinxas,astɾinxas
90L_10NL,3,90L_10NL_3_1,1,840,"('nç', 'nx', 'nx')",astɾinxas,astɾinxas
90L_10NL,3,90L_10NL_3_1,1,840,"('nç', 'nx', 'nx')",astɾinxas,astɾinxas
90L_10NL,3,90L_10NL_3_1,1,840,"('nç', 'nx', 'nx')",astɾinxas,astɾinxas
90L_10NL,3,90L_10NL_3_1,1,840,"('nç', 'nx', 'nx')",astɾinxas,astɾinxas
90L_10NL,3,90L_10NL_3_1,1,840,"('nç', 'nx', 'nx')",astɾinxas,astɾinxas
90L_10NL,3,90L_10NL_3_1,1,840,"('nç', 'nx', 'nx')",astɾinxas,astɾinxas
90L_10NL,3,90L_10NL_3_1,1,840,"('nç', 'nx', 'nx')",astɾinxas,astɾinxas
90L_10NL,3,90L_10NL_3_1,1,840,"('nç', 'nx', 'nx')",astɾinxas,astɾinxas
90L_10NL,3,90L_10NL_3_1,1,840,"('nç', 'nx', 'nx')",astɾinxas,astɾinxas
90L_10NL,3,90L_10NL_3_1,1,420,"('nx', 'nx', 'nx')",astɾinxas,astɾinxas
90L_10NL,3,90L_10NL_3_1,1,420,"('nx', 'nx', 'nx')",astɾinxas,astɾinxas
90L_10NL,3,90L_10NL_3_1,1,420,"('nx', 'nx', 'nx')",astɾinxas,astɾinxas
90L_10NL,3,90L_10NL_3_1,1,420,"('nx', 'nx', 'nx')",astɾinxas,astɾinxas
90L_10NL,3,90L_10NL_3_1,1,420,"('nx', 'nx', 'nx')",astɾinxas,astɾinxas
90L_10NL,3,90L_10NL_3_1,1,420,"('nx', 'nx', 'nx')",astɾinxas,astɾinxas
90L_10NL,3,90L_10NL_3_1,1,420,"('nx', 'nx', 'nx')",astɾinxas,astɾinxas
90L_10NL,3,90L_10NL_3_1,1,420,"('nx', 'nx', 'nx')",astɾinxas,astɾinxas
90L_10NL,3,90L_10NL_3_1,1,420,"('nx', 'nx', 'nx')",astɾinxas,astɾinxas
90L_10NL,3,90L_10NL_3_1,1,420,"('nx', 'nx', 'nx')",astɾinxas,astɾinxas
90L_10NL,3,90L_10NL_3_1,1,420,"('nx', 'nx', 'nx')",astɾinxas,astɾinxas
90L_10NL,3,90L_10NL_3_1,0,420,"('nx', 'nx', 'nx')",astɾinxa,astɾinxas
90L_10NL,3,90L_10NL_3_1,0,420,"('nx', 'nx', 'nx')",astɾinxa,astɾinxas
90L_10NL,3,90L_10NL_3_1,0,420,"('nx', 'nx', 'nx')",astɾinxa,astɾinxas
90L_10NL,3,90L_10NL_3_1,0,420,"('nx', 'nx', 'nx')",astɾinxa,astɾinxas
90L_10NL,3,90L_10NL_3_1,1,280,"('nç', 'nç', 'nx')",astɾinxa,astɾinxa
90L_10NL,3,90L_10NL_3_1,1,280,"('nç', 'nç', 'nx')",astɾinxa,astɾinxa
90L_10NL,3,90L_10NL_3_1,1,280,"('nç', 'nç', 'nx')",astɾinxa,astɾinxa
90L_10NL,3,90L_10NL_3_1,1,280,"('nç', 'nç', 'nx')",astɾinxa,astɾinxa
90L_10NL,3,90L_10NL_3_1,1,840,"('nç', 'nx', 'nx')",astɾinxa,astɾinxa
90L_10NL,3,90L_10NL_3_1,1,840,"('nç', 'nx', 'nx')",astɾinxa,astɾinxa
90L_10NL,3,90L_10NL_3_1,1,840,"('nç', 'nx', 'nx')",astɾinxa,astɾinxa
90L_10NL,3,90L_10NL_3_1,1,840,"('nç', 'nx', 'nx')",astɾinxa,astɾinxa
90L_10NL,3,90L_10NL_3_1,1,840,"('nç', 'nx', 'nx')",astɾinxa,astɾinxa
90L_10NL,3,90L_10NL_3_1,1,840,"('nç', 'nx', 'nx')",astɾinxa,astɾinxa
90L_10NL,3,90L_10NL_3_1,1,280,"('nç', 'nç', 'nx')",astɾinxa,astɾinxa
90L_10NL,3,90L_10NL_3_1,1,280,"('nç', 'nç', 'nx')",astɾinxa,astɾinxa
90L_10NL,3,90L_10NL_3_1,1,280,"('nç', 'nç', 'nx')",astɾinxa,astɾinxa
90L_10NL,3,90L_10NL_3_1,1,840,"('nç', 'nx', 'nx')",astɾinxa,astɾinxa
90L_10NL,3,90L_10NL_3_1,1,840,"('nç', 'nx', 'nx')",astɾinxa,astɾinxa
90L_10NL,3,90L_10NL_3_1,1,840,"('nç', 'nx', 'nx')",astɾinxa,astɾinxa
90L_10NL,3,90L_10NL_3_1,1,840,"('nç', 'nx', 'nx')",astɾinxa,astɾinxa
90L_10NL,3,90L_10NL_3_1,1,840,"('nç', 'nx', 'nx')",astɾinxa,astɾinxa
90L_10NL,3,90L_10NL_3_1,1,840,"('nç', 'nx', 'nx')",astɾinxa,astɾinxa
90L_10NL,3,90L_10NL_3_1,1,280,"('nç', 'nç', 'nx')",astɾinxa,astɾinxa
90L_10NL,3,90L_10NL_3_1,1,280,"('nç', 'nç', 'nx')",astɾinxa,astɾinxa
90L_10NL,3,90L_10NL_3_1,1,840,"('nç', 'nx', 'nx')",astɾinxa,astɾinxa
90L_10NL,3,90L_10NL_3_1,1,840,"('nç', 'nx', 'nx')",astɾinxa,astɾinxa
90L_10NL,3,90L_10NL_3_1,1,840,"('nç', 'nx', 'nx')",astɾinxa,astɾinxa
90L_10NL,3,90L_10NL_3_1,1,840,"('nç', 'nx', 'nx')",astɾinxa,astɾinxa
90L_10NL,3,90L_10NL_3_1,1,840,"('nç', 'nx', 'nx')",astɾinxa,astɾinxa
90L_10NL,3,90L_10NL_3_1,1,840,"('nç', 'nx', 'nx')",astɾinxa,astɾinxa
90L_10NL,3,90L_10NL_3_1,1,280,"('nç', 'nç', 'nx')",astɾinxa,astɾinxa
90L_10NL,3,90L_10NL_3_1,1,840,"('nç', 'nx', 'nx')",astɾinxa,astɾinxa
90L_10NL,3,90L_10NL_3_1,1,840,"('nç', 'nx', 'nx')",astɾinxa,astɾinxa
90L_10NL,3,90L_10NL_3_1,1,840,"('nç', 'nx', 'nx')",astɾinxa,astɾinxa
90L_10NL,3,90L_10NL_3_1,1,840,"('nç', 'nx', 'nx')",astɾinxa,astɾinxa
90L_10NL,3,90L_10NL_3_1,1,840,"('nç', 'nx', 'nx')",astɾinxa,astɾinxa
90L_10NL,3,90L_10NL_3_1,1,840,"('nç', 'nx', 'nx')",astɾinxa,astɾinxa
90L_10NL,3,90L_10NL_3_1,1,840,"('nç', 'nx', 'nx')",astɾinxa,astɾinxa
90L_10NL,3,90L_10NL_3_1,1,840,"('nç', 'nx', 'nx')",astɾinxa,astɾinxa
90L_10NL,3,90L_10NL_3_1,1,840,"('nç', 'nx', 'nx')",astɾinxa,astɾinxa
90L_10NL,3,90L_10NL_3_1,1,840,"('nç', 'nx', 'nx')",astɾinxa,astɾinxa
90L_10NL,3,90L_10NL_3_1,1,840,"('nç', 'nx', 'nx')",astɾinxa,astɾinxa
90L_10NL,3,90L_10NL_3_1,1,840,"('nç', 'nx', 'nx')",astɾinxa,astɾinxa
90L_10NL,3,90L_10NL_3_1,1,420,"('nx', 'nx', 'nx')",astɾinxa,astɾinxa
90L_10NL,3,90L_10NL_3_1,1,420,"('nx', 'nx', 'nx')",astɾinxa,astɾinxa
90L_10NL,3,90L_10NL_3_1,1,420,"('nx', 'nx', 'nx')",astɾinxa,astɾinxa
90L_10NL,3,90L_10NL_3_1,1,420,"('nx', 'nx', 'nx')",astɾinxa,astɾinxa
90L_10NL,3,90L_10NL_3_1,1,420,"('nx', 'nx', 'nx')",astɾinxa,astɾinxa
90L_10NL,3,90L_10NL_3_1,1,420,"('nx', 'nx', 'nx')",astɾinxa,astɾinxa
90L_10NL,3,90L_10NL_3_1,1,420,"('nx', 'nx', 'nx')",astɾinxa,astɾinxa
90L_10NL,3,90L_10NL_3_1,1,420,"('nx', 'nx', 'nx')",astɾinxa,astɾinxa
90L_10NL,3,90L_10NL_3_1,1,420,"('nx', 'nx', 'nx')",astɾinxa,astɾinxa
90L_10NL,3,90L_10NL_3_1,1,420,"('nx', 'nx', 'nx')",astɾinxa,astɾinxa
90L_10NL,3,90L_10NL_3_1,1,420,"('nx', 'nx', 'nx')",astɾinxa,astɾinxa
90L_10NL,3,90L_10NL_3_1,1,420,"('nx', 'nx', 'nx')",astɾinxa,astɾinxa
90L_10NL,3,90L_10NL_3_1,1,420,"('nx', 'nx', 'nx')",astɾinxa,astɾinxa
90L_10NL,3,90L_10NL_3_1,1,420,"('nx', 'nx', 'nx')",astɾinxa,astɾinxa
90L_10NL,3,90L_10NL_3_1,1,420,"('nx', 'nx', 'nx')",astɾinxa,astɾinxa
90L_10NL,3,90L_10NL_3_1,1,280,"('nç', 'nç', 'nx')",astɾinxa,astɾinxa
90L_10NL,3,90L_10NL_3_1,1,280,"('nç', 'nç', 'nx')",astɾinxa,astɾinxa
90L_10NL,3,90L_10NL_3_1,1,280,"('nç', 'nç', 'nx')",astɾinxa,astɾinxa
90L_10NL,3,90L_10NL_3_1,1,280,"('nç', 'nç', 'nx')",astɾinxa,astɾinxa
90L_10NL,3,90L_10NL_3_1,1,840,"('nç', 'nx', 'nx')",astɾinxa,astɾinxa
90L_10NL,3,90L_10NL_3_1,1,840,"('nç', 'nx', 'nx')",astɾinxa,astɾinxa
90L_10NL,3,90L_10NL_3_1,1,840,"('nç', 'nx', 'nx')",astɾinxa,astɾinxa
90L_10NL,3,90L_10NL_3_1,1,840,"('nç', 'nx', 'nx')",astɾinxa,astɾinxa
90L_10NL,3,90L_10NL_3_1,1,840,"('nç', 'nx', 'nx')",astɾinxa,astɾinxa
90L_10NL,3,90L_10NL_3_1,1,840,"('nç', 'nx', 'nx')",astɾinxa,astɾinxa
90L_10NL,3,90L_10NL_3_1,1,280,"('nç', 'nç', 'nx')",astɾinxa,astɾinxa
90L_10NL,3,90L_10NL_3_1,1,280,"('nç', 'nç', 'nx')",astɾinxa,astɾinxa
90L_10NL,3,90L_10NL_3_1,1,280,"('nç', 'nç', 'nx')",astɾinxa,astɾinxa
90L_10NL,3,90L_10NL_3_1,1,840,"('nç', 'nx', 'nx')",astɾinxa,astɾinxa
90L_10NL,3,90L_10NL_3_1,1,840,"('nç', 'nx', 'nx')",astɾinxa,astɾinxa
90L_10NL,3,90L_10NL_3_1,1,840,"('nç', 'nx', 'nx')",astɾinxa,astɾinxa
90L_10NL,3,90L_10NL_3_1,1,840,"('nç', 'nx', 'nx')",astɾinxa,astɾinxa
90L_10NL,3,90L_10NL_3_1,1,840,"('nç', 'nx', 'nx')",astɾinxa,astɾinxa
90L_10NL,3,90L_10NL_3_1,1,840,"('nç', 'nx', 'nx')",astɾinxa,astɾinxa
90L_10NL,3,90L_10NL_3_1,1,280,"('nç', 'nç', 'nx')",astɾinxa,astɾinxa
90L_10NL,3,90L_10NL_3_1,1,280,"('nç', 'nç', 'nx')",astɾinxa,astɾinxa
90L_10NL,3,90L_10NL_3_1,1,840,"('nç', 'nx', 'nx')",astɾinxa,astɾinxa
90L_10NL,3,90L_10NL_3_1,1,840,"('nç', 'nx', 'nx')",astɾinxa,astɾinxa
90L_10NL,3,90L_10NL_3_1,1,840,"('nç', 'nx', 'nx')",astɾinxa,astɾinxa
90L_10NL,3,90L_10NL_3_1,1,840,"('nç', 'nx', 'nx')",astɾinxa,astɾinxa
90L_10NL,3,90L_10NL_3_1,1,840,"('nç', 'nx', 'nx')",astɾinxa,astɾinxa
90L_10NL,3,90L_10NL_3_1,1,840,"('nç', 'nx', 'nx')",astɾinxa,astɾinxa
90L_10NL,3,90L_10NL_3_1,1,280,"('nç', 'nç', 'nx')",astɾinxa,astɾinxa
90L_10NL,3,90L_10NL_3_1,1,840,"('nç', 'nx', 'nx')",astɾinxa,astɾinxa
90L_10NL,3,90L_10NL_3_1,1,840,"('nç', 'nx', 'nx')",astɾinxa,astɾinxa
90L_10NL,3,90L_10NL_3_1,1,840,"('nç', 'nx', 'nx')",astɾinxa,astɾinxa
90L_10NL,3,90L_10NL_3_1,1,840,"('nç', 'nx', 'nx')",astɾinxa,astɾinxa
90L_10NL,3,90L_10NL_3_1,1,840,"('nç', 'nx', 'nx')",astɾinxa,astɾinxa
90L_10NL,3,90L_10NL_3_1,1,840,"('nç', 'nx', 'nx')",astɾinxa,astɾinxa
90L_10NL,3,90L_10NL_3_1,1,840,"('nç', 'nx', 'nx')",astɾinxa,astɾinxa
90L_10NL,3,90L_10NL_3_1,1,840,"('nç', 'nx', 'nx')",astɾinxa,astɾinxa
90L_10NL,3,90L_10NL_3_1,1,840,"('nç', 'nx', 'nx')",astɾinxa,astɾinxa
90L_10NL,3,90L_10NL_3_1,1,840,"('nç', 'nx', 'nx')",astɾinxa,astɾinxa
90L_10NL,3,90L_10NL_3_1,1,840,"('nç', 'nx', 'nx')",astɾinxa,astɾinxa
90L_10NL,3,90L_10NL_3_1,1,840,"('nç', 'nx', 'nx')",astɾinxa,astɾinxa
90L_10NL,3,90L_10NL_3_1,1,420,"('nx', 'nx', 'nx')",astɾinxa,astɾinxa
90L_10NL,3,90L_10NL_3_1,1,420,"('nx', 'nx', 'nx')",astɾinxa,astɾinxa
90L_10NL,3,90L_10NL_3_1,1,420,"('nx', 'nx', 'nx')",astɾinxa,astɾinxa
90L_10NL,3,90L_10NL_3_1,1,420,"('nx', 'nx', 'nx')",astɾinxa,astɾinxa
90L_10NL,3,90L_10NL_3_1,1,420,"('nx', 'nx', 'nx')",astɾinxa,astɾinxa
90L_10NL,3,90L_10NL_3_1,1,420,"('nx', 'nx', 'nx')",astɾinxa,astɾinxa
90L_10NL,3,90L_10NL_3_1,1,420,"('nx', 'nx', 'nx')",astɾinxa,astɾinxa
90L_10NL,3,90L_10NL_3_1,1,420,"('nx', 'nx', 'nx')",astɾinxa,astɾinxa
90L_10NL,3,90L_10NL_3_1,1,420,"('nx', 'nx', 'nx')",astɾinxa,astɾinxa
90L_10NL,3,90L_10NL_3_1,1,420,"('nx', 'nx', 'nx')",astɾinxa,astɾinxa
90L_10NL,3,90L_10NL_3_1,1,420,"('nx', 'nx', 'nx')",astɾinxa,astɾinxa
90L_10NL,3,90L_10NL_3_1,0,420,"('nx', 'nx', 'nx')",astɾinxo,astɾinxa
90L_10NL,3,90L_10NL_3_1,0,420,"('nx', 'nx', 'nx')",astɾinxo,astɾinxa
90L_10NL,3,90L_10NL_3_1,0,420,"('nx', 'nx', 'nx')",astɾinxo,astɾinxa
90L_10NL,3,90L_10NL_3_1,0,420,"('nx', 'nx', 'nx')",astɾinxo,astɾinxa
90L_10NL,3,90L_10NL_3_1,1,280,"('nç', 'nç', 'nx')",astɾinxo,astɾinxo
90L_10NL,3,90L_10NL_3_1,1,280,"('nç', 'nç', 'nx')",astɾinxo,astɾinxo
90L_10NL,3,90L_10NL_3_1,1,280,"('nç', 'nç', 'nx')",astɾinxo,astɾinxo
90L_10NL,3,90L_10NL_3_1,1,280,"('nç', 'nç', 'nx')",astɾinxo,astɾinxo
90L_10NL,3,90L_10NL_3_1,1,840,"('nç', 'nx', 'nx')",astɾinxo,astɾinxo
90L_10NL,3,90L_10NL_3_1,1,840,"('nç', 'nx', 'nx')",astɾinxo,astɾinxo
90L_10NL,3,90L_10NL_3_1,1,840,"('nç', 'nx', 'nx')",astɾinxo,astɾinxo
90L_10NL,3,90L_10NL_3_1,1,840,"('nç', 'nx', 'nx')",astɾinxo,astɾinxo
90L_10NL,3,90L_10NL_3_1,1,840,"('nç', 'nx', 'nx')",astɾinxo,astɾinxo
90L_10NL,3,90L_10NL_3_1,1,840,"('nç', 'nx', 'nx')",astɾinxo,astɾinxo
90L_10NL,3,90L_10NL_3_1,1,280,"('nç', 'nç', 'nx')",astɾinxo,astɾinxo
90L_10NL,3,90L_10NL_3_1,1,280,"('nç', 'nç', 'nx')",astɾinxo,astɾinxo
90L_10NL,3,90L_10NL_3_1,1,280,"('nç', 'nç', 'nx')",astɾinxo,astɾinxo
90L_10NL,3,90L_10NL_3_1,1,840,"('nç', 'nx', 'nx')",astɾinxo,astɾinxo
90L_10NL,3,90L_10NL_3_1,1,840,"('nç', 'nx', 'nx')",astɾinxo,astɾinxo
90L_10NL,3,90L_10NL_3_1,1,840,"('nç', 'nx', 'nx')",astɾinxo,astɾinxo
90L_10NL,3,90L_10NL_3_1,1,840,"('nç', 'nx', 'nx')",astɾinxo,astɾinxo
90L_10NL,3,90L_10NL_3_1,1,840,"('nç', 'nx', 'nx')",astɾinxo,astɾinxo
90L_10NL,3,90L_10NL_3_1,1,840,"('nç', 'nx', 'nx')",astɾinxo,astɾinxo
90L_10NL,3,90L_10NL_3_1,1,280,"('nç', 'nç', 'nx')",astɾinxo,astɾinxo
90L_10NL,3,90L_10NL_3_1,1,280,"('nç', 'nç', 'nx')",astɾinxo,astɾinxo
90L_10NL,3,90L_10NL_3_1,1,840,"('nç', 'nx', 'nx')",astɾinxo,astɾinxo
90L_10NL,3,90L_10NL_3_1,1,840,"('nç', 'nx', 'nx')",astɾinxo,astɾinxo
90L_10NL,3,90L_10NL_3_1,1,840,"('nç', 'nx', 'nx')",astɾinxo,astɾinxo
90L_10NL,3,90L_10NL_3_1,1,840,"('nç', 'nx', 'nx')",astɾinxo,astɾinxo
90L_10NL,3,90L_10NL_3_1,1,840,"('nç', 'nx', 'nx')",astɾinxo,astɾinxo
90L_10NL,3,90L_10NL_3_1,1,840,"('nç', 'nx', 'nx')",astɾinxo,astɾinxo
90L_10NL,3,90L_10NL_3_1,1,280,"('nç', 'nç', 'nx')",astɾinxo,astɾinxo
90L_10NL,3,90L_10NL_3_1,1,840,"('nç', 'nx', 'nx')",astɾinxo,astɾinxo
90L_10NL,3,90L_10NL_3_1,1,840,"('nç', 'nx', 'nx')",astɾinxo,astɾinxo
90L_10NL,3,90L_10NL_3_1,1,840,"('nç', 'nx', 'nx')",astɾinxo,astɾinxo
90L_10NL,3,90L_10NL_3_1,1,840,"('nç', 'nx', 'nx')",astɾinxo,astɾinxo
90L_10NL,3,90L_10NL_3_1,1,840,"('nç', 'nx', 'nx')",astɾinxo,astɾinxo
90L_10NL,3,90L_10NL_3_1,1,840,"('nç', 'nx', 'nx')",astɾinxo,astɾinxo
90L_10NL,3,90L_10NL_3_1,1,840,"('nç', 'nx', 'nx')",astɾinxo,astɾinxo
90L_10NL,3,90L_10NL_3_1,1,840,"('nç', 'nx', 'nx')",astɾinxo,astɾinxo
90L_10NL,3,90L_10NL_3_1,1,840,"('nç', 'nx', 'nx')",astɾinxo,astɾinxo
90L_10NL,3,90L_10NL_3_1,1,840,"('nç', 'nx', 'nx')",astɾinxo,astɾinxo
90L_10NL,3,90L_10NL_3_1,1,840,"('nç', 'nx', 'nx')",astɾinxo,astɾinxo
90L_10NL,3,90L_10NL_3_1,1,840,"('nç', 'nx', 'nx')",astɾinxo,astɾinxo
90L_10NL,3,90L_10NL_3_1,1,420,"('nx', 'nx', 'nx')",astɾinxo,astɾinxo
90L_10NL,3,90L_10NL_3_1,1,420,"('nx', 'nx', 'nx')",astɾinxo,astɾinxo
90L_10NL,3,90L_10NL_3_1,1,420,"('nx', 'nx', 'nx')",astɾinxo,astɾinxo
90L_10NL,3,90L_10NL_3_1,1,420,"('nx', 'nx', 'nx')",astɾinxo,astɾinxo
90L_10NL,3,90L_10NL_3_1,1,420,"('nx', 'nx', 'nx')",astɾinxo,astɾinxo
90L_10NL,3,90L_10NL_3_1,1,420,"('nx', 'nx', 'nx')",astɾinxo,astɾinxo
90L_10NL,3,90L_10NL_3_1,1,420,"('nx', 'nx', 'nx')",astɾinxo,astɾinxo
90L_10NL,3,90L_10NL_3_1,1,420,"('nx', 'nx', 'nx')",astɾinxo,astɾinxo
90L_10NL,3,90L_10NL_3_1,1,420,"('nx', 'nx', 'nx')",astɾinxo,astɾinxo
90L_10NL,3,90L_10NL_3_1,1,420,"('nx', 'nx', 'nx')",astɾinxo,astɾinxo
90L_10NL,3,90L_10NL_3_1,1,420,"('nx', 'nx', 'nx')",astɾinxo,astɾinxo
90L_10NL,3,90L_10NL_3_1,0,420,"('nx', 'nx', 'nx')",eliçen,astɾinxo
90L_10NL,3,90L_10NL_3_1,0,420,"('nx', 'nx', 'nx')",eliçen,astɾinxo
90L_10NL,3,90L_10NL_3_1,0,420,"('nx', 'nx', 'nx')",eliçen,astɾinxo
90L_10NL,3,90L_10NL_3_1,0,420,"('nx', 'nx', 'nx')",eliçen,astɾinxo
90L_10NL,3,90L_10NL_3_1,1,210,"('ç', 'ç', 'ç')",eliçen,eliçen
90L_10NL,3,90L_10NL_3_1,1,210,"('ç', 'ç', 'ç')",eliçen,eliçen
90L_10NL,3,90L_10NL_3_1,1,210,"('ç', 'ç', 'ç')",eliçen,eliçen
90L_10NL,3,90L_10NL_3_1,1,980,"('ç', 'x', 'ç')",eliçen,eliçen
90L_10NL,3,90L_10NL_3_1,1,980,"('ç', 'x', 'ç')",eliçen,eliçen
90L_10NL,3,90L_10NL_3_1,1,980,"('ç', 'x', 'ç')",eliçen,eliçen
90L_10NL,3,90L_10NL_3_1,1,980,"('ç', 'x', 'ç')",eliçen,eliçen
90L_10NL,3,90L_10NL_3_1,1,980,"('ç', 'x', 'ç')",eliçen,eliçen
90L_10NL,3,90L_10NL_3_1,1,980,"('ç', 'x', 'ç')",eliçen,eliçen
90L_10NL,3,90L_10NL_3_1,1,980,"('ç', 'x', 'ç')",eliçen,eliçen
90L_10NL,3,90L_10NL_3_1,1,210,"('ç', 'ç', 'ç')",eliçen,eliçen
90L_10NL,3,90L_10NL_3_1,1,210,"('ç', 'ç', 'ç')",eliçen,eliçen
90L_10NL,3,90L_10NL_3_1,1,980,"('ç', 'x', 'ç')",eliçen,eliçen
90L_10NL,3,90L_10NL_3_1,1,980,"('ç', 'x', 'ç')",eliçen,eliçen
90L_10NL,3,90L_10NL_3_1,1,980,"('ç', 'x', 'ç')",eliçen,eliçen
90L_10NL,3,90L_10NL_3_1,1,980,"('ç', 'x', 'ç')",eliçen,eliçen
90L_10NL,3,90L_10NL_3_1,1,980,"('ç', 'x', 'ç')",eliçen,eliçen
90L_10NL,3,90L_10NL_3_1,1,980,"('ç', 'x', 'ç')",eliçen,eliçen
90L_10NL,3,90L_10NL_3_1,1,980,"('ç', 'x', 'ç')",eliçen,eliçen
90L_10NL,3,90L_10NL_3_1,1,210,"('ç', 'ç', 'ç')",eliçen,eliçen
90L_10NL,3,90L_10NL_3_1,1,980,"('ç', 'x', 'ç')",eliçen,eliçen
90L_10NL,3,90L_10NL_3_1,1,980,"('ç', 'x', 'ç')",eliçen,eliçen
90L_10NL,3,90L_10NL_3_1,1,980,"('ç', 'x', 'ç')",eliçen,eliçen
90L_10NL,3,90L_10NL_3_1,1,980,"('ç', 'x', 'ç')",eliçen,eliçen
90L_10NL,3,90L_10NL_3_1,1,980,"('ç', 'x', 'ç')",eliçen,eliçen
90L_10NL,3,90L_10NL_3_1,1,980,"('ç', 'x', 'ç')",eliçen,eliçen
90L_10NL,3,90L_10NL_3_1,1,980,"('ç', 'x', 'ç')",eliçen,eliçen
90L_10NL,3,90L_10NL_3_1,1,980,"('ç', 'x', 'ç')",eliçen,eliçen
90L_10NL,3,90L_10NL_3_1,1,980,"('ç', 'x', 'ç')",eliçen,eliçen
90L_10NL,3,90L_10NL_3_1,1,980,"('ç', 'x', 'ç')",eliçen,eliçen
90L_10NL,3,90L_10NL_3_1,1,980,"('ç', 'x', 'ç')",eliçen,eliçen
90L_10NL,3,90L_10NL_3_1,1,980,"('ç', 'x', 'ç')",eliçen,eliçen
90L_10NL,3,90L_10NL_3_1,1,980,"('ç', 'x', 'ç')",eliçen,eliçen
90L_10NL,3,90L_10NL_3_1,1,980,"('ç', 'x', 'ç')",eliçen,eliçen
90L_10NL,3,90L_10NL_3_1,1,735,"('x', 'x', 'ç')",eliçen,eliçen
90L_10NL,3,90L_10NL_3_1,1,735,"('x', 'x', 'ç')",eliçen,eliçen
90L_10NL,3,90L_10NL_3_1,1,735,"('x', 'x', 'ç')",eliçen,eliçen
90L_10NL,3,90L_10NL_3_1,1,735,"('x', 'x', 'ç')",eliçen,eliçen
90L_10NL,3,90L_10NL_3_1,1,735,"('x', 'x', 'ç')",eliçen,eliçen
90L_10NL,3,90L_10NL_3_1,1,735,"('x', 'x', 'ç')",eliçen,eliçen
90L_10NL,3,90L_10NL_3_1,1,735,"('x', 'x', 'ç')",eliçen,eliçen
90L_10NL,3,90L_10NL_3_1,1,735,"('x', 'x', 'ç')",eliçen,eliçen
90L_10NL,3,90L_10NL_3_1,1,735,"('x', 'x', 'ç')",eliçen,eliçen
90L_10NL,3,90L_10NL_3_1,1,735,"('x', 'x', 'ç')",eliçen,eliçen
90L_10NL,3,90L_10NL_3_1,1,735,"('x', 'x', 'ç')",eliçen,eliçen
90L_10NL,3,90L_10NL_3_1,1,735,"('x', 'x', 'ç')",eliçen,eliçen
90L_10NL,3,90L_10NL_3_1,1,735,"('x', 'x', 'ç')",eliçen,eliçen
90L_10NL,3,90L_10NL_3_1,1,735,"('x', 'x', 'ç')",eliçen,eliçen
90L_10NL,3,90L_10NL_3_1,1,735,"('x', 'x', 'ç')",eliçen,eliçen
90L_10NL,3,90L_10NL_3_1,1,735,"('x', 'x', 'ç')",eliçen,eliçen
90L_10NL,3,90L_10NL_3_1,1,735,"('x', 'x', 'ç')",eliçen,eliçen
90L_10NL,3,90L_10NL_3_1,0,735,"('x', 'x', 'ç')",eliçes,eliçen
90L_10NL,3,90L_10NL_3_1,0,735,"('x', 'x', 'ç')",eliçes,eliçen
90L_10NL,3,90L_10NL_3_1,0,735,"('x', 'x', 'ç')",eliçes,eliçen
90L_10NL,3,90L_10NL_3_1,0,735,"('x', 'x', 'ç')",eliçes,eliçen
90L_10NL,3,90L_10NL_3_1,1,210,"('ç', 'ç', 'ç')",eliçes,eliçes
90L_10NL,3,90L_10NL_3_1,1,210,"('ç', 'ç', 'ç')",eliçes,eliçes
90L_10NL,3,90L_10NL_3_1,1,210,"('ç', 'ç', 'ç')",eliçes,eliçes
90L_10NL,3,90L_10NL_3_1,1,980,"('ç', 'x', 'ç')",eliçes,eliçes
90L_10NL,3,90L_10NL_3_1,1,980,"('ç', 'x', 'ç')",eliçes,eliçes
90L_10NL,3,90L_10NL_3_1,1,980,"('ç', 'x', 'ç')",eliçes,eliçes
90L_10NL,3,90L_10NL_3_1,1,980,"('ç', 'x', 'ç')",eliçes,eliçes
90L_10NL,3,90L_10NL_3_1,1,980,"('ç', 'x', 'ç')",eliçes,eliçes
90L_10NL,3,90L_10NL_3_1,1,980,"('ç', 'x', 'ç')",eliçes,eliçes
90L_10NL,3,90L_10NL_3_1,1,980,"('ç', 'x', 'ç')",eliçes,eliçes
90L_10NL,3,90L_10NL_3_1,1,210,"('ç', 'ç', 'ç')",eliçes,eliçes
90L_10NL,3,90L_10NL_3_1,1,210,"('ç', 'ç', 'ç')",eliçes,eliçes
90L_10NL,3,90L_10NL_3_1,1,980,"('ç', 'x', 'ç')",eliçes,eliçes
90L_10NL,3,90L_10NL_3_1,1,980,"('ç', 'x', 'ç')",eliçes,eliçes
90L_10NL,3,90L_10NL_3_1,1,980,"('ç', 'x', 'ç')",eliçes,eliçes
90L_10NL,3,90L_10NL_3_1,1,980,"('ç', 'x', 'ç')",eliçes,eliçes
90L_10NL,3,90L_10NL_3_1,1,980,"('ç', 'x', 'ç')",eliçes,eliçes
90L_10NL,3,90L_10NL_3_1,1,980,"('ç', 'x', 'ç')",eliçes,eliçes
90L_10NL,3,90L_10NL_3_1,1,980,"('ç', 'x', 'ç')",eliçes,eliçes
90L_10NL,3,90L_10NL_3_1,1,210,"('ç', 'ç', 'ç')",eliçes,eliçes
90L_10NL,3,90L_10NL_3_1,1,980,"('ç', 'x', 'ç')",eliçes,eliçes
90L_10NL,3,90L_10NL_3_1,1,980,"('ç', 'x', 'ç')",eliçes,eliçes
90L_10NL,3,90L_10NL_3_1,1,980,"('ç', 'x', 'ç')",eliçes,eliçes
90L_10NL,3,90L_10NL_3_1,1,980,"('ç', 'x', 'ç')",eliçes,eliçes
90L_10NL,3,90L_10NL_3_1,1,980,"('ç', 'x', 'ç')",eliçes,eliçes
90L_10NL,3,90L_10NL_3_1,1,980,"('ç', 'x', 'ç')",eliçes,eliçes
90L_10NL,3,90L_10NL_3_1,1,980,"('ç', 'x', 'ç')",eliçes,eliçes
90L_10NL,3,90L_10NL_3_1,1,980,"('ç', 'x', 'ç')",eliçes,eliçes
90L_10NL,3,90L_10NL_3_1,1,980,"('ç', 'x', 'ç')",eliçes,eliçes
90L_10NL,3,90L_10NL_3_1,1,980,"('ç', 'x', 'ç')",eliçes,eliçes
90L_10NL,3,90L_10NL_3_1,1,980,"('ç', 'x', 'ç')",eliçes,eliçes
90L_10NL,3,90L_10NL_3_1,1,980,"('ç', 'x', 'ç')",eliçes,eliçes
90L_10NL,3,90L_10NL_3_1,1,980,"('ç', 'x', 'ç')",eliçes,eliçes
90L_10NL,3,90L_10NL_3_1,1,980,"('ç', 'x', 'ç')",eliçes,eliçes
90L_10NL,3,90L_10NL_3_1,1,735,"('x', 'x', 'ç')",eliçes,eliçes
90L_10NL,3,90L_10NL_3_1,1,735,"('x', 'x', 'ç')",eliçes,eliçes
90L_10NL,3,90L_10NL_3_1,1,735,"('x', 'x', 'ç')",eliçes,eliçes
90L_10NL,3,90L_10NL_3_1,1,735,"('x', 'x', 'ç')",eliçes,eliçes
90L_10NL,3,90L_10NL_3_1,1,735,"('x', 'x', 'ç')",eliçes,eliçes
90L_10NL,3,90L_10NL_3_1,1,735,"('x', 'x', 'ç')",eliçes,eliçes
90L_10NL,3,90L_10NL_3_1,1,735,"('x', 'x', 'ç')",eliçes,eliçes
90L_10NL,3,90L_10NL_3_1,1,735,"('x', 'x', 'ç')",eliçes,eliçes
90L_10NL,3,90L_10NL_3_1,1,735,"('x', 'x', 'ç')",eliçes,eliçes
90L_10NL,3,90L_10NL_3_1,1,735,"('x', 'x', 'ç')",eliçes,eliçes
90L_10NL,3,90L_10NL_3_1,1,735,"('x', 'x', 'ç')",eliçes,eliçes
90L_10NL,3,90L_10NL_3_1,1,735,"('x', 'x', 'ç')",eliçes,eliçes
90L_10NL,3,90L_10NL_3_1,1,735,"('x', 'x', 'ç')",eliçes,eliçes
90L_10NL,3,90L_10NL_3_1,1,735,"('x', 'x', 'ç')",eliçes,eliçes
90L_10NL,3,90L_10NL_3_1,1,735,"('x', 'x', 'ç')",eliçes,eliçes
90L_10NL,3,90L_10NL_3_1,1,735,"('x', 'x', 'ç')",eliçes,eliçes
90L_10NL,3,90L_10NL_3_1,1,735,"('x', 'x', 'ç')",eliçes,eliçes
90L_10NL,3,90L_10NL_3_1,0,735,"('x', 'x', 'ç')",eliçe,eliçes
90L_10NL,3,90L_10NL_3_1,0,735,"('x', 'x', 'ç')",eliçe,eliçes
90L_10NL,3,90L_10NL_3_1,0,735,"('x', 'x', 'ç')",eliçe,eliçes
90L_10NL,3,90L_10NL_3_1,0,735,"('x', 'x', 'ç')",eliçe,eliçes
90L_10NL,3,90L_10NL_3_1,1,210,"('ç', 'ç', 'ç')",eliçe,eliçe
90L_10NL,3,90L_10NL_3_1,1,210,"('ç', 'ç', 'ç')",eliçe,eliçe
90L_10NL,3,90L_10NL_3_1,1,210,"('ç', 'ç', 'ç')",eliçe,eliçe
90L_10NL,3,90L_10NL_3_1,1,980,"('ç', 'x', 'ç')",eliçe,eliçe
90L_10NL,3,90L_10NL_3_1,1,980,"('ç', 'x', 'ç')",eliçe,eliçe
90L_10NL,3,90L_10NL_3_1,1,980,"('ç', 'x', 'ç')",eliçe,eliçe
90L_10NL,3,90L_10NL_3_1,1,980,"('ç', 'x', 'ç')",eliçe,eliçe
90L_10NL,3,90L_10NL_3_1,1,980,"('ç', 'x', 'ç')",eliçe,eliçe
90L_10NL,3,90L_10NL_3_1,1,980,"('ç', 'x', 'ç')",eliçe,eliçe
90L_10NL,3,90L_10NL_3_1,1,980,"('ç', 'x', 'ç')",eliçe,eliçe
90L_10NL,3,90L_10NL_3_1,1,210,"('ç', 'ç', 'ç')",eliçe,eliçe
90L_10NL,3,90L_10NL_3_1,1,210,"('ç', 'ç', 'ç')",eliçe,eliçe
90L_10NL,3,90L_10NL_3_1,1,980,"('ç', 'x', 'ç')",eliçe,eliçe
90L_10NL,3,90L_10NL_3_1,1,980,"('ç', 'x', 'ç')",eliçe,eliçe
90L_10NL,3,90L_10NL_3_1,1,980,"('ç', 'x', 'ç')",eliçe,eliçe
90L_10NL,3,90L_10NL_3_1,1,980,"('ç', 'x', 'ç')",eliçe,eliçe
90L_10NL,3,90L_10NL_3_1,1,980,"('ç', 'x', 'ç')",eliçe,eliçe
90L_10NL,3,90L_10NL_3_1,1,980,"('ç', 'x', 'ç')",eliçe,eliçe
90L_10NL,3,90L_10NL_3_1,1,980,"('ç', 'x', 'ç')",eliçe,eliçe
90L_10NL,3,90L_10NL_3_1,1,210,"('ç', 'ç', 'ç')",eliçe,eliçe
90L_10NL,3,90L_10NL_3_1,1,980,"('ç', 'x', 'ç')",eliçe,eliçe
90L_10NL,3,90L_10NL_3_1,1,980,"('ç', 'x', 'ç')",eliçe,eliçe
90L_10NL,3,90L_10NL_3_1,1,980,"('ç', 'x', 'ç')",eliçe,eliçe
90L_10NL,3,90L_10NL_3_1,1,980,"('ç', 'x', 'ç')",eliçe,eliçe
90L_10NL,3,90L_10NL_3_1,1,980,"('ç', 'x', 'ç')",eliçe,eliçe
90L_10NL,3,90L_10NL_3_1,1,980,"('ç', 'x', 'ç')",eliçe,eliçe
90L_10NL,3,90L_10NL_3_1,1,980,"('ç', 'x', 'ç')",eliçe,eliçe
90L_10NL,3,90L_10NL_3_1,1,980,"('ç', 'x', 'ç')",eliçe,eliçe
90L_10NL,3,90L_10NL_3_1,1,980,"('ç', 'x', 'ç')",eliçe,eliçe
90L_10NL,3,90L_10NL_3_1,1,980,"('ç', 'x', 'ç')",eliçe,eliçe
90L_10NL,3,90L_10NL_3_1,1,980,"('ç', 'x', 'ç')",eliçe,eliçe
90L_10NL,3,90L_10NL_3_1,1,980,"('ç', 'x', 'ç')",eliçe,eliçe
90L_10NL,3,90L_10NL_3_1,1,980,"('ç', 'x', 'ç')",eliçe,eliçe
90L_10NL,3,90L_10NL_3_1,1,980,"('ç', 'x', 'ç')",eliçe,eliçe
90L_10NL,3,90L_10NL_3_1,1,735,"('x', 'x', 'ç')",eliçe,eliçe
90L_10NL,3,90L_10NL_3_1,1,735,"('x', 'x', 'ç')",eliçe,eliçe
90L_10NL,3,90L_10NL_3_1,1,735,"('x', 'x', 'ç')",eliçe,eliçe
90L_10NL,3,90L_10NL_3_1,1,735,"('x', 'x', 'ç')",eliçe,eliçe
90L_10NL,3,90L_10NL_3_1,1,735,"('x', 'x', 'ç')",eliçe,eliçe
90L_10NL,3,90L_10NL_3_1,1,735,"('x', 'x', 'ç')",eliçe,eliçe
90L_10NL,3,90L_10NL_3_1,1,735,"('x', 'x', 'ç')",eliçe,eliçe
90L_10NL,3,90L_10NL_3_1,1,735,"('x', 'x', 'ç')",eliçe,eliçe
90L_10NL,3,90L_10NL_3_1,1,735,"('x', 'x', 'ç')",eliçe,eliçe
90L_10NL,3,90L_10NL_3_1,1,735,"('x', 'x', 'ç')",eliçe,eliçe
90L_10NL,3,90L_10NL_3_1,1,735,"('x', 'x', 'ç')",eliçe,eliçe
90L_10NL,3,90L_10NL_3_1,1,735,"('x', 'x', 'ç')",eliçe,eliçe
90L_10NL,3,90L_10NL_3_1,1,735,"('x', 'x', 'ç')",eliçe,eliçe
90L_10NL,3,90L_10NL_3_1,1,735,"('x', 'x', 'ç')",eliçe,eliçe
90L_10NL,3,90L_10NL_3_1,1,735,"('x', 'x', 'ç')",eliçe,eliçe
90L_10NL,3,90L_10NL_3_1,1,735,"('x', 'x', 'ç')",eliçe,eliçe
90L_10NL,3,90L_10NL_3_1,1,735,"('x', 'x', 'ç')",eliçe,eliçe
90L_10NL,3,90L_10NL_3_1,0,735,"('x', 'x', 'ç')",eleçimos,eliçe
90L_10NL,3,90L_10NL_3_1,0,735,"('x', 'x', 'ç')",eleçimos,eliçe
90L_10NL,3,90L_10NL_3_1,0,735,"('x', 'x', 'ç')",eleçimos,eliçe
90L_10NL,3,90L_10NL_3_1,0,735,"('x', 'x', 'ç')",eleçimos,eliçe
90L_10NL,3,90L_10NL_3_1,0,210,"('ç', 'ç', 'ç')",eleçimos,eliçimos
90L_10NL,3,90L_10NL_3_1,0,210,"('ç', 'ç', 'ç')",eleçimos,eliçimos
90L_10NL,3,90L_10NL_3_1,0,210,"('ç', 'ç', 'ç')",eleçimos,eliçimos
90L_10NL,3,90L_10NL_3_1,0,980,"('ç', 'x', 'ç')",eleçimos,eliçimos
90L_10NL,3,90L_10NL_3_1,0,980,"('ç', 'x', 'ç')",eleçimos,eliçimos
90L_10NL,3,90L_10NL_3_1,0,980,"('ç', 'x', 'ç')",eleçimos,eliçimos
90L_10NL,3,90L_10NL_3_1,0,980,"('ç', 'x', 'ç')",eleçimos,eliçimos
90L_10NL,3,90L_10NL_3_1,0,980,"('ç', 'x', 'ç')",eleçimos,eliçimos
90L_10NL,3,90L_10NL_3_1,0,980,"('ç', 'x', 'ç')",eleçimos,eliçimos
90L_10NL,3,90L_10NL_3_1,0,980,"('ç', 'x', 'ç')",eleçimos,eliçimos
90L_10NL,3,90L_10NL_3_1,0,210,"('ç', 'ç', 'ç')",eleçimos,eliçimos
90L_10NL,3,90L_10NL_3_1,0,210,"('ç', 'ç', 'ç')",eleçimos,eliçimos
90L_10NL,3,90L_10NL_3_1,0,980,"('ç', 'x', 'ç')",eleçimos,eliçimos
90L_10NL,3,90L_10NL_3_1,0,980,"('ç', 'x', 'ç')",eleçimos,eliçimos
90L_10NL,3,90L_10NL_3_1,0,980,"('ç', 'x', 'ç')",eleçimos,eliçimos
90L_10NL,3,90L_10NL_3_1,0,980,"('ç', 'x', 'ç')",eleçimos,eliçimos
90L_10NL,3,90L_10NL_3_1,0,980,"('ç', 'x', 'ç')",eleçimos,eliçimos
90L_10NL,3,90L_10NL_3_1,0,980,"('ç', 'x', 'ç')",eleçimos,eliçimos
90L_10NL,3,90L_10NL_3_1,0,980,"('ç', 'x', 'ç')",eleçimos,eliçimos
90L_10NL,3,90L_10NL_3_1,0,210,"('ç', 'ç', 'ç')",eleçimos,eliçimos
90L_10NL,3,90L_10NL_3_1,0,980,"('ç', 'x', 'ç')",eleçimos,eliçimos
90L_10NL,3,90L_10NL_3_1,0,980,"('ç', 'x', 'ç')",eleçimos,eliçimos
90L_10NL,3,90L_10NL_3_1,0,980,"('ç', 'x', 'ç')",eleçimos,eliçimos
90L_10NL,3,90L_10NL_3_1,0,980,"('ç', 'x', 'ç')",eleçimos,eliçimos
90L_10NL,3,90L_10NL_3_1,0,980,"('ç', 'x', 'ç')",eleçimos,eliçimos
90L_10NL,3,90L_10NL_3_1,0,980,"('ç', 'x', 'ç')",eleçimos,eliçimos
90L_10NL,3,90L_10NL_3_1,0,980,"('ç', 'x', 'ç')",eleçimos,eliçimos
90L_10NL,3,90L_10NL_3_1,0,980,"('ç', 'x', 'ç')",eleçimos,eliçimos
90L_10NL,3,90L_10NL_3_1,0,980,"('ç', 'x', 'ç')",eleçimos,eliçimos
90L_10NL,3,90L_10NL_3_1,0,980,"('ç', 'x', 'ç')",eleçimos,eliçimos
90L_10NL,3,90L_10NL_3_1,0,980,"('ç', 'x', 'ç')",eleçimos,eliçimos
90L_10NL,3,90L_10NL_3_1,0,980,"('ç', 'x', 'ç')",eleçimos,eliçimos
90L_10NL,3,90L_10NL_3_1,0,980,"('ç', 'x', 'ç')",eleçimos,eliçimos
90L_10NL,3,90L_10NL_3_1,0,980,"('ç', 'x', 'ç')",eleçimos,eliçimos
90L_10NL,3,90L_10NL_3_1,0,735,"('x', 'x', 'ç')",eleçimos,eliçimos
90L_10NL,3,90L_10NL_3_1,0,735,"('x', 'x', 'ç')",eleçimos,eliçimos
90L_10NL,3,90L_10NL_3_1,0,735,"('x', 'x', 'ç')",eleçimos,eliçimos
90L_10NL,3,90L_10NL_3_1,0,735,"('x', 'x', 'ç')",eleçimos,eliçimos
90L_10NL,3,90L_10NL_3_1,0,735,"('x', 'x', 'ç')",eleçimos,eliçimos
90L_10NL,3,90L_10NL_3_1,0,735,"('x', 'x', 'ç')",eleçimos,eliçimos
90L_10NL,3,90L_10NL_3_1,0,735,"('x', 'x', 'ç')",eleçimos,eliçimos
90L_10NL,3,90L_10NL_3_1,0,735,"('x', 'x', 'ç')",eleçimos,eliçimos
90L_10NL,3,90L_10NL_3_1,0,735,"('x', 'x', 'ç')",eleçimos,eliçimos
90L_10NL,3,90L_10NL_3_1,0,735,"('x', 'x', 'ç')",eleçimos,eliçimos
90L_10NL,3,90L_10NL_3_1,0,735,"('x', 'x', 'ç')",eleçimos,eliçimos
90L_10NL,3,90L_10NL_3_1,0,735,"('x', 'x', 'ç')",eleçimos,eliçimos
90L_10NL,3,90L_10NL_3_1,0,735,"('x', 'x', 'ç')",eleçimos,eliçimos
90L_10NL,3,90L_10NL_3_1,0,735,"('x', 'x', 'ç')",eleçimos,eliçimos
90L_10NL,3,90L_10NL_3_1,0,735,"('x', 'x', 'ç')",eleçimos,eliçimos
90L_10NL,3,90L_10NL_3_1,0,735,"('x', 'x', 'ç')",eleçimos,eliçimos
90L_10NL,3,90L_10NL_3_1,0,735,"('x', 'x', 'ç')",eleçimos,eliçimos
90L_10NL,3,90L_10NL_3_1,0,735,"('x', 'x', 'ç')",eleçis,eliçimos
90L_10NL,3,90L_10NL_3_1,0,735,"('x', 'x', 'ç')",eleçis,eliçimos
90L_10NL,3,90L_10NL_3_1,0,735,"('x', 'x', 'ç')",eleçis,eliçimos
90L_10NL,3,90L_10NL_3_1,0,735,"('x', 'x', 'ç')",eleçis,eliçimos
90L_10NL,3,90L_10NL_3_1,0,210,"('ç', 'ç', 'ç')",eleçis,eliçis
90L_10NL,3,90L_10NL_3_1,0,210,"('ç', 'ç', 'ç')",eleçis,eliçis
90L_10NL,3,90L_10NL_3_1,0,210,"('ç', 'ç', 'ç')",eleçis,eliçis
90L_10NL,3,90L_10NL_3_1,0,980,"('ç', 'x', 'ç')",eleçis,eliçis
90L_10NL,3,90L_10NL_3_1,0,980,"('ç', 'x', 'ç')",eleçis,eliçis
90L_10NL,3,90L_10NL_3_1,0,980,"('ç', 'x', 'ç')",eleçis,eliçis
90L_10NL,3,90L_10NL_3_1,0,980,"('ç', 'x', 'ç')",eleçis,eliçis
90L_10NL,3,90L_10NL_3_1,0,980,"('ç', 'x', 'ç')",eleçis,eliçis
90L_10NL,3,90L_10NL_3_1,0,980,"('ç', 'x', 'ç')",eleçis,eliçis
90L_10NL,3,90L_10NL_3_1,0,980,"('ç', 'x', 'ç')",eleçis,eliçis
90L_10NL,3,90L_10NL_3_1,0,210,"('ç', 'ç', 'ç')",eleçis,eliçis
90L_10NL,3,90L_10NL_3_1,0,210,"('ç', 'ç', 'ç')",eleçis,eliçis
90L_10NL,3,90L_10NL_3_1,0,980,"('ç', 'x', 'ç')",eleçis,eliçis
90L_10NL,3,90L_10NL_3_1,0,980,"('ç', 'x', 'ç')",eleçis,eliçis
90L_10NL,3,90L_10NL_3_1,0,980,"('ç', 'x', 'ç')",eleçis,eliçis
90L_10NL,3,90L_10NL_3_1,0,980,"('ç', 'x', 'ç')",eleçis,eliçis
90L_10NL,3,90L_10NL_3_1,0,980,"('ç', 'x', 'ç')",eleçis,eliçis
90L_10NL,3,90L_10NL_3_1,0,980,"('ç', 'x', 'ç')",eleçis,eliçis
90L_10NL,3,90L_10NL_3_1,0,980,"('ç', 'x', 'ç')",eleçis,eliçis
90L_10NL,3,90L_10NL_3_1,0,210,"('ç', 'ç', 'ç')",eleçis,eliçis
90L_10NL,3,90L_10NL_3_1,0,980,"('ç', 'x', 'ç')",eleçis,eliçis
90L_10NL,3,90L_10NL_3_1,0,980,"('ç', 'x', 'ç')",eleçis,eliçis
90L_10NL,3,90L_10NL_3_1,0,980,"('ç', 'x', 'ç')",eleçis,eliçis
90L_10NL,3,90L_10NL_3_1,0,980,"('ç', 'x', 'ç')",eleçis,eliçis
90L_10NL,3,90L_10NL_3_1,0,980,"('ç', 'x', 'ç')",eleçis,eliçis
90L_10NL,3,90L_10NL_3_1,0,980,"('ç', 'x', 'ç')",eleçis,eliçis
90L_10NL,3,90L_10NL_3_1,0,980,"('ç', 'x', 'ç')",eleçis,eliçis
90L_10NL,3,90L_10NL_3_1,0,980,"('ç', 'x', 'ç')",eleçis,eliçis
90L_10NL,3,90L_10NL_3_1,0,980,"('ç', 'x', 'ç')",eleçis,eliçis
90L_10NL,3,90L_10NL_3_1,0,980,"('ç', 'x', 'ç')",eleçis,eliçis
90L_10NL,3,90L_10NL_3_1,0,980,"('ç', 'x', 'ç')",eleçis,eliçis
90L_10NL,3,90L_10NL_3_1,0,980,"('ç', 'x', 'ç')",eleçis,eliçis
90L_10NL,3,90L_10NL_3_1,0,980,"('ç', 'x', 'ç')",eleçis,eliçis
90L_10NL,3,90L_10NL_3_1,0,980,"('ç', 'x', 'ç')",eleçis,eliçis
90L_10NL,3,90L_10NL_3_1,0,735,"('x', 'x', 'ç')",eleçis,eliçis
90L_10NL,3,90L_10NL_3_1,0,735,"('x', 'x', 'ç')",eleçis,eliçis
90L_10NL,3,90L_10NL_3_1,0,735,"('x', 'x', 'ç')",eleçis,eliçis
90L_10NL,3,90L_10NL_3_1,0,735,"('x', 'x', 'ç')",eleçis,eliçis
90L_10NL,3,90L_10NL_3_1,0,735,"('x', 'x', 'ç')",eleçis,eliçis
90L_10NL,3,90L_10NL_3_1,0,735,"('x', 'x', 'ç')",eleçis,eliçis
90L_10NL,3,90L_10NL_3_1,0,735,"('x', 'x', 'ç')",eleçis,eliçis
90L_10NL,3,90L_10NL_3_1,0,735,"('x', 'x', 'ç')",eleçis,eliçis
90L_10NL,3,90L_10NL_3_1,0,735,"('x', 'x', 'ç')",eleçis,eliçis
90L_10NL,3,90L_10NL_3_1,0,735,"('x', 'x', 'ç')",eleçis,eliçis
90L_10NL,3,90L_10NL_3_1,0,735,"('x', 'x', 'ç')",eleçis,eliçis
90L_10NL,3,90L_10NL_3_1,0,735,"('x', 'x', 'ç')",eleçis,eliçis
90L_10NL,3,90L_10NL_3_1,0,735,"('x', 'x', 'ç')",eleçis,eliçis
90L_10NL,3,90L_10NL_3_1,0,735,"('x', 'x', 'ç')",eleçis,eliçis
90L_10NL,3,90L_10NL_3_1,0,735,"('x', 'x', 'ç')",eleçis,eliçis
90L_10NL,3,90L_10NL_3_1,0,735,"('x', 'x', 'ç')",eleçis,eliçis
90L_10NL,3,90L_10NL_3_1,0,735,"('x', 'x', 'ç')",eleçis,eliçis
90L_10NL,3,90L_10NL_3_1,0,735,"('x', 'x', 'ç')",elixajs,eliçis
90L_10NL,3,90L_10NL_3_1,0,735,"('x', 'x', 'ç')",elixajs,eliçis
90L_10NL,3,90L_10NL_3_1,0,735,"('x', 'x', 'ç')",elixajs,eliçis
90L_10NL,3,90L_10NL_3_1,0,735,"('x', 'x', 'ç')",elixajs,eliçis
90L_10NL,3,90L_10NL_3_1,1,490,"('ç', 'ç', 'x')",elixajs,elixajs
90L_10NL,3,90L_10NL_3_1,1,490,"('ç', 'ç', 'x')",elixajs,elixajs
90L_10NL,3,90L_10NL_3_1,1,490,"('ç', 'ç', 'x')",elixajs,elixajs
90L_10NL,3,90L_10NL_3_1,1,490,"('ç', 'ç', 'x')",elixajs,elixajs
90L_10NL,3,90L_10NL_3_1,1,1470,"('ç', 'x', 'x')",elixajs,elixajs
90L_10NL,3,90L_10NL_3_1,1,1470,"('ç', 'x', 'x')",elixajs,elixajs
90L_10NL,3,90L_10NL_3_1,1,1470,"('ç', 'x', 'x')",elixajs,elixajs
90L_10NL,3,90L_10NL_3_1,1,1470,"('ç', 'x', 'x')",elixajs,elixajs
90L_10NL,3,90L_10NL_3_1,1,1470,"('ç', 'x', 'x')",elixajs,elixajs
90L_10NL,3,90L_10NL_3_1,1,1470,"('ç', 'x', 'x')",elixajs,elixajs
90L_10NL,3,90L_10NL_3_1,1,490,"('ç', 'ç', 'x')",elixajs,elixajs
90L_10NL,3,90L_10NL_3_1,1,490,"('ç', 'ç', 'x')",elixajs,elixajs
90L_10NL,3,90L_10NL_3_1,1,490,"('ç', 'ç', 'x')",elixajs,elixajs
90L_10NL,3,90L_10NL_3_1,1,1470,"('ç', 'x', 'x')",elixajs,elixajs
90L_10NL,3,90L_10NL_3_1,1,1470,"('ç', 'x', 'x')",elixajs,elixajs
90L_10NL,3,90L_10NL_3_1,1,1470,"('ç', 'x', 'x')",elixajs,elixajs
90L_10NL,3,90L_10NL_3_1,1,1470,"('ç', 'x', 'x')",elixajs,elixajs
90L_10NL,3,90L_10NL_3_1,1,1470,"('ç', 'x', 'x')",elixajs,elixajs
90L_10NL,3,90L_10NL_3_1,1,1470,"('ç', 'x', 'x')",elixajs,elixajs
90L_10NL,3,90L_10NL_3_1,1,490,"('ç', 'ç', 'x')",elixajs,elixajs
90L_10NL,3,90L_10NL_3_1,1,490,"('ç', 'ç', 'x')",elixajs,elixajs
90L_10NL,3,90L_10NL_3_1,1,1470,"('ç', 'x', 'x')",elixajs,elixajs
90L_10NL,3,90L_10NL_3_1,1,1470,"('ç', 'x', 'x')",elixajs,elixajs
90L_10NL,3,90L_10NL_3_1,1,1470,"('ç', 'x', 'x')",elixajs,elixajs
90L_10NL,3,90L_10NL_3_1,1,1470,"('ç', 'x', 'x')",elixajs,elixajs
90L_10NL,3,90L_10NL_3_1,1,1470,"('ç', 'x', 'x')",elixajs,elixajs
90L_10NL,3,90L_10NL_3_1,1,1470,"('ç', 'x', 'x')",elixajs,elixajs
90L_10NL,3,90L_10NL_3_1,1,490,"('ç', 'ç', 'x')",elixajs,elixajs
90L_10NL,3,90L_10NL_3_1,1,1470,"('ç', 'x', 'x')",elixajs,elixajs
90L_10NL,3,90L_10NL_3_1,1,1470,"('ç', 'x', 'x')",elixajs,elixajs
90L_10NL,3,90L_10NL_3_1,1,1470,"('ç', 'x', 'x')",elixajs,elixajs
90L_10NL,3,90L_10NL_3_1,1,1470,"('ç', 'x', 'x')",elixajs,elixajs
90L_10NL,3,90L_10NL_3_1,1,1470,"('ç', 'x', 'x')",elixajs,elixajs
90L_10NL,3,90L_10NL_3_1,1,1470,"('ç', 'x', 'x')",elixajs,elixajs
90L_10NL,3,90L_10NL_3_1,1,1470,"('ç', 'x', 'x')",elixajs,elixajs
90L_10NL,3,90L_10NL_3_1,1,1470,"('ç', 'x', 'x')",elixajs,elixajs
90L_10NL,3,90L_10NL_3_1,1,1470,"('ç', 'x', 'x')",elixajs,elixajs
90L_10NL,3,90L_10NL_3_1,1,1470,"('ç', 'x', 'x')",elixajs,elixajs
90L_10NL,3,90L_10NL_3_1,1,1470,"('ç', 'x', 'x')",elixajs,elixajs
90L_10NL,3,90L_10NL_3_1,1,1470,"('ç', 'x', 'x')",elixajs,elixajs
90L_10NL,3,90L_10NL_3_1,1,735,"('x', 'x', 'x')",elixajs,elixajs
90L_10NL,3,90L_10NL_3_1,1,735,"('x', 'x', 'x')",elixajs,elixajs
90L_10NL,3,90L_10NL_3_1,1,735,"('x', 'x', 'x')",elixajs,elixajs
90L_10NL,3,90L_10NL_3_1,1,735,"('x', 'x', 'x')",elixajs,elixajs
90L_10NL,3,90L_10NL_3_1,1,735,"('x', 'x', 'x')",elixajs,elixajs
90L_10NL,3,90L_10NL_3_1,1,735,"('x', 'x', 'x')",elixajs,elixajs
90L_10NL,3,90L_10NL_3_1,1,735,"('x', 'x', 'x')",elixajs,elixajs
90L_10NL,3,90L_10NL_3_1,1,735,"('x', 'x', 'x')",elixajs,elixajs
90L_10NL,3,90L_10NL_3_1,1,735,"('x', 'x', 'x')",elixajs,elixajs
90L_10NL,3,90L_10NL_3_1,1,735,"('x', 'x', 'x')",elixajs,elixajs
90L_10NL,3,90L_10NL_3_1,1,735,"('x', 'x', 'x')",elixajs,elixajs
90L_10NL,3,90L_10NL_3_1,0,735,"('x', 'x', 'x')",elixamos,elixajs
90L_10NL,3,90L_10NL_3_1,0,735,"('x', 'x', 'x')",elixamos,elixajs
90L_10NL,3,90L_10NL_3_1,0,735,"('x', 'x', 'x')",elixamos,elixajs
90L_10NL,3,90L_10NL_3_1,0,735,"('x', 'x', 'x')",elixamos,elixajs
90L_10NL,3,90L_10NL_3_1,1,490,"('ç', 'ç', 'x')",elixamos,elixamos
90L_10NL,3,90L_10NL_3_1,1,490,"('ç', 'ç', 'x')",elixamos,elixamos
90L_10NL,3,90L_10NL_3_1,1,490,"('ç', 'ç', 'x')",elixamos,elixamos
90L_10NL,3,90L_10NL_3_1,1,490,"('ç', 'ç', 'x')",elixamos,elixamos
90L_10NL,3,90L_10NL_3_1,1,1470,"('ç', 'x', 'x')",elixamos,elixamos
90L_10NL,3,90L_10NL_3_1,1,1470,"('ç', 'x', 'x')",elixamos,elixamos
90L_10NL,3,90L_10NL_3_1,1,1470,"('ç', 'x', 'x')",elixamos,elixamos
90L_10NL,3,90L_10NL_3_1,1,1470,"('ç', 'x', 'x')",elixamos,elixamos
90L_10NL,3,90L_10NL_3_1,1,1470,"('ç', 'x', 'x')",elixamos,elixamos
90L_10NL,3,90L_10NL_3_1,1,1470,"('ç', 'x', 'x')",elixamos,elixamos
90L_10NL,3,90L_10NL_3_1,1,490,"('ç', 'ç', 'x')",elixamos,elixamos
90L_10NL,3,90L_10NL_3_1,1,490,"('ç', 'ç', 'x')",elixamos,elixamos
90L_10NL,3,90L_10NL_3_1,1,490,"('ç', 'ç', 'x')",elixamos,elixamos
90L_10NL,3,90L_10NL_3_1,1,1470,"('ç', 'x', 'x')",elixamos,elixamos
90L_10NL,3,90L_10NL_3_1,1,1470,"('ç', 'x', 'x')",elixamos,elixamos
90L_10NL,3,90L_10NL_3_1,1,1470,"('ç', 'x', 'x')",elixamos,elixamos
90L_10NL,3,90L_10NL_3_1,1,1470,"('ç', 'x', 'x')",elixamos,elixamos
90L_10NL,3,90L_10NL_3_1,1,1470,"('ç', 'x', 'x')",elixamos,elixamos
90L_10NL,3,90L_10NL_3_1,1,1470,"('ç', 'x', 'x')",elixamos,elixamos
90L_10NL,3,90L_10NL_3_1,1,490,"('ç', 'ç', 'x')",elixamos,elixamos
90L_10NL,3,90L_10NL_3_1,1,490,"('ç', 'ç', 'x')",elixamos,elixamos
90L_10NL,3,90L_10NL_3_1,1,1470,"('ç', 'x', 'x')",elixamos,elixamos
90L_10NL,3,90L_10NL_3_1,1,1470,"('ç', 'x', 'x')",elixamos,elixamos
90L_10NL,3,90L_10NL_3_1,1,1470,"('ç', 'x', 'x')",elixamos,elixamos
90L_10NL,3,90L_10NL_3_1,1,1470,"('ç', 'x', 'x')",elixamos,elixamos
90L_10NL,3,90L_10NL_3_1,1,1470,"('ç', 'x', 'x')",elixamos,elixamos
90L_10NL,3,90L_10NL_3_1,1,1470,"('ç', 'x', 'x')",elixamos,elixamos
90L_10NL,3,90L_10NL_3_1,1,490,"('ç', 'ç', 'x')",elixamos,elixamos
90L_10NL,3,90L_10NL_3_1,1,1470,"('ç', 'x', 'x')",elixamos,elixamos
90L_10NL,3,90L_10NL_3_1,1,1470,"('ç', 'x', 'x')",elixamos,elixamos
90L_10NL,3,90L_10NL_3_1,1,1470,"('ç', 'x', 'x')",elixamos,elixamos
90L_10NL,3,90L_10NL_3_1,1,1470,"('ç', 'x', 'x')",elixamos,elixamos
90L_10NL,3,90L_10NL_3_1,1,1470,"('ç', 'x', 'x')",elixamos,elixamos
90L_10NL,3,90L_10NL_3_1,1,1470,"('ç', 'x', 'x')",elixamos,elixamos
90L_10NL,3,90L_10NL_3_1,1,1470,"('ç', 'x', 'x')",elixamos,elixamos
90L_10NL,3,90L_10NL_3_1,1,1470,"('ç', 'x', 'x')",elixamos,elixamos
90L_10NL,3,90L_10NL_3_1,1,1470,"('ç', 'x', 'x')",elixamos,elixamos
90L_10NL,3,90L_10NL_3_1,1,1470,"('ç', 'x', 'x')",elixamos,elixamos
90L_10NL,3,90L_10NL_3_1,1,1470,"('ç', 'x', 'x')",elixamos,elixamos
90L_10NL,3,90L_10NL_3_1,1,1470,"('ç', 'x', 'x')",elixamos,elixamos
90L_10NL,3,90L_10NL_3_1,1,735,"('x', 'x', 'x')",elixamos,elixamos
90L_10NL,3,90L_10NL_3_1,1,735,"('x', 'x', 'x')",elixamos,elixamos
90L_10NL,3,90L_10NL_3_1,1,735,"('x', 'x', 'x')",elixamos,elixamos
90L_10NL,3,90L_10NL_3_1,1,735,"('x', 'x', 'x')",elixamos,elixamos
90L_10NL,3,90L_10NL_3_1,1,735,"('x', 'x', 'x')",elixamos,elixamos
90L_10NL,3,90L_10NL_3_1,1,735,"('x', 'x', 'x')",elixamos,elixamos
90L_10NL,3,90L_10NL_3_1,1,735,"('x', 'x', 'x')",elixamos,elixamos
90L_10NL,3,90L_10NL_3_1,1,735,"('x', 'x', 'x')",elixamos,elixamos
90L_10NL,3,90L_10NL_3_1,1,735,"('x', 'x', 'x')",elixamos,elixamos
90L_10NL,3,90L_10NL_3_1,1,735,"('x', 'x', 'x')",elixamos,elixamos
90L_10NL,3,90L_10NL_3_1,1,735,"('x', 'x', 'x')",elixamos,elixamos
90L_10NL,3,90L_10NL_3_1,0,735,"('x', 'x', 'x')",elixan,elixamos
90L_10NL,3,90L_10NL_3_1,0,735,"('x', 'x', 'x')",elixan,elixamos
90L_10NL,3,90L_10NL_3_1,0,735,"('x', 'x', 'x')",elixan,elixamos
90L_10NL,3,90L_10NL_3_1,0,735,"('x', 'x', 'x')",elixan,elixamos
90L_10NL,3,90L_10NL_3_1,1,490,"('ç', 'ç', 'x')",elixan,elixan
90L_10NL,3,90L_10NL_3_1,1,490,"('ç', 'ç', 'x')",elixan,elixan
90L_10NL,3,90L_10NL_3_1,1,490,"('ç', 'ç', 'x')",elixan,elixan
90L_10NL,3,90L_10NL_3_1,1,490,"('ç', 'ç', 'x')",elixan,elixan
90L_10NL,3,90L_10NL_3_1,1,1470,"('ç', 'x', 'x')",elixan,elixan
90L_10NL,3,90L_10NL_3_1,1,1470,"('ç', 'x', 'x')",elixan,elixan
90L_10NL,3,90L_10NL_3_1,1,1470,"('ç', 'x', 'x')",elixan,elixan
90L_10NL,3,90L_10NL_3_1,1,1470,"('ç', 'x', 'x')",elixan,elixan
90L_10NL,3,90L_10NL_3_1,1,1470,"('ç', 'x', 'x')",elixan,elixan
90L_10NL,3,90L_10NL_3_1,1,1470,"('ç', 'x', 'x')",elixan,elixan
90L_10NL,3,90L_10NL_3_1,1,490,"('ç', 'ç', 'x')",elixan,elixan
90L_10NL,3,90L_10NL_3_1,1,490,"('ç', 'ç', 'x')",elixan,elixan
90L_10NL,3,90L_10NL_3_1,1,490,"('ç', 'ç', 'x')",elixan,elixan
90L_10NL,3,90L_10NL_3_1,1,1470,"('ç', 'x', 'x')",elixan,elixan
90L_10NL,3,90L_10NL_3_1,1,1470,"('ç', 'x', 'x')",elixan,elixan
90L_10NL,3,90L_10NL_3_1,1,1470,"('ç', 'x', 'x')",elixan,elixan
90L_10NL,3,90L_10NL_3_1,1,1470,"('ç', 'x', 'x')",elixan,elixan
90L_10NL,3,90L_10NL_3_1,1,1470,"('ç', 'x', 'x')",elixan,elixan
90L_10NL,3,90L_10NL_3_1,1,1470,"('ç', 'x', 'x')",elixan,elixan
90L_10NL,3,90L_10NL_3_1,1,490,"('ç', 'ç', 'x')",elixan,elixan
90L_10NL,3,90L_10NL_3_1,1,490,"('ç', 'ç', 'x')",elixan,elixan
90L_10NL,3,90L_10NL_3_1,1,1470,"('ç', 'x', 'x')",elixan,elixan
90L_10NL,3,90L_10NL_3_1,1,1470,"('ç', 'x', 'x')",elixan,elixan
90L_10NL,3,90L_10NL_3_1,1,1470,"('ç', 'x', 'x')",elixan,elixan
90L_10NL,3,90L_10NL_3_1,1,1470,"('ç', 'x', 'x')",elixan,elixan
90L_10NL,3,90L_10NL_3_1,1,1470,"('ç', 'x', 'x')",elixan,elixan
90L_10NL,3,90L_10NL_3_1,1,1470,"('ç', 'x', 'x')",elixan,elixan
90L_10NL,3,90L_10NL_3_1,1,490,"('ç', 'ç', 'x')",elixan,elixan
90L_10NL,3,90L_10NL_3_1,1,1470,"('ç', 'x', 'x')",elixan,elixan
90L_10NL,3,90L_10NL_3_1,1,1470,"('ç', 'x', 'x')",elixan,elixan
90L_10NL,3,90L_10NL_3_1,1,1470,"('ç', 'x', 'x')",elixan,elixan
90L_10NL,3,90L_10NL_3_1,1,1470,"('ç', 'x', 'x')",elixan,elixan
90L_10NL,3,90L_10NL_3_1,1,1470,"('ç', 'x', 'x')",elixan,elixan
90L_10NL,3,90L_10NL_3_1,1,1470,"('ç', 'x', 'x')",elixan,elixan
90L_10NL,3,90L_10NL_3_1,1,1470,"('ç', 'x', 'x')",elixan,elixan
90L_10NL,3,90L_10NL_3_1,1,1470,"('ç', 'x', 'x')",elixan,elixan
90L_10NL,3,90L_10NL_3_1,1,1470,"('ç', 'x', 'x')",elixan,elixan
90L_10NL,3,90L_10NL_3_1,1,1470,"('ç', 'x', 'x')",elixan,elixan
90L_10NL,3,90L_10NL_3_1,1,1470,"('ç', 'x', 'x')",elixan,elixan
90L_10NL,3,90L_10NL_3_1,1,1470,"('ç', 'x', 'x')",elixan,elixan
90L_10NL,3,90L_10NL_3_1,1,735,"('x', 'x', 'x')",elixan,elixan
90L_10NL,3,90L_10NL_3_1,1,735,"('x', 'x', 'x')",elixan,elixan
90L_10NL,3,90L_10NL_3_1,1,735,"('x', 'x', 'x')",elixan,elixan
90L_10NL,3,90L_10NL_3_1,1,735,"('x', 'x', 'x')",elixan,elixan
90L_10NL,3,90L_10NL_3_1,1,735,"('x', 'x', 'x')",elixan,elixan
90L_10NL,3,90L_10NL_3_1,1,735,"('x', 'x', 'x')",elixan,elixan
90L_10NL,3,90L_10NL_3_1,1,735,"('x', 'x', 'x')",elixan,elixan
90L_10NL,3,90L_10NL_3_1,1,735,"('x', 'x', 'x')",elixan,elixan
90L_10NL,3,90L_10NL_3_1,1,735,"('x', 'x', 'x')",elixan,elixan
90L_10NL,3,90L_10NL_3_1,1,735,"('x', 'x', 'x')",elixan,elixan
90L_10NL,3,90L_10NL_3_1,1,735,"('x', 'x', 'x')",elixan,elixan
90L_10NL,3,90L_10NL_3_1,0,735,"('x', 'x', 'x')",elixas,elixan
90L_10NL,3,90L_10NL_3_1,0,735,"('x', 'x', 'x')",elixas,elixan
90L_10NL,3,90L_10NL_3_1,0,735,"('x', 'x', 'x')",elixas,elixan
90L_10NL,3,90L_10NL_3_1,0,735,"('x', 'x', 'x')",elixas,elixan
90L_10NL,3,90L_10NL_3_1,1,490,"('ç', 'ç', 'x')",elixas,elixas
90L_10NL,3,90L_10NL_3_1,1,490,"('ç', 'ç', 'x')",elixas,elixas
90L_10NL,3,90L_10NL_3_1,1,490,"('ç', 'ç', 'x')",elixas,elixas
90L_10NL,3,90L_10NL_3_1,1,490,"('ç', 'ç', 'x')",elixas,elixas
90L_10NL,3,90L_10NL_3_1,1,1470,"('ç', 'x', 'x')",elixas,elixas
90L_10NL,3,90L_10NL_3_1,1,1470,"('ç', 'x', 'x')",elixas,elixas
90L_10NL,3,90L_10NL_3_1,1,1470,"('ç', 'x', 'x')",elixas,elixas
90L_10NL,3,90L_10NL_3_1,1,1470,"('ç', 'x', 'x')",elixas,elixas
90L_10NL,3,90L_10NL_3_1,1,1470,"('ç', 'x', 'x')",elixas,elixas
90L_10NL,3,90L_10NL_3_1,1,1470,"('ç', 'x', 'x')",elixas,elixas
90L_10NL,3,90L_10NL_3_1,1,490,"('ç', 'ç', 'x')",elixas,elixas
90L_10NL,3,90L_10NL_3_1,1,490,"('ç', 'ç', 'x')",elixas,elixas
90L_10NL,3,90L_10NL_3_1,1,490,"('ç', 'ç', 'x')",elixas,elixas
90L_10NL,3,90L_10NL_3_1,1,1470,"('ç', 'x', 'x')",elixas,elixas
90L_10NL,3,90L_10NL_3_1,1,1470,"('ç', 'x', 'x')",elixas,elixas
90L_10NL,3,90L_10NL_3_1,1,1470,"('ç', 'x', 'x')",elixas,elixas
90L_10NL,3,90L_10NL_3_1,1,1470,"('ç', 'x', 'x')",elixas,elixas
90L_10NL,3,90L_10NL_3_1,1,1470,"('ç', 'x', 'x')",elixas,elixas
90L_10NL,3,90L_10NL_3_1,1,1470,"('ç', 'x', 'x')",elixas,elixas
90L_10NL,3,90L_10NL_3_1,1,490,"('ç', 'ç', 'x')",elixas,elixas
90L_10NL,3,90L_10NL_3_1,1,490,"('ç', 'ç', 'x')",elixas,elixas
90L_10NL,3,90L_10NL_3_1,1,1470,"('ç', 'x', 'x')",elixas,elixas
90L_10NL,3,90L_10NL_3_1,1,1470,"('ç', 'x', 'x')",elixas,elixas
90L_10NL,3,90L_10NL_3_1,1,1470,"('ç', 'x', 'x')",elixas,elixas
90L_10NL,3,90L_10NL_3_1,1,1470,"('ç', 'x', 'x')",elixas,elixas
90L_10NL,3,90L_10NL_3_1,1,1470,"('ç', 'x', 'x')",elixas,elixas
90L_10NL,3,90L_10NL_3_1,1,1470,"('ç', 'x', 'x')",elixas,elixas
90L_10NL,3,90L_10NL_3_1,1,490,"('ç', 'ç', 'x')",elixas,elixas
90L_10NL,3,90L_10NL_3_1,1,1470,"('ç', 'x', 'x')",elixas,elixas
90L_10NL,3,90L_10NL_3_1,1,1470,"('ç', 'x', 'x')",elixas,elixas
90L_10NL,3,90L_10NL_3_1,1,1470,"('ç', 'x', 'x')",elixas,elixas
90L_10NL,3,90L_10NL_3_1,1,1470,"('ç', 'x', 'x')",elixas,elixas
90L_10NL,3,90L_10NL_3_1,1,1470,"('ç', 'x', 'x')",elixas,elixas
90L_10NL,3,90L_10NL_3_1,1,1470,"('ç', 'x', 'x')",elixas,elixas
90L_10NL,3,90L_10NL_3_1,1,1470,"('ç', 'x', 'x')",elixas,elixas
90L_10NL,3,90L_10NL_3_1,1,1470,"('ç', 'x', 'x')",elixas,elixas
90L_10NL,3,90L_10NL_3_1,1,1470,"('ç', 'x', 'x')",elixas,elixas
90L_10NL,3,90L_10NL_3_1,1,1470,"('ç', 'x', 'x')",elixas,elixas
90L_10NL,3,90L_10NL_3_1,1,1470,"('ç', 'x', 'x')",elixas,elixas
90L_10NL,3,90L_10NL_3_1,1,1470,"('ç', 'x', 'x')",elixas,elixas
90L_10NL,3,90L_10NL_3_1,1,735,"('x', 'x', 'x')",elixas,elixas
90L_10NL,3,90L_10NL_3_1,1,735,"('x', 'x', 'x')",elixas,elixas
90L_10NL,3,90L_10NL_3_1,1,735,"('x', 'x', 'x')",elixas,elixas
90L_10NL,3,90L_10NL_3_1,1,735,"('x', 'x', 'x')",elixas,elixas
90L_10NL,3,90L_10NL_3_1,1,735,"('x', 'x', 'x')",elixas,elixas
90L_10NL,3,90L_10NL_3_1,1,735,"('x', 'x', 'x')",elixas,elixas
90L_10NL,3,90L_10NL_3_1,1,735,"('x', 'x', 'x')",elixas,elixas
90L_10NL,3,90L_10NL_3_1,1,735,"('x', 'x', 'x')",elixas,elixas
90L_10NL,3,90L_10NL_3_1,1,735,"('x', 'x', 'x')",elixas,elixas
90L_10NL,3,90L_10NL_3_1,1,735,"('x', 'x', 'x')",elixas,elixas
90L_10NL,3,90L_10NL_3_1,1,735,"('x', 'x', 'x')",elixas,elixas
90L_10NL,3,90L_10NL_3_1,0,735,"('x', 'x', 'x')",elixa,elixas
90L_10NL,3,90L_10NL_3_1,0,735,"('x', 'x', 'x')",elixa,elixas
90L_10NL,3,90L_10NL_3_1,0,735,"('x', 'x', 'x')",elixa,elixas
90L_10NL,3,90L_10NL_3_1,0,735,"('x', 'x', 'x')",elixa,elixas
90L_10NL,3,90L_10NL_3_1,1,490,"('ç', 'ç', 'x')",elixa,elixa
90L_10NL,3,90L_10NL_3_1,1,490,"('ç', 'ç', 'x')",elixa,elixa
90L_10NL,3,90L_10NL_3_1,1,490,"('ç', 'ç', 'x')",elixa,elixa
90L_10NL,3,90L_10NL_3_1,1,490,"('ç', 'ç', 'x')",elixa,elixa
90L_10NL,3,90L_10NL_3_1,1,1470,"('ç', 'x', 'x')",elixa,elixa
90L_10NL,3,90L_10NL_3_1,1,1470,"('ç', 'x', 'x')",elixa,elixa
90L_10NL,3,90L_10NL_3_1,1,1470,"('ç', 'x', 'x')",elixa,elixa
90L_10NL,3,90L_10NL_3_1,1,1470,"('ç', 'x', 'x')",elixa,elixa
90L_10NL,3,90L_10NL_3_1,1,1470,"('ç', 'x', 'x')",elixa,elixa
90L_10NL,3,90L_10NL_3_1,1,1470,"('ç', 'x', 'x')",elixa,elixa
90L_10NL,3,90L_10NL_3_1,1,490,"('ç', 'ç', 'x')",elixa,elixa
90L_10NL,3,90L_10NL_3_1,1,490,"('ç', 'ç', 'x')",elixa,elixa
90L_10NL,3,90L_10NL_3_1,1,490,"('ç', 'ç', 'x')",elixa,elixa
90L_10NL,3,90L_10NL_3_1,1,1470,"('ç', 'x', 'x')",elixa,elixa
90L_10NL,3,90L_10NL_3_1,1,1470,"('ç', 'x', 'x')",elixa,elixa
90L_10NL,3,90L_10NL_3_1,1,1470,"('ç', 'x', 'x')",elixa,elixa
90L_10NL,3,90L_10NL_3_1,1,1470,"('ç', 'x', 'x')",elixa,elixa
90L_10NL,3,90L_10NL_3_1,1,1470,"('ç', 'x', 'x')",elixa,elixa
90L_10NL,3,90L_10NL_3_1,1,1470,"('ç', 'x', 'x')",elixa,elixa
90L_10NL,3,90L_10NL_3_1,1,490,"('ç', 'ç', 'x')",elixa,elixa
90L_10NL,3,90L_10NL_3_1,1,490,"('ç', 'ç', 'x')",elixa,elixa
90L_10NL,3,90L_10NL_3_1,1,1470,"('ç', 'x', 'x')",elixa,elixa
90L_10NL,3,90L_10NL_3_1,1,1470,"('ç', 'x', 'x')",elixa,elixa
90L_10NL,3,90L_10NL_3_1,1,1470,"('ç', 'x', 'x')",elixa,elixa
90L_10NL,3,90L_10NL_3_1,1,1470,"('ç', 'x', 'x')",elixa,elixa
90L_10NL,3,90L_10NL_3_1,1,1470,"('ç', 'x', 'x')",elixa,elixa
90L_10NL,3,90L_10NL_3_1,1,1470,"('ç', 'x', 'x')",elixa,elixa
90L_10NL,3,90L_10NL_3_1,1,490,"('ç', 'ç', 'x')",elixa,elixa
90L_10NL,3,90L_10NL_3_1,1,1470,"('ç', 'x', 'x')",elixa,elixa
90L_10NL,3,90L_10NL_3_1,1,1470,"('ç', 'x', 'x')",elixa,elixa
90L_10NL,3,90L_10NL_3_1,1,1470,"('ç', 'x', 'x')",elixa,elixa
90L_10NL,3,90L_10NL_3_1,1,1470,"('ç', 'x', 'x')",elixa,elixa
90L_10NL,3,90L_10NL_3_1,1,1470,"('ç', 'x', 'x')",elixa,elixa
90L_10NL,3,90L_10NL_3_1,1,1470,"('ç', 'x', 'x')",elixa,elixa
90L_10NL,3,90L_10NL_3_1,1,1470,"('ç', 'x', 'x')",elixa,elixa
90L_10NL,3,90L_10NL_3_1,1,1470,"('ç', 'x', 'x')",elixa,elixa
90L_10NL,3,90L_10NL_3_1,1,1470,"('ç', 'x', 'x')",elixa,elixa
90L_10NL,3,90L_10NL_3_1,1,1470,"('ç', 'x', 'x')",elixa,elixa
90L_10NL,3,90L_10NL_3_1,1,1470,"('ç', 'x', 'x')",elixa,elixa
90L_10NL,3,90L_10NL_3_1,1,1470,"('ç', 'x', 'x')",elixa,elixa
90L_10NL,3,90L_10NL_3_1,1,735,"('x', 'x', 'x')",elixa,elixa
90L_10NL,3,90L_10NL_3_1,1,735,"('x', 'x', 'x')",elixa,elixa
90L_10NL,3,90L_10NL_3_1,1,735,"('x', 'x', 'x')",elixa,elixa
90L_10NL,3,90L_10NL_3_1,1,735,"('x', 'x', 'x')",elixa,elixa
90L_10NL,3,90L_10NL_3_1,1,735,"('x', 'x', 'x')",elixa,elixa
90L_10NL,3,90L_10NL_3_1,1,735,"('x', 'x', 'x')",elixa,elixa
90L_10NL,3,90L_10NL_3_1,1,735,"('x', 'x', 'x')",elixa,elixa
90L_10NL,3,90L_10NL_3_1,1,735,"('x', 'x', 'x')",elixa,elixa
90L_10NL,3,90L_10NL_3_1,1,735,"('x', 'x', 'x')",elixa,elixa
90L_10NL,3,90L_10NL_3_1,1,735,"('x', 'x', 'x')",elixa,elixa
90L_10NL,3,90L_10NL_3_1,1,735,"('x', 'x', 'x')",elixa,elixa
90L_10NL,3,90L_10NL_3_1,1,735,"('x', 'x', 'x')",elixa,elixa
90L_10NL,3,90L_10NL_3_1,1,735,"('x', 'x', 'x')",elixa,elixa
90L_10NL,3,90L_10NL_3_1,1,735,"('x', 'x', 'x')",elixa,elixa
90L_10NL,3,90L_10NL_3_1,1,735,"('x', 'x', 'x')",elixa,elixa
90L_10NL,3,90L_10NL_3_1,1,490,"('ç', 'ç', 'x')",elixa,elixa
90L_10NL,3,90L_10NL_3_1,1,490,"('ç', 'ç', 'x')",elixa,elixa
90L_10NL,3,90L_10NL_3_1,1,490,"('ç', 'ç', 'x')",elixa,elixa
90L_10NL,3,90L_10NL_3_1,1,490,"('ç', 'ç', 'x')",elixa,elixa
90L_10NL,3,90L_10NL_3_1,1,1470,"('ç', 'x', 'x')",elixa,elixa
90L_10NL,3,90L_10NL_3_1,1,1470,"('ç', 'x', 'x')",elixa,elixa
90L_10NL,3,90L_10NL_3_1,1,1470,"('ç', 'x', 'x')",elixa,elixa
90L_10NL,3,90L_10NL_3_1,1,1470,"('ç', 'x', 'x')",elixa,elixa
90L_10NL,3,90L_10NL_3_1,1,1470,"('ç', 'x', 'x')",elixa,elixa
90L_10NL,3,90L_10NL_3_1,1,1470,"('ç', 'x', 'x')",elixa,elixa
90L_10NL,3,90L_10NL_3_1,1,490,"('ç', 'ç', 'x')",elixa,elixa
90L_10NL,3,90L_10NL_3_1,1,490,"('ç', 'ç', 'x')",elixa,elixa
90L_10NL,3,90L_10NL_3_1,1,490,"('ç', 'ç', 'x')",elixa,elixa
90L_10NL,3,90L_10NL_3_1,1,1470,"('ç', 'x', 'x')",elixa,elixa
90L_10NL,3,90L_10NL_3_1,1,1470,"('ç', 'x', 'x')",elixa,elixa
90L_10NL,3,90L_10NL_3_1,1,1470,"('ç', 'x', 'x')",elixa,elixa
90L_10NL,3,90L_10NL_3_1,1,1470,"('ç', 'x', 'x')",elixa,elixa
90L_10NL,3,90L_10NL_3_1,1,1470,"('ç', 'x', 'x')",elixa,elixa
90L_10NL,3,90L_10NL_3_1,1,1470,"('ç', 'x', 'x')",elixa,elixa
90L_10NL,3,90L_10NL_3_1,1,490,"('ç', 'ç', 'x')",elixa,elixa
90L_10NL,3,90L_10NL_3_1,1,490,"('ç', 'ç', 'x')",elixa,elixa
90L_10NL,3,90L_10NL_3_1,1,1470,"('ç', 'x', 'x')",elixa,elixa
90L_10NL,3,90L_10NL_3_1,1,1470,"('ç', 'x', 'x')",elixa,elixa
90L_10NL,3,90L_10NL_3_1,1,1470,"('ç', 'x', 'x')",elixa,elixa
90L_10NL,3,90L_10NL_3_1,1,1470,"('ç', 'x', 'x')",elixa,elixa
90L_10NL,3,90L_10NL_3_1,1,1470,"('ç', 'x', 'x')",elixa,elixa
90L_10NL,3,90L_10NL_3_1,1,1470,"('ç', 'x', 'x')",elixa,elixa
90L_10NL,3,90L_10NL_3_1,1,490,"('ç', 'ç', 'x')",elixa,elixa
90L_10NL,3,90L_10NL_3_1,1,1470,"('ç', 'x', 'x')",elixa,elixa
90L_10NL,3,90L_10NL_3_1,1,1470,"('ç', 'x', 'x')",elixa,elixa
90L_10NL,3,90L_10NL_3_1,1,1470,"('ç', 'x', 'x')",elixa,elixa
90L_10NL,3,90L_10NL_3_1,1,1470,"('ç', 'x', 'x')",elixa,elixa
90L_10NL,3,90L_10NL_3_1,1,1470,"('ç', 'x', 'x')",elixa,elixa
90L_10NL,3,90L_10NL_3_1,1,1470,"('ç', 'x', 'x')",elixa,elixa
90L_10NL,3,90L_10NL_3_1,1,1470,"('ç', 'x', 'x')",elixa,elixa
90L_10NL,3,90L_10NL_3_1,1,1470,"('ç', 'x', 'x')",elixa,elixa
90L_10NL,3,90L_10NL_3_1,1,1470,"('ç', 'x', 'x')",elixa,elixa
90L_10NL,3,90L_10NL_3_1,1,1470,"('ç', 'x', 'x')",elixa,elixa
90L_10NL,3,90L_10NL_3_1,1,1470,"('ç', 'x', 'x')",elixa,elixa
90L_10NL,3,90L_10NL_3_1,1,1470,"('ç', 'x', 'x')",elixa,elixa
90L_10NL,3,90L_10NL_3_1,1,735,"('x', 'x', 'x')",elixa,elixa
90L_10NL,3,90L_10NL_3_1,1,735,"('x', 'x', 'x')",elixa,elixa
90L_10NL,3,90L_10NL_3_1,1,735,"('x', 'x', 'x')",elixa,elixa
90L_10NL,3,90L_10NL_3_1,1,735,"('x', 'x', 'x')",elixa,elixa
90L_10NL,3,90L_10NL_3_1,1,735,"('x', 'x', 'x')",elixa,elixa
90L_10NL,3,90L_10NL_3_1,1,735,"('x', 'x', 'x')",elixa,elixa
90L_10NL,3,90L_10NL_3_1,1,735,"('x', 'x', 'x')",elixa,elixa
90L_10NL,3,90L_10NL_3_1,1,735,"('x', 'x', 'x')",elixa,elixa
90L_10NL,3,90L_10NL_3_1,1,735,"('x', 'x', 'x')",elixa,elixa
90L_10NL,3,90L_10NL_3_1,1,735,"('x', 'x', 'x')",elixa,elixa
90L_10NL,3,90L_10NL_3_1,1,735,"('x', 'x', 'x')",elixa,elixa
90L_10NL,3,90L_10NL_3_1,0,735,"('x', 'x', 'x')",elixo,elixa
90L_10NL,3,90L_10NL_3_1,0,735,"('x', 'x', 'x')",elixo,elixa
90L_10NL,3,90L_10NL_3_1,0,735,"('x', 'x', 'x')",elixo,elixa
90L_10NL,3,90L_10NL_3_1,0,735,"('x', 'x', 'x')",elixo,elixa
90L_10NL,3,90L_10NL_3_1,1,490,"('ç', 'ç', 'x')",elixo,elixo
90L_10NL,3,90L_10NL_3_1,1,490,"('ç', 'ç', 'x')",elixo,elixo
90L_10NL,3,90L_10NL_3_1,1,490,"('ç', 'ç', 'x')",elixo,elixo
90L_10NL,3,90L_10NL_3_1,1,490,"('ç', 'ç', 'x')",elixo,elixo
90L_10NL,3,90L_10NL_3_1,1,1470,"('ç', 'x', 'x')",elixo,elixo
90L_10NL,3,90L_10NL_3_1,1,1470,"('ç', 'x', 'x')",elixo,elixo
90L_10NL,3,90L_10NL_3_1,1,1470,"('ç', 'x', 'x')",elixo,elixo
90L_10NL,3,90L_10NL_3_1,1,1470,"('ç', 'x', 'x')",elixo,elixo
90L_10NL,3,90L_10NL_3_1,1,1470,"('ç', 'x', 'x')",elixo,elixo
90L_10NL,3,90L_10NL_3_1,1,1470,"('ç', 'x', 'x')",elixo,elixo
90L_10NL,3,90L_10NL_3_1,1,490,"('ç', 'ç', 'x')",elixo,elixo
90L_10NL,3,90L_10NL_3_1,1,490,"('ç', 'ç', 'x')",elixo,elixo
90L_10NL,3,90L_10NL_3_1,1,490,"('ç', 'ç', 'x')",elixo,elixo
90L_10NL,3,90L_10NL_3_1,1,1470,"('ç', 'x', 'x')",elixo,elixo
90L_10NL,3,90L_10NL_3_1,1,1470,"('ç', 'x', 'x')",elixo,elixo
90L_10NL,3,90L_10NL_3_1,1,1470,"('ç', 'x', 'x')",elixo,elixo
90L_10NL,3,90L_10NL_3_1,1,1470,"('ç', 'x', 'x')",elixo,elixo
90L_10NL,3,90L_10NL_3_1,1,1470,"('ç', 'x', 'x')",elixo,elixo
90L_10NL,3,90L_10NL_3_1,1,1470,"('ç', 'x', 'x')",elixo,elixo
90L_10NL,3,90L_10NL_3_1,1,490,"('ç', 'ç', 'x')",elixo,elixo
90L_10NL,3,90L_10NL_3_1,1,490,"('ç', 'ç', 'x')",elixo,elixo
90L_10NL,3,90L_10NL_3_1,1,1470,"('ç', 'x', 'x')",elixo,elixo
90L_10NL,3,90L_10NL_3_1,1,1470,"('ç', 'x', 'x')",elixo,elixo
90L_10NL,3,90L_10NL_3_1,1,1470,"('ç', 'x', 'x')",elixo,elixo
90L_10NL,3,90L_10NL_3_1,1,1470,"('ç', 'x', 'x')",elixo,elixo
90L_10NL,3,90L_10NL_3_1,1,1470,"('ç', 'x', 'x')",elixo,elixo
90L_10NL,3,90L_10NL_3_1,1,1470,"('ç', 'x', 'x')",elixo,elixo
90L_10NL,3,90L_10NL_3_1,1,490,"('ç', 'ç', 'x')",elixo,elixo
90L_10NL,3,90L_10NL_3_1,1,1470,"('ç', 'x', 'x')",elixo,elixo
90L_10NL,3,90L_10NL_3_1,1,1470,"('ç', 'x', 'x')",elixo,elixo
90L_10NL,3,90L_10NL_3_1,1,1470,"('ç', 'x', 'x')",elixo,elixo
90L_10NL,3,90L_10NL_3_1,1,1470,"('ç', 'x', 'x')",elixo,elixo
90L_10NL,3,90L_10NL_3_1,1,1470,"('ç', 'x', 'x')",elixo,elixo
90L_10NL,3,90L_10NL_3_1,1,1470,"('ç', 'x', 'x')",elixo,elixo
90L_10NL,3,90L_10NL_3_1,1,1470,"('ç', 'x', 'x')",elixo,elixo
90L_10NL,3,90L_10NL_3_1,1,1470,"('ç', 'x', 'x')",elixo,elixo
90L_10NL,3,90L_10NL_3_1,1,1470,"('ç', 'x', 'x')",elixo,elixo
90L_10NL,3,90L_10NL_3_1,1,1470,"('ç', 'x', 'x')",elixo,elixo
90L_10NL,3,90L_10NL_3_1,1,1470,"('ç', 'x', 'x')",elixo,elixo
90L_10NL,3,90L_10NL_3_1,1,1470,"('ç', 'x', 'x')",elixo,elixo
90L_10NL,3,90L_10NL_3_1,1,735,"('x', 'x', 'x')",elixo,elixo
90L_10NL,3,90L_10NL_3_1,1,735,"('x', 'x', 'x')",elixo,elixo
90L_10NL,3,90L_10NL_3_1,1,735,"('x', 'x', 'x')",elixo,elixo
90L_10NL,3,90L_10NL_3_1,1,735,"('x', 'x', 'x')",elixo,elixo
90L_10NL,3,90L_10NL_3_1,1,735,"('x', 'x', 'x')",elixo,elixo
90L_10NL,3,90L_10NL_3_1,1,735,"('x', 'x', 'x')",elixo,elixo
90L_10NL,3,90L_10NL_3_1,1,735,"('x', 'x', 'x')",elixo,elixo
90L_10NL,3,90L_10NL_3_1,1,735,"('x', 'x', 'x')",elixo,elixo
90L_10NL,3,90L_10NL_3_1,1,735,"('x', 'x', 'x')",elixo,elixo
90L_10NL,3,90L_10NL_3_1,1,735,"('x', 'x', 'x')",elixo,elixo
90L_10NL,3,90L_10NL_3_1,1,735,"('x', 'x', 'x')",elixo,elixo
90L_10NL,3,90L_10NL_3_1,0,735,"('x', 'x', 'x')",ɾefluçen,elixo
90L_10NL,3,90L_10NL_3_1,0,735,"('x', 'x', 'x')",ɾeflulçen,elixo
90L_10NL,3,90L_10NL_3_1,0,735,"('x', 'x', 'x')",ɾefluçen,elixo
90L_10NL,3,90L_10NL_3_1,0,735,"('x', 'x', 'x')",ɾefluçen,elixo
90L_10NL,3,90L_10NL_3_1,0,60,"('lç', 'lç', 'lç')",ɾefluçen,ɾefulçen
90L_10NL,3,90L_10NL_3_1,0,60,"('lç', 'lç', 'lç')",ɾefluçen,ɾefulçen
90L_10NL,3,90L_10NL_3_1,0,60,"('lç', 'lç', 'lç')",ɾefluçen,ɾefulçen
90L_10NL,3,90L_10NL_3_1,0,280,"('lç', 'lx', 'lç')",ɾefluçen,ɾefulçen
90L_10NL,3,90L_10NL_3_1,0,280,"('lç', 'lx', 'lç')",ɾefluçen,ɾefulçen
90L_10NL,3,90L_10NL_3_1,0,280,"('lç', 'lx', 'lç')",ɾefluçen,ɾefulçen
90L_10NL,3,90L_10NL_3_1,0,280,"('lç', 'lx', 'lç')",ɾefluçen,ɾefulçen
90L_10NL,3,90L_10NL_3_1,0,280,"('lç', 'lx', 'lç')",ɾefluçen,ɾefulçen
90L_10NL,3,90L_10NL_3_1,0,280,"('lç', 'lx', 'lç')",ɾefluçen,ɾefulçen
90L_10NL,3,90L_10NL_3_1,0,280,"('lç', 'lx', 'lç')",ɾefluçen,ɾefulçen
90L_10NL,3,90L_10NL_3_1,0,60,"('lç', 'lç', 'lç')",ɾefluçen,ɾefulçen
90L_10NL,3,90L_10NL_3_1,0,60,"('lç', 'lç', 'lç')",ɾefluçen,ɾefulçen
90L_10NL,3,90L_10NL_3_1,0,280,"('lç', 'lx', 'lç')",ɾefluçen,ɾefulçen
90L_10NL,3,90L_10NL_3_1,0,280,"('lç', 'lx', 'lç')",ɾefluçen,ɾefulçen
90L_10NL,3,90L_10NL_3_1,0,280,"('lç', 'lx', 'lç')",ɾefluçen,ɾefulçen
90L_10NL,3,90L_10NL_3_1,0,280,"('lç', 'lx', 'lç')",ɾefluçen,ɾefulçen
90L_10NL,3,90L_10NL_3_1,0,280,"('lç', 'lx', 'lç')",ɾefluçen,ɾefulçen
90L_10NL,3,90L_10NL_3_1,0,280,"('lç', 'lx', 'lç')",ɾefluçen,ɾefulçen
90L_10NL,3,90L_10NL_3_1,0,280,"('lç', 'lx', 'lç')",ɾefluçen,ɾefulçen
90L_10NL,3,90L_10NL_3_1,0,60,"('lç', 'lç', 'lç')",ɾefluçen,ɾefulçen
90L_10NL,3,90L_10NL_3_1,0,280,"('lç', 'lx', 'lç')",ɾefluçen,ɾefulçen
90L_10NL,3,90L_10NL_3_1,0,280,"('lç', 'lx', 'lç')",ɾefluçen,ɾefulçen
90L_10NL,3,90L_10NL_3_1,0,280,"('lç', 'lx', 'lç')",ɾefluçen,ɾefulçen
90L_10NL,3,90L_10NL_3_1,0,280,"('lç', 'lx', 'lç')",ɾefluçen,ɾefulçen
90L_10NL,3,90L_10NL_3_1,0,280,"('lç', 'lx', 'lç')",ɾefluçen,ɾefulçen
90L_10NL,3,90L_10NL_3_1,0,280,"('lç', 'lx', 'lç')",ɾefluçen,ɾefulçen
90L_10NL,3,90L_10NL_3_1,0,280,"('lç', 'lx', 'lç')",ɾefluçen,ɾefulçen
90L_10NL,3,90L_10NL_3_1,0,280,"('lç', 'lx', 'lç')",ɾefluçen,ɾefulçen
90L_10NL,3,90L_10NL_3_1,0,280,"('lç', 'lx', 'lç')",ɾefluçen,ɾefulçen
90L_10NL,3,90L_10NL_3_1,0,280,"('lç', 'lx', 'lç')",ɾefluçen,ɾefulçen
90L_10NL,3,90L_10NL_3_1,0,280,"('lç', 'lx', 'lç')",ɾefluçen,ɾefulçen
90L_10NL,3,90L_10NL_3_1,0,280,"('lç', 'lx', 'lç')",ɾefluçen,ɾefulçen
90L_10NL,3,90L_10NL_3_1,0,280,"('lç', 'lx', 'lç')",ɾefluçen,ɾefulçen
90L_10NL,3,90L_10NL_3_1,0,280,"('lç', 'lx', 'lç')",ɾefluçen,ɾefulçen
90L_10NL,3,90L_10NL_3_1,0,210,"('lx', 'lx', 'lç')",ɾefluçen,ɾefulçen
90L_10NL,3,90L_10NL_3_1,0,210,"('lx', 'lx', 'lç')",ɾefluçen,ɾefulçen
90L_10NL,3,90L_10NL_3_1,0,210,"('lx', 'lx', 'lç')",ɾefluçen,ɾefulçen
90L_10NL,3,90L_10NL_3_1,0,210,"('lx', 'lx', 'lç')",ɾefluçen,ɾefulçen
90L_10NL,3,90L_10NL_3_1,0,210,"('lx', 'lx', 'lç')",ɾefluçen,ɾefulçen
90L_10NL,3,90L_10NL_3_1,0,210,"('lx', 'lx', 'lç')",ɾefluçen,ɾefulçen
90L_10NL,3,90L_10NL_3_1,0,210,"('lx', 'lx', 'lç')",ɾefluçen,ɾefulçen
90L_10NL,3,90L_10NL_3_1,0,210,"('lx', 'lx', 'lç')",ɾefluçen,ɾefulçen
90L_10NL,3,90L_10NL_3_1,0,210,"('lx', 'lx', 'lç')",ɾefluçen,ɾefulçen
90L_10NL,3,90L_10NL_3_1,0,210,"('lx', 'lx', 'lç')",ɾefluçen,ɾefulçen
90L_10NL,3,90L_10NL_3_1,0,210,"('lx', 'lx', 'lç')",ɾefluçen,ɾefulçen
90L_10NL,3,90L_10NL_3_1,0,210,"('lx', 'lx', 'lç')",ɾefluçen,ɾefulçen
90L_10NL,3,90L_10NL_3_1,0,210,"('lx', 'lx', 'lç')",ɾefluçen,ɾefulçen
90L_10NL,3,90L_10NL_3_1,0,210,"('lx', 'lx', 'lç')",ɾefluçen,ɾefulçen
90L_10NL,3,90L_10NL_3_1,0,210,"('lx', 'lx', 'lç')",ɾefluçen,ɾefulçen
90L_10NL,3,90L_10NL_3_1,0,210,"('lx', 'lx', 'lç')",ɾefluçen,ɾefulçen
90L_10NL,3,90L_10NL_3_1,0,210,"('lx', 'lx', 'lç')",ɾefluçen,ɾefulçen
90L_10NL,3,90L_10NL_3_1,0,210,"('lx', 'lx', 'lç')",ɾeflulçes,ɾefulçen
90L_10NL,3,90L_10NL_3_1,0,210,"('lx', 'lx', 'lç')",ɾeflulçes,ɾefulçen
90L_10NL,3,90L_10NL_3_1,0,210,"('lx', 'lx', 'lç')",ɾeflulçes,ɾefulçen
90L_10NL,3,90L_10NL_3_1,0,210,"('lx', 'lx', 'lç')",ɾefluçes,ɾefulçen
90L_10NL,3,90L_10NL_3_1,0,60,"('lç', 'lç', 'lç')",ɾeflulçes,ɾefulçes
90L_10NL,3,90L_10NL_3_1,0,60,"('lç', 'lç', 'lç')",ɾefluçes,ɾefulçes
90L_10NL,3,90L_10NL_3_1,0,60,"('lç', 'lç', 'lç')",ɾefluçes,ɾefulçes
90L_10NL,3,90L_10NL_3_1,0,280,"('lç', 'lx', 'lç')",ɾefluçes,ɾefulçes
90L_10NL,3,90L_10NL_3_1,0,280,"('lç', 'lx', 'lç')",ɾefluçes,ɾefulçes
90L_10NL,3,90L_10NL_3_1,0,280,"('lç', 'lx', 'lç')",ɾeflulçes,ɾefulçes
90L_10NL,3,90L_10NL_3_1,0,280,"('lç', 'lx', 'lç')",ɾeflulçes,ɾefulçes
90L_10NL,3,90L_10NL_3_1,0,280,"('lç', 'lx', 'lç')",ɾeflulçes,ɾefulçes
90L_10NL,3,90L_10NL_3_1,0,280,"('lç', 'lx', 'lç')",ɾefluçes,ɾefulçes
90L_10NL,3,90L_10NL_3_1,0,280,"('lç', 'lx', 'lç')",ɾefluçes,ɾefulçes
90L_10NL,3,90L_10NL_3_1,0,60,"('lç', 'lç', 'lç')",ɾefluçes,ɾefulçes
90L_10NL,3,90L_10NL_3_1,0,60,"('lç', 'lç', 'lç')",ɾefluçes,ɾefulçes
90L_10NL,3,90L_10NL_3_1,0,280,"('lç', 'lx', 'lç')",ɾefluçes,ɾefulçes
90L_10NL,3,90L_10NL_3_1,0,280,"('lç', 'lx', 'lç')",ɾefluçes,ɾefulçes
90L_10NL,3,90L_10NL_3_1,0,280,"('lç', 'lx', 'lç')",ɾeflulçes,ɾefulçes
90L_10NL,3,90L_10NL_3_1,0,280,"('lç', 'lx', 'lç')",ɾefluçes,ɾefulçes
90L_10NL,3,90L_10NL_3_1,0,280,"('lç', 'lx', 'lç')",ɾefluçes,ɾefulçes
90L_10NL,3,90L_10NL_3_1,0,280,"('lç', 'lx', 'lç')",ɾefluçes,ɾefulçes
90L_10NL,3,90L_10NL_3_1,0,280,"('lç', 'lx', 'lç')",ɾefluçes,ɾefulçes
90L_10NL,3,90L_10NL_3_1,0,60,"('lç', 'lç', 'lç')",ɾefluçes,ɾefulçes
90L_10NL,3,90L_10NL_3_1,0,280,"('lç', 'lx', 'lç')",ɾefluçes,ɾefulçes
90L_10NL,3,90L_10NL_3_1,0,280,"('lç', 'lx', 'lç')",ɾefluçes,ɾefulçes
90L_10NL,3,90L_10NL_3_1,0,280,"('lç', 'lx', 'lç')",ɾefluçes,ɾefulçes
90L_10NL,3,90L_10NL_3_1,0,280,"('lç', 'lx', 'lç')",ɾefluçes,ɾefulçes
90L_10NL,3,90L_10NL_3_1,0,280,"('lç', 'lx', 'lç')",ɾefluçes,ɾefulçes
90L_10NL,3,90L_10NL_3_1,0,280,"('lç', 'lx', 'lç')",ɾefluçes,ɾefulçes
90L_10NL,3,90L_10NL_3_1,0,280,"('lç', 'lx', 'lç')",ɾefluçes,ɾefulçes
90L_10NL,3,90L_10NL_3_1,0,280,"('lç', 'lx', 'lç')",ɾefluçes,ɾefulçes
90L_10NL,3,90L_10NL_3_1,0,280,"('lç', 'lx', 'lç')",ɾefluçes,ɾefulçes
90L_10NL,3,90L_10NL_3_1,0,280,"('lç', 'lx', 'lç')",ɾefluçes,ɾefulçes
90L_10NL,3,90L_10NL_3_1,0,280,"('lç', 'lx', 'lç')",ɾefluçes,ɾefulçes
90L_10NL,3,90L_10NL_3_1,0,280,"('lç', 'lx', 'lç')",ɾefluçes,ɾefulçes
90L_10NL,3,90L_10NL_3_1,0,280,"('lç', 'lx', 'lç')",ɾefluçes,ɾefulçes
90L_10NL,3,90L_10NL_3_1,0,280,"('lç', 'lx', 'lç')",ɾefluçes,ɾefulçes
90L_10NL,3,90L_10NL_3_1,0,210,"('lx', 'lx', 'lç')",ɾefluçes,ɾefulçes
90L_10NL,3,90L_10NL_3_1,0,210,"('lx', 'lx', 'lç')",ɾefluçes,ɾefulçes
90L_10NL,3,90L_10NL_3_1,0,210,"('lx', 'lx', 'lç')",ɾefluçes,ɾefulçes
90L_10NL,3,90L_10NL_3_1,0,210,"('lx', 'lx', 'lç')",ɾefluçes,ɾefulçes
90L_10NL,3,90L_10NL_3_1,0,210,"('lx', 'lx', 'lç')",ɾefluçes,ɾefulçes
90L_10NL,3,90L_10NL_3_1,0,210,"('lx', 'lx', 'lç')",ɾefluçes,ɾefulçes
90L_10NL,3,90L_10NL_3_1,0,210,"('lx', 'lx', 'lç')",ɾefluçes,ɾefulçes
90L_10NL,3,90L_10NL_3_1,0,210,"('lx', 'lx', 'lç')",ɾefluçes,ɾefulçes
90L_10NL,3,90L_10NL_3_1,0,210,"('lx', 'lx', 'lç')",ɾefluçes,ɾefulçes
90L_10NL,3,90L_10NL_3_1,0,210,"('lx', 'lx', 'lç')",ɾefluçes,ɾefulçes
90L_10NL,3,90L_10NL_3_1,0,210,"('lx', 'lx', 'lç')",ɾefluçes,ɾefulçes
90L_10NL,3,90L_10NL_3_1,0,210,"('lx', 'lx', 'lç')",ɾefluçes,ɾefulçes
90L_10NL,3,90L_10NL_3_1,0,210,"('lx', 'lx', 'lç')",ɾefluçes,ɾefulçes
90L_10NL,3,90L_10NL_3_1,0,210,"('lx', 'lx', 'lç')",ɾefluçes,ɾefulçes
90L_10NL,3,90L_10NL_3_1,0,210,"('lx', 'lx', 'lç')",ɾefluçes,ɾefulçes
90L_10NL,3,90L_10NL_3_1,0,210,"('lx', 'lx', 'lç')",ɾefluçes,ɾefulçes
90L_10NL,3,90L_10NL_3_1,0,210,"('lx', 'lx', 'lç')",ɾefluçes,ɾefulçes
90L_10NL,3,90L_10NL_3_1,0,210,"('lx', 'lx', 'lç')",ɾefluçe,ɾefulçes
90L_10NL,3,90L_10NL_3_1,0,210,"('lx', 'lx', 'lç')",ɾeflulçe,ɾefulçes
90L_10NL,3,90L_10NL_3_1,0,210,"('lx', 'lx', 'lç')",ɾeflulçe,ɾefulçes
90L_10NL,3,90L_10NL_3_1,0,210,"('lx', 'lx', 'lç')",ɾefluçe,ɾefulçes
90L_10NL,3,90L_10NL_3_1,0,60,"('lç', 'lç', 'lç')",ɾefluçe,ɾefulçe
90L_10NL,3,90L_10NL_3_1,0,60,"('lç', 'lç', 'lç')",ɾefluçe,ɾefulçe
90L_10NL,3,90L_10NL_3_1,0,60,"('lç', 'lç', 'lç')",ɾefluçe,ɾefulçe
90L_10NL,3,90L_10NL_3_1,0,280,"('lç', 'lx', 'lç')",ɾefluçe,ɾefulçe
90L_10NL,3,90L_10NL_3_1,0,280,"('lç', 'lx', 'lç')",ɾefluçe,ɾefulçe
90L_10NL,3,90L_10NL_3_1,0,280,"('lç', 'lx', 'lç')",ɾefluçe,ɾefulçe
90L_10NL,3,90L_10NL_3_1,0,280,"('lç', 'lx', 'lç')",ɾeflulçe,ɾefulçe
90L_10NL,3,90L_10NL_3_1,0,280,"('lç', 'lx', 'lç')",ɾeflulçe,ɾefulçe
90L_10NL,3,90L_10NL_3_1,0,280,"('lç', 'lx', 'lç')",ɾefluçe,ɾefulçe
90L_10NL,3,90L_10NL_3_1,0,280,"('lç', 'lx', 'lç')",ɾefluçe,ɾefulçe
90L_10NL,3,90L_10NL_3_1,0,60,"('lç', 'lç', 'lç')",ɾefluçe,ɾefulçe
90L_10NL,3,90L_10NL_3_1,0,60,"('lç', 'lç', 'lç')",ɾefluçe,ɾefulçe
90L_10NL,3,90L_10NL_3_1,0,280,"('lç', 'lx', 'lç')",ɾefluçe,ɾefulçe
90L_10NL,3,90L_10NL_3_1,0,280,"('lç', 'lx', 'lç')",ɾefluçe,ɾefulçe
90L_10NL,3,90L_10NL_3_1,0,280,"('lç', 'lx', 'lç')",ɾefluçe,ɾefulçe
90L_10NL,3,90L_10NL_3_1,0,280,"('lç', 'lx', 'lç')",ɾefluçe,ɾefulçe
90L_10NL,3,90L_10NL_3_1,0,280,"('lç', 'lx', 'lç')",ɾefluçe,ɾefulçe
90L_10NL,3,90L_10NL_3_1,0,280,"('lç', 'lx', 'lç')",ɾefluçe,ɾefulçe
90L_10NL,3,90L_10NL_3_1,0,280,"('lç', 'lx', 'lç')",ɾefluçe,ɾefulçe
90L_10NL,3,90L_10NL_3_1,0,60,"('lç', 'lç', 'lç')",ɾefluçe,ɾefulçe
90L_10NL,3,90L_10NL_3_1,0,280,"('lç', 'lx', 'lç')",ɾefluçe,ɾefulçe
90L_10NL,3,90L_10NL_3_1,0,280,"('lç', 'lx', 'lç')",ɾefluçe,ɾefulçe
90L_10NL,3,90L_10NL_3_1,0,280,"('lç', 'lx', 'lç')",ɾefluçe,ɾefulçe
90L_10NL,3,90L_10NL_3_1,0,280,"('lç', 'lx', 'lç')",ɾefluçe,ɾefulçe
90L_10NL,3,90L_10NL_3_1,0,280,"('lç', 'lx', 'lç')",ɾefluçe,ɾefulçe
90L_10NL,3,90L_10NL_3_1,0,280,"('lç', 'lx', 'lç')",ɾefluçe,ɾefulçe
90L_10NL,3,90L_10NL_3_1,0,280,"('lç', 'lx', 'lç')",ɾefluçe,ɾefulçe
90L_10NL,3,90L_10NL_3_1,0,280,"('lç', 'lx', 'lç')",ɾefluçe,ɾefulçe
90L_10NL,3,90L_10NL_3_1,0,280,"('lç', 'lx', 'lç')",ɾefluçe,ɾefulçe
90L_10NL,3,90L_10NL_3_1,0,280,"('lç', 'lx', 'lç')",ɾefluçe,ɾefulçe
90L_10NL,3,90L_10NL_3_1,0,280,"('lç', 'lx', 'lç')",ɾefluçe,ɾefulçe
90L_10NL,3,90L_10NL_3_1,0,280,"('lç', 'lx', 'lç')",ɾefluçe,ɾefulçe
90L_10NL,3,90L_10NL_3_1,0,280,"('lç', 'lx', 'lç')",ɾefluçe,ɾefulçe
90L_10NL,3,90L_10NL_3_1,0,280,"('lç', 'lx', 'lç')",ɾefluçe,ɾefulçe
90L_10NL,3,90L_10NL_3_1,0,210,"('lx', 'lx', 'lç')",ɾefluçe,ɾefulçe
90L_10NL,3,90L_10NL_3_1,0,210,"('lx', 'lx', 'lç')",ɾefluçe,ɾefulçe
90L_10NL,3,90L_10NL_3_1,0,210,"('lx', 'lx', 'lç')",ɾefluçe,ɾefulçe
90L_10NL,3,90L_10NL_3_1,0,210,"('lx', 'lx', 'lç')",ɾefluçe,ɾefulçe
90L_10NL,3,90L_10NL_3_1,0,210,"('lx', 'lx', 'lç')",ɾefluçe,ɾefulçe
90L_10NL,3,90L_10NL_3_1,0,210,"('lx', 'lx', 'lç')",ɾefluçe,ɾefulçe
90L_10NL,3,90L_10NL_3_1,0,210,"('lx', 'lx', 'lç')",ɾefluçe,ɾefulçe
90L_10NL,3,90L_10NL_3_1,0,210,"('lx', 'lx', 'lç')",ɾefluçe,ɾefulçe
90L_10NL,3,90L_10NL_3_1,0,210,"('lx', 'lx', 'lç')",ɾefluçe,ɾefulçe
90L_10NL,3,90L_10NL_3_1,0,210,"('lx', 'lx', 'lç')",ɾefluçe,ɾefulçe
90L_10NL,3,90L_10NL_3_1,0,210,"('lx', 'lx', 'lç')",ɾefluçe,ɾefulçe
90L_10NL,3,90L_10NL_3_1,0,210,"('lx', 'lx', 'lç')",ɾefluçe,ɾefulçe
90L_10NL,3,90L_10NL_3_1,0,210,"('lx', 'lx', 'lç')",ɾefluçe,ɾefulçe
90L_10NL,3,90L_10NL_3_1,0,210,"('lx', 'lx', 'lç')",ɾefluçe,ɾefulçe
90L_10NL,3,90L_10NL_3_1,0,210,"('lx', 'lx', 'lç')",ɾefluçe,ɾefulçe
90L_10NL,3,90L_10NL_3_1,0,210,"('lx', 'lx', 'lç')",ɾefluçe,ɾefulçe
90L_10NL,3,90L_10NL_3_1,0,210,"('lx', 'lx', 'lç')",ɾefluçe,ɾefulçe
90L_10NL,3,90L_10NL_3_1,0,210,"('lx', 'lx', 'lç')",ɾefluçimos,ɾefulçe
90L_10NL,3,90L_10NL_3_1,0,210,"('lx', 'lx', 'lç')",ɾefluçimos,ɾefulçe
90L_10NL,3,90L_10NL_3_1,0,210,"('lx', 'lx', 'lç')",ɾefluçimos,ɾefulçe
90L_10NL,3,90L_10NL_3_1,0,210,"('lx', 'lx', 'lç')",ɾefluçimos,ɾefulçe
90L_10NL,3,90L_10NL_3_1,0,60,"('lç', 'lç', 'lç')",ɾefluçimos,ɾefulçimos
90L_10NL,3,90L_10NL_3_1,0,60,"('lç', 'lç', 'lç')",ɾefluçimos,ɾefulçimos
90L_10NL,3,90L_10NL_3_1,0,60,"('lç', 'lç', 'lç')",ɾefluçimos,ɾefulçimos
90L_10NL,3,90L_10NL_3_1,0,280,"('lç', 'lx', 'lç')",ɾefluçimos,ɾefulçimos
90L_10NL,3,90L_10NL_3_1,0,280,"('lç', 'lx', 'lç')",ɾefluçimos,ɾefulçimos
90L_10NL,3,90L_10NL_3_1,0,280,"('lç', 'lx', 'lç')",ɾefluçimos,ɾefulçimos
90L_10NL,3,90L_10NL_3_1,0,280,"('lç', 'lx', 'lç')",ɾefluçimos,ɾefulçimos
90L_10NL,3,90L_10NL_3_1,0,280,"('lç', 'lx', 'lç')",ɾefluçimos,ɾefulçimos
90L_10NL,3,90L_10NL_3_1,0,280,"('lç', 'lx', 'lç')",ɾefluçimos,ɾefulçimos
90L_10NL,3,90L_10NL_3_1,0,280,"('lç', 'lx', 'lç')",ɾefluçimos,ɾefulçimos
90L_10NL,3,90L_10NL_3_1,0,60,"('lç', 'lç', 'lç')",ɾefluçimos,ɾefulçimos
90L_10NL,3,90L_10NL_3_1,0,60,"('lç', 'lç', 'lç')",ɾefluçimos,ɾefulçimos
90L_10NL,3,90L_10NL_3_1,0,280,"('lç', 'lx', 'lç')",ɾefluçimos,ɾefulçimos
90L_10NL,3,90L_10NL_3_1,0,280,"('lç', 'lx', 'lç')",ɾefluçimos,ɾefulçimos
90L_10NL,3,90L_10NL_3_1,0,280,"('lç', 'lx', 'lç')",ɾefluçimos,ɾefulçimos
90L_10NL,3,90L_10NL_3_1,0,280,"('lç', 'lx', 'lç')",ɾefluçimos,ɾefulçimos
90L_10NL,3,90L_10NL_3_1,0,280,"('lç', 'lx', 'lç')",ɾefluçimos,ɾefulçimos
90L_10NL,3,90L_10NL_3_1,0,280,"('lç', 'lx', 'lç')",ɾefluçimos,ɾefulçimos
90L_10NL,3,90L_10NL_3_1,0,280,"('lç', 'lx', 'lç')",ɾefluçimos,ɾefulçimos
90L_10NL,3,90L_10NL_3_1,0,60,"('lç', 'lç', 'lç')",ɾefluçimos,ɾefulçimos
90L_10NL,3,90L_10NL_3_1,0,280,"('lç', 'lx', 'lç')",ɾefluçimos,ɾefulçimos
90L_10NL,3,90L_10NL_3_1,0,280,"('lç', 'lx', 'lç')",ɾefluçimos,ɾefulçimos
90L_10NL,3,90L_10NL_3_1,0,280,"('lç', 'lx', 'lç')",ɾefluçimos,ɾefulçimos
90L_10NL,3,90L_10NL_3_1,0,280,"('lç', 'lx', 'lç')",ɾefluçimos,ɾefulçimos
90L_10NL,3,90L_10NL_3_1,0,280,"('lç', 'lx', 'lç')",ɾefluçimos,ɾefulçimos
90L_10NL,3,90L_10NL_3_1,0,280,"('lç', 'lx', 'lç')",ɾefluçimos,ɾefulçimos
90L_10NL,3,90L_10NL_3_1,0,280,"('lç', 'lx', 'lç')",ɾefluçimos,ɾefulçimos
90L_10NL,3,90L_10NL_3_1,0,280,"('lç', 'lx', 'lç')",ɾefluçimos,ɾefulçimos
90L_10NL,3,90L_10NL_3_1,0,280,"('lç', 'lx', 'lç')",ɾefluçimos,ɾefulçimos
90L_10NL,3,90L_10NL_3_1,0,280,"('lç', 'lx', 'lç')",ɾefluçimos,ɾefulçimos
90L_10NL,3,90L_10NL_3_1,0,280,"('lç', 'lx', 'lç')",ɾefluçimos,ɾefulçimos
90L_10NL,3,90L_10NL_3_1,0,280,"('lç', 'lx', 'lç')",ɾefluçimos,ɾefulçimos
90L_10NL,3,90L_10NL_3_1,0,280,"('lç', 'lx', 'lç')",ɾefluçimos,ɾefulçimos
90L_10NL,3,90L_10NL_3_1,0,280,"('lç', 'lx', 'lç')",ɾefluçimos,ɾefulçimos
90L_10NL,3,90L_10NL_3_1,0,210,"('lx', 'lx', 'lç')",ɾefluçimos,ɾefulçimos
90L_10NL,3,90L_10NL_3_1,0,210,"('lx', 'lx', 'lç')",ɾefluçimos,ɾefulçimos
90L_10NL,3,90L_10NL_3_1,0,210,"('lx', 'lx', 'lç')",ɾefluçimos,ɾefulçimos
90L_10NL,3,90L_10NL_3_1,0,210,"('lx', 'lx', 'lç')",ɾefluçimos,ɾefulçimos
90L_10NL,3,90L_10NL_3_1,0,210,"('lx', 'lx', 'lç')",ɾefluçimos,ɾefulçimos
90L_10NL,3,90L_10NL_3_1,0,210,"('lx', 'lx', 'lç')",ɾefluçimos,ɾefulçimos
90L_10NL,3,90L_10NL_3_1,0,210,"('lx', 'lx', 'lç')",ɾefluçimos,ɾefulçimos
90L_10NL,3,90L_10NL_3_1,0,210,"('lx', 'lx', 'lç')",ɾefluçimos,ɾefulçimos
90L_10NL,3,90L_10NL_3_1,0,210,"('lx', 'lx', 'lç')",ɾefluçimos,ɾefulçimos
90L_10NL,3,90L_10NL_3_1,0,210,"('lx', 'lx', 'lç')",ɾefluçimos,ɾefulçimos
90L_10NL,3,90L_10NL_3_1,0,210,"('lx', 'lx', 'lç')",ɾefluçimos,ɾefulçimos
90L_10NL,3,90L_10NL_3_1,0,210,"('lx', 'lx', 'lç')",ɾefluçimos,ɾefulçimos
90L_10NL,3,90L_10NL_3_1,0,210,"('lx', 'lx', 'lç')",ɾefluçimos,ɾefulçimos
90L_10NL,3,90L_10NL_3_1,0,210,"('lx', 'lx', 'lç')",ɾefluçimos,ɾefulçimos
90L_10NL,3,90L_10NL_3_1,0,210,"('lx', 'lx', 'lç')",ɾefluçimos,ɾefulçimos
90L_10NL,3,90L_10NL_3_1,0,210,"('lx', 'lx', 'lç')",ɾefluçimos,ɾefulçimos
90L_10NL,3,90L_10NL_3_1,0,210,"('lx', 'lx', 'lç')",ɾefluçimos,ɾefulçimos
90L_10NL,3,90L_10NL_3_1,0,210,"('lx', 'lx', 'lç')",ɾefluçis,ɾefulçimos
90L_10NL,3,90L_10NL_3_1,0,210,"('lx', 'lx', 'lç')",ɾefluçis,ɾefulçimos
90L_10NL,3,90L_10NL_3_1,0,210,"('lx', 'lx', 'lç')",ɾeflulçis,ɾefulçimos
90L_10NL,3,90L_10NL_3_1,0,210,"('lx', 'lx', 'lç')",ɾefluçis,ɾefulçimos
90L_10NL,3,90L_10NL_3_1,0,60,"('lç', 'lç', 'lç')",ɾefluçis,ɾefulçis
90L_10NL,3,90L_10NL_3_1,0,60,"('lç', 'lç', 'lç')",ɾefluçis,ɾefulçis
90L_10NL,3,90L_10NL_3_1,0,60,"('lç', 'lç', 'lç')",ɾefluçis,ɾefulçis
90L_10NL,3,90L_10NL_3_1,0,280,"('lç', 'lx', 'lç')",ɾefluçis,ɾefulçis
90L_10NL,3,90L_10NL_3_1,0,280,"('lç', 'lx', 'lç')",ɾefluçis,ɾefulçis
90L_10NL,3,90L_10NL_3_1,0,280,"('lç', 'lx', 'lç')",ɾefluçis,ɾefulçis
90L_10NL,3,90L_10NL_3_1,0,280,"('lç', 'lx', 'lç')",ɾefluçis,ɾefulçis
90L_10NL,3,90L_10NL_3_1,0,280,"('lç', 'lx', 'lç')",ɾeflulçis,ɾefulçis
90L_10NL,3,90L_10NL_3_1,0,280,"('lç', 'lx', 'lç')",ɾefluçis,ɾefulçis
90L_10NL,3,90L_10NL_3_1,0,280,"('lç', 'lx', 'lç')",ɾefluçis,ɾefulçis
90L_10NL,3,90L_10NL_3_1,0,60,"('lç', 'lç', 'lç')",ɾefluçis,ɾefulçis
90L_10NL,3,90L_10NL_3_1,0,60,"('lç', 'lç', 'lç')",ɾefluçis,ɾefulçis
90L_10NL,3,90L_10NL_3_1,0,280,"('lç', 'lx', 'lç')",ɾefluçis,ɾefulçis
90L_10NL,3,90L_10NL_3_1,0,280,"('lç', 'lx', 'lç')",ɾefluçis,ɾefulçis
90L_10NL,3,90L_10NL_3_1,0,280,"('lç', 'lx', 'lç')",ɾefluçis,ɾefulçis
90L_10NL,3,90L_10NL_3_1,0,280,"('lç', 'lx', 'lç')",ɾefluçis,ɾefulçis
90L_10NL,3,90L_10NL_3_1,0,280,"('lç', 'lx', 'lç')",ɾefluçis,ɾefulçis
90L_10NL,3,90L_10NL_3_1,0,280,"('lç', 'lx', 'lç')",ɾefluçis,ɾefulçis
90L_10NL,3,90L_10NL_3_1,0,280,"('lç', 'lx', 'lç')",ɾefluçis,ɾefulçis
90L_10NL,3,90L_10NL_3_1,0,60,"('lç', 'lç', 'lç')",ɾefluçis,ɾefulçis
90L_10NL,3,90L_10NL_3_1,0,280,"('lç', 'lx', 'lç')",ɾefluçis,ɾefulçis
90L_10NL,3,90L_10NL_3_1,0,280,"('lç', 'lx', 'lç')",ɾefluçis,ɾefulçis
90L_10NL,3,90L_10NL_3_1,0,280,"('lç', 'lx', 'lç')",ɾefluçis,ɾefulçis
90L_10NL,3,90L_10NL_3_1,0,280,"('lç', 'lx', 'lç')",ɾefluçis,ɾefulçis
90L_10NL,3,90L_10NL_3_1,0,280,"('lç', 'lx', 'lç')",ɾefluçis,ɾefulçis
90L_10NL,3,90L_10NL_3_1,0,280,"('lç', 'lx', 'lç')",ɾefluçis,ɾefulçis
90L_10NL,3,90L_10NL_3_1,0,280,"('lç', 'lx', 'lç')",ɾefluçis,ɾefulçis
90L_10NL,3,90L_10NL_3_1,0,280,"('lç', 'lx', 'lç')",ɾefluçis,ɾefulçis
90L_10NL,3,90L_10NL_3_1,0,280,"('lç', 'lx', 'lç')",ɾefluçis,ɾefulçis
90L_10NL,3,90L_10NL_3_1,0,280,"('lç', 'lx', 'lç')",ɾefluçis,ɾefulçis
90L_10NL,3,90L_10NL_3_1,0,280,"('lç', 'lx', 'lç')",ɾefluçis,ɾefulçis
90L_10NL,3,90L_10NL_3_1,0,280,"('lç', 'lx', 'lç')",ɾefluçis,ɾefulçis
90L_10NL,3,90L_10NL_3_1,0,280,"('lç', 'lx', 'lç')",ɾefluçis,ɾefulçis
90L_10NL,3,90L_10NL_3_1,0,280,"('lç', 'lx', 'lç')",ɾefluçis,ɾefulçis
90L_10NL,3,90L_10NL_3_1,0,210,"('lx', 'lx', 'lç')",ɾefluçis,ɾefulçis
90L_10NL,3,90L_10NL_3_1,0,210,"('lx', 'lx', 'lç')",ɾefluçis,ɾefulçis
90L_10NL,3,90L_10NL_3_1,0,210,"('lx', 'lx', 'lç')",ɾefluçis,ɾefulçis
90L_10NL,3,90L_10NL_3_1,0,210,"('lx', 'lx', 'lç')",ɾefluçis,ɾefulçis
90L_10NL,3,90L_10NL_3_1,0,210,"('lx', 'lx', 'lç')",ɾefluçis,ɾefulçis
90L_10NL,3,90L_10NL_3_1,0,210,"('lx', 'lx', 'lç')",ɾefluçis,ɾefulçis
90L_10NL,3,90L_10NL_3_1,0,210,"('lx', 'lx', 'lç')",ɾefluçis,ɾefulçis
90L_10NL,3,90L_10NL_3_1,0,210,"('lx', 'lx', 'lç')",ɾefluçis,ɾefulçis
90L_10NL,3,90L_10NL_3_1,0,210,"('lx', 'lx', 'lç')",ɾefluçis,ɾefulçis
90L_10NL,3,90L_10NL_3_1,0,210,"('lx', 'lx', 'lç')",ɾefluçis,ɾefulçis
90L_10NL,3,90L_10NL_3_1,0,210,"('lx', 'lx', 'lç')",ɾefluçis,ɾefulçis
90L_10NL,3,90L_10NL_3_1,0,210,"('lx', 'lx', 'lç')",ɾefluçis,ɾefulçis
90L_10NL,3,90L_10NL_3_1,0,210,"('lx', 'lx', 'lç')",ɾefluçis,ɾefulçis
90L_10NL,3,90L_10NL_3_1,0,210,"('lx', 'lx', 'lç')",ɾefluçis,ɾefulçis
90L_10NL,3,90L_10NL_3_1,0,210,"('lx', 'lx', 'lç')",ɾefluçis,ɾefulçis
90L_10NL,3,90L_10NL_3_1,0,210,"('lx', 'lx', 'lç')",ɾefluçis,ɾefulçis
90L_10NL,3,90L_10NL_3_1,0,210,"('lx', 'lx', 'lç')",ɾefluçis,ɾefulçis
90L_10NL,3,90L_10NL_3_1,0,210,"('lx', 'lx', 'lç')",ɾeflulxajs,ɾefulçis
90L_10NL,3,90L_10NL_3_1,0,210,"('lx', 'lx', 'lç')",ɾeflulxajs,ɾefulçis
90L_10NL,3,90L_10NL_3_1,0,210,"('lx', 'lx', 'lç')",ɾeflulxajs,ɾefulçis
90L_10NL,3,90L_10NL_3_1,0,210,"('lx', 'lx', 'lç')",ɾeflulxajs,ɾefulçis
90L_10NL,3,90L_10NL_3_1,0,140,"('lç', 'lç', 'lx')",ɾeflulxajs,ɾefulxajs
90L_10NL,3,90L_10NL_3_1,0,140,"('lç', 'lç', 'lx')",ɾeflulxajs,ɾefulxajs
90L_10NL,3,90L_10NL_3_1,0,140,"('lç', 'lç', 'lx')",ɾeflulxajs,ɾefulxajs
90L_10NL,3,90L_10NL_3_1,0,140,"('lç', 'lç', 'lx')",ɾeflulxajs,ɾefulxajs
90L_10NL,3,90L_10NL_3_1,0,420,"('lç', 'lx', 'lx')",ɾeflulxajs,ɾefulxajs
90L_10NL,3,90L_10NL_3_1,0,420,"('lç', 'lx', 'lx')",ɾeflulxajs,ɾefulxajs
90L_10NL,3,90L_10NL_3_1,0,420,"('lç', 'lx', 'lx')",ɾeflulxajs,ɾefulxajs
90L_10NL,3,90L_10NL_3_1,0,420,"('lç', 'lx', 'lx')",ɾeflulxajs,ɾefulxajs
90L_10NL,3,90L_10NL_3_1,0,420,"('lç', 'lx', 'lx')",ɾeflulxajs,ɾefulxajs
90L_10NL,3,90L_10NL_3_1,0,420,"('lç', 'lx', 'lx')",ɾeflulxajs,ɾefulxajs
90L_10NL,3,90L_10NL_3_1,0,140,"('lç', 'lç', 'lx')",ɾeflulxajs,ɾefulxajs
90L_10NL,3,90L_10NL_3_1,0,140,"('lç', 'lç', 'lx')",ɾefluxajs,ɾefulxajs
90L_10NL,3,90L_10NL_3_1,0,140,"('lç', 'lç', 'lx')",ɾeflulxajs,ɾefulxajs
90L_10NL,3,90L_10NL_3_1,0,420,"('lç', 'lx', 'lx')",ɾeflulxajs,ɾefulxajs
90L_10NL,3,90L_10NL_3_1,0,420,"('lç', 'lx', 'lx')",ɾeflulxajs,ɾefulxajs
90L_10NL,3,90L_10NL_3_1,0,420,"('lç', 'lx', 'lx')",ɾeflulxajs,ɾefulxajs
90L_10NL,3,90L_10NL_3_1,0,420,"('lç', 'lx', 'lx')",ɾeflulxajs,ɾefulxajs
90L_10NL,3,90L_10NL_3_1,0,420,"('lç', 'lx', 'lx')",ɾeflulxajs,ɾefulxajs
90L_10NL,3,90L_10NL_3_1,0,420,"('lç', 'lx', 'lx')",ɾefluxajs,ɾefulxajs
90L_10NL,3,90L_10NL_3_1,0,140,"('lç', 'lç', 'lx')",ɾefluxajs,ɾefulxajs
90L_10NL,3,90L_10NL_3_1,0,140,"('lç', 'lç', 'lx')",ɾefluxajs,ɾefulxajs
90L_10NL,3,90L_10NL_3_1,0,420,"('lç', 'lx', 'lx')",ɾefluxajs,ɾefulxajs
90L_10NL,3,90L_10NL_3_1,0,420,"('lç', 'lx', 'lx')",ɾeflulxajs,ɾefulxajs
90L_10NL,3,90L_10NL_3_1,0,420,"('lç', 'lx', 'lx')",ɾefluxajs,ɾefulxajs
90L_10NL,3,90L_10NL_3_1,0,420,"('lç', 'lx', 'lx')",ɾefluxajs,ɾefulxajs
90L_10NL,3,90L_10NL_3_1,0,420,"('lç', 'lx', 'lx')",ɾefluxajs,ɾefulxajs
90L_10NL,3,90L_10NL_3_1,0,420,"('lç', 'lx', 'lx')",ɾefluxajs,ɾefulxajs
90L_10NL,3,90L_10NL_3_1,0,140,"('lç', 'lç', 'lx')",ɾefluxajs,ɾefulxajs
90L_10NL,3,90L_10NL_3_1,0,420,"('lç', 'lx', 'lx')",ɾefluxajs,ɾefulxajs
90L_10NL,3,90L_10NL_3_1,0,420,"('lç', 'lx', 'lx')",ɾefluxajs,ɾefulxajs
90L_10NL,3,90L_10NL_3_1,0,420,"('lç', 'lx', 'lx')",ɾefluxajs,ɾefulxajs
90L_10NL,3,90L_10NL_3_1,0,420,"('lç', 'lx', 'lx')",ɾefluxajs,ɾefulxajs
90L_10NL,3,90L_10NL_3_1,0,420,"('lç', 'lx', 'lx')",ɾefluxajs,ɾefulxajs
90L_10NL,3,90L_10NL_3_1,0,420,"('lç', 'lx', 'lx')",ɾefluxajs,ɾefulxajs
90L_10NL,3,90L_10NL_3_1,0,420,"('lç', 'lx', 'lx')",ɾefluxajs,ɾefulxajs
90L_10NL,3,90L_10NL_3_1,0,420,"('lç', 'lx', 'lx')",ɾefluxajs,ɾefulxajs
90L_10NL,3,90L_10NL_3_1,0,420,"('lç', 'lx', 'lx')",ɾefluxajs,ɾefulxajs
90L_10NL,3,90L_10NL_3_1,0,420,"('lç', 'lx', 'lx')",ɾefluxajs,ɾefulxajs
90L_10NL,3,90L_10NL_3_1,0,420,"('lç', 'lx', 'lx')",ɾefluxajs,ɾefulxajs
90L_10NL,3,90L_10NL_3_1,0,420,"('lç', 'lx', 'lx')",ɾefluxajs,ɾefulxajs
90L_10NL,3,90L_10NL_3_1,0,210,"('lx', 'lx', 'lx')",ɾefluxajs,ɾefulxajs
90L_10NL,3,90L_10NL_3_1,0,210,"('lx', 'lx', 'lx')",ɾefluxajs,ɾefulxajs
90L_10NL,3,90L_10NL_3_1,0,210,"('lx', 'lx', 'lx')",ɾefluxajs,ɾefulxajs
90L_10NL,3,90L_10NL_3_1,0,210,"('lx', 'lx', 'lx')",ɾefluxajs,ɾefulxajs
90L_10NL,3,90L_10NL_3_1,0,210,"('lx', 'lx', 'lx')",ɾeflulxajs,ɾefulxajs
90L_10NL,3,90L_10NL_3_1,0,210,"('lx', 'lx', 'lx')",ɾefluxajs,ɾefulxajs
90L_10NL,3,90L_10NL_3_1,0,210,"('lx', 'lx', 'lx')",ɾefluxajs,ɾefulxajs
90L_10NL,3,90L_10NL_3_1,0,210,"('lx', 'lx', 'lx')",ɾeflulxajs,ɾefulxajs
90L_10NL,3,90L_10NL_3_1,0,210,"('lx', 'lx', 'lx')",ɾefluxajs,ɾefulxajs
90L_10NL,3,90L_10NL_3_1,0,210,"('lx', 'lx', 'lx')",ɾeflulxajs,ɾefulxajs
90L_10NL,3,90L_10NL_3_1,0,210,"('lx', 'lx', 'lx')",ɾeflulxajs,ɾefulxajs
90L_10NL,3,90L_10NL_3_1,0,210,"('lx', 'lx', 'lx')",ɾeflulxamos,ɾefulxajs
90L_10NL,3,90L_10NL_3_1,0,210,"('lx', 'lx', 'lx')",ɾeflulxamos,ɾefulxajs
90L_10NL,3,90L_10NL_3_1,0,210,"('lx', 'lx', 'lx')",ɾefluxamos,ɾefulxajs
90L_10NL,3,90L_10NL_3_1,0,210,"('lx', 'lx', 'lx')",ɾeflulxamos,ɾefulxajs
90L_10NL,3,90L_10NL_3_1,0,140,"('lç', 'lç', 'lx')",ɾeflulxamos,ɾefulxamos
90L_10NL,3,90L_10NL_3_1,0,140,"('lç', 'lç', 'lx')",ɾeflulxamos,ɾefulxamos
90L_10NL,3,90L_10NL_3_1,0,140,"('lç', 'lç', 'lx')",ɾeflulxamos,ɾefulxamos
90L_10NL,3,90L_10NL_3_1,0,140,"('lç', 'lç', 'lx')",ɾeflulxamos,ɾefulxamos
90L_10NL,3,90L_10NL_3_1,0,420,"('lç', 'lx', 'lx')",ɾeflulxamos,ɾefulxamos
90L_10NL,3,90L_10NL_3_1,0,420,"('lç', 'lx', 'lx')",ɾeflulxamos,ɾefulxamos
90L_10NL,3,90L_10NL_3_1,0,420,"('lç', 'lx', 'lx')",ɾeflulxamos,ɾefulxamos
90L_10NL,3,90L_10NL_3_1,0,420,"('lç', 'lx', 'lx')",ɾefluxamos,ɾefulxamos
90L_10NL,3,90L_10NL_3_1,0,420,"('lç', 'lx', 'lx')",ɾeflulxamos,ɾefulxamos
90L_10NL,3,90L_10NL_3_1,0,420,"('lç', 'lx', 'lx')",ɾeflulxamos,ɾefulxamos
90L_10NL,3,90L_10NL_3_1,0,140,"('lç', 'lç', 'lx')",ɾeflulxamos,ɾefulxamos
90L_10NL,3,90L_10NL_3_1,0,140,"('lç', 'lç', 'lx')",ɾeflulxamos,ɾefulxamos
90L_10NL,3,90L_10NL_3_1,0,140,"('lç', 'lç', 'lx')",ɾeflulxamos,ɾefulxamos
90L_10NL,3,90L_10NL_3_1,0,420,"('lç', 'lx', 'lx')",ɾeflulxamos,ɾefulxamos
90L_10NL,3,90L_10NL_3_1,0,420,"('lç', 'lx', 'lx')",ɾeflulxamos,ɾefulxamos
90L_10NL,3,90L_10NL_3_1,0,420,"('lç', 'lx', 'lx')",ɾeflulxamos,ɾefulxamos
90L_10NL,3,90L_10NL_3_1,0,420,"('lç', 'lx', 'lx')",ɾeflulxamos,ɾefulxamos
90L_10NL,3,90L_10NL_3_1,0,420,"('lç', 'lx', 'lx')",ɾefluxamos,ɾefulxamos
90L_10NL,3,90L_10NL_3_1,0,420,"('lç', 'lx', 'lx')",ɾefluxamos,ɾefulxamos
90L_10NL,3,90L_10NL_3_1,0,140,"('lç', 'lç', 'lx')",ɾefluxamos,ɾefulxamos
90L_10NL,3,90L_10NL_3_1,0,140,"('lç', 'lç', 'lx')",ɾefluxamos,ɾefulxamos
90L_10NL,3,90L_10NL_3_1,0,420,"('lç', 'lx', 'lx')",ɾefluxamos,ɾefulxamos
90L_10NL,3,90L_10NL_3_1,0,420,"('lç', 'lx', 'lx')",ɾeflulxamos,ɾefulxamos
90L_10NL,3,90L_10NL_3_1,0,420,"('lç', 'lx', 'lx')",ɾefluxamos,ɾefulxamos
90L_10NL,3,90L_10NL_3_1,0,420,"('lç', 'lx', 'lx')",ɾefluxamos,ɾefulxamos
90L_10NL,3,90L_10NL_3_1,0,420,"('lç', 'lx', 'lx')",ɾefluxamos,ɾefulxamos
90L_10NL,3,90L_10NL_3_1,0,420,"('lç', 'lx', 'lx')",ɾefluxamos,ɾefulxamos
90L_10NL,3,90L_10NL_3_1,0,140,"('lç', 'lç', 'lx')",ɾefluxamos,ɾefulxamos
90L_10NL,3,90L_10NL_3_1,0,420,"('lç', 'lx', 'lx')",ɾefluxamos,ɾefulxamos
90L_10NL,3,90L_10NL_3_1,0,420,"('lç', 'lx', 'lx')",ɾefluxamos,ɾefulxamos
90L_10NL,3,90L_10NL_3_1,0,420,"('lç', 'lx', 'lx')",ɾefluxamos,ɾefulxamos
90L_10NL,3,90L_10NL_3_1,0,420,"('lç', 'lx', 'lx')",ɾefluxamos,ɾefulxamos
90L_10NL,3,90L_10NL_3_1,0,420,"('lç', 'lx', 'lx')",ɾefluxamos,ɾefulxamos
90L_10NL,3,90L_10NL_3_1,0,420,"('lç', 'lx', 'lx')",ɾefluxamos,ɾefulxamos
90L_10NL,3,90L_10NL_3_1,0,420,"('lç', 'lx', 'lx')",ɾefluxamos,ɾefulxamos
90L_10NL,3,90L_10NL_3_1,0,420,"('lç', 'lx', 'lx')",ɾefluxamos,ɾefulxamos
90L_10NL,3,90L_10NL_3_1,0,420,"('lç', 'lx', 'lx')",ɾefluxamos,ɾefulxamos
90L_10NL,3,90L_10NL_3_1,0,420,"('lç', 'lx', 'lx')",ɾefluxamos,ɾefulxamos
90L_10NL,3,90L_10NL_3_1,0,420,"('lç', 'lx', 'lx')",ɾefluxamos,ɾefulxamos
90L_10NL,3,90L_10NL_3_1,0,420,"('lç', 'lx', 'lx')",ɾefluxamos,ɾefulxamos
90L_10NL,3,90L_10NL_3_1,0,210,"('lx', 'lx', 'lx')",ɾefluxamos,ɾefulxamos
90L_10NL,3,90L_10NL_3_1,0,210,"('lx', 'lx', 'lx')",ɾefluxamos,ɾefulxamos
90L_10NL,3,90L_10NL_3_1,0,210,"('lx', 'lx', 'lx')",ɾefluxamos,ɾefulxamos
90L_10NL,3,90L_10NL_3_1,0,210,"('lx', 'lx', 'lx')",ɾefluxamos,ɾefulxamos
90L_10NL,3,90L_10NL_3_1,0,210,"('lx', 'lx', 'lx')",ɾeflulxamos,ɾefulxamos
90L_10NL,3,90L_10NL_3_1,0,210,"('lx', 'lx', 'lx')",ɾefluxamos,ɾefulxamos
90L_10NL,3,90L_10NL_3_1,0,210,"('lx', 'lx', 'lx')",ɾefluxamos,ɾefulxamos
90L_10NL,3,90L_10NL_3_1,0,210,"('lx', 'lx', 'lx')",ɾeflulxamos,ɾefulxamos
90L_10NL,3,90L_10NL_3_1,0,210,"('lx', 'lx', 'lx')",ɾefluxamos,ɾefulxamos
90L_10NL,3,90L_10NL_3_1,0,210,"('lx', 'lx', 'lx')",ɾeflulxamos,ɾefulxamos
90L_10NL,3,90L_10NL_3_1,0,210,"('lx', 'lx', 'lx')",ɾeflulxamos,ɾefulxamos
90L_10NL,3,90L_10NL_3_1,0,210,"('lx', 'lx', 'lx')",ɾefluxan,ɾefulxamos
90L_10NL,3,90L_10NL_3_1,0,210,"('lx', 'lx', 'lx')",ɾefluxan,ɾefulxamos
90L_10NL,3,90L_10NL_3_1,0,210,"('lx', 'lx', 'lx')",ɾeflulxan,ɾefulxamos
90L_10NL,3,90L_10NL_3_1,0,210,"('lx', 'lx', 'lx')",ɾefluxan,ɾefulxamos
90L_10NL,3,90L_10NL_3_1,0,140,"('lç', 'lç', 'lx')",ɾefluxan,ɾefulxan
90L_10NL,3,90L_10NL_3_1,0,140,"('lç', 'lç', 'lx')",ɾefluxan,ɾefulxan
90L_10NL,3,90L_10NL_3_1,0,140,"('lç', 'lç', 'lx')",ɾefluxan,ɾefulxan
90L_10NL,3,90L_10NL_3_1,0,140,"('lç', 'lç', 'lx')",ɾefluxan,ɾefulxan
90L_10NL,3,90L_10NL_3_1,0,420,"('lç', 'lx', 'lx')",ɾefluxan,ɾefulxan
90L_10NL,3,90L_10NL_3_1,0,420,"('lç', 'lx', 'lx')",ɾefluxan,ɾefulxan
90L_10NL,3,90L_10NL_3_1,0,420,"('lç', 'lx', 'lx')",ɾefluxan,ɾefulxan
90L_10NL,3,90L_10NL_3_1,0,420,"('lç', 'lx', 'lx')",ɾeflulxan,ɾefulxan
90L_10NL,3,90L_10NL_3_1,0,420,"('lç', 'lx', 'lx')",ɾefluxan,ɾefulxan
90L_10NL,3,90L_10NL_3_1,0,420,"('lç', 'lx', 'lx')",ɾefluxan,ɾefulxan
90L_10NL,3,90L_10NL_3_1,0,140,"('lç', 'lç', 'lx')",ɾefluxan,ɾefulxan
90L_10NL,3,90L_10NL_3_1,0,140,"('lç', 'lç', 'lx')",ɾefluxan,ɾefulxan
90L_10NL,3,90L_10NL_3_1,0,140,"('lç', 'lç', 'lx')",ɾefluxan,ɾefulxan
90L_10NL,3,90L_10NL_3_1,0,420,"('lç', 'lx', 'lx')",ɾefluxan,ɾefulxan
90L_10NL,3,90L_10NL_3_1,0,420,"('lç', 'lx', 'lx')",ɾefluxan,ɾefulxan
90L_10NL,3,90L_10NL_3_1,0,420,"('lç', 'lx', 'lx')",ɾefluxan,ɾefulxan
90L_10NL,3,90L_10NL_3_1,0,420,"('lç', 'lx', 'lx')",ɾefluxan,ɾefulxan
90L_10NL,3,90L_10NL_3_1,0,420,"('lç', 'lx', 'lx')",ɾefluxan,ɾefulxan
90L_10NL,3,90L_10NL_3_1,0,420,"('lç', 'lx', 'lx')",ɾefluxan,ɾefulxan
90L_10NL,3,90L_10NL_3_1,0,140,"('lç', 'lç', 'lx')",ɾefluxan,ɾefulxan
90L_10NL,3,90L_10NL_3_1,0,140,"('lç', 'lç', 'lx')",ɾefluxan,ɾefulxan
90L_10NL,3,90L_10NL_3_1,0,420,"('lç', 'lx', 'lx')",ɾefluxan,ɾefulxan
90L_10NL,3,90L_10NL_3_1,0,420,"('lç', 'lx', 'lx')",ɾefluxan,ɾefulxan
90L_10NL,3,90L_10NL_3_1,0,420,"('lç', 'lx', 'lx')",ɾefluxan,ɾefulxan
90L_10NL,3,90L_10NL_3_1,0,420,"('lç', 'lx', 'lx')",ɾefluxan,ɾefulxan
90L_10NL,3,90L_10NL_3_1,0,420,"('lç', 'lx', 'lx')",ɾefluxan,ɾefulxan
90L_10NL,3,90L_10NL_3_1,0,420,"('lç', 'lx', 'lx')",ɾefluxan,ɾefulxan
90L_10NL,3,90L_10NL_3_1,0,140,"('lç', 'lç', 'lx')",ɾefluxan,ɾefulxan
90L_10NL,3,90L_10NL_3_1,0,420,"('lç', 'lx', 'lx')",ɾefluxan,ɾefulxan
90L_10NL,3,90L_10NL_3_1,0,420,"('lç', 'lx', 'lx')",ɾefluxan,ɾefulxan
90L_10NL,3,90L_10NL_3_1,0,420,"('lç', 'lx', 'lx')",ɾefluxan,ɾefulxan
90L_10NL,3,90L_10NL_3_1,0,420,"('lç', 'lx', 'lx')",ɾefluxan,ɾefulxan
90L_10NL,3,90L_10NL_3_1,0,420,"('lç', 'lx', 'lx')",ɾefluxan,ɾefulxan
90L_10NL,3,90L_10NL_3_1,0,420,"('lç', 'lx', 'lx')",ɾefluxan,ɾefulxan
90L_10NL,3,90L_10NL_3_1,0,420,"('lç', 'lx', 'lx')",ɾefluxan,ɾefulxan
90L_10NL,3,90L_10NL_3_1,0,420,"('lç', 'lx', 'lx')",ɾefluxan,ɾefulxan
90L_10NL,3,90L_10NL_3_1,0,420,"('lç', 'lx', 'lx')",ɾefluxan,ɾefulxan
90L_10NL,3,90L_10NL_3_1,0,420,"('lç', 'lx', 'lx')",ɾefluxan,ɾefulxan
90L_10NL,3,90L_10NL_3_1,0,420,"('lç', 'lx', 'lx')",ɾefluxan,ɾefulxan
90L_10NL,3,90L_10NL_3_1,0,420,"('lç', 'lx', 'lx')",ɾefluxan,ɾefulxan
90L_10NL,3,90L_10NL_3_1,0,210,"('lx', 'lx', 'lx')",ɾefluxan,ɾefulxan
90L_10NL,3,90L_10NL_3_1,0,210,"('lx', 'lx', 'lx')",ɾefluxan,ɾefulxan
90L_10NL,3,90L_10NL_3_1,0,210,"('lx', 'lx', 'lx')",ɾefluxan,ɾefulxan
90L_10NL,3,90L_10NL_3_1,0,210,"('lx', 'lx', 'lx')",ɾefluxan,ɾefulxan
90L_10NL,3,90L_10NL_3_1,0,210,"('lx', 'lx', 'lx')",ɾefluxan,ɾefulxan
90L_10NL,3,90L_10NL_3_1,0,210,"('lx', 'lx', 'lx')",ɾefluxan,ɾefulxan
90L_10NL,3,90L_10NL_3_1,0,210,"('lx', 'lx', 'lx')",ɾefluxan,ɾefulxan
90L_10NL,3,90L_10NL_3_1,0,210,"('lx', 'lx', 'lx')",ɾefluxan,ɾefulxan
90L_10NL,3,90L_10NL_3_1,0,210,"('lx', 'lx', 'lx')",ɾefluxan,ɾefulxan
90L_10NL,3,90L_10NL_3_1,0,210,"('lx', 'lx', 'lx')",ɾefluxan,ɾefulxan
90L_10NL,3,90L_10NL_3_1,0,210,"('lx', 'lx', 'lx')",ɾefluxan,ɾefulxan
90L_10NL,3,90L_10NL_3_1,0,210,"('lx', 'lx', 'lx')",ɾefluxas,ɾefulxan
90L_10NL,3,90L_10NL_3_1,0,210,"('lx', 'lx', 'lx')",ɾeflulxas,ɾefulxan
90L_10NL,3,90L_10NL_3_1,0,210,"('lx', 'lx', 'lx')",ɾeflulxas,ɾefulxan
90L_10NL,3,90L_10NL_3_1,0,210,"('lx', 'lx', 'lx')",ɾeflulxas,ɾefulxan
90L_10NL,3,90L_10NL_3_1,0,140,"('lç', 'lç', 'lx')",ɾefluxas,ɾefulxas
90L_10NL,3,90L_10NL_3_1,0,140,"('lç', 'lç', 'lx')",ɾeflulxas,ɾefulxas
90L_10NL,3,90L_10NL_3_1,0,140,"('lç', 'lç', 'lx')",ɾefluxas,ɾefulxas
90L_10NL,3,90L_10NL_3_1,0,140,"('lç', 'lç', 'lx')",ɾefluxas,ɾefulxas
90L_10NL,3,90L_10NL_3_1,0,420,"('lç', 'lx', 'lx')",ɾefluxas,ɾefulxas
90L_10NL,3,90L_10NL_3_1,0,420,"('lç', 'lx', 'lx')",ɾeflulxas,ɾefulxas
90L_10NL,3,90L_10NL_3_1,0,420,"('lç', 'lx', 'lx')",ɾeflulxas,ɾefulxas
90L_10NL,3,90L_10NL_3_1,0,420,"('lç', 'lx', 'lx')",ɾeflulxas,ɾefulxas
90L_10NL,3,90L_10NL_3_1,0,420,"('lç', 'lx', 'lx')",ɾeflulxas,ɾefulxas
90L_10NL,3,90L_10NL_3_1,0,420,"('lç', 'lx', 'lx')",ɾefluxas,ɾefulxas
90L_10NL,3,90L_10NL_3_1,0,140,"('lç', 'lç', 'lx')",ɾefluxas,ɾefulxas
90L_10NL,3,90L_10NL_3_1,0,140,"('lç', 'lç', 'lx')",ɾefluxas,ɾefulxas
90L_10NL,3,90L_10NL_3_1,0,140,"('lç', 'lç', 'lx')",ɾefluxas,ɾefulxas
90L_10NL,3,90L_10NL_3_1,0,420,"('lç', 'lx', 'lx')",ɾefluxas,ɾefulxas
90L_10NL,3,90L_10NL_3_1,0,420,"('lç', 'lx', 'lx')",ɾeflulxas,ɾefulxas
90L_10NL,3,90L_10NL_3_1,0,420,"('lç', 'lx', 'lx')",ɾeflulxas,ɾefulxas
90L_10NL,3,90L_10NL_3_1,0,420,"('lç', 'lx', 'lx')",ɾefluxas,ɾefulxas
90L_10NL,3,90L_10NL_3_1,0,420,"('lç', 'lx', 'lx')",ɾefluxas,ɾefulxas
90L_10NL,3,90L_10NL_3_1,0,420,"('lç', 'lx', 'lx')",ɾefluxas,ɾefulxas
90L_10NL,3,90L_10NL_3_1,0,140,"('lç', 'lç', 'lx')",ɾefluxas,ɾefulxas
90L_10NL,3,90L_10NL_3_1,0,140,"('lç', 'lç', 'lx')",ɾefluxas,ɾefulxas
90L_10NL,3,90L_10NL_3_1,0,420,"('lç', 'lx', 'lx')",ɾefluxas,ɾefulxas
90L_10NL,3,90L_10NL_3_1,0,420,"('lç', 'lx', 'lx')",ɾeflulxas,ɾefulxas
90L_10NL,3,90L_10NL_3_1,0,420,"('lç', 'lx', 'lx')",ɾefluxas,ɾefulxas
90L_10NL,3,90L_10NL_3_1,0,420,"('lç', 'lx', 'lx')",ɾefluxas,ɾefulxas
90L_10NL,3,90L_10NL_3_1,0,420,"('lç', 'lx', 'lx')",ɾefluxas,ɾefulxas
90L_10NL,3,90L_10NL_3_1,0,420,"('lç', 'lx', 'lx')",ɾefluxas,ɾefulxas
90L_10NL,3,90L_10NL_3_1,0,140,"('lç', 'lç', 'lx')",ɾefluxas,ɾefulxas
90L_10NL,3,90L_10NL_3_1,0,420,"('lç', 'lx', 'lx')",ɾefluxas,ɾefulxas
90L_10NL,3,90L_10NL_3_1,0,420,"('lç', 'lx', 'lx')",ɾefluxas,ɾefulxas
90L_10NL,3,90L_10NL_3_1,0,420,"('lç', 'lx', 'lx')",ɾefluxas,ɾefulxas
90L_10NL,3,90L_10NL_3_1,0,420,"('lç', 'lx', 'lx')",ɾefluxas,ɾefulxas
90L_10NL,3,90L_10NL_3_1,0,420,"('lç', 'lx', 'lx')",ɾefluxas,ɾefulxas
90L_10NL,3,90L_10NL_3_1,0,420,"('lç', 'lx', 'lx')",ɾefluxas,ɾefulxas
90L_10NL,3,90L_10NL_3_1,0,420,"('lç', 'lx', 'lx')",ɾefluxas,ɾefulxas
90L_10NL,3,90L_10NL_3_1,0,420,"('lç', 'lx', 'lx')",ɾefluxas,ɾefulxas
90L_10NL,3,90L_10NL_3_1,0,420,"('lç', 'lx', 'lx')",ɾefluxas,ɾefulxas
90L_10NL,3,90L_10NL_3_1,0,420,"('lç', 'lx', 'lx')",ɾefluxas,ɾefulxas
90L_10NL,3,90L_10NL_3_1,0,420,"('lç', 'lx', 'lx')",ɾefluxas,ɾefulxas
90L_10NL,3,90L_10NL_3_1,0,420,"('lç', 'lx', 'lx')",ɾefluxas,ɾefulxas
90L_10NL,3,90L_10NL_3_1,0,210,"('lx', 'lx', 'lx')",ɾefluxas,ɾefulxas
90L_10NL,3,90L_10NL_3_1,0,210,"('lx', 'lx', 'lx')",ɾefluxas,ɾefulxas
90L_10NL,3,90L_10NL_3_1,0,210,"('lx', 'lx', 'lx')",ɾefluxas,ɾefulxas
90L_10NL,3,90L_10NL_3_1,0,210,"('lx', 'lx', 'lx')",ɾefluxas,ɾefulxas
90L_10NL,3,90L_10NL_3_1,0,210,"('lx', 'lx', 'lx')",ɾefluxas,ɾefulxas
90L_10NL,3,90L_10NL_3_1,0,210,"('lx', 'lx', 'lx')",ɾefluxas,ɾefulxas
90L_10NL,3,90L_10NL_3_1,0,210,"('lx', 'lx', 'lx')",ɾefluxas,ɾefulxas
90L_10NL,3,90L_10NL_3_1,0,210,"('lx', 'lx', 'lx')",ɾefluxas,ɾefulxas
90L_10NL,3,90L_10NL_3_1,0,210,"('lx', 'lx', 'lx')",ɾefluxas,ɾefulxas
90L_10NL,3,90L_10NL_3_1,0,210,"('lx', 'lx', 'lx')",ɾefluxas,ɾefulxas
90L_10NL,3,90L_10NL_3_1,0,210,"('lx', 'lx', 'lx')",ɾefluxas,ɾefulxas
90L_10NL,3,90L_10NL_3_1,0,210,"('lx', 'lx', 'lx')",ɾefluxa,ɾefulxas
90L_10NL,3,90L_10NL_3_1,0,210,"('lx', 'lx', 'lx')",ɾefluxa,ɾefulxas
90L_10NL,3,90L_10NL_3_1,0,210,"('lx', 'lx', 'lx')",ɾeflulxa,ɾefulxas
90L_10NL,3,90L_10NL_3_1,0,210,"('lx', 'lx', 'lx')",ɾeflulxa,ɾefulxas
90L_10NL,3,90L_10NL_3_1,0,140,"('lç', 'lç', 'lx')",ɾefluxa,ɾefulxa
90L_10NL,3,90L_10NL_3_1,0,140,"('lç', 'lç', 'lx')",ɾeflulxa,ɾefulxa
90L_10NL,3,90L_10NL_3_1,0,140,"('lç', 'lç', 'lx')",ɾefluxa,ɾefulxa
90L_10NL,3,90L_10NL_3_1,0,140,"('lç', 'lç', 'lx')",ɾefluxa,ɾefulxa
90L_10NL,3,90L_10NL_3_1,0,420,"('lç', 'lx', 'lx')",ɾefluxa,ɾefulxa
90L_10NL,3,90L_10NL_3_1,0,420,"('lç', 'lx', 'lx')",ɾeflulxa,ɾefulxa
90L_10NL,3,90L_10NL_3_1,0,420,"('lç', 'lx', 'lx')",ɾefluxa,ɾefulxa
90L_10NL,3,90L_10NL_3_1,0,420,"('lç', 'lx', 'lx')",ɾeflulxa,ɾefulxa
90L_10NL,3,90L_10NL_3_1,0,420,"('lç', 'lx', 'lx')",ɾeflulxa,ɾefulxa
90L_10NL,3,90L_10NL_3_1,0,420,"('lç', 'lx', 'lx')",ɾefluxa,ɾefulxa
90L_10NL,3,90L_10NL_3_1,0,140,"('lç', 'lç', 'lx')",ɾefluxa,ɾefulxa
90L_10NL,3,90L_10NL_3_1,0,140,"('lç', 'lç', 'lx')",ɾefluxa,ɾefulxa
90L_10NL,3,90L_10NL_3_1,0,140,"('lç', 'lç', 'lx')",ɾefluxa,ɾefulxa
90L_10NL,3,90L_10NL_3_1,0,420,"('lç', 'lx', 'lx')",ɾefluxa,ɾefulxa
90L_10NL,3,90L_10NL_3_1,0,420,"('lç', 'lx', 'lx')",ɾeflulxa,ɾefulxa
90L_10NL,3,90L_10NL_3_1,0,420,"('lç', 'lx', 'lx')",ɾeflulxa,ɾefulxa
90L_10NL,3,90L_10NL_3_1,0,420,"('lç', 'lx', 'lx')",ɾefluxa,ɾefulxa
90L_10NL,3,90L_10NL_3_1,0,420,"('lç', 'lx', 'lx')",ɾefluxa,ɾefulxa
90L_10NL,3,90L_10NL_3_1,0,420,"('lç', 'lx', 'lx')",ɾefluxa,ɾefulxa
90L_10NL,3,90L_10NL_3_1,0,140,"('lç', 'lç', 'lx')",ɾefluxa,ɾefulxa
90L_10NL,3,90L_10NL_3_1,0,140,"('lç', 'lç', 'lx')",ɾefluxa,ɾefulxa
90L_10NL,3,90L_10NL_3_1,0,420,"('lç', 'lx', 'lx')",ɾefluxa,ɾefulxa
90L_10NL,3,90L_10NL_3_1,0,420,"('lç', 'lx', 'lx')",ɾeflulxa,ɾefulxa
90L_10NL,3,90L_10NL_3_1,0,420,"('lç', 'lx', 'lx')",ɾefluxa,ɾefulxa
90L_10NL,3,90L_10NL_3_1,0,420,"('lç', 'lx', 'lx')",ɾefluxa,ɾefulxa
90L_10NL,3,90L_10NL_3_1,0,420,"('lç', 'lx', 'lx')",ɾefluxa,ɾefulxa
90L_10NL,3,90L_10NL_3_1,0,420,"('lç', 'lx', 'lx')",ɾefluxa,ɾefulxa
90L_10NL,3,90L_10NL_3_1,0,140,"('lç', 'lç', 'lx')",ɾefluxa,ɾefulxa
90L_10NL,3,90L_10NL_3_1,0,420,"('lç', 'lx', 'lx')",ɾefluxa,ɾefulxa
90L_10NL,3,90L_10NL_3_1,0,420,"('lç', 'lx', 'lx')",ɾefluxa,ɾefulxa
90L_10NL,3,90L_10NL_3_1,0,420,"('lç', 'lx', 'lx')",ɾefluxa,ɾefulxa
90L_10NL,3,90L_10NL_3_1,0,420,"('lç', 'lx', 'lx')",ɾefluxa,ɾefulxa
90L_10NL,3,90L_10NL_3_1,0,420,"('lç', 'lx', 'lx')",ɾefluxa,ɾefulxa
90L_10NL,3,90L_10NL_3_1,0,420,"('lç', 'lx', 'lx')",ɾefluxa,ɾefulxa
90L_10NL,3,90L_10NL_3_1,0,420,"('lç', 'lx', 'lx')",ɾefluxa,ɾefulxa
90L_10NL,3,90L_10NL_3_1,0,420,"('lç', 'lx', 'lx')",ɾefluxa,ɾefulxa
90L_10NL,3,90L_10NL_3_1,0,420,"('lç', 'lx', 'lx')",ɾefluxa,ɾefulxa
90L_10NL,3,90L_10NL_3_1,0,420,"('lç', 'lx', 'lx')",ɾefluxa,ɾefulxa
90L_10NL,3,90L_10NL_3_1,0,420,"('lç', 'lx', 'lx')",ɾefluxa,ɾefulxa
90L_10NL,3,90L_10NL_3_1,0,420,"('lç', 'lx', 'lx')",ɾefluxa,ɾefulxa
90L_10NL,3,90L_10NL_3_1,0,210,"('lx', 'lx', 'lx')",ɾefluxa,ɾefulxa
90L_10NL,3,90L_10NL_3_1,0,210,"('lx', 'lx', 'lx')",ɾefluxa,ɾefulxa
90L_10NL,3,90L_10NL_3_1,0,210,"('lx', 'lx', 'lx')",ɾefluxa,ɾefulxa
90L_10NL,3,90L_10NL_3_1,0,210,"('lx', 'lx', 'lx')",ɾefluxa,ɾefulxa
90L_10NL,3,90L_10NL_3_1,0,210,"('lx', 'lx', 'lx')",ɾefluxa,ɾefulxa
90L_10NL,3,90L_10NL_3_1,0,210,"('lx', 'lx', 'lx')",ɾefluxa,ɾefulxa
90L_10NL,3,90L_10NL_3_1,0,210,"('lx', 'lx', 'lx')",ɾefluxa,ɾefulxa
90L_10NL,3,90L_10NL_3_1,0,210,"('lx', 'lx', 'lx')",ɾefluxa,ɾefulxa
90L_10NL,3,90L_10NL_3_1,0,210,"('lx', 'lx', 'lx')",ɾefluxa,ɾefulxa
90L_10NL,3,90L_10NL_3_1,0,210,"('lx', 'lx', 'lx')",ɾefluxa,ɾefulxa
90L_10NL,3,90L_10NL_3_1,0,210,"('lx', 'lx', 'lx')",ɾefluxa,ɾefulxa
90L_10NL,3,90L_10NL_3_1,0,210,"('lx', 'lx', 'lx')",ɾefluxa,ɾefulxa
90L_10NL,3,90L_10NL_3_1,0,210,"('lx', 'lx', 'lx')",ɾefluxa,ɾefulxa
90L_10NL,3,90L_10NL_3_1,0,210,"('lx', 'lx', 'lx')",ɾeflulxa,ɾefulxa
90L_10NL,3,90L_10NL_3_1,0,210,"('lx', 'lx', 'lx')",ɾefluxa,ɾefulxa
90L_10NL,3,90L_10NL_3_1,0,140,"('lç', 'lç', 'lx')",ɾefluxa,ɾefulxa
90L_10NL,3,90L_10NL_3_1,0,140,"('lç', 'lç', 'lx')",ɾefluxa,ɾefulxa
90L_10NL,3,90L_10NL_3_1,0,140,"('lç', 'lç', 'lx')",ɾefluxa,ɾefulxa
90L_10NL,3,90L_10NL_3_1,0,140,"('lç', 'lç', 'lx')",ɾefluxa,ɾefulxa
90L_10NL,3,90L_10NL_3_1,0,420,"('lç', 'lx', 'lx')",ɾefluxa,ɾefulxa
90L_10NL,3,90L_10NL_3_1,0,420,"('lç', 'lx', 'lx')",ɾeflulxa,ɾefulxa
90L_10NL,3,90L_10NL_3_1,0,420,"('lç', 'lx', 'lx')",ɾefluxa,ɾefulxa
90L_10NL,3,90L_10NL_3_1,0,420,"('lç', 'lx', 'lx')",ɾeflulxa,ɾefulxa
90L_10NL,3,90L_10NL_3_1,0,420,"('lç', 'lx', 'lx')",ɾefluxa,ɾefulxa
90L_10NL,3,90L_10NL_3_1,0,420,"('lç', 'lx', 'lx')",ɾefluxa,ɾefulxa
90L_10NL,3,90L_10NL_3_1,0,140,"('lç', 'lç', 'lx')",ɾefluxa,ɾefulxa
90L_10NL,3,90L_10NL_3_1,0,140,"('lç', 'lç', 'lx')",ɾefluxa,ɾefulxa
90L_10NL,3,90L_10NL_3_1,0,140,"('lç', 'lç', 'lx')",ɾefluxa,ɾefulxa
90L_10NL,3,90L_10NL_3_1,0,420,"('lç', 'lx', 'lx')",ɾefluxa,ɾefulxa
90L_10NL,3,90L_10NL_3_1,0,420,"('lç', 'lx', 'lx')",ɾeflulxa,ɾefulxa
90L_10NL,3,90L_10NL_3_1,0,420,"('lç', 'lx', 'lx')",ɾefluxa,ɾefulxa
90L_10NL,3,90L_10NL_3_1,0,420,"('lç', 'lx', 'lx')",ɾefluxa,ɾefulxa
90L_10NL,3,90L_10NL_3_1,0,420,"('lç', 'lx', 'lx')",ɾefluxa,ɾefulxa
90L_10NL,3,90L_10NL_3_1,0,420,"('lç', 'lx', 'lx')",ɾefluxa,ɾefulxa
90L_10NL,3,90L_10NL_3_1,0,140,"('lç', 'lç', 'lx')",ɾefluxa,ɾefulxa
90L_10NL,3,90L_10NL_3_1,0,140,"('lç', 'lç', 'lx')",ɾefluxa,ɾefulxa
90L_10NL,3,90L_10NL_3_1,0,420,"('lç', 'lx', 'lx')",ɾefluxa,ɾefulxa
90L_10NL,3,90L_10NL_3_1,0,420,"('lç', 'lx', 'lx')",ɾeflulxa,ɾefulxa
90L_10NL,3,90L_10NL_3_1,0,420,"('lç', 'lx', 'lx')",ɾefluxa,ɾefulxa
90L_10NL,3,90L_10NL_3_1,0,420,"('lç', 'lx', 'lx')",ɾefluxa,ɾefulxa
90L_10NL,3,90L_10NL_3_1,0,420,"('lç', 'lx', 'lx')",ɾefluxa,ɾefulxa
90L_10NL,3,90L_10NL_3_1,0,420,"('lç', 'lx', 'lx')",ɾefluxa,ɾefulxa
90L_10NL,3,90L_10NL_3_1,0,140,"('lç', 'lç', 'lx')",ɾefluxa,ɾefulxa
90L_10NL,3,90L_10NL_3_1,0,420,"('lç', 'lx', 'lx')",ɾefluxa,ɾefulxa
90L_10NL,3,90L_10NL_3_1,0,420,"('lç', 'lx', 'lx')",ɾefluxa,ɾefulxa
90L_10NL,3,90L_10NL_3_1,0,420,"('lç', 'lx', 'lx')",ɾefluxa,ɾefulxa
90L_10NL,3,90L_10NL_3_1,0,420,"('lç', 'lx', 'lx')",ɾefluxa,ɾefulxa
90L_10NL,3,90L_10NL_3_1,0,420,"('lç', 'lx', 'lx')",ɾefluxa,ɾefulxa
90L_10NL,3,90L_10NL_3_1,0,420,"('lç', 'lx', 'lx')",ɾefluxa,ɾefulxa
90L_10NL,3,90L_10NL_3_1,0,420,"('lç', 'lx', 'lx')",ɾefluxa,ɾefulxa
90L_10NL,3,90L_10NL_3_1,0,420,"('lç', 'lx', 'lx')",ɾefluxa,ɾefulxa
90L_10NL,3,90L_10NL_3_1,0,420,"('lç', 'lx', 'lx')",ɾefluxa,ɾefulxa
90L_10NL,3,90L_10NL_3_1,0,420,"('lç', 'lx', 'lx')",ɾefluxa,ɾefulxa
90L_10NL,3,90L_10NL_3_1,0,420,"('lç', 'lx', 'lx')",ɾefluxa,ɾefulxa
90L_10NL,3,90L_10NL_3_1,0,420,"('lç', 'lx', 'lx')",ɾefluxa,ɾefulxa
90L_10NL,3,90L_10NL_3_1,0,210,"('lx', 'lx', 'lx')",ɾefluxa,ɾefulxa
90L_10NL,3,90L_10NL_3_1,0,210,"('lx', 'lx', 'lx')",ɾefluxa,ɾefulxa
90L_10NL,3,90L_10NL_3_1,0,210,"('lx', 'lx', 'lx')",ɾefluxa,ɾefulxa
90L_10NL,3,90L_10NL_3_1,0,210,"('lx', 'lx', 'lx')",ɾefluxa,ɾefulxa
90L_10NL,3,90L_10NL_3_1,0,210,"('lx', 'lx', 'lx')",ɾefluxa,ɾefulxa
90L_10NL,3,90L_10NL_3_1,0,210,"('lx', 'lx', 'lx')",ɾefluxa,ɾefulxa
90L_10NL,3,90L_10NL_3_1,0,210,"('lx', 'lx', 'lx')",ɾefluxa,ɾefulxa
90L_10NL,3,90L_10NL_3_1,0,210,"('lx', 'lx', 'lx')",ɾefluxa,ɾefulxa
90L_10NL,3,90L_10NL_3_1,0,210,"('lx', 'lx', 'lx')",ɾefluxa,ɾefulxa
90L_10NL,3,90L_10NL_3_1,0,210,"('lx', 'lx', 'lx')",ɾefluxa,ɾefulxa
90L_10NL,3,90L_10NL_3_1,0,210,"('lx', 'lx', 'lx')",ɾefluxa,ɾefulxa
90L_10NL,3,90L_10NL_3_1,0,210,"('lx', 'lx', 'lx')",ɾefluxo,ɾefulxa
90L_10NL,3,90L_10NL_3_1,0,210,"('lx', 'lx', 'lx')",ɾefluxo,ɾefulxa
90L_10NL,3,90L_10NL_3_1,0,210,"('lx', 'lx', 'lx')",ɾeflulxo,ɾefulxa
90L_10NL,3,90L_10NL_3_1,0,210,"('lx', 'lx', 'lx')",ɾeflulxo,ɾefulxa
90L_10NL,3,90L_10NL_3_1,0,140,"('lç', 'lç', 'lx')",ɾefluxo,ɾefulxo
90L_10NL,3,90L_10NL_3_1,0,140,"('lç', 'lç', 'lx')",ɾefluxo,ɾefulxo
90L_10NL,3,90L_10NL_3_1,0,140,"('lç', 'lç', 'lx')",ɾefluxo,ɾefulxo
90L_10NL,3,90L_10NL_3_1,0,140,"('lç', 'lç', 'lx')",ɾefluxo,ɾefulxo
90L_10NL,3,90L_10NL_3_1,0,420,"('lç', 'lx', 'lx')",ɾefluxo,ɾefulxo
90L_10NL,3,90L_10NL_3_1,0,420,"('lç', 'lx', 'lx')",ɾefluxo,ɾefulxo
90L_10NL,3,90L_10NL_3_1,0,420,"('lç', 'lx', 'lx')",ɾefluxo,ɾefulxo
90L_10NL,3,90L_10NL_3_1,0,420,"('lç', 'lx', 'lx')",ɾeflulxo,ɾefulxo
90L_10NL,3,90L_10NL_3_1,0,420,"('lç', 'lx', 'lx')",ɾeflulxo,ɾefulxo
90L_10NL,3,90L_10NL_3_1,0,420,"('lç', 'lx', 'lx')",ɾefluxo,ɾefulxo
90L_10NL,3,90L_10NL_3_1,0,140,"('lç', 'lç', 'lx')",ɾefluxo,ɾefulxo
90L_10NL,3,90L_10NL_3_1,0,140,"('lç', 'lç', 'lx')",ɾefluxo,ɾefulxo
90L_10NL,3,90L_10NL_3_1,0,140,"('lç', 'lç', 'lx')",ɾefluxo,ɾefulxo
90L_10NL,3,90L_10NL_3_1,0,420,"('lç', 'lx', 'lx')",ɾefluxo,ɾefulxo
90L_10NL,3,90L_10NL_3_1,0,420,"('lç', 'lx', 'lx')",ɾefluxo,ɾefulxo
90L_10NL,3,90L_10NL_3_1,0,420,"('lç', 'lx', 'lx')",ɾeflulxo,ɾefulxo
90L_10NL,3,90L_10NL_3_1,0,420,"('lç', 'lx', 'lx')",ɾefluxo,ɾefulxo
90L_10NL,3,90L_10NL_3_1,0,420,"('lç', 'lx', 'lx')",ɾefluxo,ɾefulxo
90L_10NL,3,90L_10NL_3_1,0,420,"('lç', 'lx', 'lx')",ɾefluxo,ɾefulxo
90L_10NL,3,90L_10NL_3_1,0,140,"('lç', 'lç', 'lx')",ɾefluxo,ɾefulxo
90L_10NL,3,90L_10NL_3_1,0,140,"('lç', 'lç', 'lx')",ɾefluxo,ɾefulxo
90L_10NL,3,90L_10NL_3_1,0,420,"('lç', 'lx', 'lx')",ɾefluxo,ɾefulxo
90L_10NL,3,90L_10NL_3_1,0,420,"('lç', 'lx', 'lx')",ɾefluxo,ɾefulxo
90L_10NL,3,90L_10NL_3_1,0,420,"('lç', 'lx', 'lx')",ɾefluxo,ɾefulxo
90L_10NL,3,90L_10NL_3_1,0,420,"('lç', 'lx', 'lx')",ɾefluxo,ɾefulxo
90L_10NL,3,90L_10NL_3_1,0,420,"('lç', 'lx', 'lx')",ɾefluxo,ɾefulxo
90L_10NL,3,90L_10NL_3_1,0,420,"('lç', 'lx', 'lx')",ɾefluxo,ɾefulxo
90L_10NL,3,90L_10NL_3_1,0,140,"('lç', 'lç', 'lx')",ɾefluxo,ɾefulxo
90L_10NL,3,90L_10NL_3_1,0,420,"('lç', 'lx', 'lx')",ɾefluxo,ɾefulxo
90L_10NL,3,90L_10NL_3_1,0,420,"('lç', 'lx', 'lx')",ɾefluxo,ɾefulxo
90L_10NL,3,90L_10NL_3_1,0,420,"('lç', 'lx', 'lx')",ɾefluxo,ɾefulxo
90L_10NL,3,90L_10NL_3_1,0,420,"('lç', 'lx', 'lx')",ɾefluxo,ɾefulxo
90L_10NL,3,90L_10NL_3_1,0,420,"('lç', 'lx', 'lx')",ɾefluxo,ɾefulxo
90L_10NL,3,90L_10NL_3_1,0,420,"('lç', 'lx', 'lx')",ɾefluxo,ɾefulxo
90L_10NL,3,90L_10NL_3_1,0,420,"('lç', 'lx', 'lx')",ɾefluxo,ɾefulxo
90L_10NL,3,90L_10NL_3_1,0,420,"('lç', 'lx', 'lx')",ɾefluxo,ɾefulxo
90L_10NL,3,90L_10NL_3_1,0,420,"('lç', 'lx', 'lx')",ɾefluxo,ɾefulxo
90L_10NL,3,90L_10NL_3_1,0,420,"('lç', 'lx', 'lx')",ɾefluxo,ɾefulxo
90L_10NL,3,90L_10NL_3_1,0,420,"('lç', 'lx', 'lx')",ɾefluxo,ɾefulxo
90L_10NL,3,90L_10NL_3_1,0,420,"('lç', 'lx', 'lx')",ɾefluxo,ɾefulxo
90L_10NL,3,90L_10NL_3_1,0,210,"('lx', 'lx', 'lx')",ɾefluxo,ɾefulxo
90L_10NL,3,90L_10NL_3_1,0,210,"('lx', 'lx', 'lx')",ɾefluxo,ɾefulxo
90L_10NL,3,90L_10NL_3_1,0,210,"('lx', 'lx', 'lx')",ɾefluxo,ɾefulxo
90L_10NL,3,90L_10NL_3_1,0,210,"('lx', 'lx', 'lx')",ɾefluxo,ɾefulxo
90L_10NL,3,90L_10NL_3_1,0,210,"('lx', 'lx', 'lx')",ɾefluxo,ɾefulxo
90L_10NL,3,90L_10NL_3_1,0,210,"('lx', 'lx', 'lx')",ɾefluxo,ɾefulxo
90L_10NL,3,90L_10NL_3_1,0,210,"('lx', 'lx', 'lx')",ɾefluxo,ɾefulxo
90L_10NL,3,90L_10NL_3_1,0,210,"('lx', 'lx', 'lx')",ɾefluxo,ɾefulxo
90L_10NL,3,90L_10NL_3_1,0,210,"('lx', 'lx', 'lx')",ɾefluxo,ɾefulxo
90L_10NL,3,90L_10NL_3_1,0,210,"('lx', 'lx', 'lx')",ɾefluxo,ɾefulxo
90L_10NL,3,90L_10NL_3_1,0,210,"('lx', 'lx', 'lx')",ɾefluxo,ɾefulxo
90L_10NL,3,90L_10NL_3_1,0,210,"('lx', 'lx', 'lx')",ɾekɾudesejs,ɾefulxo
90L_10NL,3,90L_10NL_3_1,0,210,"('lx', 'lx', 'lx')",ɾekɾudesejs,ɾefulxo
90L_10NL,3,90L_10NL_3_1,0,210,"('lx', 'lx', 'lx')",ɾekɾudesejs,ɾefulxo
90L_10NL,3,90L_10NL_3_1,0,210,"('lx', 'lx', 'lx')",ɾekɾudesejs,ɾefulxo
90L_10NL,3,90L_10NL_3_1,1,1085,"('s', 's', 's')",ɾekɾudesejs,ɾekɾudesejs
90L_10NL,3,90L_10NL_3_1,1,1085,"('s', 's', 's')",ɾekɾudesejs,ɾekɾudesejs
90L_10NL,3,90L_10NL_3_1,1,1085,"('s', 's', 's')",ɾekɾudesejs,ɾekɾudesejs
90L_10NL,3,90L_10NL_3_1,1,3500,"('s', 'sk', 's')",ɾekɾudesejs,ɾekɾudesejs
90L_10NL,3,90L_10NL_3_1,1,3500,"('s', 'sk', 's')",ɾekɾudesejs,ɾekɾudesejs
90L_10NL,3,90L_10NL_3_1,1,3500,"('s', 'sk', 's')",ɾekɾudesejs,ɾekɾudesejs
90L_10NL,3,90L_10NL_3_1,1,3500,"('s', 'sk', 's')",ɾekɾudesejs,ɾekɾudesejs
90L_10NL,3,90L_10NL_3_1,1,3500,"('s', 'sk', 's')",ɾekɾudesejs,ɾekɾudesejs
90L_10NL,3,90L_10NL_3_1,1,3500,"('s', 'sk', 's')",ɾekɾudesejs,ɾekɾudesejs
90L_10NL,3,90L_10NL_3_1,1,3500,"('s', 'sk', 's')",ɾekɾudesejs,ɾekɾudesejs
90L_10NL,3,90L_10NL_3_1,1,1085,"('s', 's', 's')",ɾekɾudesejs,ɾekɾudesejs
90L_10NL,3,90L_10NL_3_1,1,1085,"('s', 's', 's')",ɾekɾudesejs,ɾekɾudesejs
90L_10NL,3,90L_10NL_3_1,1,3500,"('s', 'sk', 's')",ɾekɾudesejs,ɾekɾudesejs
90L_10NL,3,90L_10NL_3_1,1,3500,"('s', 'sk', 's')",ɾekɾudesejs,ɾekɾudesejs
90L_10NL,3,90L_10NL_3_1,1,3500,"('s', 'sk', 's')",ɾekɾudesejs,ɾekɾudesejs
90L_10NL,3,90L_10NL_3_1,1,3500,"('s', 'sk', 's')",ɾekɾudesejs,ɾekɾudesejs
90L_10NL,3,90L_10NL_3_1,1,3500,"('s', 'sk', 's')",ɾekɾudesejs,ɾekɾudesejs
90L_10NL,3,90L_10NL_3_1,1,3500,"('s', 'sk', 's')",ɾekɾudesejs,ɾekɾudesejs
90L_10NL,3,90L_10NL_3_1,1,3500,"('s', 'sk', 's')",ɾekɾudesejs,ɾekɾudesejs
90L_10NL,3,90L_10NL_3_1,1,1085,"('s', 's', 's')",ɾekɾudesejs,ɾekɾudesejs
90L_10NL,3,90L_10NL_3_1,1,3500,"('s', 'sk', 's')",ɾekɾudesejs,ɾekɾudesejs
90L_10NL,3,90L_10NL_3_1,1,3500,"('s', 'sk', 's')",ɾekɾudesejs,ɾekɾudesejs
90L_10NL,3,90L_10NL_3_1,1,3500,"('s', 'sk', 's')",ɾekɾudesejs,ɾekɾudesejs
90L_10NL,3,90L_10NL_3_1,1,3500,"('s', 'sk', 's')",ɾekɾudesejs,ɾekɾudesejs
90L_10NL,3,90L_10NL_3_1,1,3500,"('s', 'sk', 's')",ɾekɾudesejs,ɾekɾudesejs
90L_10NL,3,90L_10NL_3_1,1,3500,"('s', 'sk', 's')",ɾekɾudesejs,ɾekɾudesejs
90L_10NL,3,90L_10NL_3_1,1,3500,"('s', 'sk', 's')",ɾekɾudesejs,ɾekɾudesejs
90L_10NL,3,90L_10NL_3_1,1,3500,"('s', 'sk', 's')",ɾekɾudesejs,ɾekɾudesejs
90L_10NL,3,90L_10NL_3_1,1,3500,"('s', 'sk', 's')",ɾekɾudesejs,ɾekɾudesejs
90L_10NL,3,90L_10NL_3_1,1,3500,"('s', 'sk', 's')",ɾekɾudesejs,ɾekɾudesejs
90L_10NL,3,90L_10NL_3_1,1,3500,"('s', 'sk', 's')",ɾekɾudesejs,ɾekɾudesejs
90L_10NL,3,90L_10NL_3_1,1,3500,"('s', 'sk', 's')",ɾekɾudesejs,ɾekɾudesejs
90L_10NL,3,90L_10NL_3_1,1,3500,"('s', 'sk', 's')",ɾekɾudesejs,ɾekɾudesejs
90L_10NL,3,90L_10NL_3_1,1,3500,"('s', 'sk', 's')",ɾekɾudesejs,ɾekɾudesejs
90L_10NL,3,90L_10NL_3_1,1,2625,"('sk', 'sk', 's')",ɾekɾudesejs,ɾekɾudesejs
90L_10NL,3,90L_10NL_3_1,1,2625,"('sk', 'sk', 's')",ɾekɾudesejs,ɾekɾudesejs
90L_10NL,3,90L_10NL_3_1,1,2625,"('sk', 'sk', 's')",ɾekɾudesejs,ɾekɾudesejs
90L_10NL,3,90L_10NL_3_1,1,2625,"('sk', 'sk', 's')",ɾekɾudesejs,ɾekɾudesejs
90L_10NL,3,90L_10NL_3_1,1,2625,"('sk', 'sk', 's')",ɾekɾudesejs,ɾekɾudesejs
90L_10NL,3,90L_10NL_3_1,1,2625,"('sk', 'sk', 's')",ɾekɾudesejs,ɾekɾudesejs
90L_10NL,3,90L_10NL_3_1,1,2625,"('sk', 'sk', 's')",ɾekɾudesejs,ɾekɾudesejs
90L_10NL,3,90L_10NL_3_1,1,2625,"('sk', 'sk', 's')",ɾekɾudesejs,ɾekɾudesejs
90L_10NL,3,90L_10NL_3_1,1,2625,"('sk', 'sk', 's')",ɾekɾudesejs,ɾekɾudesejs
90L_10NL,3,90L_10NL_3_1,1,2625,"('sk', 'sk', 's')",ɾekɾudesejs,ɾekɾudesejs
90L_10NL,3,90L_10NL_3_1,1,2625,"('sk', 'sk', 's')",ɾekɾudesejs,ɾekɾudesejs
90L_10NL,3,90L_10NL_3_1,1,2625,"('sk', 'sk', 's')",ɾekɾudesejs,ɾekɾudesejs
90L_10NL,3,90L_10NL_3_1,1,2625,"('sk', 'sk', 's')",ɾekɾudesejs,ɾekɾudesejs
90L_10NL,3,90L_10NL_3_1,1,2625,"('sk', 'sk', 's')",ɾekɾudesejs,ɾekɾudesejs
90L_10NL,3,90L_10NL_3_1,1,2625,"('sk', 'sk', 's')",ɾekɾudesejs,ɾekɾudesejs
90L_10NL,3,90L_10NL_3_1,1,2625,"('sk', 'sk', 's')",ɾekɾudesejs,ɾekɾudesejs
90L_10NL,3,90L_10NL_3_1,1,2625,"('sk', 'sk', 's')",ɾekɾudesejs,ɾekɾudesejs
90L_10NL,3,90L_10NL_3_1,0,2625,"('sk', 'sk', 's')",ɾekɾudesemos,ɾekɾudesejs
90L_10NL,3,90L_10NL_3_1,0,2625,"('sk', 'sk', 's')",ɾekɾudesemos,ɾekɾudesejs
90L_10NL,3,90L_10NL_3_1,0,2625,"('sk', 'sk', 's')",ɾekɾudesemos,ɾekɾudesejs
90L_10NL,3,90L_10NL_3_1,0,2625,"('sk', 'sk', 's')",ɾekɾudesemos,ɾekɾudesejs
90L_10NL,3,90L_10NL_3_1,1,1085,"('s', 's', 's')",ɾekɾudesemos,ɾekɾudesemos
90L_10NL,3,90L_10NL_3_1,1,1085,"('s', 's', 's')",ɾekɾudesemos,ɾekɾudesemos
90L_10NL,3,90L_10NL_3_1,1,1085,"('s', 's', 's')",ɾekɾudesemos,ɾekɾudesemos
90L_10NL,3,90L_10NL_3_1,1,3500,"('s', 'sk', 's')",ɾekɾudesemos,ɾekɾudesemos
90L_10NL,3,90L_10NL_3_1,1,3500,"('s', 'sk', 's')",ɾekɾudesemos,ɾekɾudesemos
90L_10NL,3,90L_10NL_3_1,1,3500,"('s', 'sk', 's')",ɾekɾudesemos,ɾekɾudesemos
90L_10NL,3,90L_10NL_3_1,1,3500,"('s', 'sk', 's')",ɾekɾudesemos,ɾekɾudesemos
90L_10NL,3,90L_10NL_3_1,1,3500,"('s', 'sk', 's')",ɾekɾudesemos,ɾekɾudesemos
90L_10NL,3,90L_10NL_3_1,1,3500,"('s', 'sk', 's')",ɾekɾudesemos,ɾekɾudesemos
90L_10NL,3,90L_10NL_3_1,1,3500,"('s', 'sk', 's')",ɾekɾudesemos,ɾekɾudesemos
90L_10NL,3,90L_10NL_3_1,1,1085,"('s', 's', 's')",ɾekɾudesemos,ɾekɾudesemos
90L_10NL,3,90L_10NL_3_1,1,1085,"('s', 's', 's')",ɾekɾudesemos,ɾekɾudesemos
90L_10NL,3,90L_10NL_3_1,1,3500,"('s', 'sk', 's')",ɾekɾudesemos,ɾekɾudesemos
90L_10NL,3,90L_10NL_3_1,1,3500,"('s', 'sk', 's')",ɾekɾudesemos,ɾekɾudesemos
90L_10NL,3,90L_10NL_3_1,1,3500,"('s', 'sk', 's')",ɾekɾudesemos,ɾekɾudesemos
90L_10NL,3,90L_10NL_3_1,1,3500,"('s', 'sk', 's')",ɾekɾudesemos,ɾekɾudesemos
90L_10NL,3,90L_10NL_3_1,1,3500,"('s', 'sk', 's')",ɾekɾudesemos,ɾekɾudesemos
90L_10NL,3,90L_10NL_3_1,1,3500,"('s', 'sk', 's')",ɾekɾudesemos,ɾekɾudesemos
90L_10NL,3,90L_10NL_3_1,1,3500,"('s', 'sk', 's')",ɾekɾudesemos,ɾekɾudesemos
90L_10NL,3,90L_10NL_3_1,1,1085,"('s', 's', 's')",ɾekɾudesemos,ɾekɾudesemos
90L_10NL,3,90L_10NL_3_1,1,3500,"('s', 'sk', 's')",ɾekɾudesemos,ɾekɾudesemos
90L_10NL,3,90L_10NL_3_1,1,3500,"('s', 'sk', 's')",ɾekɾudesemos,ɾekɾudesemos
90L_10NL,3,90L_10NL_3_1,1,3500,"('s', 'sk', 's')",ɾekɾudesemos,ɾekɾudesemos
90L_10NL,3,90L_10NL_3_1,1,3500,"('s', 'sk', 's')",ɾekɾudesemos,ɾekɾudesemos
90L_10NL,3,90L_10NL_3_1,1,3500,"('s', 'sk', 's')",ɾekɾudesemos,ɾekɾudesemos
90L_10NL,3,90L_10NL_3_1,1,3500,"('s', 'sk', 's')",ɾekɾudesemos,ɾekɾudesemos
90L_10NL,3,90L_10NL_3_1,1,3500,"('s', 'sk', 's')",ɾekɾudesemos,ɾekɾudesemos
90L_10NL,3,90L_10NL_3_1,1,3500,"('s', 'sk', 's')",ɾekɾudesemos,ɾekɾudesemos
90L_10NL,3,90L_10NL_3_1,1,3500,"('s', 'sk', 's')",ɾekɾudesemos,ɾekɾudesemos
90L_10NL,3,90L_10NL_3_1,1,3500,"('s', 'sk', 's')",ɾekɾudesemos,ɾekɾudesemos
90L_10NL,3,90L_10NL_3_1,1,3500,"('s', 'sk', 's')",ɾekɾudesemos,ɾekɾudesemos
90L_10NL,3,90L_10NL_3_1,1,3500,"('s', 'sk', 's')",ɾekɾudesemos,ɾekɾudesemos
90L_10NL,3,90L_10NL_3_1,1,3500,"('s', 'sk', 's')",ɾekɾudesemos,ɾekɾudesemos
90L_10NL,3,90L_10NL_3_1,1,3500,"('s', 'sk', 's')",ɾekɾudesemos,ɾekɾudesemos
90L_10NL,3,90L_10NL_3_1,1,2625,"('sk', 'sk', 's')",ɾekɾudesemos,ɾekɾudesemos
90L_10NL,3,90L_10NL_3_1,1,2625,"('sk', 'sk', 's')",ɾekɾudesemos,ɾekɾudesemos
90L_10NL,3,90L_10NL_3_1,1,2625,"('sk', 'sk', 's')",ɾekɾudesemos,ɾekɾudesemos
90L_10NL,3,90L_10NL_3_1,1,2625,"('sk', 'sk', 's')",ɾekɾudesemos,ɾekɾudesemos
90L_10NL,3,90L_10NL_3_1,1,2625,"('sk', 'sk', 's')",ɾekɾudesemos,ɾekɾudesemos
90L_10NL,3,90L_10NL_3_1,1,2625,"('sk', 'sk', 's')",ɾekɾudesemos,ɾekɾudesemos
90L_10NL,3,90L_10NL_3_1,1,2625,"('sk', 'sk', 's')",ɾekɾudesemos,ɾekɾudesemos
90L_10NL,3,90L_10NL_3_1,1,2625,"('sk', 'sk', 's')",ɾekɾudesemos,ɾekɾudesemos
90L_10NL,3,90L_10NL_3_1,1,2625,"('sk', 'sk', 's')",ɾekɾudesemos,ɾekɾudesemos
90L_10NL,3,90L_10NL_3_1,1,2625,"('sk', 'sk', 's')",ɾekɾudesemos,ɾekɾudesemos
90L_10NL,3,90L_10NL_3_1,1,2625,"('sk', 'sk', 's')",ɾekɾudesemos,ɾekɾudesemos
90L_10NL,3,90L_10NL_3_1,1,2625,"('sk', 'sk', 's')",ɾekɾudesemos,ɾekɾudesemos
90L_10NL,3,90L_10NL_3_1,1,2625,"('sk', 'sk', 's')",ɾekɾudesemos,ɾekɾudesemos
90L_10NL,3,90L_10NL_3_1,1,2625,"('sk', 'sk', 's')",ɾekɾudesemos,ɾekɾudesemos
90L_10NL,3,90L_10NL_3_1,1,2625,"('sk', 'sk', 's')",ɾekɾudesemos,ɾekɾudesemos
90L_10NL,3,90L_10NL_3_1,1,2625,"('sk', 'sk', 's')",ɾekɾudesemos,ɾekɾudesemos
90L_10NL,3,90L_10NL_3_1,1,2625,"('sk', 'sk', 's')",ɾekɾudesemos,ɾekɾudesemos
90L_10NL,3,90L_10NL_3_1,0,2625,"('sk', 'sk', 's')",ɾekɾudesen,ɾekɾudesemos
90L_10NL,3,90L_10NL_3_1,0,2625,"('sk', 'sk', 's')",ɾekɾudesen,ɾekɾudesemos
90L_10NL,3,90L_10NL_3_1,0,2625,"('sk', 'sk', 's')",ɾekɾudesen,ɾekɾudesemos
90L_10NL,3,90L_10NL_3_1,0,2625,"('sk', 'sk', 's')",ɾekɾudesen,ɾekɾudesemos
90L_10NL,3,90L_10NL_3_1,1,1085,"('s', 's', 's')",ɾekɾudesen,ɾekɾudesen
90L_10NL,3,90L_10NL_3_1,1,1085,"('s', 's', 's')",ɾekɾudesen,ɾekɾudesen
90L_10NL,3,90L_10NL_3_1,1,1085,"('s', 's', 's')",ɾekɾudesen,ɾekɾudesen
90L_10NL,3,90L_10NL_3_1,1,3500,"('s', 'sk', 's')",ɾekɾudesen,ɾekɾudesen
90L_10NL,3,90L_10NL_3_1,1,3500,"('s', 'sk', 's')",ɾekɾudesen,ɾekɾudesen
90L_10NL,3,90L_10NL_3_1,1,3500,"('s', 'sk', 's')",ɾekɾudesen,ɾekɾudesen
90L_10NL,3,90L_10NL_3_1,1,3500,"('s', 'sk', 's')",ɾekɾudesen,ɾekɾudesen
90L_10NL,3,90L_10NL_3_1,1,3500,"('s', 'sk', 's')",ɾekɾudesen,ɾekɾudesen
90L_10NL,3,90L_10NL_3_1,1,3500,"('s', 'sk', 's')",ɾekɾudesen,ɾekɾudesen
90L_10NL,3,90L_10NL_3_1,1,3500,"('s', 'sk', 's')",ɾekɾudesen,ɾekɾudesen
90L_10NL,3,90L_10NL_3_1,1,1085,"('s', 's', 's')",ɾekɾudesen,ɾekɾudesen
90L_10NL,3,90L_10NL_3_1,1,1085,"('s', 's', 's')",ɾekɾudesen,ɾekɾudesen
90L_10NL,3,90L_10NL_3_1,1,3500,"('s', 'sk', 's')",ɾekɾudesen,ɾekɾudesen
90L_10NL,3,90L_10NL_3_1,1,3500,"('s', 'sk', 's')",ɾekɾudesen,ɾekɾudesen
90L_10NL,3,90L_10NL_3_1,1,3500,"('s', 'sk', 's')",ɾekɾudesen,ɾekɾudesen
90L_10NL,3,90L_10NL_3_1,1,3500,"('s', 'sk', 's')",ɾekɾudesen,ɾekɾudesen
90L_10NL,3,90L_10NL_3_1,1,3500,"('s', 'sk', 's')",ɾekɾudesen,ɾekɾudesen
90L_10NL,3,90L_10NL_3_1,1,3500,"('s', 'sk', 's')",ɾekɾudesen,ɾekɾudesen
90L_10NL,3,90L_10NL_3_1,1,3500,"('s', 'sk', 's')",ɾekɾudesen,ɾekɾudesen
90L_10NL,3,90L_10NL_3_1,1,1085,"('s', 's', 's')",ɾekɾudesen,ɾekɾudesen
90L_10NL,3,90L_10NL_3_1,1,3500,"('s', 'sk', 's')",ɾekɾudesen,ɾekɾudesen
90L_10NL,3,90L_10NL_3_1,1,3500,"('s', 'sk', 's')",ɾekɾudesen,ɾekɾudesen
90L_10NL,3,90L_10NL_3_1,1,3500,"('s', 'sk', 's')",ɾekɾudesen,ɾekɾudesen
90L_10NL,3,90L_10NL_3_1,1,3500,"('s', 'sk', 's')",ɾekɾudesen,ɾekɾudesen
90L_10NL,3,90L_10NL_3_1,1,3500,"('s', 'sk', 's')",ɾekɾudesen,ɾekɾudesen
90L_10NL,3,90L_10NL_3_1,1,3500,"('s', 'sk', 's')",ɾekɾudesen,ɾekɾudesen
90L_10NL,3,90L_10NL_3_1,1,3500,"('s', 'sk', 's')",ɾekɾudesen,ɾekɾudesen
90L_10NL,3,90L_10NL_3_1,1,3500,"('s', 'sk', 's')",ɾekɾudesen,ɾekɾudesen
90L_10NL,3,90L_10NL_3_1,1,3500,"('s', 'sk', 's')",ɾekɾudesen,ɾekɾudesen
90L_10NL,3,90L_10NL_3_1,1,3500,"('s', 'sk', 's')",ɾekɾudesen,ɾekɾudesen
90L_10NL,3,90L_10NL_3_1,1,3500,"('s', 'sk', 's')",ɾekɾudesen,ɾekɾudesen
90L_10NL,3,90L_10NL_3_1,1,3500,"('s', 'sk', 's')",ɾekɾudesen,ɾekɾudesen
90L_10NL,3,90L_10NL_3_1,1,3500,"('s', 'sk', 's')",ɾekɾudesen,ɾekɾudesen
90L_10NL,3,90L_10NL_3_1,1,3500,"('s', 'sk', 's')",ɾekɾudesen,ɾekɾudesen
90L_10NL,3,90L_10NL_3_1,1,2625,"('sk', 'sk', 's')",ɾekɾudesen,ɾekɾudesen
90L_10NL,3,90L_10NL_3_1,1,2625,"('sk', 'sk', 's')",ɾekɾudesen,ɾekɾudesen
90L_10NL,3,90L_10NL_3_1,1,2625,"('sk', 'sk', 's')",ɾekɾudesen,ɾekɾudesen
90L_10NL,3,90L_10NL_3_1,1,2625,"('sk', 'sk', 's')",ɾekɾudesen,ɾekɾudesen
90L_10NL,3,90L_10NL_3_1,1,2625,"('sk', 'sk', 's')",ɾekɾudesen,ɾekɾudesen
90L_10NL,3,90L_10NL_3_1,1,2625,"('sk', 'sk', 's')",ɾekɾudesen,ɾekɾudesen
90L_10NL,3,90L_10NL_3_1,1,2625,"('sk', 'sk', 's')",ɾekɾudesen,ɾekɾudesen
90L_10NL,3,90L_10NL_3_1,1,2625,"('sk', 'sk', 's')",ɾekɾudesen,ɾekɾudesen
90L_10NL,3,90L_10NL_3_1,1,2625,"('sk', 'sk', 's')",ɾekɾudesen,ɾekɾudesen
90L_10NL,3,90L_10NL_3_1,1,2625,"('sk', 'sk', 's')",ɾekɾudesen,ɾekɾudesen
90L_10NL,3,90L_10NL_3_1,1,2625,"('sk', 'sk', 's')",ɾekɾudesen,ɾekɾudesen
90L_10NL,3,90L_10NL_3_1,1,2625,"('sk', 'sk', 's')",ɾekɾudesen,ɾekɾudesen
90L_10NL,3,90L_10NL_3_1,1,2625,"('sk', 'sk', 's')",ɾekɾudesen,ɾekɾudesen
90L_10NL,3,90L_10NL_3_1,1,2625,"('sk', 'sk', 's')",ɾekɾudesen,ɾekɾudesen
90L_10NL,3,90L_10NL_3_1,1,2625,"('sk', 'sk', 's')",ɾekɾudesen,ɾekɾudesen
90L_10NL,3,90L_10NL_3_1,1,2625,"('sk', 'sk', 's')",ɾekɾudesen,ɾekɾudesen
90L_10NL,3,90L_10NL_3_1,1,2625,"('sk', 'sk', 's')",ɾekɾudesen,ɾekɾudesen
90L_10NL,3,90L_10NL_3_1,0,2625,"('sk', 'sk', 's')",ɾekɾudeses,ɾekɾudesen
90L_10NL,3,90L_10NL_3_1,0,2625,"('sk', 'sk', 's')",ɾekɾudeses,ɾekɾudesen
90L_10NL,3,90L_10NL_3_1,0,2625,"('sk', 'sk', 's')",ɾekɾudeses,ɾekɾudesen
90L_10NL,3,90L_10NL_3_1,0,2625,"('sk', 'sk', 's')",ɾekɾudeses,ɾekɾudesen
90L_10NL,3,90L_10NL_3_1,1,1085,"('s', 's', 's')",ɾekɾudeses,ɾekɾudeses
90L_10NL,3,90L_10NL_3_1,1,1085,"('s', 's', 's')",ɾekɾudeses,ɾekɾudeses
90L_10NL,3,90L_10NL_3_1,1,1085,"('s', 's', 's')",ɾekɾudeses,ɾekɾudeses
90L_10NL,3,90L_10NL_3_1,1,3500,"('s', 'sk', 's')",ɾekɾudeses,ɾekɾudeses
90L_10NL,3,90L_10NL_3_1,1,3500,"('s', 'sk', 's')",ɾekɾudeses,ɾekɾudeses
90L_10NL,3,90L_10NL_3_1,1,3500,"('s', 'sk', 's')",ɾekɾudeses,ɾekɾudeses
90L_10NL,3,90L_10NL_3_1,1,3500,"('s', 'sk', 's')",ɾekɾudeses,ɾekɾudeses
90L_10NL,3,90L_10NL_3_1,1,3500,"('s', 'sk', 's')",ɾekɾudeses,ɾekɾudeses
90L_10NL,3,90L_10NL_3_1,1,3500,"('s', 'sk', 's')",ɾekɾudeses,ɾekɾudeses
90L_10NL,3,90L_10NL_3_1,1,3500,"('s', 'sk', 's')",ɾekɾudeses,ɾekɾudeses
90L_10NL,3,90L_10NL_3_1,1,1085,"('s', 's', 's')",ɾekɾudeses,ɾekɾudeses
90L_10NL,3,90L_10NL_3_1,1,1085,"('s', 's', 's')",ɾekɾudeses,ɾekɾudeses
90L_10NL,3,90L_10NL_3_1,1,3500,"('s', 'sk', 's')",ɾekɾudeses,ɾekɾudeses
90L_10NL,3,90L_10NL_3_1,1,3500,"('s', 'sk', 's')",ɾekɾudeses,ɾekɾudeses
90L_10NL,3,90L_10NL_3_1,1,3500,"('s', 'sk', 's')",ɾekɾudeses,ɾekɾudeses
90L_10NL,3,90L_10NL_3_1,1,3500,"('s', 'sk', 's')",ɾekɾudeses,ɾekɾudeses
90L_10NL,3,90L_10NL_3_1,1,3500,"('s', 'sk', 's')",ɾekɾudeses,ɾekɾudeses
90L_10NL,3,90L_10NL_3_1,1,3500,"('s', 'sk', 's')",ɾekɾudeses,ɾekɾudeses
90L_10NL,3,90L_10NL_3_1,1,3500,"('s', 'sk', 's')",ɾekɾudeses,ɾekɾudeses
90L_10NL,3,90L_10NL_3_1,1,1085,"('s', 's', 's')",ɾekɾudeses,ɾekɾudeses
90L_10NL,3,90L_10NL_3_1,1,3500,"('s', 'sk', 's')",ɾekɾudeses,ɾekɾudeses
90L_10NL,3,90L_10NL_3_1,1,3500,"('s', 'sk', 's')",ɾekɾudeses,ɾekɾudeses
90L_10NL,3,90L_10NL_3_1,1,3500,"('s', 'sk', 's')",ɾekɾudeses,ɾekɾudeses
90L_10NL,3,90L_10NL_3_1,1,3500,"('s', 'sk', 's')",ɾekɾudeses,ɾekɾudeses
90L_10NL,3,90L_10NL_3_1,1,3500,"('s', 'sk', 's')",ɾekɾudeses,ɾekɾudeses
90L_10NL,3,90L_10NL_3_1,1,3500,"('s', 'sk', 's')",ɾekɾudeses,ɾekɾudeses
90L_10NL,3,90L_10NL_3_1,1,3500,"('s', 'sk', 's')",ɾekɾudeses,ɾekɾudeses
90L_10NL,3,90L_10NL_3_1,1,3500,"('s', 'sk', 's')",ɾekɾudeses,ɾekɾudeses
90L_10NL,3,90L_10NL_3_1,1,3500,"('s', 'sk', 's')",ɾekɾudeses,ɾekɾudeses
90L_10NL,3,90L_10NL_3_1,1,3500,"('s', 'sk', 's')",ɾekɾudeses,ɾekɾudeses
90L_10NL,3,90L_10NL_3_1,1,3500,"('s', 'sk', 's')",ɾekɾudeses,ɾekɾudeses
90L_10NL,3,90L_10NL_3_1,1,3500,"('s', 'sk', 's')",ɾekɾudeses,ɾekɾudeses
90L_10NL,3,90L_10NL_3_1,1,3500,"('s', 'sk', 's')",ɾekɾudeses,ɾekɾudeses
90L_10NL,3,90L_10NL_3_1,1,3500,"('s', 'sk', 's')",ɾekɾudeses,ɾekɾudeses
90L_10NL,3,90L_10NL_3_1,1,2625,"('sk', 'sk', 's')",ɾekɾudeses,ɾekɾudeses
90L_10NL,3,90L_10NL_3_1,1,2625,"('sk', 'sk', 's')",ɾekɾudeses,ɾekɾudeses
90L_10NL,3,90L_10NL_3_1,1,2625,"('sk', 'sk', 's')",ɾekɾudeses,ɾekɾudeses
90L_10NL,3,90L_10NL_3_1,1,2625,"('sk', 'sk', 's')",ɾekɾudeses,ɾekɾudeses
90L_10NL,3,90L_10NL_3_1,1,2625,"('sk', 'sk', 's')",ɾekɾudeses,ɾekɾudeses
90L_10NL,3,90L_10NL_3_1,1,2625,"('sk', 'sk', 's')",ɾekɾudeses,ɾekɾudeses
90L_10NL,3,90L_10NL_3_1,1,2625,"('sk', 'sk', 's')",ɾekɾudeses,ɾekɾudeses
90L_10NL,3,90L_10NL_3_1,1,2625,"('sk', 'sk', 's')",ɾekɾudeses,ɾekɾudeses
90L_10NL,3,90L_10NL_3_1,1,2625,"('sk', 'sk', 's')",ɾekɾudeses,ɾekɾudeses
90L_10NL,3,90L_10NL_3_1,1,2625,"('sk', 'sk', 's')",ɾekɾudeses,ɾekɾudeses
90L_10NL,3,90L_10NL_3_1,1,2625,"('sk', 'sk', 's')",ɾekɾudeses,ɾekɾudeses
90L_10NL,3,90L_10NL_3_1,1,2625,"('sk', 'sk', 's')",ɾekɾudeses,ɾekɾudeses
90L_10NL,3,90L_10NL_3_1,1,2625,"('sk', 'sk', 's')",ɾekɾudeses,ɾekɾudeses
90L_10NL,3,90L_10NL_3_1,1,2625,"('sk', 'sk', 's')",ɾekɾudeses,ɾekɾudeses
90L_10NL,3,90L_10NL_3_1,1,2625,"('sk', 'sk', 's')",ɾekɾudeses,ɾekɾudeses
90L_10NL,3,90L_10NL_3_1,1,2625,"('sk', 'sk', 's')",ɾekɾudeses,ɾekɾudeses
90L_10NL,3,90L_10NL_3_1,1,2625,"('sk', 'sk', 's')",ɾekɾudeses,ɾekɾudeses
90L_10NL,3,90L_10NL_3_1,0,2625,"('sk', 'sk', 's')",ɾekɾudese,ɾekɾudeses
90L_10NL,3,90L_10NL_3_1,0,2625,"('sk', 'sk', 's')",ɾekɾudese,ɾekɾudeses
90L_10NL,3,90L_10NL_3_1,0,2625,"('sk', 'sk', 's')",ɾekɾudese,ɾekɾudeses
90L_10NL,3,90L_10NL_3_1,0,2625,"('sk', 'sk', 's')",ɾekɾudese,ɾekɾudeses
90L_10NL,3,90L_10NL_3_1,1,1085,"('s', 's', 's')",ɾekɾudese,ɾekɾudese
90L_10NL,3,90L_10NL_3_1,1,1085,"('s', 's', 's')",ɾekɾudese,ɾekɾudese
90L_10NL,3,90L_10NL_3_1,1,1085,"('s', 's', 's')",ɾekɾudese,ɾekɾudese
90L_10NL,3,90L_10NL_3_1,1,3500,"('s', 'sk', 's')",ɾekɾudese,ɾekɾudese
90L_10NL,3,90L_10NL_3_1,1,3500,"('s', 'sk', 's')",ɾekɾudese,ɾekɾudese
90L_10NL,3,90L_10NL_3_1,1,3500,"('s', 'sk', 's')",ɾekɾudese,ɾekɾudese
90L_10NL,3,90L_10NL_3_1,1,3500,"('s', 'sk', 's')",ɾekɾudese,ɾekɾudese
90L_10NL,3,90L_10NL_3_1,1,3500,"('s', 'sk', 's')",ɾekɾudese,ɾekɾudese
90L_10NL,3,90L_10NL_3_1,1,3500,"('s', 'sk', 's')",ɾekɾudese,ɾekɾudese
90L_10NL,3,90L_10NL_3_1,1,3500,"('s', 'sk', 's')",ɾekɾudese,ɾekɾudese
90L_10NL,3,90L_10NL_3_1,1,1085,"('s', 's', 's')",ɾekɾudese,ɾekɾudese
90L_10NL,3,90L_10NL_3_1,1,1085,"('s', 's', 's')",ɾekɾudese,ɾekɾudese
90L_10NL,3,90L_10NL_3_1,1,3500,"('s', 'sk', 's')",ɾekɾudese,ɾekɾudese
90L_10NL,3,90L_10NL_3_1,1,3500,"('s', 'sk', 's')",ɾekɾudese,ɾekɾudese
90L_10NL,3,90L_10NL_3_1,1,3500,"('s', 'sk', 's')",ɾekɾudese,ɾekɾudese
90L_10NL,3,90L_10NL_3_1,1,3500,"('s', 'sk', 's')",ɾekɾudese,ɾekɾudese
90L_10NL,3,90L_10NL_3_1,1,3500,"('s', 'sk', 's')",ɾekɾudese,ɾekɾudese
90L_10NL,3,90L_10NL_3_1,1,3500,"('s', 'sk', 's')",ɾekɾudese,ɾekɾudese
90L_10NL,3,90L_10NL_3_1,1,3500,"('s', 'sk', 's')",ɾekɾudese,ɾekɾudese
90L_10NL,3,90L_10NL_3_1,1,1085,"('s', 's', 's')",ɾekɾudese,ɾekɾudese
90L_10NL,3,90L_10NL_3_1,1,3500,"('s', 'sk', 's')",ɾekɾudese,ɾekɾudese
90L_10NL,3,90L_10NL_3_1,1,3500,"('s', 'sk', 's')",ɾekɾudese,ɾekɾudese
90L_10NL,3,90L_10NL_3_1,1,3500,"('s', 'sk', 's')",ɾekɾudese,ɾekɾudese
90L_10NL,3,90L_10NL_3_1,1,3500,"('s', 'sk', 's')",ɾekɾudese,ɾekɾudese
90L_10NL,3,90L_10NL_3_1,1,3500,"('s', 'sk', 's')",ɾekɾudese,ɾekɾudese
90L_10NL,3,90L_10NL_3_1,1,3500,"('s', 'sk', 's')",ɾekɾudese,ɾekɾudese
90L_10NL,3,90L_10NL_3_1,1,3500,"('s', 'sk', 's')",ɾekɾudese,ɾekɾudese
90L_10NL,3,90L_10NL_3_1,1,3500,"('s', 'sk', 's')",ɾekɾudese,ɾekɾudese
90L_10NL,3,90L_10NL_3_1,1,3500,"('s', 'sk', 's')",ɾekɾudese,ɾekɾudese
90L_10NL,3,90L_10NL_3_1,1,3500,"('s', 'sk', 's')",ɾekɾudese,ɾekɾudese
90L_10NL,3,90L_10NL_3_1,1,3500,"('s', 'sk', 's')",ɾekɾudese,ɾekɾudese
90L_10NL,3,90L_10NL_3_1,1,3500,"('s', 'sk', 's')",ɾekɾudese,ɾekɾudese
90L_10NL,3,90L_10NL_3_1,1,3500,"('s', 'sk', 's')",ɾekɾudese,ɾekɾudese
90L_10NL,3,90L_10NL_3_1,1,3500,"('s', 'sk', 's')",ɾekɾudese,ɾekɾudese
90L_10NL,3,90L_10NL_3_1,1,2625,"('sk', 'sk', 's')",ɾekɾudese,ɾekɾudese
90L_10NL,3,90L_10NL_3_1,1,2625,"('sk', 'sk', 's')",ɾekɾudese,ɾekɾudese
90L_10NL,3,90L_10NL_3_1,1,2625,"('sk', 'sk', 's')",ɾekɾudese,ɾekɾudese
90L_10NL,3,90L_10NL_3_1,1,2625,"('sk', 'sk', 's')",ɾekɾudese,ɾekɾudese
90L_10NL,3,90L_10NL_3_1,1,2625,"('sk', 'sk', 's')",ɾekɾudese,ɾekɾudese
90L_10NL,3,90L_10NL_3_1,1,2625,"('sk', 'sk', 's')",ɾekɾudese,ɾekɾudese
90L_10NL,3,90L_10NL_3_1,1,2625,"('sk', 'sk', 's')",ɾekɾudese,ɾekɾudese
90L_10NL,3,90L_10NL_3_1,1,2625,"('sk', 'sk', 's')",ɾekɾudese,ɾekɾudese
90L_10NL,3,90L_10NL_3_1,1,2625,"('sk', 'sk', 's')",ɾekɾudese,ɾekɾudese
90L_10NL,3,90L_10NL_3_1,1,2625,"('sk', 'sk', 's')",ɾekɾudese,ɾekɾudese
90L_10NL,3,90L_10NL_3_1,1,2625,"('sk', 'sk', 's')",ɾekɾudese,ɾekɾudese
90L_10NL,3,90L_10NL_3_1,1,2625,"('sk', 'sk', 's')",ɾekɾudese,ɾekɾudese
90L_10NL,3,90L_10NL_3_1,1,2625,"('sk', 'sk', 's')",ɾekɾudese,ɾekɾudese
90L_10NL,3,90L_10NL_3_1,1,2625,"('sk', 'sk', 's')",ɾekɾudese,ɾekɾudese
90L_10NL,3,90L_10NL_3_1,1,2625,"('sk', 'sk', 's')",ɾekɾudese,ɾekɾudese
90L_10NL,3,90L_10NL_3_1,1,2625,"('sk', 'sk', 's')",ɾekɾudese,ɾekɾudese
90L_10NL,3,90L_10NL_3_1,1,2625,"('sk', 'sk', 's')",ɾekɾudese,ɾekɾudese
90L_10NL,3,90L_10NL_3_1,0,2625,"('sk', 'sk', 's')",ɾekɾudeskajs,ɾekɾudese
90L_10NL,3,90L_10NL_3_1,0,2625,"('sk', 'sk', 's')",ɾekɾudeskajs,ɾekɾudese
90L_10NL,3,90L_10NL_3_1,0,2625,"('sk', 'sk', 's')",ɾekɾudeskajs,ɾekɾudese
90L_10NL,3,90L_10NL_3_1,0,2625,"('sk', 'sk', 's')",ɾekɾudeskajs,ɾekɾudese
90L_10NL,3,90L_10NL_3_1,1,1750,"('s', 's', 'sk')",ɾekɾudeskajs,ɾekɾudeskajs
90L_10NL,3,90L_10NL_3_1,1,1750,"('s', 's', 'sk')",ɾekɾudeskajs,ɾekɾudeskajs
90L_10NL,3,90L_10NL_3_1,1,1750,"('s', 's', 'sk')",ɾekɾudeskajs,ɾekɾudeskajs
90L_10NL,3,90L_10NL_3_1,1,1750,"('s', 's', 'sk')",ɾekɾudeskajs,ɾekɾudeskajs
90L_10NL,3,90L_10NL_3_1,1,5250,"('s', 'sk', 'sk')",ɾekɾudeskajs,ɾekɾudeskajs
90L_10NL,3,90L_10NL_3_1,1,5250,"('s', 'sk', 'sk')",ɾekɾudeskajs,ɾekɾudeskajs
90L_10NL,3,90L_10NL_3_1,1,5250,"('s', 'sk', 'sk')",ɾekɾudeskajs,ɾekɾudeskajs
90L_10NL,3,90L_10NL_3_1,1,5250,"('s', 'sk', 'sk')",ɾekɾudeskajs,ɾekɾudeskajs
90L_10NL,3,90L_10NL_3_1,1,5250,"('s', 'sk', 'sk')",ɾekɾudeskajs,ɾekɾudeskajs
90L_10NL,3,90L_10NL_3_1,1,5250,"('s', 'sk', 'sk')",ɾekɾudeskajs,ɾekɾudeskajs
90L_10NL,3,90L_10NL_3_1,1,1750,"('s', 's', 'sk')",ɾekɾudeskajs,ɾekɾudeskajs
90L_10NL,3,90L_10NL_3_1,1,1750,"('s', 's', 'sk')",ɾekɾudeskajs,ɾekɾudeskajs
90L_10NL,3,90L_10NL_3_1,1,1750,"('s', 's', 'sk')",ɾekɾudeskajs,ɾekɾudeskajs
90L_10NL,3,90L_10NL_3_1,1,5250,"('s', 'sk', 'sk')",ɾekɾudeskajs,ɾekɾudeskajs
90L_10NL,3,90L_10NL_3_1,1,5250,"('s', 'sk', 'sk')",ɾekɾudeskajs,ɾekɾudeskajs
90L_10NL,3,90L_10NL_3_1,1,5250,"('s', 'sk', 'sk')",ɾekɾudeskajs,ɾekɾudeskajs
90L_10NL,3,90L_10NL_3_1,1,5250,"('s', 'sk', 'sk')",ɾekɾudeskajs,ɾekɾudeskajs
90L_10NL,3,90L_10NL_3_1,1,5250,"('s', 'sk', 'sk')",ɾekɾudeskajs,ɾekɾudeskajs
90L_10NL,3,90L_10NL_3_1,1,5250,"('s', 'sk', 'sk')",ɾekɾudeskajs,ɾekɾudeskajs
90L_10NL,3,90L_10NL_3_1,1,1750,"('s', 's', 'sk')",ɾekɾudeskajs,ɾekɾudeskajs
90L_10NL,3,90L_10NL_3_1,1,1750,"('s', 's', 'sk')",ɾekɾudeskajs,ɾekɾudeskajs
90L_10NL,3,90L_10NL_3_1,1,5250,"('s', 'sk', 'sk')",ɾekɾudeskajs,ɾekɾudeskajs
90L_10NL,3,90L_10NL_3_1,1,5250,"('s', 'sk', 'sk')",ɾekɾudeskajs,ɾekɾudeskajs
90L_10NL,3,90L_10NL_3_1,1,5250,"('s', 'sk', 'sk')",ɾekɾudeskajs,ɾekɾudeskajs
90L_10NL,3,90L_10NL_3_1,1,5250,"('s', 'sk', 'sk')",ɾekɾudeskajs,ɾekɾudeskajs
90L_10NL,3,90L_10NL_3_1,1,5250,"('s', 'sk', 'sk')",ɾekɾudeskajs,ɾekɾudeskajs
90L_10NL,3,90L_10NL_3_1,1,5250,"('s', 'sk', 'sk')",ɾekɾudeskajs,ɾekɾudeskajs
90L_10NL,3,90L_10NL_3_1,1,1750,"('s', 's', 'sk')",ɾekɾudeskajs,ɾekɾudeskajs
90L_10NL,3,90L_10NL_3_1,1,5250,"('s', 'sk', 'sk')",ɾekɾudeskajs,ɾekɾudeskajs
90L_10NL,3,90L_10NL_3_1,1,5250,"('s', 'sk', 'sk')",ɾekɾudeskajs,ɾekɾudeskajs
90L_10NL,3,90L_10NL_3_1,1,5250,"('s', 'sk', 'sk')",ɾekɾudeskajs,ɾekɾudeskajs
90L_10NL,3,90L_10NL_3_1,1,5250,"('s', 'sk', 'sk')",ɾekɾudeskajs,ɾekɾudeskajs
90L_10NL,3,90L_10NL_3_1,1,5250,"('s', 'sk', 'sk')",ɾekɾudeskajs,ɾekɾudeskajs
90L_10NL,3,90L_10NL_3_1,1,5250,"('s', 'sk', 'sk')",ɾekɾudeskajs,ɾekɾudeskajs
90L_10NL,3,90L_10NL_3_1,1,5250,"('s', 'sk', 'sk')",ɾekɾudeskajs,ɾekɾudeskajs
90L_10NL,3,90L_10NL_3_1,1,5250,"('s', 'sk', 'sk')",ɾekɾudeskajs,ɾekɾudeskajs
90L_10NL,3,90L_10NL_3_1,1,5250,"('s', 'sk', 'sk')",ɾekɾudeskajs,ɾekɾudeskajs
90L_10NL,3,90L_10NL_3_1,1,5250,"('s', 'sk', 'sk')",ɾekɾudeskajs,ɾekɾudeskajs
90L_10NL,3,90L_10NL_3_1,1,5250,"('s', 'sk', 'sk')",ɾekɾudeskajs,ɾekɾudeskajs
90L_10NL,3,90L_10NL_3_1,1,5250,"('s', 'sk', 'sk')",ɾekɾudeskajs,ɾekɾudeskajs
90L_10NL,3,90L_10NL_3_1,1,2625,"('sk', 'sk', 'sk')",ɾekɾudeskajs,ɾekɾudeskajs
90L_10NL,3,90L_10NL_3_1,1,2625,"('sk', 'sk', 'sk')",ɾekɾudeskajs,ɾekɾudeskajs
90L_10NL,3,90L_10NL_3_1,1,2625,"('sk', 'sk', 'sk')",ɾekɾudeskajs,ɾekɾudeskajs
90L_10NL,3,90L_10NL_3_1,1,2625,"('sk', 'sk', 'sk')",ɾekɾudeskajs,ɾekɾudeskajs
90L_10NL,3,90L_10NL_3_1,1,2625,"('sk', 'sk', 'sk')",ɾekɾudeskajs,ɾekɾudeskajs
90L_10NL,3,90L_10NL_3_1,1,2625,"('sk', 'sk', 'sk')",ɾekɾudeskajs,ɾekɾudeskajs
90L_10NL,3,90L_10NL_3_1,1,2625,"('sk', 'sk', 'sk')",ɾekɾudeskajs,ɾekɾudeskajs
90L_10NL,3,90L_10NL_3_1,1,2625,"('sk', 'sk', 'sk')",ɾekɾudeskajs,ɾekɾudeskajs
90L_10NL,3,90L_10NL_3_1,1,2625,"('sk', 'sk', 'sk')",ɾekɾudeskajs,ɾekɾudeskajs
90L_10NL,3,90L_10NL_3_1,1,2625,"('sk', 'sk', 'sk')",ɾekɾudeskajs,ɾekɾudeskajs
90L_10NL,3,90L_10NL_3_1,1,2625,"('sk', 'sk', 'sk')",ɾekɾudeskajs,ɾekɾudeskajs
90L_10NL,3,90L_10NL_3_1,0,2625,"('sk', 'sk', 'sk')",ɾekɾudeskamos,ɾekɾudeskajs
90L_10NL,3,90L_10NL_3_1,0,2625,"('sk', 'sk', 'sk')",ɾekɾudeskamos,ɾekɾudeskajs
90L_10NL,3,90L_10NL_3_1,0,2625,"('sk', 'sk', 'sk')",ɾekɾudeskamos,ɾekɾudeskajs
90L_10NL,3,90L_10NL_3_1,0,2625,"('sk', 'sk', 'sk')",ɾekɾudeskamos,ɾekɾudeskajs
90L_10NL,3,90L_10NL_3_1,1,1750,"('s', 's', 'sk')",ɾekɾudeskamos,ɾekɾudeskamos
90L_10NL,3,90L_10NL_3_1,1,1750,"('s', 's', 'sk')",ɾekɾudeskamos,ɾekɾudeskamos
90L_10NL,3,90L_10NL_3_1,1,1750,"('s', 's', 'sk')",ɾekɾudeskamos,ɾekɾudeskamos
90L_10NL,3,90L_10NL_3_1,1,1750,"('s', 's', 'sk')",ɾekɾudeskamos,ɾekɾudeskamos
90L_10NL,3,90L_10NL_3_1,1,5250,"('s', 'sk', 'sk')",ɾekɾudeskamos,ɾekɾudeskamos
90L_10NL,3,90L_10NL_3_1,1,5250,"('s', 'sk', 'sk')",ɾekɾudeskamos,ɾekɾudeskamos
90L_10NL,3,90L_10NL_3_1,1,5250,"('s', 'sk', 'sk')",ɾekɾudeskamos,ɾekɾudeskamos
90L_10NL,3,90L_10NL_3_1,1,5250,"('s', 'sk', 'sk')",ɾekɾudeskamos,ɾekɾudeskamos
90L_10NL,3,90L_10NL_3_1,1,5250,"('s', 'sk', 'sk')",ɾekɾudeskamos,ɾekɾudeskamos
90L_10NL,3,90L_10NL_3_1,1,5250,"('s', 'sk', 'sk')",ɾekɾudeskamos,ɾekɾudeskamos
90L_10NL,3,90L_10NL_3_1,1,1750,"('s', 's', 'sk')",ɾekɾudeskamos,ɾekɾudeskamos
90L_10NL,3,90L_10NL_3_1,1,1750,"('s', 's', 'sk')",ɾekɾudeskamos,ɾekɾudeskamos
90L_10NL,3,90L_10NL_3_1,1,1750,"('s', 's', 'sk')",ɾekɾudeskamos,ɾekɾudeskamos
90L_10NL,3,90L_10NL_3_1,1,5250,"('s', 'sk', 'sk')",ɾekɾudeskamos,ɾekɾudeskamos
90L_10NL,3,90L_10NL_3_1,1,5250,"('s', 'sk', 'sk')",ɾekɾudeskamos,ɾekɾudeskamos
90L_10NL,3,90L_10NL_3_1,1,5250,"('s', 'sk', 'sk')",ɾekɾudeskamos,ɾekɾudeskamos
90L_10NL,3,90L_10NL_3_1,1,5250,"('s', 'sk', 'sk')",ɾekɾudeskamos,ɾekɾudeskamos
90L_10NL,3,90L_10NL_3_1,1,5250,"('s', 'sk', 'sk')",ɾekɾudeskamos,ɾekɾudeskamos
90L_10NL,3,90L_10NL_3_1,1,5250,"('s', 'sk', 'sk')",ɾekɾudeskamos,ɾekɾudeskamos
90L_10NL,3,90L_10NL_3_1,1,1750,"('s', 's', 'sk')",ɾekɾudeskamos,ɾekɾudeskamos
90L_10NL,3,90L_10NL_3_1,1,1750,"('s', 's', 'sk')",ɾekɾudeskamos,ɾekɾudeskamos
90L_10NL,3,90L_10NL_3_1,1,5250,"('s', 'sk', 'sk')",ɾekɾudeskamos,ɾekɾudeskamos
90L_10NL,3,90L_10NL_3_1,1,5250,"('s', 'sk', 'sk')",ɾekɾudeskamos,ɾekɾudeskamos
90L_10NL,3,90L_10NL_3_1,1,5250,"('s', 'sk', 'sk')",ɾekɾudeskamos,ɾekɾudeskamos
90L_10NL,3,90L_10NL_3_1,1,5250,"('s', 'sk', 'sk')",ɾekɾudeskamos,ɾekɾudeskamos
90L_10NL,3,90L_10NL_3_1,1,5250,"('s', 'sk', 'sk')",ɾekɾudeskamos,ɾekɾudeskamos
90L_10NL,3,90L_10NL_3_1,1,5250,"('s', 'sk', 'sk')",ɾekɾudeskamos,ɾekɾudeskamos
90L_10NL,3,90L_10NL_3_1,1,1750,"('s', 's', 'sk')",ɾekɾudeskamos,ɾekɾudeskamos
90L_10NL,3,90L_10NL_3_1,1,5250,"('s', 'sk', 'sk')",ɾekɾudeskamos,ɾekɾudeskamos
90L_10NL,3,90L_10NL_3_1,1,5250,"('s', 'sk', 'sk')",ɾekɾudeskamos,ɾekɾudeskamos
90L_10NL,3,90L_10NL_3_1,1,5250,"('s', 'sk', 'sk')",ɾekɾudeskamos,ɾekɾudeskamos
90L_10NL,3,90L_10NL_3_1,1,5250,"('s', 'sk', 'sk')",ɾekɾudeskamos,ɾekɾudeskamos
90L_10NL,3,90L_10NL_3_1,1,5250,"('s', 'sk', 'sk')",ɾekɾudeskamos,ɾekɾudeskamos
90L_10NL,3,90L_10NL_3_1,1,5250,"('s', 'sk', 'sk')",ɾekɾudeskamos,ɾekɾudeskamos
90L_10NL,3,90L_10NL_3_1,1,5250,"('s', 'sk', 'sk')",ɾekɾudeskamos,ɾekɾudeskamos
90L_10NL,3,90L_10NL_3_1,1,5250,"('s', 'sk', 'sk')",ɾekɾudeskamos,ɾekɾudeskamos
90L_10NL,3,90L_10NL_3_1,1,5250,"('s', 'sk', 'sk')",ɾekɾudeskamos,ɾekɾudeskamos
90L_10NL,3,90L_10NL_3_1,1,5250,"('s', 'sk', 'sk')",ɾekɾudeskamos,ɾekɾudeskamos
90L_10NL,3,90L_10NL_3_1,1,5250,"('s', 'sk', 'sk')",ɾekɾudeskamos,ɾekɾudeskamos
90L_10NL,3,90L_10NL_3_1,1,5250,"('s', 'sk', 'sk')",ɾekɾudeskamos,ɾekɾudeskamos
90L_10NL,3,90L_10NL_3_1,1,2625,"('sk', 'sk', 'sk')",ɾekɾudeskamos,ɾekɾudeskamos
90L_10NL,3,90L_10NL_3_1,1,2625,"('sk', 'sk', 'sk')",ɾekɾudeskamos,ɾekɾudeskamos
90L_10NL,3,90L_10NL_3_1,1,2625,"('sk', 'sk', 'sk')",ɾekɾudeskamos,ɾekɾudeskamos
90L_10NL,3,90L_10NL_3_1,1,2625,"('sk', 'sk', 'sk')",ɾekɾudeskamos,ɾekɾudeskamos
90L_10NL,3,90L_10NL_3_1,1,2625,"('sk', 'sk', 'sk')",ɾekɾudeskamos,ɾekɾudeskamos
90L_10NL,3,90L_10NL_3_1,1,2625,"('sk', 'sk', 'sk')",ɾekɾudeskamos,ɾekɾudeskamos
90L_10NL,3,90L_10NL_3_1,1,2625,"('sk', 'sk', 'sk')",ɾekɾudeskamos,ɾekɾudeskamos
90L_10NL,3,90L_10NL_3_1,1,2625,"('sk', 'sk', 'sk')",ɾekɾudeskamos,ɾekɾudeskamos
90L_10NL,3,90L_10NL_3_1,1,2625,"('sk', 'sk', 'sk')",ɾekɾudeskamos,ɾekɾudeskamos
90L_10NL,3,90L_10NL_3_1,1,2625,"('sk', 'sk', 'sk')",ɾekɾudeskamos,ɾekɾudeskamos
90L_10NL,3,90L_10NL_3_1,1,2625,"('sk', 'sk', 'sk')",ɾekɾudeskamos,ɾekɾudeskamos
90L_10NL,3,90L_10NL_3_1,0,2625,"('sk', 'sk', 'sk')",ɾekɾudeskan,ɾekɾudeskamos
90L_10NL,3,90L_10NL_3_1,0,2625,"('sk', 'sk', 'sk')",ɾekɾudeskan,ɾekɾudeskamos
90L_10NL,3,90L_10NL_3_1,0,2625,"('sk', 'sk', 'sk')",ɾekɾudeskan,ɾekɾudeskamos
90L_10NL,3,90L_10NL_3_1,0,2625,"('sk', 'sk', 'sk')",ɾekɾudeskan,ɾekɾudeskamos
90L_10NL,3,90L_10NL_3_1,1,1750,"('s', 's', 'sk')",ɾekɾudeskan,ɾekɾudeskan
90L_10NL,3,90L_10NL_3_1,1,1750,"('s', 's', 'sk')",ɾekɾudeskan,ɾekɾudeskan
90L_10NL,3,90L_10NL_3_1,1,1750,"('s', 's', 'sk')",ɾekɾudeskan,ɾekɾudeskan
90L_10NL,3,90L_10NL_3_1,1,1750,"('s', 's', 'sk')",ɾekɾudeskan,ɾekɾudeskan
90L_10NL,3,90L_10NL_3_1,1,5250,"('s', 'sk', 'sk')",ɾekɾudeskan,ɾekɾudeskan
90L_10NL,3,90L_10NL_3_1,1,5250,"('s', 'sk', 'sk')",ɾekɾudeskan,ɾekɾudeskan
90L_10NL,3,90L_10NL_3_1,1,5250,"('s', 'sk', 'sk')",ɾekɾudeskan,ɾekɾudeskan
90L_10NL,3,90L_10NL_3_1,1,5250,"('s', 'sk', 'sk')",ɾekɾudeskan,ɾekɾudeskan
90L_10NL,3,90L_10NL_3_1,1,5250,"('s', 'sk', 'sk')",ɾekɾudeskan,ɾekɾudeskan
90L_10NL,3,90L_10NL_3_1,1,5250,"('s', 'sk', 'sk')",ɾekɾudeskan,ɾekɾudeskan
90L_10NL,3,90L_10NL_3_1,1,1750,"('s', 's', 'sk')",ɾekɾudeskan,ɾekɾudeskan
90L_10NL,3,90L_10NL_3_1,1,1750,"('s', 's', 'sk')",ɾekɾudeskan,ɾekɾudeskan
90L_10NL,3,90L_10NL_3_1,1,1750,"('s', 's', 'sk')",ɾekɾudeskan,ɾekɾudeskan
90L_10NL,3,90L_10NL_3_1,1,5250,"('s', 'sk', 'sk')",ɾekɾudeskan,ɾekɾudeskan
90L_10NL,3,90L_10NL_3_1,1,5250,"('s', 'sk', 'sk')",ɾekɾudeskan,ɾekɾudeskan
90L_10NL,3,90L_10NL_3_1,1,5250,"('s', 'sk', 'sk')",ɾekɾudeskan,ɾekɾudeskan
90L_10NL,3,90L_10NL_3_1,1,5250,"('s', 'sk', 'sk')",ɾekɾudeskan,ɾekɾudeskan
90L_10NL,3,90L_10NL_3_1,1,5250,"('s', 'sk', 'sk')",ɾekɾudeskan,ɾekɾudeskan
90L_10NL,3,90L_10NL_3_1,1,5250,"('s', 'sk', 'sk')",ɾekɾudeskan,ɾekɾudeskan
90L_10NL,3,90L_10NL_3_1,1,1750,"('s', 's', 'sk')",ɾekɾudeskan,ɾekɾudeskan
90L_10NL,3,90L_10NL_3_1,1,1750,"('s', 's', 'sk')",ɾekɾudeskan,ɾekɾudeskan
90L_10NL,3,90L_10NL_3_1,1,5250,"('s', 'sk', 'sk')",ɾekɾudeskan,ɾekɾudeskan
90L_10NL,3,90L_10NL_3_1,1,5250,"('s', 'sk', 'sk')",ɾekɾudeskan,ɾekɾudeskan
90L_10NL,3,90L_10NL_3_1,1,5250,"('s', 'sk', 'sk')",ɾekɾudeskan,ɾekɾudeskan
90L_10NL,3,90L_10NL_3_1,1,5250,"('s', 'sk', 'sk')",ɾekɾudeskan,ɾekɾudeskan
90L_10NL,3,90L_10NL_3_1,1,5250,"('s', 'sk', 'sk')",ɾekɾudeskan,ɾekɾudeskan
90L_10NL,3,90L_10NL_3_1,1,5250,"('s', 'sk', 'sk')",ɾekɾudeskan,ɾekɾudeskan
90L_10NL,3,90L_10NL_3_1,1,1750,"('s', 's', 'sk')",ɾekɾudeskan,ɾekɾudeskan
90L_10NL,3,90L_10NL_3_1,1,5250,"('s', 'sk', 'sk')",ɾekɾudeskan,ɾekɾudeskan
90L_10NL,3,90L_10NL_3_1,1,5250,"('s', 'sk', 'sk')",ɾekɾudeskan,ɾekɾudeskan
90L_10NL,3,90L_10NL_3_1,1,5250,"('s', 'sk', 'sk')",ɾekɾudeskan,ɾekɾudeskan
90L_10NL,3,90L_10NL_3_1,1,5250,"('s', 'sk', 'sk')",ɾekɾudeskan,ɾekɾudeskan
90L_10NL,3,90L_10NL_3_1,1,5250,"('s', 'sk', 'sk')",ɾekɾudeskan,ɾekɾudeskan
90L_10NL,3,90L_10NL_3_1,1,5250,"('s', 'sk', 'sk')",ɾekɾudeskan,ɾekɾudeskan
90L_10NL,3,90L_10NL_3_1,1,5250,"('s', 'sk', 'sk')",ɾekɾudeskan,ɾekɾudeskan
90L_10NL,3,90L_10NL_3_1,1,5250,"('s', 'sk', 'sk')",ɾekɾudeskan,ɾekɾudeskan
90L_10NL,3,90L_10NL_3_1,1,5250,"('s', 'sk', 'sk')",ɾekɾudeskan,ɾekɾudeskan
90L_10NL,3,90L_10NL_3_1,1,5250,"('s', 'sk', 'sk')",ɾekɾudeskan,ɾekɾudeskan
90L_10NL,3,90L_10NL_3_1,1,5250,"('s', 'sk', 'sk')",ɾekɾudeskan,ɾekɾudeskan
90L_10NL,3,90L_10NL_3_1,1,5250,"('s', 'sk', 'sk')",ɾekɾudeskan,ɾekɾudeskan
90L_10NL,3,90L_10NL_3_1,1,2625,"('sk', 'sk', 'sk')",ɾekɾudeskan,ɾekɾudeskan
90L_10NL,3,90L_10NL_3_1,1,2625,"('sk', 'sk', 'sk')",ɾekɾudeskan,ɾekɾudeskan
90L_10NL,3,90L_10NL_3_1,1,2625,"('sk', 'sk', 'sk')",ɾekɾudeskan,ɾekɾudeskan
90L_10NL,3,90L_10NL_3_1,1,2625,"('sk', 'sk', 'sk')",ɾekɾudeskan,ɾekɾudeskan
90L_10NL,3,90L_10NL_3_1,1,2625,"('sk', 'sk', 'sk')",ɾekɾudeskan,ɾekɾudeskan
90L_10NL,3,90L_10NL_3_1,1,2625,"('sk', 'sk', 'sk')",ɾekɾudeskan,ɾekɾudeskan
90L_10NL,3,90L_10NL_3_1,1,2625,"('sk', 'sk', 'sk')",ɾekɾudeskan,ɾekɾudeskan
90L_10NL,3,90L_10NL_3_1,1,2625,"('sk', 'sk', 'sk')",ɾekɾudeskan,ɾekɾudeskan
90L_10NL,3,90L_10NL_3_1,1,2625,"('sk', 'sk', 'sk')",ɾekɾudeskan,ɾekɾudeskan
90L_10NL,3,90L_10NL_3_1,1,2625,"('sk', 'sk', 'sk')",ɾekɾudeskan,ɾekɾudeskan
90L_10NL,3,90L_10NL_3_1,1,2625,"('sk', 'sk', 'sk')",ɾekɾudeskan,ɾekɾudeskan
90L_10NL,3,90L_10NL_3_1,0,2625,"('sk', 'sk', 'sk')",ɾekɾudeskas,ɾekɾudeskan
90L_10NL,3,90L_10NL_3_1,0,2625,"('sk', 'sk', 'sk')",ɾekɾudeskas,ɾekɾudeskan
90L_10NL,3,90L_10NL_3_1,0,2625,"('sk', 'sk', 'sk')",ɾekɾudeskas,ɾekɾudeskan
90L_10NL,3,90L_10NL_3_1,0,2625,"('sk', 'sk', 'sk')",ɾekɾudeskas,ɾekɾudeskan
90L_10NL,3,90L_10NL_3_1,1,1750,"('s', 's', 'sk')",ɾekɾudeskas,ɾekɾudeskas
90L_10NL,3,90L_10NL_3_1,1,1750,"('s', 's', 'sk')",ɾekɾudeskas,ɾekɾudeskas
90L_10NL,3,90L_10NL_3_1,1,1750,"('s', 's', 'sk')",ɾekɾudeskas,ɾekɾudeskas
90L_10NL,3,90L_10NL_3_1,1,1750,"('s', 's', 'sk')",ɾekɾudeskas,ɾekɾudeskas
90L_10NL,3,90L_10NL_3_1,1,5250,"('s', 'sk', 'sk')",ɾekɾudeskas,ɾekɾudeskas
90L_10NL,3,90L_10NL_3_1,1,5250,"('s', 'sk', 'sk')",ɾekɾudeskas,ɾekɾudeskas
90L_10NL,3,90L_10NL_3_1,1,5250,"('s', 'sk', 'sk')",ɾekɾudeskas,ɾekɾudeskas
90L_10NL,3,90L_10NL_3_1,1,5250,"('s', 'sk', 'sk')",ɾekɾudeskas,ɾekɾudeskas
90L_10NL,3,90L_10NL_3_1,1,5250,"('s', 'sk', 'sk')",ɾekɾudeskas,ɾekɾudeskas
90L_10NL,3,90L_10NL_3_1,1,5250,"('s', 'sk', 'sk')",ɾekɾudeskas,ɾekɾudeskas
90L_10NL,3,90L_10NL_3_1,1,1750,"('s', 's', 'sk')",ɾekɾudeskas,ɾekɾudeskas
90L_10NL,3,90L_10NL_3_1,1,1750,"('s', 's', 'sk')",ɾekɾudeskas,ɾekɾudeskas
90L_10NL,3,90L_10NL_3_1,1,1750,"('s', 's', 'sk')",ɾekɾudeskas,ɾekɾudeskas
90L_10NL,3,90L_10NL_3_1,1,5250,"('s', 'sk', 'sk')",ɾekɾudeskas,ɾekɾudeskas
90L_10NL,3,90L_10NL_3_1,1,5250,"('s', 'sk', 'sk')",ɾekɾudeskas,ɾekɾudeskas
90L_10NL,3,90L_10NL_3_1,1,5250,"('s', 'sk', 'sk')",ɾekɾudeskas,ɾekɾudeskas
90L_10NL,3,90L_10NL_3_1,1,5250,"('s', 'sk', 'sk')",ɾekɾudeskas,ɾekɾudeskas
90L_10NL,3,90L_10NL_3_1,1,5250,"('s', 'sk', 'sk')",ɾekɾudeskas,ɾekɾudeskas
90L_10NL,3,90L_10NL_3_1,1,5250,"('s', 'sk', 'sk')",ɾekɾudeskas,ɾekɾudeskas
90L_10NL,3,90L_10NL_3_1,1,1750,"('s', 's', 'sk')",ɾekɾudeskas,ɾekɾudeskas
90L_10NL,3,90L_10NL_3_1,1,1750,"('s', 's', 'sk')",ɾekɾudeskas,ɾekɾudeskas
90L_10NL,3,90L_10NL_3_1,1,5250,"('s', 'sk', 'sk')",ɾekɾudeskas,ɾekɾudeskas
90L_10NL,3,90L_10NL_3_1,1,5250,"('s', 'sk', 'sk')",ɾekɾudeskas,ɾekɾudeskas
90L_10NL,3,90L_10NL_3_1,1,5250,"('s', 'sk', 'sk')",ɾekɾudeskas,ɾekɾudeskas
90L_10NL,3,90L_10NL_3_1,1,5250,"('s', 'sk', 'sk')",ɾekɾudeskas,ɾekɾudeskas
90L_10NL,3,90L_10NL_3_1,1,5250,"('s', 'sk', 'sk')",ɾekɾudeskas,ɾekɾudeskas
90L_10NL,3,90L_10NL_3_1,1,5250,"('s', 'sk', 'sk')",ɾekɾudeskas,ɾekɾudeskas
90L_10NL,3,90L_10NL_3_1,1,1750,"('s', 's', 'sk')",ɾekɾudeskas,ɾekɾudeskas
90L_10NL,3,90L_10NL_3_1,1,5250,"('s', 'sk', 'sk')",ɾekɾudeskas,ɾekɾudeskas
90L_10NL,3,90L_10NL_3_1,1,5250,"('s', 'sk', 'sk')",ɾekɾudeskas,ɾekɾudeskas
90L_10NL,3,90L_10NL_3_1,1,5250,"('s', 'sk', 'sk')",ɾekɾudeskas,ɾekɾudeskas
90L_10NL,3,90L_10NL_3_1,1,5250,"('s', 'sk', 'sk')",ɾekɾudeskas,ɾekɾudeskas
90L_10NL,3,90L_10NL_3_1,1,5250,"('s', 'sk', 'sk')",ɾekɾudeskas,ɾekɾudeskas
90L_10NL,3,90L_10NL_3_1,1,5250,"('s', 'sk', 'sk')",ɾekɾudeskas,ɾekɾudeskas
90L_10NL,3,90L_10NL_3_1,1,5250,"('s', 'sk', 'sk')",ɾekɾudeskas,ɾekɾudeskas
90L_10NL,3,90L_10NL_3_1,1,5250,"('s', 'sk', 'sk')",ɾekɾudeskas,ɾekɾudeskas
90L_10NL,3,90L_10NL_3_1,1,5250,"('s', 'sk', 'sk')",ɾekɾudeskas,ɾekɾudeskas
90L_10NL,3,90L_10NL_3_1,1,5250,"('s', 'sk', 'sk')",ɾekɾudeskas,ɾekɾudeskas
90L_10NL,3,90L_10NL_3_1,1,5250,"('s', 'sk', 'sk')",ɾekɾudeskas,ɾekɾudeskas
90L_10NL,3,90L_10NL_3_1,1,5250,"('s', 'sk', 'sk')",ɾekɾudeskas,ɾekɾudeskas
90L_10NL,3,90L_10NL_3_1,1,2625,"('sk', 'sk', 'sk')",ɾekɾudeskas,ɾekɾudeskas
90L_10NL,3,90L_10NL_3_1,1,2625,"('sk', 'sk', 'sk')",ɾekɾudeskas,ɾekɾudeskas
90L_10NL,3,90L_10NL_3_1,1,2625,"('sk', 'sk', 'sk')",ɾekɾudeskas,ɾekɾudeskas
90L_10NL,3,90L_10NL_3_1,1,2625,"('sk', 'sk', 'sk')",ɾekɾudeskas,ɾekɾudeskas
90L_10NL,3,90L_10NL_3_1,1,2625,"('sk', 'sk', 'sk')",ɾekɾudeskas,ɾekɾudeskas
90L_10NL,3,90L_10NL_3_1,1,2625,"('sk', 'sk', 'sk')",ɾekɾudeskas,ɾekɾudeskas
90L_10NL,3,90L_10NL_3_1,1,2625,"('sk', 'sk', 'sk')",ɾekɾudeskas,ɾekɾudeskas
90L_10NL,3,90L_10NL_3_1,1,2625,"('sk', 'sk', 'sk')",ɾekɾudeskas,ɾekɾudeskas
90L_10NL,3,90L_10NL_3_1,1,2625,"('sk', 'sk', 'sk')",ɾekɾudeskas,ɾekɾudeskas
90L_10NL,3,90L_10NL_3_1,1,2625,"('sk', 'sk', 'sk')",ɾekɾudeskas,ɾekɾudeskas
90L_10NL,3,90L_10NL_3_1,1,2625,"('sk', 'sk', 'sk')",ɾekɾudeskas,ɾekɾudeskas
90L_10NL,3,90L_10NL_3_1,0,2625,"('sk', 'sk', 'sk')",ɾekɾudeska,ɾekɾudeskas
90L_10NL,3,90L_10NL_3_1,0,2625,"('sk', 'sk', 'sk')",ɾekɾudeska,ɾekɾudeskas
90L_10NL,3,90L_10NL_3_1,0,2625,"('sk', 'sk', 'sk')",ɾekɾudeska,ɾekɾudeskas
90L_10NL,3,90L_10NL_3_1,0,2625,"('sk', 'sk', 'sk')",ɾekɾudeska,ɾekɾudeskas
90L_10NL,3,90L_10NL_3_1,1,1750,"('s', 's', 'sk')",ɾekɾudeska,ɾekɾudeska
90L_10NL,3,90L_10NL_3_1,1,1750,"('s', 's', 'sk')",ɾekɾudeska,ɾekɾudeska
90L_10NL,3,90L_10NL_3_1,1,1750,"('s', 's', 'sk')",ɾekɾudeska,ɾekɾudeska
90L_10NL,3,90L_10NL_3_1,1,1750,"('s', 's', 'sk')",ɾekɾudeska,ɾekɾudeska
90L_10NL,3,90L_10NL_3_1,1,5250,"('s', 'sk', 'sk')",ɾekɾudeska,ɾekɾudeska
90L_10NL,3,90L_10NL_3_1,1,5250,"('s', 'sk', 'sk')",ɾekɾudeska,ɾekɾudeska
90L_10NL,3,90L_10NL_3_1,1,5250,"('s', 'sk', 'sk')",ɾekɾudeska,ɾekɾudeska
90L_10NL,3,90L_10NL_3_1,1,5250,"('s', 'sk', 'sk')",ɾekɾudeska,ɾekɾudeska
90L_10NL,3,90L_10NL_3_1,1,5250,"('s', 'sk', 'sk')",ɾekɾudeska,ɾekɾudeska
90L_10NL,3,90L_10NL_3_1,1,5250,"('s', 'sk', 'sk')",ɾekɾudeska,ɾekɾudeska
90L_10NL,3,90L_10NL_3_1,1,1750,"('s', 's', 'sk')",ɾekɾudeska,ɾekɾudeska
90L_10NL,3,90L_10NL_3_1,1,1750,"('s', 's', 'sk')",ɾekɾudeska,ɾekɾudeska
90L_10NL,3,90L_10NL_3_1,1,1750,"('s', 's', 'sk')",ɾekɾudeska,ɾekɾudeska
90L_10NL,3,90L_10NL_3_1,1,5250,"('s', 'sk', 'sk')",ɾekɾudeska,ɾekɾudeska
90L_10NL,3,90L_10NL_3_1,1,5250,"('s', 'sk', 'sk')",ɾekɾudeska,ɾekɾudeska
90L_10NL,3,90L_10NL_3_1,1,5250,"('s', 'sk', 'sk')",ɾekɾudeska,ɾekɾudeska
90L_10NL,3,90L_10NL_3_1,1,5250,"('s', 'sk', 'sk')",ɾekɾudeska,ɾekɾudeska
90L_10NL,3,90L_10NL_3_1,1,5250,"('s', 'sk', 'sk')",ɾekɾudeska,ɾekɾudeska
90L_10NL,3,90L_10NL_3_1,1,5250,"('s', 'sk', 'sk')",ɾekɾudeska,ɾekɾudeska
90L_10NL,3,90L_10NL_3_1,1,1750,"('s', 's', 'sk')",ɾekɾudeska,ɾekɾudeska
90L_10NL,3,90L_10NL_3_1,1,1750,"('s', 's', 'sk')",ɾekɾudeska,ɾekɾudeska
90L_10NL,3,90L_10NL_3_1,1,5250,"('s', 'sk', 'sk')",ɾekɾudeska,ɾekɾudeska
90L_10NL,3,90L_10NL_3_1,1,5250,"('s', 'sk', 'sk')",ɾekɾudeska,ɾekɾudeska
90L_10NL,3,90L_10NL_3_1,1,5250,"('s', 'sk', 'sk')",ɾekɾudeska,ɾekɾudeska
90L_10NL,3,90L_10NL_3_1,1,5250,"('s', 'sk', 'sk')",ɾekɾudeska,ɾekɾudeska
90L_10NL,3,90L_10NL_3_1,1,5250,"('s', 'sk', 'sk')",ɾekɾudeska,ɾekɾudeska
90L_10NL,3,90L_10NL_3_1,1,5250,"('s', 'sk', 'sk')",ɾekɾudeska,ɾekɾudeska
90L_10NL,3,90L_10NL_3_1,1,1750,"('s', 's', 'sk')",ɾekɾudeska,ɾekɾudeska
90L_10NL,3,90L_10NL_3_1,1,5250,"('s', 'sk', 'sk')",ɾekɾudeska,ɾekɾudeska
90L_10NL,3,90L_10NL_3_1,1,5250,"('s', 'sk', 'sk')",ɾekɾudeska,ɾekɾudeska
90L_10NL,3,90L_10NL_3_1,1,5250,"('s', 'sk', 'sk')",ɾekɾudeska,ɾekɾudeska
90L_10NL,3,90L_10NL_3_1,1,5250,"('s', 'sk', 'sk')",ɾekɾudeska,ɾekɾudeska
90L_10NL,3,90L_10NL_3_1,1,5250,"('s', 'sk', 'sk')",ɾekɾudeska,ɾekɾudeska
90L_10NL,3,90L_10NL_3_1,1,5250,"('s', 'sk', 'sk')",ɾekɾudeska,ɾekɾudeska
90L_10NL,3,90L_10NL_3_1,1,5250,"('s', 'sk', 'sk')",ɾekɾudeska,ɾekɾudeska
90L_10NL,3,90L_10NL_3_1,1,5250,"('s', 'sk', 'sk')",ɾekɾudeska,ɾekɾudeska
90L_10NL,3,90L_10NL_3_1,1,5250,"('s', 'sk', 'sk')",ɾekɾudeska,ɾekɾudeska
90L_10NL,3,90L_10NL_3_1,1,5250,"('s', 'sk', 'sk')",ɾekɾudeska,ɾekɾudeska
90L_10NL,3,90L_10NL_3_1,1,5250,"('s', 'sk', 'sk')",ɾekɾudeska,ɾekɾudeska
90L_10NL,3,90L_10NL_3_1,1,5250,"('s', 'sk', 'sk')",ɾekɾudeska,ɾekɾudeska
90L_10NL,3,90L_10NL_3_1,1,2625,"('sk', 'sk', 'sk')",ɾekɾudeska,ɾekɾudeska
90L_10NL,3,90L_10NL_3_1,1,2625,"('sk', 'sk', 'sk')",ɾekɾudeska,ɾekɾudeska
90L_10NL,3,90L_10NL_3_1,1,2625,"('sk', 'sk', 'sk')",ɾekɾudeska,ɾekɾudeska
90L_10NL,3,90L_10NL_3_1,1,2625,"('sk', 'sk', 'sk')",ɾekɾudeska,ɾekɾudeska
90L_10NL,3,90L_10NL_3_1,1,2625,"('sk', 'sk', 'sk')",ɾekɾudeska,ɾekɾudeska
90L_10NL,3,90L_10NL_3_1,1,2625,"('sk', 'sk', 'sk')",ɾekɾudeska,ɾekɾudeska
90L_10NL,3,90L_10NL_3_1,1,2625,"('sk', 'sk', 'sk')",ɾekɾudeska,ɾekɾudeska
90L_10NL,3,90L_10NL_3_1,1,2625,"('sk', 'sk', 'sk')",ɾekɾudeska,ɾekɾudeska
90L_10NL,3,90L_10NL_3_1,1,2625,"('sk', 'sk', 'sk')",ɾekɾudeska,ɾekɾudeska
90L_10NL,3,90L_10NL_3_1,1,2625,"('sk', 'sk', 'sk')",ɾekɾudeska,ɾekɾudeska
90L_10NL,3,90L_10NL_3_1,1,2625,"('sk', 'sk', 'sk')",ɾekɾudeska,ɾekɾudeska
90L_10NL,3,90L_10NL_3_1,1,2625,"('sk', 'sk', 'sk')",ɾekɾudeska,ɾekɾudeska
90L_10NL,3,90L_10NL_3_1,1,2625,"('sk', 'sk', 'sk')",ɾekɾudeska,ɾekɾudeska
90L_10NL,3,90L_10NL_3_1,1,2625,"('sk', 'sk', 'sk')",ɾekɾudeska,ɾekɾudeska
90L_10NL,3,90L_10NL_3_1,1,2625,"('sk', 'sk', 'sk')",ɾekɾudeska,ɾekɾudeska
90L_10NL,3,90L_10NL_3_1,1,1750,"('s', 's', 'sk')",ɾekɾudeska,ɾekɾudeska
90L_10NL,3,90L_10NL_3_1,1,1750,"('s', 's', 'sk')",ɾekɾudeska,ɾekɾudeska
90L_10NL,3,90L_10NL_3_1,1,1750,"('s', 's', 'sk')",ɾekɾudeska,ɾekɾudeska
90L_10NL,3,90L_10NL_3_1,1,1750,"('s', 's', 'sk')",ɾekɾudeska,ɾekɾudeska
90L_10NL,3,90L_10NL_3_1,1,5250,"('s', 'sk', 'sk')",ɾekɾudeska,ɾekɾudeska
90L_10NL,3,90L_10NL_3_1,1,5250,"('s', 'sk', 'sk')",ɾekɾudeska,ɾekɾudeska
90L_10NL,3,90L_10NL_3_1,1,5250,"('s', 'sk', 'sk')",ɾekɾudeska,ɾekɾudeska
90L_10NL,3,90L_10NL_3_1,1,5250,"('s', 'sk', 'sk')",ɾekɾudeska,ɾekɾudeska
90L_10NL,3,90L_10NL_3_1,1,5250,"('s', 'sk', 'sk')",ɾekɾudeska,ɾekɾudeska
90L_10NL,3,90L_10NL_3_1,1,5250,"('s', 'sk', 'sk')",ɾekɾudeska,ɾekɾudeska
90L_10NL,3,90L_10NL_3_1,1,1750,"('s', 's', 'sk')",ɾekɾudeska,ɾekɾudeska
90L_10NL,3,90L_10NL_3_1,1,1750,"('s', 's', 'sk')",ɾekɾudeska,ɾekɾudeska
90L_10NL,3,90L_10NL_3_1,1,1750,"('s', 's', 'sk')",ɾekɾudeska,ɾekɾudeska
90L_10NL,3,90L_10NL_3_1,1,5250,"('s', 'sk', 'sk')",ɾekɾudeska,ɾekɾudeska
90L_10NL,3,90L_10NL_3_1,1,5250,"('s', 'sk', 'sk')",ɾekɾudeska,ɾekɾudeska
90L_10NL,3,90L_10NL_3_1,1,5250,"('s', 'sk', 'sk')",ɾekɾudeska,ɾekɾudeska
90L_10NL,3,90L_10NL_3_1,1,5250,"('s', 'sk', 'sk')",ɾekɾudeska,ɾekɾudeska
90L_10NL,3,90L_10NL_3_1,1,5250,"('s', 'sk', 'sk')",ɾekɾudeska,ɾekɾudeska
90L_10NL,3,90L_10NL_3_1,1,5250,"('s', 'sk', 'sk')",ɾekɾudeska,ɾekɾudeska
90L_10NL,3,90L_10NL_3_1,1,1750,"('s', 's', 'sk')",ɾekɾudeska,ɾekɾudeska
90L_10NL,3,90L_10NL_3_1,1,1750,"('s', 's', 'sk')",ɾekɾudeska,ɾekɾudeska
90L_10NL,3,90L_10NL_3_1,1,5250,"('s', 'sk', 'sk')",ɾekɾudeska,ɾekɾudeska
90L_10NL,3,90L_10NL_3_1,1,5250,"('s', 'sk', 'sk')",ɾekɾudeska,ɾekɾudeska
90L_10NL,3,90L_10NL_3_1,1,5250,"('s', 'sk', 'sk')",ɾekɾudeska,ɾekɾudeska
90L_10NL,3,90L_10NL_3_1,1,5250,"('s', 'sk', 'sk')",ɾekɾudeska,ɾekɾudeska
90L_10NL,3,90L_10NL_3_1,1,5250,"('s', 'sk', 'sk')",ɾekɾudeska,ɾekɾudeska
90L_10NL,3,90L_10NL_3_1,1,5250,"('s', 'sk', 'sk')",ɾekɾudeska,ɾekɾudeska
90L_10NL,3,90L_10NL_3_1,1,1750,"('s', 's', 'sk')",ɾekɾudeska,ɾekɾudeska
90L_10NL,3,90L_10NL_3_1,1,5250,"('s', 'sk', 'sk')",ɾekɾudeska,ɾekɾudeska
90L_10NL,3,90L_10NL_3_1,1,5250,"('s', 'sk', 'sk')",ɾekɾudeska,ɾekɾudeska
90L_10NL,3,90L_10NL_3_1,1,5250,"('s', 'sk', 'sk')",ɾekɾudeska,ɾekɾudeska
90L_10NL,3,90L_10NL_3_1,1,5250,"('s', 'sk', 'sk')",ɾekɾudeska,ɾekɾudeska
90L_10NL,3,90L_10NL_3_1,1,5250,"('s', 'sk', 'sk')",ɾekɾudeska,ɾekɾudeska
90L_10NL,3,90L_10NL_3_1,1,5250,"('s', 'sk', 'sk')",ɾekɾudeska,ɾekɾudeska
90L_10NL,3,90L_10NL_3_1,1,5250,"('s', 'sk', 'sk')",ɾekɾudeska,ɾekɾudeska
90L_10NL,3,90L_10NL_3_1,1,5250,"('s', 'sk', 'sk')",ɾekɾudeska,ɾekɾudeska
90L_10NL,3,90L_10NL_3_1,1,5250,"('s', 'sk', 'sk')",ɾekɾudeska,ɾekɾudeska
90L_10NL,3,90L_10NL_3_1,1,5250,"('s', 'sk', 'sk')",ɾekɾudeska,ɾekɾudeska
90L_10NL,3,90L_10NL_3_1,1,5250,"('s', 'sk', 'sk')",ɾekɾudeska,ɾekɾudeska
90L_10NL,3,90L_10NL_3_1,1,5250,"('s', 'sk', 'sk')",ɾekɾudeska,ɾekɾudeska
90L_10NL,3,90L_10NL_3_1,1,2625,"('sk', 'sk', 'sk')",ɾekɾudeska,ɾekɾudeska
90L_10NL,3,90L_10NL_3_1,1,2625,"('sk', 'sk', 'sk')",ɾekɾudeska,ɾekɾudeska
90L_10NL,3,90L_10NL_3_1,1,2625,"('sk', 'sk', 'sk')",ɾekɾudeska,ɾekɾudeska
90L_10NL,3,90L_10NL_3_1,1,2625,"('sk', 'sk', 'sk')",ɾekɾudeska,ɾekɾudeska
90L_10NL,3,90L_10NL_3_1,1,2625,"('sk', 'sk', 'sk')",ɾekɾudeska,ɾekɾudeska
90L_10NL,3,90L_10NL_3_1,1,2625,"('sk', 'sk', 'sk')",ɾekɾudeska,ɾekɾudeska
90L_10NL,3,90L_10NL_3_1,1,2625,"('sk', 'sk', 'sk')",ɾekɾudeska,ɾekɾudeska
90L_10NL,3,90L_10NL_3_1,1,2625,"('sk', 'sk', 'sk')",ɾekɾudeska,ɾekɾudeska
90L_10NL,3,90L_10NL_3_1,1,2625,"('sk', 'sk', 'sk')",ɾekɾudeska,ɾekɾudeska
90L_10NL,3,90L_10NL_3_1,1,2625,"('sk', 'sk', 'sk')",ɾekɾudeska,ɾekɾudeska
90L_10NL,3,90L_10NL_3_1,1,2625,"('sk', 'sk', 'sk')",ɾekɾudeska,ɾekɾudeska
90L_10NL,3,90L_10NL_3_1,0,2625,"('sk', 'sk', 'sk')",ɾekɾudesko,ɾekɾudeska
90L_10NL,3,90L_10NL_3_1,0,2625,"('sk', 'sk', 'sk')",ɾekɾudesko,ɾekɾudeska
90L_10NL,3,90L_10NL_3_1,0,2625,"('sk', 'sk', 'sk')",ɾekɾudesko,ɾekɾudeska
90L_10NL,3,90L_10NL_3_1,0,2625,"('sk', 'sk', 'sk')",ɾekɾudesko,ɾekɾudeska
90L_10NL,3,90L_10NL_3_1,1,1750,"('s', 's', 'sk')",ɾekɾudesko,ɾekɾudesko
90L_10NL,3,90L_10NL_3_1,1,1750,"('s', 's', 'sk')",ɾekɾudesko,ɾekɾudesko
90L_10NL,3,90L_10NL_3_1,1,1750,"('s', 's', 'sk')",ɾekɾudesko,ɾekɾudesko
90L_10NL,3,90L_10NL_3_1,1,1750,"('s', 's', 'sk')",ɾekɾudesko,ɾekɾudesko
90L_10NL,3,90L_10NL_3_1,1,5250,"('s', 'sk', 'sk')",ɾekɾudesko,ɾekɾudesko
90L_10NL,3,90L_10NL_3_1,1,5250,"('s', 'sk', 'sk')",ɾekɾudesko,ɾekɾudesko
90L_10NL,3,90L_10NL_3_1,1,5250,"('s', 'sk', 'sk')",ɾekɾudesko,ɾekɾudesko
90L_10NL,3,90L_10NL_3_1,1,5250,"('s', 'sk', 'sk')",ɾekɾudesko,ɾekɾudesko
90L_10NL,3,90L_10NL_3_1,1,5250,"('s', 'sk', 'sk')",ɾekɾudesko,ɾekɾudesko
90L_10NL,3,90L_10NL_3_1,1,5250,"('s', 'sk', 'sk')",ɾekɾudesko,ɾekɾudesko
90L_10NL,3,90L_10NL_3_1,1,1750,"('s', 's', 'sk')",ɾekɾudesko,ɾekɾudesko
90L_10NL,3,90L_10NL_3_1,1,1750,"('s', 's', 'sk')",ɾekɾudesko,ɾekɾudesko
90L_10NL,3,90L_10NL_3_1,1,1750,"('s', 's', 'sk')",ɾekɾudesko,ɾekɾudesko
90L_10NL,3,90L_10NL_3_1,1,5250,"('s', 'sk', 'sk')",ɾekɾudesko,ɾekɾudesko
90L_10NL,3,90L_10NL_3_1,1,5250,"('s', 'sk', 'sk')",ɾekɾudesko,ɾekɾudesko
90L_10NL,3,90L_10NL_3_1,1,5250,"('s', 'sk', 'sk')",ɾekɾudesko,ɾekɾudesko
90L_10NL,3,90L_10NL_3_1,1,5250,"('s', 'sk', 'sk')",ɾekɾudesko,ɾekɾudesko
90L_10NL,3,90L_10NL_3_1,1,5250,"('s', 'sk', 'sk')",ɾekɾudesko,ɾekɾudesko
90L_10NL,3,90L_10NL_3_1,1,5250,"('s', 'sk', 'sk')",ɾekɾudesko,ɾekɾudesko
90L_10NL,3,90L_10NL_3_1,1,1750,"('s', 's', 'sk')",ɾekɾudesko,ɾekɾudesko
90L_10NL,3,90L_10NL_3_1,1,1750,"('s', 's', 'sk')",ɾekɾudesko,ɾekɾudesko
90L_10NL,3,90L_10NL_3_1,1,5250,"('s', 'sk', 'sk')",ɾekɾudesko,ɾekɾudesko
90L_10NL,3,90L_10NL_3_1,1,5250,"('s', 'sk', 'sk')",ɾekɾudesko,ɾekɾudesko
90L_10NL,3,90L_10NL_3_1,1,5250,"('s', 'sk', 'sk')",ɾekɾudesko,ɾekɾudesko
90L_10NL,3,90L_10NL_3_1,1,5250,"('s', 'sk', 'sk')",ɾekɾudesko,ɾekɾudesko
90L_10NL,3,90L_10NL_3_1,1,5250,"('s', 'sk', 'sk')",ɾekɾudesko,ɾekɾudesko
90L_10NL,3,90L_10NL_3_1,1,5250,"('s', 'sk', 'sk')",ɾekɾudesko,ɾekɾudesko
90L_10NL,3,90L_10NL_3_1,1,1750,"('s', 's', 'sk')",ɾekɾudesko,ɾekɾudesko
90L_10NL,3,90L_10NL_3_1,1,5250,"('s', 'sk', 'sk')",ɾekɾudesko,ɾekɾudesko
90L_10NL,3,90L_10NL_3_1,1,5250,"('s', 'sk', 'sk')",ɾekɾudesko,ɾekɾudesko
90L_10NL,3,90L_10NL_3_1,1,5250,"('s', 'sk', 'sk')",ɾekɾudesko,ɾekɾudesko
90L_10NL,3,90L_10NL_3_1,1,5250,"('s', 'sk', 'sk')",ɾekɾudesko,ɾekɾudesko
90L_10NL,3,90L_10NL_3_1,1,5250,"('s', 'sk', 'sk')",ɾekɾudesko,ɾekɾudesko
90L_10NL,3,90L_10NL_3_1,1,5250,"('s', 'sk', 'sk')",ɾekɾudesko,ɾekɾudesko
90L_10NL,3,90L_10NL_3_1,1,5250,"('s', 'sk', 'sk')",ɾekɾudesko,ɾekɾudesko
90L_10NL,3,90L_10NL_3_1,1,5250,"('s', 'sk', 'sk')",ɾekɾudesko,ɾekɾudesko
90L_10NL,3,90L_10NL_3_1,1,5250,"('s', 'sk', 'sk')",ɾekɾudesko,ɾekɾudesko
90L_10NL,3,90L_10NL_3_1,1,5250,"('s', 'sk', 'sk')",ɾekɾudesko,ɾekɾudesko
90L_10NL,3,90L_10NL_3_1,1,5250,"('s', 'sk', 'sk')",ɾekɾudesko,ɾekɾudesko
90L_10NL,3,90L_10NL_3_1,1,5250,"('s', 'sk', 'sk')",ɾekɾudesko,ɾekɾudesko
90L_10NL,3,90L_10NL_3_1,1,2625,"('sk', 'sk', 'sk')",ɾekɾudesko,ɾekɾudesko
90L_10NL,3,90L_10NL_3_1,1,2625,"('sk', 'sk', 'sk')",ɾekɾudesko,ɾekɾudesko
90L_10NL,3,90L_10NL_3_1,1,2625,"('sk', 'sk', 'sk')",ɾekɾudesko,ɾekɾudesko
90L_10NL,3,90L_10NL_3_1,1,2625,"('sk', 'sk', 'sk')",ɾekɾudesko,ɾekɾudesko
90L_10NL,3,90L_10NL_3_1,1,2625,"('sk', 'sk', 'sk')",ɾekɾudesko,ɾekɾudesko
90L_10NL,3,90L_10NL_3_1,1,2625,"('sk', 'sk', 'sk')",ɾekɾudesko,ɾekɾudesko
90L_10NL,3,90L_10NL_3_1,1,2625,"('sk', 'sk', 'sk')",ɾekɾudesko,ɾekɾudesko
90L_10NL,3,90L_10NL_3_1,1,2625,"('sk', 'sk', 'sk')",ɾekɾudesko,ɾekɾudesko
90L_10NL,3,90L_10NL_3_1,1,2625,"('sk', 'sk', 'sk')",ɾekɾudesko,ɾekɾudesko
90L_10NL,3,90L_10NL_3_1,1,2625,"('sk', 'sk', 'sk')",ɾekɾudesko,ɾekɾudesko
90L_10NL,3,90L_10NL_3_1,1,2625,"('sk', 'sk', 'sk')",ɾekɾudesko,ɾekɾudesko
90L_10NL,3,90L_10NL_3_1,0,2625,"('sk', 'sk', 'sk')",enfuɾesejs,ɾekɾudesko
90L_10NL,3,90L_10NL_3_1,0,2625,"('sk', 'sk', 'sk')",enfuɾesejs,ɾekɾudesko
90L_10NL,3,90L_10NL_3_1,0,2625,"('sk', 'sk', 'sk')",enfuɾesejs,ɾekɾudesko
90L_10NL,3,90L_10NL_3_1,0,2625,"('sk', 'sk', 'sk')",enfuɾesejs,ɾekɾudesko
90L_10NL,3,90L_10NL_3_1,1,1085,"('s', 's', 's')",enfuɾesejs,enfuɾesejs
90L_10NL,3,90L_10NL_3_1,1,1085,"('s', 's', 's')",enfuɾesejs,enfuɾesejs
90L_10NL,3,90L_10NL_3_1,1,1085,"('s', 's', 's')",enfuɾesejs,enfuɾesejs
90L_10NL,3,90L_10NL_3_1,1,3500,"('s', 'sk', 's')",enfuɾesejs,enfuɾesejs
90L_10NL,3,90L_10NL_3_1,1,3500,"('s', 'sk', 's')",enfuɾesejs,enfuɾesejs
90L_10NL,3,90L_10NL_3_1,1,3500,"('s', 'sk', 's')",enfuɾesejs,enfuɾesejs
90L_10NL,3,90L_10NL_3_1,1,3500,"('s', 'sk', 's')",enfuɾesejs,enfuɾesejs
90L_10NL,3,90L_10NL_3_1,1,3500,"('s', 'sk', 's')",enfuɾesejs,enfuɾesejs
90L_10NL,3,90L_10NL_3_1,1,3500,"('s', 'sk', 's')",enfuɾesejs,enfuɾesejs
90L_10NL,3,90L_10NL_3_1,1,3500,"('s', 'sk', 's')",enfuɾesejs,enfuɾesejs
90L_10NL,3,90L_10NL_3_1,1,1085,"('s', 's', 's')",enfuɾesejs,enfuɾesejs
90L_10NL,3,90L_10NL_3_1,1,1085,"('s', 's', 's')",enfuɾesejs,enfuɾesejs
90L_10NL,3,90L_10NL_3_1,1,3500,"('s', 'sk', 's')",enfuɾesejs,enfuɾesejs
90L_10NL,3,90L_10NL_3_1,1,3500,"('s', 'sk', 's')",enfuɾesejs,enfuɾesejs
90L_10NL,3,90L_10NL_3_1,1,3500,"('s', 'sk', 's')",enfuɾesejs,enfuɾesejs
90L_10NL,3,90L_10NL_3_1,1,3500,"('s', 'sk', 's')",enfuɾesejs,enfuɾesejs
90L_10NL,3,90L_10NL_3_1,1,3500,"('s', 'sk', 's')",enfuɾesejs,enfuɾesejs
90L_10NL,3,90L_10NL_3_1,1,3500,"('s', 'sk', 's')",enfuɾesejs,enfuɾesejs
90L_10NL,3,90L_10NL_3_1,1,3500,"('s', 'sk', 's')",enfuɾesejs,enfuɾesejs
90L_10NL,3,90L_10NL_3_1,1,1085,"('s', 's', 's')",enfuɾesejs,enfuɾesejs
90L_10NL,3,90L_10NL_3_1,1,3500,"('s', 'sk', 's')",enfuɾesejs,enfuɾesejs
90L_10NL,3,90L_10NL_3_1,1,3500,"('s', 'sk', 's')",enfuɾesejs,enfuɾesejs
90L_10NL,3,90L_10NL_3_1,1,3500,"('s', 'sk', 's')",enfuɾesejs,enfuɾesejs
90L_10NL,3,90L_10NL_3_1,1,3500,"('s', 'sk', 's')",enfuɾesejs,enfuɾesejs
90L_10NL,3,90L_10NL_3_1,1,3500,"('s', 'sk', 's')",enfuɾesejs,enfuɾesejs
90L_10NL,3,90L_10NL_3_1,1,3500,"('s', 'sk', 's')",enfuɾesejs,enfuɾesejs
90L_10NL,3,90L_10NL_3_1,1,3500,"('s', 'sk', 's')",enfuɾesejs,enfuɾesejs
90L_10NL,3,90L_10NL_3_1,1,3500,"('s', 'sk', 's')",enfuɾesejs,enfuɾesejs
90L_10NL,3,90L_10NL_3_1,1,3500,"('s', 'sk', 's')",enfuɾesejs,enfuɾesejs
90L_10NL,3,90L_10NL_3_1,1,3500,"('s', 'sk', 's')",enfuɾesejs,enfuɾesejs
90L_10NL,3,90L_10NL_3_1,1,3500,"('s', 'sk', 's')",enfuɾesejs,enfuɾesejs
90L_10NL,3,90L_10NL_3_1,1,3500,"('s', 'sk', 's')",enfuɾesejs,enfuɾesejs
90L_10NL,3,90L_10NL_3_1,1,3500,"('s', 'sk', 's')",enfuɾesejs,enfuɾesejs
90L_10NL,3,90L_10NL_3_1,1,3500,"('s', 'sk', 's')",enfuɾesejs,enfuɾesejs
90L_10NL,3,90L_10NL_3_1,1,2625,"('sk', 'sk', 's')",enfuɾesejs,enfuɾesejs
90L_10NL,3,90L_10NL_3_1,1,2625,"('sk', 'sk', 's')",enfuɾesejs,enfuɾesejs
90L_10NL,3,90L_10NL_3_1,1,2625,"('sk', 'sk', 's')",enfuɾesejs,enfuɾesejs
90L_10NL,3,90L_10NL_3_1,1,2625,"('sk', 'sk', 's')",enfuɾesejs,enfuɾesejs
90L_10NL,3,90L_10NL_3_1,1,2625,"('sk', 'sk', 's')",enfuɾesejs,enfuɾesejs
90L_10NL,3,90L_10NL_3_1,1,2625,"('sk', 'sk', 's')",enfuɾesejs,enfuɾesejs
90L_10NL,3,90L_10NL_3_1,1,2625,"('sk', 'sk', 's')",enfuɾesejs,enfuɾesejs
90L_10NL,3,90L_10NL_3_1,1,2625,"('sk', 'sk', 's')",enfuɾesejs,enfuɾesejs
90L_10NL,3,90L_10NL_3_1,1,2625,"('sk', 'sk', 's')",enfuɾesejs,enfuɾesejs
90L_10NL,3,90L_10NL_3_1,1,2625,"('sk', 'sk', 's')",enfuɾesejs,enfuɾesejs
90L_10NL,3,90L_10NL_3_1,1,2625,"('sk', 'sk', 's')",enfuɾesejs,enfuɾesejs
90L_10NL,3,90L_10NL_3_1,1,2625,"('sk', 'sk', 's')",enfuɾesejs,enfuɾesejs
90L_10NL,3,90L_10NL_3_1,1,2625,"('sk', 'sk', 's')",enfuɾesejs,enfuɾesejs
90L_10NL,3,90L_10NL_3_1,1,2625,"('sk', 'sk', 's')",enfuɾesejs,enfuɾesejs
90L_10NL,3,90L_10NL_3_1,1,2625,"('sk', 'sk', 's')",enfuɾesejs,enfuɾesejs
90L_10NL,3,90L_10NL_3_1,1,2625,"('sk', 'sk', 's')",enfuɾesejs,enfuɾesejs
90L_10NL,3,90L_10NL_3_1,1,2625,"('sk', 'sk', 's')",enfuɾesejs,enfuɾesejs
90L_10NL,3,90L_10NL_3_1,0,2625,"('sk', 'sk', 's')",enfuɾesemos,enfuɾesejs
90L_10NL,3,90L_10NL_3_1,0,2625,"('sk', 'sk', 's')",enfuɾesemos,enfuɾesejs
90L_10NL,3,90L_10NL_3_1,0,2625,"('sk', 'sk', 's')",enfuɾesemos,enfuɾesejs
90L_10NL,3,90L_10NL_3_1,0,2625,"('sk', 'sk', 's')",enfuɾesemos,enfuɾesejs
90L_10NL,3,90L_10NL_3_1,1,1085,"('s', 's', 's')",enfuɾesemos,enfuɾesemos
90L_10NL,3,90L_10NL_3_1,1,1085,"('s', 's', 's')",enfuɾesemos,enfuɾesemos
90L_10NL,3,90L_10NL_3_1,1,1085,"('s', 's', 's')",enfuɾesemos,enfuɾesemos
90L_10NL,3,90L_10NL_3_1,1,3500,"('s', 'sk', 's')",enfuɾesemos,enfuɾesemos
90L_10NL,3,90L_10NL_3_1,1,3500,"('s', 'sk', 's')",enfuɾesemos,enfuɾesemos
90L_10NL,3,90L_10NL_3_1,1,3500,"('s', 'sk', 's')",enfuɾesemos,enfuɾesemos
90L_10NL,3,90L_10NL_3_1,1,3500,"('s', 'sk', 's')",enfuɾesemos,enfuɾesemos
90L_10NL,3,90L_10NL_3_1,1,3500,"('s', 'sk', 's')",enfuɾesemos,enfuɾesemos
90L_10NL,3,90L_10NL_3_1,1,3500,"('s', 'sk', 's')",enfuɾesemos,enfuɾesemos
90L_10NL,3,90L_10NL_3_1,1,3500,"('s', 'sk', 's')",enfuɾesemos,enfuɾesemos
90L_10NL,3,90L_10NL_3_1,1,1085,"('s', 's', 's')",enfuɾesemos,enfuɾesemos
90L_10NL,3,90L_10NL_3_1,1,1085,"('s', 's', 's')",enfuɾesemos,enfuɾesemos
90L_10NL,3,90L_10NL_3_1,1,3500,"('s', 'sk', 's')",enfuɾesemos,enfuɾesemos
90L_10NL,3,90L_10NL_3_1,1,3500,"('s', 'sk', 's')",enfuɾesemos,enfuɾesemos
90L_10NL,3,90L_10NL_3_1,1,3500,"('s', 'sk', 's')",enfuɾesemos,enfuɾesemos
90L_10NL,3,90L_10NL_3_1,1,3500,"('s', 'sk', 's')",enfuɾesemos,enfuɾesemos
90L_10NL,3,90L_10NL_3_1,1,3500,"('s', 'sk', 's')",enfuɾesemos,enfuɾesemos
90L_10NL,3,90L_10NL_3_1,1,3500,"('s', 'sk', 's')",enfuɾesemos,enfuɾesemos
90L_10NL,3,90L_10NL_3_1,1,3500,"('s', 'sk', 's')",enfuɾesemos,enfuɾesemos
90L_10NL,3,90L_10NL_3_1,1,1085,"('s', 's', 's')",enfuɾesemos,enfuɾesemos
90L_10NL,3,90L_10NL_3_1,1,3500,"('s', 'sk', 's')",enfuɾesemos,enfuɾesemos
90L_10NL,3,90L_10NL_3_1,1,3500,"('s', 'sk', 's')",enfuɾesemos,enfuɾesemos
90L_10NL,3,90L_10NL_3_1,1,3500,"('s', 'sk', 's')",enfuɾesemos,enfuɾesemos
90L_10NL,3,90L_10NL_3_1,1,3500,"('s', 'sk', 's')",enfuɾesemos,enfuɾesemos
90L_10NL,3,90L_10NL_3_1,1,3500,"('s', 'sk', 's')",enfuɾesemos,enfuɾesemos
90L_10NL,3,90L_10NL_3_1,1,3500,"('s', 'sk', 's')",enfuɾesemos,enfuɾesemos
90L_10NL,3,90L_10NL_3_1,1,3500,"('s', 'sk', 's')",enfuɾesemos,enfuɾesemos
90L_10NL,3,90L_10NL_3_1,1,3500,"('s', 'sk', 's')",enfuɾesemos,enfuɾesemos
90L_10NL,3,90L_10NL_3_1,1,3500,"('s', 'sk', 's')",enfuɾesemos,enfuɾesemos
90L_10NL,3,90L_10NL_3_1,1,3500,"('s', 'sk', 's')",enfuɾesemos,enfuɾesemos
90L_10NL,3,90L_10NL_3_1,1,3500,"('s', 'sk', 's')",enfuɾesemos,enfuɾesemos
90L_10NL,3,90L_10NL_3_1,1,3500,"('s', 'sk', 's')",enfuɾesemos,enfuɾesemos
90L_10NL,3,90L_10NL_3_1,1,3500,"('s', 'sk', 's')",enfuɾesemos,enfuɾesemos
90L_10NL,3,90L_10NL_3_1,1,3500,"('s', 'sk', 's')",enfuɾesemos,enfuɾesemos
90L_10NL,3,90L_10NL_3_1,1,2625,"('sk', 'sk', 's')",enfuɾesemos,enfuɾesemos
90L_10NL,3,90L_10NL_3_1,1,2625,"('sk', 'sk', 's')",enfuɾesemos,enfuɾesemos
90L_10NL,3,90L_10NL_3_1,1,2625,"('sk', 'sk', 's')",enfuɾesemos,enfuɾesemos
90L_10NL,3,90L_10NL_3_1,1,2625,"('sk', 'sk', 's')",enfuɾesemos,enfuɾesemos
90L_10NL,3,90L_10NL_3_1,1,2625,"('sk', 'sk', 's')",enfuɾesemos,enfuɾesemos
90L_10NL,3,90L_10NL_3_1,1,2625,"('sk', 'sk', 's')",enfuɾesemos,enfuɾesemos
90L_10NL,3,90L_10NL_3_1,1,2625,"('sk', 'sk', 's')",enfuɾesemos,enfuɾesemos
90L_10NL,3,90L_10NL_3_1,1,2625,"('sk', 'sk', 's')",enfuɾesemos,enfuɾesemos
90L_10NL,3,90L_10NL_3_1,1,2625,"('sk', 'sk', 's')",enfuɾesemos,enfuɾesemos
90L_10NL,3,90L_10NL_3_1,1,2625,"('sk', 'sk', 's')",enfuɾesemos,enfuɾesemos
90L_10NL,3,90L_10NL_3_1,1,2625,"('sk', 'sk', 's')",enfuɾesemos,enfuɾesemos
90L_10NL,3,90L_10NL_3_1,1,2625,"('sk', 'sk', 's')",enfuɾesemos,enfuɾesemos
90L_10NL,3,90L_10NL_3_1,1,2625,"('sk', 'sk', 's')",enfuɾesemos,enfuɾesemos
90L_10NL,3,90L_10NL_3_1,1,2625,"('sk', 'sk', 's')",enfuɾesemos,enfuɾesemos
90L_10NL,3,90L_10NL_3_1,1,2625,"('sk', 'sk', 's')",enfuɾesemos,enfuɾesemos
90L_10NL,3,90L_10NL_3_1,1,2625,"('sk', 'sk', 's')",enfuɾesemos,enfuɾesemos
90L_10NL,3,90L_10NL_3_1,1,2625,"('sk', 'sk', 's')",enfuɾesemos,enfuɾesemos
90L_10NL,3,90L_10NL_3_1,0,2625,"('sk', 'sk', 's')",enfuɾesen,enfuɾesemos
90L_10NL,3,90L_10NL_3_1,0,2625,"('sk', 'sk', 's')",enfuɾesen,enfuɾesemos
90L_10NL,3,90L_10NL_3_1,0,2625,"('sk', 'sk', 's')",enfuɾesen,enfuɾesemos
90L_10NL,3,90L_10NL_3_1,0,2625,"('sk', 'sk', 's')",enfuɾesen,enfuɾesemos
90L_10NL,3,90L_10NL_3_1,1,1085,"('s', 's', 's')",enfuɾesen,enfuɾesen
90L_10NL,3,90L_10NL_3_1,1,1085,"('s', 's', 's')",enfuɾesen,enfuɾesen
90L_10NL,3,90L_10NL_3_1,1,1085,"('s', 's', 's')",enfuɾesen,enfuɾesen
90L_10NL,3,90L_10NL_3_1,1,3500,"('s', 'sk', 's')",enfuɾesen,enfuɾesen
90L_10NL,3,90L_10NL_3_1,1,3500,"('s', 'sk', 's')",enfuɾesen,enfuɾesen
90L_10NL,3,90L_10NL_3_1,1,3500,"('s', 'sk', 's')",enfuɾesen,enfuɾesen
90L_10NL,3,90L_10NL_3_1,1,3500,"('s', 'sk', 's')",enfuɾesen,enfuɾesen
90L_10NL,3,90L_10NL_3_1,1,3500,"('s', 'sk', 's')",enfuɾesen,enfuɾesen
90L_10NL,3,90L_10NL_3_1,1,3500,"('s', 'sk', 's')",enfuɾesen,enfuɾesen
90L_10NL,3,90L_10NL_3_1,1,3500,"('s', 'sk', 's')",enfuɾesen,enfuɾesen
90L_10NL,3,90L_10NL_3_1,1,1085,"('s', 's', 's')",enfuɾesen,enfuɾesen
90L_10NL,3,90L_10NL_3_1,1,1085,"('s', 's', 's')",enfuɾesen,enfuɾesen
90L_10NL,3,90L_10NL_3_1,1,3500,"('s', 'sk', 's')",enfuɾesen,enfuɾesen
90L_10NL,3,90L_10NL_3_1,1,3500,"('s', 'sk', 's')",enfuɾesen,enfuɾesen
90L_10NL,3,90L_10NL_3_1,1,3500,"('s', 'sk', 's')",enfuɾesen,enfuɾesen
90L_10NL,3,90L_10NL_3_1,1,3500,"('s', 'sk', 's')",enfuɾesen,enfuɾesen
90L_10NL,3,90L_10NL_3_1,1,3500,"('s', 'sk', 's')",enfuɾesen,enfuɾesen
90L_10NL,3,90L_10NL_3_1,1,3500,"('s', 'sk', 's')",enfuɾesen,enfuɾesen
90L_10NL,3,90L_10NL_3_1,1,3500,"('s', 'sk', 's')",enfuɾesen,enfuɾesen
90L_10NL,3,90L_10NL_3_1,1,1085,"('s', 's', 's')",enfuɾesen,enfuɾesen
90L_10NL,3,90L_10NL_3_1,1,3500,"('s', 'sk', 's')",enfuɾesen,enfuɾesen
90L_10NL,3,90L_10NL_3_1,1,3500,"('s', 'sk', 's')",enfuɾesen,enfuɾesen
90L_10NL,3,90L_10NL_3_1,1,3500,"('s', 'sk', 's')",enfuɾesen,enfuɾesen
90L_10NL,3,90L_10NL_3_1,1,3500,"('s', 'sk', 's')",enfuɾesen,enfuɾesen
90L_10NL,3,90L_10NL_3_1,1,3500,"('s', 'sk', 's')",enfuɾesen,enfuɾesen
90L_10NL,3,90L_10NL_3_1,1,3500,"('s', 'sk', 's')",enfuɾesen,enfuɾesen
90L_10NL,3,90L_10NL_3_1,1,3500,"('s', 'sk', 's')",enfuɾesen,enfuɾesen
90L_10NL,3,90L_10NL_3_1,1,3500,"('s', 'sk', 's')",enfuɾesen,enfuɾesen
90L_10NL,3,90L_10NL_3_1,1,3500,"('s', 'sk', 's')",enfuɾesen,enfuɾesen
90L_10NL,3,90L_10NL_3_1,1,3500,"('s', 'sk', 's')",enfuɾesen,enfuɾesen
90L_10NL,3,90L_10NL_3_1,1,3500,"('s', 'sk', 's')",enfuɾesen,enfuɾesen
90L_10NL,3,90L_10NL_3_1,1,3500,"('s', 'sk', 's')",enfuɾesen,enfuɾesen
90L_10NL,3,90L_10NL_3_1,1,3500,"('s', 'sk', 's')",enfuɾesen,enfuɾesen
90L_10NL,3,90L_10NL_3_1,1,3500,"('s', 'sk', 's')",enfuɾesen,enfuɾesen
90L_10NL,3,90L_10NL_3_1,1,2625,"('sk', 'sk', 's')",enfuɾesen,enfuɾesen
90L_10NL,3,90L_10NL_3_1,1,2625,"('sk', 'sk', 's')",enfuɾesen,enfuɾesen
90L_10NL,3,90L_10NL_3_1,1,2625,"('sk', 'sk', 's')",enfuɾesen,enfuɾesen
90L_10NL,3,90L_10NL_3_1,1,2625,"('sk', 'sk', 's')",enfuɾesen,enfuɾesen
90L_10NL,3,90L_10NL_3_1,1,2625,"('sk', 'sk', 's')",enfuɾesen,enfuɾesen
90L_10NL,3,90L_10NL_3_1,1,2625,"('sk', 'sk', 's')",enfuɾesen,enfuɾesen
90L_10NL,3,90L_10NL_3_1,1,2625,"('sk', 'sk', 's')",enfuɾesen,enfuɾesen
90L_10NL,3,90L_10NL_3_1,1,2625,"('sk', 'sk', 's')",enfuɾesen,enfuɾesen
90L_10NL,3,90L_10NL_3_1,1,2625,"('sk', 'sk', 's')",enfuɾesen,enfuɾesen
90L_10NL,3,90L_10NL_3_1,1,2625,"('sk', 'sk', 's')",enfuɾesen,enfuɾesen
90L_10NL,3,90L_10NL_3_1,1,2625,"('sk', 'sk', 's')",enfuɾesen,enfuɾesen
90L_10NL,3,90L_10NL_3_1,1,2625,"('sk', 'sk', 's')",enfuɾesen,enfuɾesen
90L_10NL,3,90L_10NL_3_1,1,2625,"('sk', 'sk', 's')",enfuɾesen,enfuɾesen
90L_10NL,3,90L_10NL_3_1,1,2625,"('sk', 'sk', 's')",enfuɾesen,enfuɾesen
90L_10NL,3,90L_10NL_3_1,1,2625,"('sk', 'sk', 's')",enfuɾesen,enfuɾesen
90L_10NL,3,90L_10NL_3_1,1,2625,"('sk', 'sk', 's')",enfuɾesen,enfuɾesen
90L_10NL,3,90L_10NL_3_1,1,2625,"('sk', 'sk', 's')",enfuɾesen,enfuɾesen
90L_10NL,3,90L_10NL_3_1,0,2625,"('sk', 'sk', 's')",enfuɾeses,enfuɾesen
90L_10NL,3,90L_10NL_3_1,0,2625,"('sk', 'sk', 's')",enfuɾeses,enfuɾesen
90L_10NL,3,90L_10NL_3_1,0,2625,"('sk', 'sk', 's')",enfuɾeses,enfuɾesen
90L_10NL,3,90L_10NL_3_1,0,2625,"('sk', 'sk', 's')",enfuɾeses,enfuɾesen
90L_10NL,3,90L_10NL_3_1,1,1085,"('s', 's', 's')",enfuɾeses,enfuɾeses
90L_10NL,3,90L_10NL_3_1,1,1085,"('s', 's', 's')",enfuɾeses,enfuɾeses
90L_10NL,3,90L_10NL_3_1,1,1085,"('s', 's', 's')",enfuɾeses,enfuɾeses
90L_10NL,3,90L_10NL_3_1,1,3500,"('s', 'sk', 's')",enfuɾeses,enfuɾeses
90L_10NL,3,90L_10NL_3_1,1,3500,"('s', 'sk', 's')",enfuɾeses,enfuɾeses
90L_10NL,3,90L_10NL_3_1,1,3500,"('s', 'sk', 's')",enfuɾeses,enfuɾeses
90L_10NL,3,90L_10NL_3_1,1,3500,"('s', 'sk', 's')",enfuɾeses,enfuɾeses
90L_10NL,3,90L_10NL_3_1,1,3500,"('s', 'sk', 's')",enfuɾeses,enfuɾeses
90L_10NL,3,90L_10NL_3_1,1,3500,"('s', 'sk', 's')",enfuɾeses,enfuɾeses
90L_10NL,3,90L_10NL_3_1,1,3500,"('s', 'sk', 's')",enfuɾeses,enfuɾeses
90L_10NL,3,90L_10NL_3_1,1,1085,"('s', 's', 's')",enfuɾeses,enfuɾeses
90L_10NL,3,90L_10NL_3_1,1,1085,"('s', 's', 's')",enfuɾeses,enfuɾeses
90L_10NL,3,90L_10NL_3_1,1,3500,"('s', 'sk', 's')",enfuɾeses,enfuɾeses
90L_10NL,3,90L_10NL_3_1,1,3500,"('s', 'sk', 's')",enfuɾeses,enfuɾeses
90L_10NL,3,90L_10NL_3_1,1,3500,"('s', 'sk', 's')",enfuɾeses,enfuɾeses
90L_10NL,3,90L_10NL_3_1,1,3500,"('s', 'sk', 's')",enfuɾeses,enfuɾeses
90L_10NL,3,90L_10NL_3_1,1,3500,"('s', 'sk', 's')",enfuɾeses,enfuɾeses
90L_10NL,3,90L_10NL_3_1,1,3500,"('s', 'sk', 's')",enfuɾeses,enfuɾeses
90L_10NL,3,90L_10NL_3_1,1,3500,"('s', 'sk', 's')",enfuɾeses,enfuɾeses
90L_10NL,3,90L_10NL_3_1,1,1085,"('s', 's', 's')",enfuɾeses,enfuɾeses
90L_10NL,3,90L_10NL_3_1,1,3500,"('s', 'sk', 's')",enfuɾeses,enfuɾeses
90L_10NL,3,90L_10NL_3_1,1,3500,"('s', 'sk', 's')",enfuɾeses,enfuɾeses
90L_10NL,3,90L_10NL_3_1,1,3500,"('s', 'sk', 's')",enfuɾeses,enfuɾeses
90L_10NL,3,90L_10NL_3_1,1,3500,"('s', 'sk', 's')",enfuɾeses,enfuɾeses
90L_10NL,3,90L_10NL_3_1,1,3500,"('s', 'sk', 's')",enfuɾeses,enfuɾeses
90L_10NL,3,90L_10NL_3_1,1,3500,"('s', 'sk', 's')",enfuɾeses,enfuɾeses
90L_10NL,3,90L_10NL_3_1,1,3500,"('s', 'sk', 's')",enfuɾeses,enfuɾeses
90L_10NL,3,90L_10NL_3_1,1,3500,"('s', 'sk', 's')",enfuɾeses,enfuɾeses
90L_10NL,3,90L_10NL_3_1,1,3500,"('s', 'sk', 's')",enfuɾeses,enfuɾeses
90L_10NL,3,90L_10NL_3_1,1,3500,"('s', 'sk', 's')",enfuɾeses,enfuɾeses
90L_10NL,3,90L_10NL_3_1,1,3500,"('s', 'sk', 's')",enfuɾeses,enfuɾeses
90L_10NL,3,90L_10NL_3_1,1,3500,"('s', 'sk', 's')",enfuɾeses,enfuɾeses
90L_10NL,3,90L_10NL_3_1,1,3500,"('s', 'sk', 's')",enfuɾeses,enfuɾeses
90L_10NL,3,90L_10NL_3_1,1,3500,"('s', 'sk', 's')",enfuɾeses,enfuɾeses
90L_10NL,3,90L_10NL_3_1,1,2625,"('sk', 'sk', 's')",enfuɾeses,enfuɾeses
90L_10NL,3,90L_10NL_3_1,1,2625,"('sk', 'sk', 's')",enfuɾeses,enfuɾeses
90L_10NL,3,90L_10NL_3_1,1,2625,"('sk', 'sk', 's')",enfuɾeses,enfuɾeses
90L_10NL,3,90L_10NL_3_1,1,2625,"('sk', 'sk', 's')",enfuɾeses,enfuɾeses
90L_10NL,3,90L_10NL_3_1,1,2625,"('sk', 'sk', 's')",enfuɾeses,enfuɾeses
90L_10NL,3,90L_10NL_3_1,1,2625,"('sk', 'sk', 's')",enfuɾeses,enfuɾeses
90L_10NL,3,90L_10NL_3_1,1,2625,"('sk', 'sk', 's')",enfuɾeses,enfuɾeses
90L_10NL,3,90L_10NL_3_1,1,2625,"('sk', 'sk', 's')",enfuɾeses,enfuɾeses
90L_10NL,3,90L_10NL_3_1,1,2625,"('sk', 'sk', 's')",enfuɾeses,enfuɾeses
90L_10NL,3,90L_10NL_3_1,1,2625,"('sk', 'sk', 's')",enfuɾeses,enfuɾeses
90L_10NL,3,90L_10NL_3_1,1,2625,"('sk', 'sk', 's')",enfuɾeses,enfuɾeses
90L_10NL,3,90L_10NL_3_1,1,2625,"('sk', 'sk', 's')",enfuɾeses,enfuɾeses
90L_10NL,3,90L_10NL_3_1,1,2625,"('sk', 'sk', 's')",enfuɾeses,enfuɾeses
90L_10NL,3,90L_10NL_3_1,1,2625,"('sk', 'sk', 's')",enfuɾeses,enfuɾeses
90L_10NL,3,90L_10NL_3_1,1,2625,"('sk', 'sk', 's')",enfuɾeses,enfuɾeses
90L_10NL,3,90L_10NL_3_1,1,2625,"('sk', 'sk', 's')",enfuɾeses,enfuɾeses
90L_10NL,3,90L_10NL_3_1,1,2625,"('sk', 'sk', 's')",enfuɾeses,enfuɾeses
90L_10NL,3,90L_10NL_3_1,0,2625,"('sk', 'sk', 's')",enfuɾese,enfuɾeses
90L_10NL,3,90L_10NL_3_1,0,2625,"('sk', 'sk', 's')",enfuɾese,enfuɾeses
90L_10NL,3,90L_10NL_3_1,0,2625,"('sk', 'sk', 's')",enfuɾese,enfuɾeses
90L_10NL,3,90L_10NL_3_1,0,2625,"('sk', 'sk', 's')",enfuɾese,enfuɾeses
90L_10NL,3,90L_10NL_3_1,1,1085,"('s', 's', 's')",enfuɾese,enfuɾese
90L_10NL,3,90L_10NL_3_1,1,1085,"('s', 's', 's')",enfuɾese,enfuɾese
90L_10NL,3,90L_10NL_3_1,1,1085,"('s', 's', 's')",enfuɾese,enfuɾese
90L_10NL,3,90L_10NL_3_1,1,3500,"('s', 'sk', 's')",enfuɾese,enfuɾese
90L_10NL,3,90L_10NL_3_1,1,3500,"('s', 'sk', 's')",enfuɾese,enfuɾese
90L_10NL,3,90L_10NL_3_1,1,3500,"('s', 'sk', 's')",enfuɾese,enfuɾese
90L_10NL,3,90L_10NL_3_1,1,3500,"('s', 'sk', 's')",enfuɾese,enfuɾese
90L_10NL,3,90L_10NL_3_1,1,3500,"('s', 'sk', 's')",enfuɾese,enfuɾese
90L_10NL,3,90L_10NL_3_1,1,3500,"('s', 'sk', 's')",enfuɾese,enfuɾese
90L_10NL,3,90L_10NL_3_1,1,3500,"('s', 'sk', 's')",enfuɾese,enfuɾese
90L_10NL,3,90L_10NL_3_1,1,1085,"('s', 's', 's')",enfuɾese,enfuɾese
90L_10NL,3,90L_10NL_3_1,1,1085,"('s', 's', 's')",enfuɾese,enfuɾese
90L_10NL,3,90L_10NL_3_1,1,3500,"('s', 'sk', 's')",enfuɾese,enfuɾese
90L_10NL,3,90L_10NL_3_1,1,3500,"('s', 'sk', 's')",enfuɾese,enfuɾese
90L_10NL,3,90L_10NL_3_1,1,3500,"('s', 'sk', 's')",enfuɾese,enfuɾese
90L_10NL,3,90L_10NL_3_1,1,3500,"('s', 'sk', 's')",enfuɾese,enfuɾese
90L_10NL,3,90L_10NL_3_1,1,3500,"('s', 'sk', 's')",enfuɾese,enfuɾese
90L_10NL,3,90L_10NL_3_1,1,3500,"('s', 'sk', 's')",enfuɾese,enfuɾese
90L_10NL,3,90L_10NL_3_1,1,3500,"('s', 'sk', 's')",enfuɾese,enfuɾese
90L_10NL,3,90L_10NL_3_1,1,1085,"('s', 's', 's')",enfuɾese,enfuɾese
90L_10NL,3,90L_10NL_3_1,1,3500,"('s', 'sk', 's')",enfuɾese,enfuɾese
90L_10NL,3,90L_10NL_3_1,1,3500,"('s', 'sk', 's')",enfuɾese,enfuɾese
90L_10NL,3,90L_10NL_3_1,1,3500,"('s', 'sk', 's')",enfuɾese,enfuɾese
90L_10NL,3,90L_10NL_3_1,1,3500,"('s', 'sk', 's')",enfuɾese,enfuɾese
90L_10NL,3,90L_10NL_3_1,1,3500,"('s', 'sk', 's')",enfuɾese,enfuɾese
90L_10NL,3,90L_10NL_3_1,1,3500,"('s', 'sk', 's')",enfuɾese,enfuɾese
90L_10NL,3,90L_10NL_3_1,1,3500,"('s', 'sk', 's')",enfuɾese,enfuɾese
90L_10NL,3,90L_10NL_3_1,1,3500,"('s', 'sk', 's')",enfuɾese,enfuɾese
90L_10NL,3,90L_10NL_3_1,1,3500,"('s', 'sk', 's')",enfuɾese,enfuɾese
90L_10NL,3,90L_10NL_3_1,1,3500,"('s', 'sk', 's')",enfuɾese,enfuɾese
90L_10NL,3,90L_10NL_3_1,1,3500,"('s', 'sk', 's')",enfuɾese,enfuɾese
90L_10NL,3,90L_10NL_3_1,1,3500,"('s', 'sk', 's')",enfuɾese,enfuɾese
90L_10NL,3,90L_10NL_3_1,1,3500,"('s', 'sk', 's')",enfuɾese,enfuɾese
90L_10NL,3,90L_10NL_3_1,1,3500,"('s', 'sk', 's')",enfuɾese,enfuɾese
90L_10NL,3,90L_10NL_3_1,1,2625,"('sk', 'sk', 's')",enfuɾese,enfuɾese
90L_10NL,3,90L_10NL_3_1,1,2625,"('sk', 'sk', 's')",enfuɾese,enfuɾese
90L_10NL,3,90L_10NL_3_1,1,2625,"('sk', 'sk', 's')",enfuɾese,enfuɾese
90L_10NL,3,90L_10NL_3_1,1,2625,"('sk', 'sk', 's')",enfuɾese,enfuɾese
90L_10NL,3,90L_10NL_3_1,1,2625,"('sk', 'sk', 's')",enfuɾese,enfuɾese
90L_10NL,3,90L_10NL_3_1,1,2625,"('sk', 'sk', 's')",enfuɾese,enfuɾese
90L_10NL,3,90L_10NL_3_1,1,2625,"('sk', 'sk', 's')",enfuɾese,enfuɾese
90L_10NL,3,90L_10NL_3_1,1,2625,"('sk', 'sk', 's')",enfuɾese,enfuɾese
90L_10NL,3,90L_10NL_3_1,1,2625,"('sk', 'sk', 's')",enfuɾese,enfuɾese
90L_10NL,3,90L_10NL_3_1,1,2625,"('sk', 'sk', 's')",enfuɾese,enfuɾese
90L_10NL,3,90L_10NL_3_1,1,2625,"('sk', 'sk', 's')",enfuɾese,enfuɾese
90L_10NL,3,90L_10NL_3_1,1,2625,"('sk', 'sk', 's')",enfuɾese,enfuɾese
90L_10NL,3,90L_10NL_3_1,1,2625,"('sk', 'sk', 's')",enfuɾese,enfuɾese
90L_10NL,3,90L_10NL_3_1,1,2625,"('sk', 'sk', 's')",enfuɾese,enfuɾese
90L_10NL,3,90L_10NL_3_1,1,2625,"('sk', 'sk', 's')",enfuɾese,enfuɾese
90L_10NL,3,90L_10NL_3_1,1,2625,"('sk', 'sk', 's')",enfuɾese,enfuɾese
90L_10NL,3,90L_10NL_3_1,1,2625,"('sk', 'sk', 's')",enfuɾese,enfuɾese
90L_10NL,3,90L_10NL_3_1,0,2625,"('sk', 'sk', 's')",enfuɾeskajs,enfuɾese
90L_10NL,3,90L_10NL_3_1,0,2625,"('sk', 'sk', 's')",enfuɾeskajs,enfuɾese
90L_10NL,3,90L_10NL_3_1,0,2625,"('sk', 'sk', 's')",enfuɾeskajs,enfuɾese
90L_10NL,3,90L_10NL_3_1,0,2625,"('sk', 'sk', 's')",enfuɾeskajs,enfuɾese
90L_10NL,3,90L_10NL_3_1,1,1750,"('s', 's', 'sk')",enfuɾeskajs,enfuɾeskajs
90L_10NL,3,90L_10NL_3_1,1,1750,"('s', 's', 'sk')",enfuɾeskajs,enfuɾeskajs
90L_10NL,3,90L_10NL_3_1,1,1750,"('s', 's', 'sk')",enfuɾeskajs,enfuɾeskajs
90L_10NL,3,90L_10NL_3_1,1,1750,"('s', 's', 'sk')",enfuɾeskajs,enfuɾeskajs
90L_10NL,3,90L_10NL_3_1,1,5250,"('s', 'sk', 'sk')",enfuɾeskajs,enfuɾeskajs
90L_10NL,3,90L_10NL_3_1,1,5250,"('s', 'sk', 'sk')",enfuɾeskajs,enfuɾeskajs
90L_10NL,3,90L_10NL_3_1,1,5250,"('s', 'sk', 'sk')",enfuɾeskajs,enfuɾeskajs
90L_10NL,3,90L_10NL_3_1,1,5250,"('s', 'sk', 'sk')",enfuɾeskajs,enfuɾeskajs
90L_10NL,3,90L_10NL_3_1,1,5250,"('s', 'sk', 'sk')",enfuɾeskajs,enfuɾeskajs
90L_10NL,3,90L_10NL_3_1,1,5250,"('s', 'sk', 'sk')",enfuɾeskajs,enfuɾeskajs
90L_10NL,3,90L_10NL_3_1,1,1750,"('s', 's', 'sk')",enfuɾeskajs,enfuɾeskajs
90L_10NL,3,90L_10NL_3_1,1,1750,"('s', 's', 'sk')",enfuɾeskajs,enfuɾeskajs
90L_10NL,3,90L_10NL_3_1,1,1750,"('s', 's', 'sk')",enfuɾeskajs,enfuɾeskajs
90L_10NL,3,90L_10NL_3_1,1,5250,"('s', 'sk', 'sk')",enfuɾeskajs,enfuɾeskajs
90L_10NL,3,90L_10NL_3_1,1,5250,"('s', 'sk', 'sk')",enfuɾeskajs,enfuɾeskajs
90L_10NL,3,90L_10NL_3_1,1,5250,"('s', 'sk', 'sk')",enfuɾeskajs,enfuɾeskajs
90L_10NL,3,90L_10NL_3_1,1,5250,"('s', 'sk', 'sk')",enfuɾeskajs,enfuɾeskajs
90L_10NL,3,90L_10NL_3_1,1,5250,"('s', 'sk', 'sk')",enfuɾeskajs,enfuɾeskajs
90L_10NL,3,90L_10NL_3_1,1,5250,"('s', 'sk', 'sk')",enfuɾeskajs,enfuɾeskajs
90L_10NL,3,90L_10NL_3_1,1,1750,"('s', 's', 'sk')",enfuɾeskajs,enfuɾeskajs
90L_10NL,3,90L_10NL_3_1,1,1750,"('s', 's', 'sk')",enfuɾeskajs,enfuɾeskajs
90L_10NL,3,90L_10NL_3_1,1,5250,"('s', 'sk', 'sk')",enfuɾeskajs,enfuɾeskajs
90L_10NL,3,90L_10NL_3_1,1,5250,"('s', 'sk', 'sk')",enfuɾeskajs,enfuɾeskajs
90L_10NL,3,90L_10NL_3_1,1,5250,"('s', 'sk', 'sk')",enfuɾeskajs,enfuɾeskajs
90L_10NL,3,90L_10NL_3_1,1,5250,"('s', 'sk', 'sk')",enfuɾeskajs,enfuɾeskajs
90L_10NL,3,90L_10NL_3_1,1,5250,"('s', 'sk', 'sk')",enfuɾeskajs,enfuɾeskajs
90L_10NL,3,90L_10NL_3_1,1,5250,"('s', 'sk', 'sk')",enfuɾeskajs,enfuɾeskajs
90L_10NL,3,90L_10NL_3_1,1,1750,"('s', 's', 'sk')",enfuɾeskajs,enfuɾeskajs
90L_10NL,3,90L_10NL_3_1,1,5250,"('s', 'sk', 'sk')",enfuɾeskajs,enfuɾeskajs
90L_10NL,3,90L_10NL_3_1,1,5250,"('s', 'sk', 'sk')",enfuɾeskajs,enfuɾeskajs
90L_10NL,3,90L_10NL_3_1,1,5250,"('s', 'sk', 'sk')",enfuɾeskajs,enfuɾeskajs
90L_10NL,3,90L_10NL_3_1,1,5250,"('s', 'sk', 'sk')",enfuɾeskajs,enfuɾeskajs
90L_10NL,3,90L_10NL_3_1,1,5250,"('s', 'sk', 'sk')",enfuɾeskajs,enfuɾeskajs
90L_10NL,3,90L_10NL_3_1,1,5250,"('s', 'sk', 'sk')",enfuɾeskajs,enfuɾeskajs
90L_10NL,3,90L_10NL_3_1,1,5250,"('s', 'sk', 'sk')",enfuɾeskajs,enfuɾeskajs
90L_10NL,3,90L_10NL_3_1,1,5250,"('s', 'sk', 'sk')",enfuɾeskajs,enfuɾeskajs
90L_10NL,3,90L_10NL_3_1,1,5250,"('s', 'sk', 'sk')",enfuɾeskajs,enfuɾeskajs
90L_10NL,3,90L_10NL_3_1,1,5250,"('s', 'sk', 'sk')",enfuɾeskajs,enfuɾeskajs
90L_10NL,3,90L_10NL_3_1,1,5250,"('s', 'sk', 'sk')",enfuɾeskajs,enfuɾeskajs
90L_10NL,3,90L_10NL_3_1,1,5250,"('s', 'sk', 'sk')",enfuɾeskajs,enfuɾeskajs
90L_10NL,3,90L_10NL_3_1,1,2625,"('sk', 'sk', 'sk')",enfuɾeskajs,enfuɾeskajs
90L_10NL,3,90L_10NL_3_1,1,2625,"('sk', 'sk', 'sk')",enfuɾeskajs,enfuɾeskajs
90L_10NL,3,90L_10NL_3_1,1,2625,"('sk', 'sk', 'sk')",enfuɾeskajs,enfuɾeskajs
90L_10NL,3,90L_10NL_3_1,1,2625,"('sk', 'sk', 'sk')",enfuɾeskajs,enfuɾeskajs
90L_10NL,3,90L_10NL_3_1,1,2625,"('sk', 'sk', 'sk')",enfuɾeskajs,enfuɾeskajs
90L_10NL,3,90L_10NL_3_1,1,2625,"('sk', 'sk', 'sk')",enfuɾeskajs,enfuɾeskajs
90L_10NL,3,90L_10NL_3_1,1,2625,"('sk', 'sk', 'sk')",enfuɾeskajs,enfuɾeskajs
90L_10NL,3,90L_10NL_3_1,1,2625,"('sk', 'sk', 'sk')",enfuɾeskajs,enfuɾeskajs
90L_10NL,3,90L_10NL_3_1,1,2625,"('sk', 'sk', 'sk')",enfuɾeskajs,enfuɾeskajs
90L_10NL,3,90L_10NL_3_1,1,2625,"('sk', 'sk', 'sk')",enfuɾeskajs,enfuɾeskajs
90L_10NL,3,90L_10NL_3_1,1,2625,"('sk', 'sk', 'sk')",enfuɾeskajs,enfuɾeskajs
90L_10NL,3,90L_10NL_3_1,0,2625,"('sk', 'sk', 'sk')",enfuɾeskamos,enfuɾeskajs
90L_10NL,3,90L_10NL_3_1,0,2625,"('sk', 'sk', 'sk')",enfuɾeskamos,enfuɾeskajs
90L_10NL,3,90L_10NL_3_1,0,2625,"('sk', 'sk', 'sk')",enfuɾeskamos,enfuɾeskajs
90L_10NL,3,90L_10NL_3_1,0,2625,"('sk', 'sk', 'sk')",enfuɾeskamos,enfuɾeskajs
90L_10NL,3,90L_10NL_3_1,1,1750,"('s', 's', 'sk')",enfuɾeskamos,enfuɾeskamos
90L_10NL,3,90L_10NL_3_1,1,1750,"('s', 's', 'sk')",enfuɾeskamos,enfuɾeskamos
90L_10NL,3,90L_10NL_3_1,1,1750,"('s', 's', 'sk')",enfuɾeskamos,enfuɾeskamos
90L_10NL,3,90L_10NL_3_1,1,1750,"('s', 's', 'sk')",enfuɾeskamos,enfuɾeskamos
90L_10NL,3,90L_10NL_3_1,1,5250,"('s', 'sk', 'sk')",enfuɾeskamos,enfuɾeskamos
90L_10NL,3,90L_10NL_3_1,1,5250,"('s', 'sk', 'sk')",enfuɾeskamos,enfuɾeskamos
90L_10NL,3,90L_10NL_3_1,1,5250,"('s', 'sk', 'sk')",enfuɾeskamos,enfuɾeskamos
90L_10NL,3,90L_10NL_3_1,1,5250,"('s', 'sk', 'sk')",enfuɾeskamos,enfuɾeskamos
90L_10NL,3,90L_10NL_3_1,1,5250,"('s', 'sk', 'sk')",enfuɾeskamos,enfuɾeskamos
90L_10NL,3,90L_10NL_3_1,1,5250,"('s', 'sk', 'sk')",enfuɾeskamos,enfuɾeskamos
90L_10NL,3,90L_10NL_3_1,1,1750,"('s', 's', 'sk')",enfuɾeskamos,enfuɾeskamos
90L_10NL,3,90L_10NL_3_1,1,1750,"('s', 's', 'sk')",enfuɾeskamos,enfuɾeskamos
90L_10NL,3,90L_10NL_3_1,1,1750,"('s', 's', 'sk')",enfuɾeskamos,enfuɾeskamos
90L_10NL,3,90L_10NL_3_1,1,5250,"('s', 'sk', 'sk')",enfuɾeskamos,enfuɾeskamos
90L_10NL,3,90L_10NL_3_1,1,5250,"('s', 'sk', 'sk')",enfuɾeskamos,enfuɾeskamos
90L_10NL,3,90L_10NL_3_1,1,5250,"('s', 'sk', 'sk')",enfuɾeskamos,enfuɾeskamos
90L_10NL,3,90L_10NL_3_1,1,5250,"('s', 'sk', 'sk')",enfuɾeskamos,enfuɾeskamos
90L_10NL,3,90L_10NL_3_1,1,5250,"('s', 'sk', 'sk')",enfuɾeskamos,enfuɾeskamos
90L_10NL,3,90L_10NL_3_1,1,5250,"('s', 'sk', 'sk')",enfuɾeskamos,enfuɾeskamos
90L_10NL,3,90L_10NL_3_1,1,1750,"('s', 's', 'sk')",enfuɾeskamos,enfuɾeskamos
90L_10NL,3,90L_10NL_3_1,1,1750,"('s', 's', 'sk')",enfuɾeskamos,enfuɾeskamos
90L_10NL,3,90L_10NL_3_1,1,5250,"('s', 'sk', 'sk')",enfuɾeskamos,enfuɾeskamos
90L_10NL,3,90L_10NL_3_1,1,5250,"('s', 'sk', 'sk')",enfuɾeskamos,enfuɾeskamos
90L_10NL,3,90L_10NL_3_1,1,5250,"('s', 'sk', 'sk')",enfuɾeskamos,enfuɾeskamos
90L_10NL,3,90L_10NL_3_1,1,5250,"('s', 'sk', 'sk')",enfuɾeskamos,enfuɾeskamos
90L_10NL,3,90L_10NL_3_1,1,5250,"('s', 'sk', 'sk')",enfuɾeskamos,enfuɾeskamos
90L_10NL,3,90L_10NL_3_1,1,5250,"('s', 'sk', 'sk')",enfuɾeskamos,enfuɾeskamos
90L_10NL,3,90L_10NL_3_1,1,1750,"('s', 's', 'sk')",enfuɾeskamos,enfuɾeskamos
90L_10NL,3,90L_10NL_3_1,1,5250,"('s', 'sk', 'sk')",enfuɾeskamos,enfuɾeskamos
90L_10NL,3,90L_10NL_3_1,1,5250,"('s', 'sk', 'sk')",enfuɾeskamos,enfuɾeskamos
90L_10NL,3,90L_10NL_3_1,1,5250,"('s', 'sk', 'sk')",enfuɾeskamos,enfuɾeskamos
90L_10NL,3,90L_10NL_3_1,1,5250,"('s', 'sk', 'sk')",enfuɾeskamos,enfuɾeskamos
90L_10NL,3,90L_10NL_3_1,1,5250,"('s', 'sk', 'sk')",enfuɾeskamos,enfuɾeskamos
90L_10NL,3,90L_10NL_3_1,1,5250,"('s', 'sk', 'sk')",enfuɾeskamos,enfuɾeskamos
90L_10NL,3,90L_10NL_3_1,1,5250,"('s', 'sk', 'sk')",enfuɾeskamos,enfuɾeskamos
90L_10NL,3,90L_10NL_3_1,1,5250,"('s', 'sk', 'sk')",enfuɾeskamos,enfuɾeskamos
90L_10NL,3,90L_10NL_3_1,1,5250,"('s', 'sk', 'sk')",enfuɾeskamos,enfuɾeskamos
90L_10NL,3,90L_10NL_3_1,1,5250,"('s', 'sk', 'sk')",enfuɾeskamos,enfuɾeskamos
90L_10NL,3,90L_10NL_3_1,1,5250,"('s', 'sk', 'sk')",enfuɾeskamos,enfuɾeskamos
90L_10NL,3,90L_10NL_3_1,1,5250,"('s', 'sk', 'sk')",enfuɾeskamos,enfuɾeskamos
90L_10NL,3,90L_10NL_3_1,1,2625,"('sk', 'sk', 'sk')",enfuɾeskamos,enfuɾeskamos
90L_10NL,3,90L_10NL_3_1,1,2625,"('sk', 'sk', 'sk')",enfuɾeskamos,enfuɾeskamos
90L_10NL,3,90L_10NL_3_1,1,2625,"('sk', 'sk', 'sk')",enfuɾeskamos,enfuɾeskamos
90L_10NL,3,90L_10NL_3_1,1,2625,"('sk', 'sk', 'sk')",enfuɾeskamos,enfuɾeskamos
90L_10NL,3,90L_10NL_3_1,1,2625,"('sk', 'sk', 'sk')",enfuɾeskamos,enfuɾeskamos
90L_10NL,3,90L_10NL_3_1,1,2625,"('sk', 'sk', 'sk')",enfuɾeskamos,enfuɾeskamos
90L_10NL,3,90L_10NL_3_1,1,2625,"('sk', 'sk', 'sk')",enfuɾeskamos,enfuɾeskamos
90L_10NL,3,90L_10NL_3_1,1,2625,"('sk', 'sk', 'sk')",enfuɾeskamos,enfuɾeskamos
90L_10NL,3,90L_10NL_3_1,1,2625,"('sk', 'sk', 'sk')",enfuɾeskamos,enfuɾeskamos
90L_10NL,3,90L_10NL_3_1,1,2625,"('sk', 'sk', 'sk')",enfuɾeskamos,enfuɾeskamos
90L_10NL,3,90L_10NL_3_1,1,2625,"('sk', 'sk', 'sk')",enfuɾeskamos,enfuɾeskamos
90L_10NL,3,90L_10NL_3_1,0,2625,"('sk', 'sk', 'sk')",enfuɾeskan,enfuɾeskamos
90L_10NL,3,90L_10NL_3_1,0,2625,"('sk', 'sk', 'sk')",enfuɾeskan,enfuɾeskamos
90L_10NL,3,90L_10NL_3_1,0,2625,"('sk', 'sk', 'sk')",enfuɾeskan,enfuɾeskamos
90L_10NL,3,90L_10NL_3_1,0,2625,"('sk', 'sk', 'sk')",enfuɾeskan,enfuɾeskamos
90L_10NL,3,90L_10NL_3_1,1,1750,"('s', 's', 'sk')",enfuɾeskan,enfuɾeskan
90L_10NL,3,90L_10NL_3_1,1,1750,"('s', 's', 'sk')",enfuɾeskan,enfuɾeskan
90L_10NL,3,90L_10NL_3_1,1,1750,"('s', 's', 'sk')",enfuɾeskan,enfuɾeskan
90L_10NL,3,90L_10NL_3_1,1,1750,"('s', 's', 'sk')",enfuɾeskan,enfuɾeskan
90L_10NL,3,90L_10NL_3_1,1,5250,"('s', 'sk', 'sk')",enfuɾeskan,enfuɾeskan
90L_10NL,3,90L_10NL_3_1,1,5250,"('s', 'sk', 'sk')",enfuɾeskan,enfuɾeskan
90L_10NL,3,90L_10NL_3_1,1,5250,"('s', 'sk', 'sk')",enfuɾeskan,enfuɾeskan
90L_10NL,3,90L_10NL_3_1,1,5250,"('s', 'sk', 'sk')",enfuɾeskan,enfuɾeskan
90L_10NL,3,90L_10NL_3_1,1,5250,"('s', 'sk', 'sk')",enfuɾeskan,enfuɾeskan
90L_10NL,3,90L_10NL_3_1,1,5250,"('s', 'sk', 'sk')",enfuɾeskan,enfuɾeskan
90L_10NL,3,90L_10NL_3_1,1,1750,"('s', 's', 'sk')",enfuɾeskan,enfuɾeskan
90L_10NL,3,90L_10NL_3_1,1,1750,"('s', 's', 'sk')",enfuɾeskan,enfuɾeskan
90L_10NL,3,90L_10NL_3_1,1,1750,"('s', 's', 'sk')",enfuɾeskan,enfuɾeskan
90L_10NL,3,90L_10NL_3_1,1,5250,"('s', 'sk', 'sk')",enfuɾeskan,enfuɾeskan
90L_10NL,3,90L_10NL_3_1,1,5250,"('s', 'sk', 'sk')",enfuɾeskan,enfuɾeskan
90L_10NL,3,90L_10NL_3_1,1,5250,"('s', 'sk', 'sk')",enfuɾeskan,enfuɾeskan
90L_10NL,3,90L_10NL_3_1,1,5250,"('s', 'sk', 'sk')",enfuɾeskan,enfuɾeskan
90L_10NL,3,90L_10NL_3_1,1,5250,"('s', 'sk', 'sk')",enfuɾeskan,enfuɾeskan
90L_10NL,3,90L_10NL_3_1,1,5250,"('s', 'sk', 'sk')",enfuɾeskan,enfuɾeskan
90L_10NL,3,90L_10NL_3_1,1,1750,"('s', 's', 'sk')",enfuɾeskan,enfuɾeskan
90L_10NL,3,90L_10NL_3_1,1,1750,"('s', 's', 'sk')",enfuɾeskan,enfuɾeskan
90L_10NL,3,90L_10NL_3_1,1,5250,"('s', 'sk', 'sk')",enfuɾeskan,enfuɾeskan
90L_10NL,3,90L_10NL_3_1,1,5250,"('s', 'sk', 'sk')",enfuɾeskan,enfuɾeskan
90L_10NL,3,90L_10NL_3_1,1,5250,"('s', 'sk', 'sk')",enfuɾeskan,enfuɾeskan
90L_10NL,3,90L_10NL_3_1,1,5250,"('s', 'sk', 'sk')",enfuɾeskan,enfuɾeskan
90L_10NL,3,90L_10NL_3_1,1,5250,"('s', 'sk', 'sk')",enfuɾeskan,enfuɾeskan
90L_10NL,3,90L_10NL_3_1,1,5250,"('s', 'sk', 'sk')",enfuɾeskan,enfuɾeskan
90L_10NL,3,90L_10NL_3_1,1,1750,"('s', 's', 'sk')",enfuɾeskan,enfuɾeskan
90L_10NL,3,90L_10NL_3_1,1,5250,"('s', 'sk', 'sk')",enfuɾeskan,enfuɾeskan
90L_10NL,3,90L_10NL_3_1,1,5250,"('s', 'sk', 'sk')",enfuɾeskan,enfuɾeskan
90L_10NL,3,90L_10NL_3_1,1,5250,"('s', 'sk', 'sk')",enfuɾeskan,enfuɾeskan
90L_10NL,3,90L_10NL_3_1,1,5250,"('s', 'sk', 'sk')",enfuɾeskan,enfuɾeskan
90L_10NL,3,90L_10NL_3_1,1,5250,"('s', 'sk', 'sk')",enfuɾeskan,enfuɾeskan
90L_10NL,3,90L_10NL_3_1,1,5250,"('s', 'sk', 'sk')",enfuɾeskan,enfuɾeskan
90L_10NL,3,90L_10NL_3_1,1,5250,"('s', 'sk', 'sk')",enfuɾeskan,enfuɾeskan
90L_10NL,3,90L_10NL_3_1,1,5250,"('s', 'sk', 'sk')",enfuɾeskan,enfuɾeskan
90L_10NL,3,90L_10NL_3_1,1,5250,"('s', 'sk', 'sk')",enfuɾeskan,enfuɾeskan
90L_10NL,3,90L_10NL_3_1,1,5250,"('s', 'sk', 'sk')",enfuɾeskan,enfuɾeskan
90L_10NL,3,90L_10NL_3_1,1,5250,"('s', 'sk', 'sk')",enfuɾeskan,enfuɾeskan
90L_10NL,3,90L_10NL_3_1,1,5250,"('s', 'sk', 'sk')",enfuɾeskan,enfuɾeskan
90L_10NL,3,90L_10NL_3_1,1,2625,"('sk', 'sk', 'sk')",enfuɾeskan,enfuɾeskan
90L_10NL,3,90L_10NL_3_1,1,2625,"('sk', 'sk', 'sk')",enfuɾeskan,enfuɾeskan
90L_10NL,3,90L_10NL_3_1,1,2625,"('sk', 'sk', 'sk')",enfuɾeskan,enfuɾeskan
90L_10NL,3,90L_10NL_3_1,1,2625,"('sk', 'sk', 'sk')",enfuɾeskan,enfuɾeskan
90L_10NL,3,90L_10NL_3_1,1,2625,"('sk', 'sk', 'sk')",enfuɾeskan,enfuɾeskan
90L_10NL,3,90L_10NL_3_1,1,2625,"('sk', 'sk', 'sk')",enfuɾeskan,enfuɾeskan
90L_10NL,3,90L_10NL_3_1,1,2625,"('sk', 'sk', 'sk')",enfuɾeskan,enfuɾeskan
90L_10NL,3,90L_10NL_3_1,1,2625,"('sk', 'sk', 'sk')",enfuɾeskan,enfuɾeskan
90L_10NL,3,90L_10NL_3_1,1,2625,"('sk', 'sk', 'sk')",enfuɾeskan,enfuɾeskan
90L_10NL,3,90L_10NL_3_1,1,2625,"('sk', 'sk', 'sk')",enfuɾeskan,enfuɾeskan
90L_10NL,3,90L_10NL_3_1,1,2625,"('sk', 'sk', 'sk')",enfuɾeskan,enfuɾeskan
90L_10NL,3,90L_10NL_3_1,0,2625,"('sk', 'sk', 'sk')",enfuɾeskas,enfuɾeskan
90L_10NL,3,90L_10NL_3_1,0,2625,"('sk', 'sk', 'sk')",enfuɾeskas,enfuɾeskan
90L_10NL,3,90L_10NL_3_1,0,2625,"('sk', 'sk', 'sk')",enfuɾeskas,enfuɾeskan
90L_10NL,3,90L_10NL_3_1,0,2625,"('sk', 'sk', 'sk')",enfuɾeskas,enfuɾeskan
90L_10NL,3,90L_10NL_3_1,1,1750,"('s', 's', 'sk')",enfuɾeskas,enfuɾeskas
90L_10NL,3,90L_10NL_3_1,1,1750,"('s', 's', 'sk')",enfuɾeskas,enfuɾeskas
90L_10NL,3,90L_10NL_3_1,1,1750,"('s', 's', 'sk')",enfuɾeskas,enfuɾeskas
90L_10NL,3,90L_10NL_3_1,1,1750,"('s', 's', 'sk')",enfuɾeskas,enfuɾeskas
90L_10NL,3,90L_10NL_3_1,1,5250,"('s', 'sk', 'sk')",enfuɾeskas,enfuɾeskas
90L_10NL,3,90L_10NL_3_1,1,5250,"('s', 'sk', 'sk')",enfuɾeskas,enfuɾeskas
90L_10NL,3,90L_10NL_3_1,1,5250,"('s', 'sk', 'sk')",enfuɾeskas,enfuɾeskas
90L_10NL,3,90L_10NL_3_1,1,5250,"('s', 'sk', 'sk')",enfuɾeskas,enfuɾeskas
90L_10NL,3,90L_10NL_3_1,1,5250,"('s', 'sk', 'sk')",enfuɾeskas,enfuɾeskas
90L_10NL,3,90L_10NL_3_1,1,5250,"('s', 'sk', 'sk')",enfuɾeskas,enfuɾeskas
90L_10NL,3,90L_10NL_3_1,1,1750,"('s', 's', 'sk')",enfuɾeskas,enfuɾeskas
90L_10NL,3,90L_10NL_3_1,1,1750,"('s', 's', 'sk')",enfuɾeskas,enfuɾeskas
90L_10NL,3,90L_10NL_3_1,1,1750,"('s', 's', 'sk')",enfuɾeskas,enfuɾeskas
90L_10NL,3,90L_10NL_3_1,1,5250,"('s', 'sk', 'sk')",enfuɾeskas,enfuɾeskas
90L_10NL,3,90L_10NL_3_1,1,5250,"('s', 'sk', 'sk')",enfuɾeskas,enfuɾeskas
90L_10NL,3,90L_10NL_3_1,1,5250,"('s', 'sk', 'sk')",enfuɾeskas,enfuɾeskas
90L_10NL,3,90L_10NL_3_1,1,5250,"('s', 'sk', 'sk')",enfuɾeskas,enfuɾeskas
90L_10NL,3,90L_10NL_3_1,1,5250,"('s', 'sk', 'sk')",enfuɾeskas,enfuɾeskas
90L_10NL,3,90L_10NL_3_1,1,5250,"('s', 'sk', 'sk')",enfuɾeskas,enfuɾeskas
90L_10NL,3,90L_10NL_3_1,1,1750,"('s', 's', 'sk')",enfuɾeskas,enfuɾeskas
90L_10NL,3,90L_10NL_3_1,1,1750,"('s', 's', 'sk')",enfuɾeskas,enfuɾeskas
90L_10NL,3,90L_10NL_3_1,1,5250,"('s', 'sk', 'sk')",enfuɾeskas,enfuɾeskas
90L_10NL,3,90L_10NL_3_1,1,5250,"('s', 'sk', 'sk')",enfuɾeskas,enfuɾeskas
90L_10NL,3,90L_10NL_3_1,1,5250,"('s', 'sk', 'sk')",enfuɾeskas,enfuɾeskas
90L_10NL,3,90L_10NL_3_1,1,5250,"('s', 'sk', 'sk')",enfuɾeskas,enfuɾeskas
90L_10NL,3,90L_10NL_3_1,1,5250,"('s', 'sk', 'sk')",enfuɾeskas,enfuɾeskas
90L_10NL,3,90L_10NL_3_1,1,5250,"('s', 'sk', 'sk')",enfuɾeskas,enfuɾeskas
90L_10NL,3,90L_10NL_3_1,1,1750,"('s', 's', 'sk')",enfuɾeskas,enfuɾeskas
90L_10NL,3,90L_10NL_3_1,1,5250,"('s', 'sk', 'sk')",enfuɾeskas,enfuɾeskas
90L_10NL,3,90L_10NL_3_1,1,5250,"('s', 'sk', 'sk')",enfuɾeskas,enfuɾeskas
90L_10NL,3,90L_10NL_3_1,1,5250,"('s', 'sk', 'sk')",enfuɾeskas,enfuɾeskas
90L_10NL,3,90L_10NL_3_1,1,5250,"('s', 'sk', 'sk')",enfuɾeskas,enfuɾeskas
90L_10NL,3,90L_10NL_3_1,1,5250,"('s', 'sk', 'sk')",enfuɾeskas,enfuɾeskas
90L_10NL,3,90L_10NL_3_1,1,5250,"('s', 'sk', 'sk')",enfuɾeskas,enfuɾeskas
90L_10NL,3,90L_10NL_3_1,1,5250,"('s', 'sk', 'sk')",enfuɾeskas,enfuɾeskas
90L_10NL,3,90L_10NL_3_1,1,5250,"('s', 'sk', 'sk')",enfuɾeskas,enfuɾeskas
90L_10NL,3,90L_10NL_3_1,1,5250,"('s', 'sk', 'sk')",enfuɾeskas,enfuɾeskas
90L_10NL,3,90L_10NL_3_1,1,5250,"('s', 'sk', 'sk')",enfuɾeskas,enfuɾeskas
90L_10NL,3,90L_10NL_3_1,1,5250,"('s', 'sk', 'sk')",enfuɾeskas,enfuɾeskas
90L_10NL,3,90L_10NL_3_1,1,5250,"('s', 'sk', 'sk')",enfuɾeskas,enfuɾeskas
90L_10NL,3,90L_10NL_3_1,1,2625,"('sk', 'sk', 'sk')",enfuɾeskas,enfuɾeskas
90L_10NL,3,90L_10NL_3_1,1,2625,"('sk', 'sk', 'sk')",enfuɾeskas,enfuɾeskas
90L_10NL,3,90L_10NL_3_1,1,2625,"('sk', 'sk', 'sk')",enfuɾeskas,enfuɾeskas
90L_10NL,3,90L_10NL_3_1,1,2625,"('sk', 'sk', 'sk')",enfuɾeskas,enfuɾeskas
90L_10NL,3,90L_10NL_3_1,1,2625,"('sk', 'sk', 'sk')",enfuɾeskas,enfuɾeskas
90L_10NL,3,90L_10NL_3_1,1,2625,"('sk', 'sk', 'sk')",enfuɾeskas,enfuɾeskas
90L_10NL,3,90L_10NL_3_1,1,2625,"('sk', 'sk', 'sk')",enfuɾeskas,enfuɾeskas
90L_10NL,3,90L_10NL_3_1,1,2625,"('sk', 'sk', 'sk')",enfuɾeskas,enfuɾeskas
90L_10NL,3,90L_10NL_3_1,1,2625,"('sk', 'sk', 'sk')",enfuɾeskas,enfuɾeskas
90L_10NL,3,90L_10NL_3_1,1,2625,"('sk', 'sk', 'sk')",enfuɾeskas,enfuɾeskas
90L_10NL,3,90L_10NL_3_1,1,2625,"('sk', 'sk', 'sk')",enfuɾeskas,enfuɾeskas
90L_10NL,3,90L_10NL_3_1,0,2625,"('sk', 'sk', 'sk')",enfuɾeska,enfuɾeskas
90L_10NL,3,90L_10NL_3_1,0,2625,"('sk', 'sk', 'sk')",enfuɾeska,enfuɾeskas
90L_10NL,3,90L_10NL_3_1,0,2625,"('sk', 'sk', 'sk')",enfuɾeska,enfuɾeskas
90L_10NL,3,90L_10NL_3_1,0,2625,"('sk', 'sk', 'sk')",enfuɾeska,enfuɾeskas
90L_10NL,3,90L_10NL_3_1,1,1750,"('s', 's', 'sk')",enfuɾeska,enfuɾeska
90L_10NL,3,90L_10NL_3_1,1,1750,"('s', 's', 'sk')",enfuɾeska,enfuɾeska
90L_10NL,3,90L_10NL_3_1,1,1750,"('s', 's', 'sk')",enfuɾeska,enfuɾeska
90L_10NL,3,90L_10NL_3_1,1,1750,"('s', 's', 'sk')",enfuɾeska,enfuɾeska
90L_10NL,3,90L_10NL_3_1,1,5250,"('s', 'sk', 'sk')",enfuɾeska,enfuɾeska
90L_10NL,3,90L_10NL_3_1,1,5250,"('s', 'sk', 'sk')",enfuɾeska,enfuɾeska
90L_10NL,3,90L_10NL_3_1,1,5250,"('s', 'sk', 'sk')",enfuɾeska,enfuɾeska
90L_10NL,3,90L_10NL_3_1,1,5250,"('s', 'sk', 'sk')",enfuɾeska,enfuɾeska
90L_10NL,3,90L_10NL_3_1,1,5250,"('s', 'sk', 'sk')",enfuɾeska,enfuɾeska
90L_10NL,3,90L_10NL_3_1,1,5250,"('s', 'sk', 'sk')",enfuɾeska,enfuɾeska
90L_10NL,3,90L_10NL_3_1,1,1750,"('s', 's', 'sk')",enfuɾeska,enfuɾeska
90L_10NL,3,90L_10NL_3_1,1,1750,"('s', 's', 'sk')",enfuɾeska,enfuɾeska
90L_10NL,3,90L_10NL_3_1,1,1750,"('s', 's', 'sk')",enfuɾeska,enfuɾeska
90L_10NL,3,90L_10NL_3_1,1,5250,"('s', 'sk', 'sk')",enfuɾeska,enfuɾeska
90L_10NL,3,90L_10NL_3_1,1,5250,"('s', 'sk', 'sk')",enfuɾeska,enfuɾeska
90L_10NL,3,90L_10NL_3_1,1,5250,"('s', 'sk', 'sk')",enfuɾeska,enfuɾeska
90L_10NL,3,90L_10NL_3_1,1,5250,"('s', 'sk', 'sk')",enfuɾeska,enfuɾeska
90L_10NL,3,90L_10NL_3_1,1,5250,"('s', 'sk', 'sk')",enfuɾeska,enfuɾeska
90L_10NL,3,90L_10NL_3_1,1,5250,"('s', 'sk', 'sk')",enfuɾeska,enfuɾeska
90L_10NL,3,90L_10NL_3_1,1,1750,"('s', 's', 'sk')",enfuɾeska,enfuɾeska
90L_10NL,3,90L_10NL_3_1,1,1750,"('s', 's', 'sk')",enfuɾeska,enfuɾeska
90L_10NL,3,90L_10NL_3_1,1,5250,"('s', 'sk', 'sk')",enfuɾeska,enfuɾeska
90L_10NL,3,90L_10NL_3_1,1,5250,"('s', 'sk', 'sk')",enfuɾeska,enfuɾeska
90L_10NL,3,90L_10NL_3_1,1,5250,"('s', 'sk', 'sk')",enfuɾeska,enfuɾeska
90L_10NL,3,90L_10NL_3_1,1,5250,"('s', 'sk', 'sk')",enfuɾeska,enfuɾeska
90L_10NL,3,90L_10NL_3_1,1,5250,"('s', 'sk', 'sk')",enfuɾeska,enfuɾeska
90L_10NL,3,90L_10NL_3_1,1,5250,"('s', 'sk', 'sk')",enfuɾeska,enfuɾeska
90L_10NL,3,90L_10NL_3_1,1,1750,"('s', 's', 'sk')",enfuɾeska,enfuɾeska
90L_10NL,3,90L_10NL_3_1,1,5250,"('s', 'sk', 'sk')",enfuɾeska,enfuɾeska
90L_10NL,3,90L_10NL_3_1,1,5250,"('s', 'sk', 'sk')",enfuɾeska,enfuɾeska
90L_10NL,3,90L_10NL_3_1,1,5250,"('s', 'sk', 'sk')",enfuɾeska,enfuɾeska
90L_10NL,3,90L_10NL_3_1,1,5250,"('s', 'sk', 'sk')",enfuɾeska,enfuɾeska
90L_10NL,3,90L_10NL_3_1,1,5250,"('s', 'sk', 'sk')",enfuɾeska,enfuɾeska
90L_10NL,3,90L_10NL_3_1,1,5250,"('s', 'sk', 'sk')",enfuɾeska,enfuɾeska
90L_10NL,3,90L_10NL_3_1,1,5250,"('s', 'sk', 'sk')",enfuɾeska,enfuɾeska
90L_10NL,3,90L_10NL_3_1,1,5250,"('s', 'sk', 'sk')",enfuɾeska,enfuɾeska
90L_10NL,3,90L_10NL_3_1,1,5250,"('s', 'sk', 'sk')",enfuɾeska,enfuɾeska
90L_10NL,3,90L_10NL_3_1,1,5250,"('s', 'sk', 'sk')",enfuɾeska,enfuɾeska
90L_10NL,3,90L_10NL_3_1,1,5250,"('s', 'sk', 'sk')",enfuɾeska,enfuɾeska
90L_10NL,3,90L_10NL_3_1,1,5250,"('s', 'sk', 'sk')",enfuɾeska,enfuɾeska
90L_10NL,3,90L_10NL_3_1,1,2625,"('sk', 'sk', 'sk')",enfuɾeska,enfuɾeska
90L_10NL,3,90L_10NL_3_1,1,2625,"('sk', 'sk', 'sk')",enfuɾeska,enfuɾeska
90L_10NL,3,90L_10NL_3_1,1,2625,"('sk', 'sk', 'sk')",enfuɾeska,enfuɾeska
90L_10NL,3,90L_10NL_3_1,1,2625,"('sk', 'sk', 'sk')",enfuɾeska,enfuɾeska
90L_10NL,3,90L_10NL_3_1,1,2625,"('sk', 'sk', 'sk')",enfuɾeska,enfuɾeska
90L_10NL,3,90L_10NL_3_1,1,2625,"('sk', 'sk', 'sk')",enfuɾeska,enfuɾeska
90L_10NL,3,90L_10NL_3_1,1,2625,"('sk', 'sk', 'sk')",enfuɾeska,enfuɾeska
90L_10NL,3,90L_10NL_3_1,1,2625,"('sk', 'sk', 'sk')",enfuɾeska,enfuɾeska
90L_10NL,3,90L_10NL_3_1,1,2625,"('sk', 'sk', 'sk')",enfuɾeska,enfuɾeska
90L_10NL,3,90L_10NL_3_1,1,2625,"('sk', 'sk', 'sk')",enfuɾeska,enfuɾeska
90L_10NL,3,90L_10NL_3_1,1,2625,"('sk', 'sk', 'sk')",enfuɾeska,enfuɾeska
90L_10NL,3,90L_10NL_3_1,1,2625,"('sk', 'sk', 'sk')",enfuɾeska,enfuɾeska
90L_10NL,3,90L_10NL_3_1,1,2625,"('sk', 'sk', 'sk')",enfuɾeska,enfuɾeska
90L_10NL,3,90L_10NL_3_1,1,2625,"('sk', 'sk', 'sk')",enfuɾeska,enfuɾeska
90L_10NL,3,90L_10NL_3_1,1,2625,"('sk', 'sk', 'sk')",enfuɾeska,enfuɾeska
90L_10NL,3,90L_10NL_3_1,1,1750,"('s', 's', 'sk')",enfuɾeska,enfuɾeska
90L_10NL,3,90L_10NL_3_1,1,1750,"('s', 's', 'sk')",enfuɾeska,enfuɾeska
90L_10NL,3,90L_10NL_3_1,1,1750,"('s', 's', 'sk')",enfuɾeska,enfuɾeska
90L_10NL,3,90L_10NL_3_1,1,1750,"('s', 's', 'sk')",enfuɾeska,enfuɾeska
90L_10NL,3,90L_10NL_3_1,1,5250,"('s', 'sk', 'sk')",enfuɾeska,enfuɾeska
90L_10NL,3,90L_10NL_3_1,1,5250,"('s', 'sk', 'sk')",enfuɾeska,enfuɾeska
90L_10NL,3,90L_10NL_3_1,1,5250,"('s', 'sk', 'sk')",enfuɾeska,enfuɾeska
90L_10NL,3,90L_10NL_3_1,1,5250,"('s', 'sk', 'sk')",enfuɾeska,enfuɾeska
90L_10NL,3,90L_10NL_3_1,1,5250,"('s', 'sk', 'sk')",enfuɾeska,enfuɾeska
90L_10NL,3,90L_10NL_3_1,1,5250,"('s', 'sk', 'sk')",enfuɾeska,enfuɾeska
90L_10NL,3,90L_10NL_3_1,1,1750,"('s', 's', 'sk')",enfuɾeska,enfuɾeska
90L_10NL,3,90L_10NL_3_1,1,1750,"('s', 's', 'sk')",enfuɾeska,enfuɾeska
90L_10NL,3,90L_10NL_3_1,1,1750,"('s', 's', 'sk')",enfuɾeska,enfuɾeska
90L_10NL,3,90L_10NL_3_1,1,5250,"('s', 'sk', 'sk')",enfuɾeska,enfuɾeska
90L_10NL,3,90L_10NL_3_1,1,5250,"('s', 'sk', 'sk')",enfuɾeska,enfuɾeska
90L_10NL,3,90L_10NL_3_1,1,5250,"('s', 'sk', 'sk')",enfuɾeska,enfuɾeska
90L_10NL,3,90L_10NL_3_1,1,5250,"('s', 'sk', 'sk')",enfuɾeska,enfuɾeska
90L_10NL,3,90L_10NL_3_1,1,5250,"('s', 'sk', 'sk')",enfuɾeska,enfuɾeska
90L_10NL,3,90L_10NL_3_1,1,5250,"('s', 'sk', 'sk')",enfuɾeska,enfuɾeska
90L_10NL,3,90L_10NL_3_1,1,1750,"('s', 's', 'sk')",enfuɾeska,enfuɾeska
90L_10NL,3,90L_10NL_3_1,1,1750,"('s', 's', 'sk')",enfuɾeska,enfuɾeska
90L_10NL,3,90L_10NL_3_1,1,5250,"('s', 'sk', 'sk')",enfuɾeska,enfuɾeska
90L_10NL,3,90L_10NL_3_1,1,5250,"('s', 'sk', 'sk')",enfuɾeska,enfuɾeska
90L_10NL,3,90L_10NL_3_1,1,5250,"('s', 'sk', 'sk')",enfuɾeska,enfuɾeska
90L_10NL,3,90L_10NL_3_1,1,5250,"('s', 'sk', 'sk')",enfuɾeska,enfuɾeska
90L_10NL,3,90L_10NL_3_1,1,5250,"('s', 'sk', 'sk')",enfuɾeska,enfuɾeska
90L_10NL,3,90L_10NL_3_1,1,5250,"('s', 'sk', 'sk')",enfuɾeska,enfuɾeska
90L_10NL,3,90L_10NL_3_1,1,1750,"('s', 's', 'sk')",enfuɾeska,enfuɾeska
90L_10NL,3,90L_10NL_3_1,1,5250,"('s', 'sk', 'sk')",enfuɾeska,enfuɾeska
90L_10NL,3,90L_10NL_3_1,1,5250,"('s', 'sk', 'sk')",enfuɾeska,enfuɾeska
90L_10NL,3,90L_10NL_3_1,1,5250,"('s', 'sk', 'sk')",enfuɾeska,enfuɾeska
90L_10NL,3,90L_10NL_3_1,1,5250,"('s', 'sk', 'sk')",enfuɾeska,enfuɾeska
90L_10NL,3,90L_10NL_3_1,1,5250,"('s', 'sk', 'sk')",enfuɾeska,enfuɾeska
90L_10NL,3,90L_10NL_3_1,1,5250,"('s', 'sk', 'sk')",enfuɾeska,enfuɾeska
90L_10NL,3,90L_10NL_3_1,1,5250,"('s', 'sk', 'sk')",enfuɾeska,enfuɾeska
90L_10NL,3,90L_10NL_3_1,1,5250,"('s', 'sk', 'sk')",enfuɾeska,enfuɾeska
90L_10NL,3,90L_10NL_3_1,1,5250,"('s', 'sk', 'sk')",enfuɾeska,enfuɾeska
90L_10NL,3,90L_10NL_3_1,1,5250,"('s', 'sk', 'sk')",enfuɾeska,enfuɾeska
90L_10NL,3,90L_10NL_3_1,1,5250,"('s', 'sk', 'sk')",enfuɾeska,enfuɾeska
90L_10NL,3,90L_10NL_3_1,1,5250,"('s', 'sk', 'sk')",enfuɾeska,enfuɾeska
90L_10NL,3,90L_10NL_3_1,1,2625,"('sk', 'sk', 'sk')",enfuɾeska,enfuɾeska
90L_10NL,3,90L_10NL_3_1,1,2625,"('sk', 'sk', 'sk')",enfuɾeska,enfuɾeska
90L_10NL,3,90L_10NL_3_1,1,2625,"('sk', 'sk', 'sk')",enfuɾeska,enfuɾeska
90L_10NL,3,90L_10NL_3_1,1,2625,"('sk', 'sk', 'sk')",enfuɾeska,enfuɾeska
90L_10NL,3,90L_10NL_3_1,1,2625,"('sk', 'sk', 'sk')",enfuɾeska,enfuɾeska
90L_10NL,3,90L_10NL_3_1,1,2625,"('sk', 'sk', 'sk')",enfuɾeska,enfuɾeska
90L_10NL,3,90L_10NL_3_1,1,2625,"('sk', 'sk', 'sk')",enfuɾeska,enfuɾeska
90L_10NL,3,90L_10NL_3_1,1,2625,"('sk', 'sk', 'sk')",enfuɾeska,enfuɾeska
90L_10NL,3,90L_10NL_3_1,1,2625,"('sk', 'sk', 'sk')",enfuɾeska,enfuɾeska
90L_10NL,3,90L_10NL_3_1,1,2625,"('sk', 'sk', 'sk')",enfuɾeska,enfuɾeska
90L_10NL,3,90L_10NL_3_1,1,2625,"('sk', 'sk', 'sk')",enfuɾeska,enfuɾeska
90L_10NL,3,90L_10NL_3_1,0,2625,"('sk', 'sk', 'sk')",enfuɾesko,enfuɾeska
90L_10NL,3,90L_10NL_3_1,0,2625,"('sk', 'sk', 'sk')",enfuɾesko,enfuɾeska
90L_10NL,3,90L_10NL_3_1,0,2625,"('sk', 'sk', 'sk')",enfuɾesko,enfuɾeska
90L_10NL,3,90L_10NL_3_1,0,2625,"('sk', 'sk', 'sk')",enfuɾesko,enfuɾeska
90L_10NL,3,90L_10NL_3_1,1,1750,"('s', 's', 'sk')",enfuɾesko,enfuɾesko
90L_10NL,3,90L_10NL_3_1,1,1750,"('s', 's', 'sk')",enfuɾesko,enfuɾesko
90L_10NL,3,90L_10NL_3_1,1,1750,"('s', 's', 'sk')",enfuɾesko,enfuɾesko
90L_10NL,3,90L_10NL_3_1,1,1750,"('s', 's', 'sk')",enfuɾesko,enfuɾesko
90L_10NL,3,90L_10NL_3_1,1,5250,"('s', 'sk', 'sk')",enfuɾesko,enfuɾesko
90L_10NL,3,90L_10NL_3_1,1,5250,"('s', 'sk', 'sk')",enfuɾesko,enfuɾesko
90L_10NL,3,90L_10NL_3_1,1,5250,"('s', 'sk', 'sk')",enfuɾesko,enfuɾesko
90L_10NL,3,90L_10NL_3_1,1,5250,"('s', 'sk', 'sk')",enfuɾesko,enfuɾesko
90L_10NL,3,90L_10NL_3_1,1,5250,"('s', 'sk', 'sk')",enfuɾesko,enfuɾesko
90L_10NL,3,90L_10NL_3_1,1,5250,"('s', 'sk', 'sk')",enfuɾesko,enfuɾesko
90L_10NL,3,90L_10NL_3_1,1,1750,"('s', 's', 'sk')",enfuɾesko,enfuɾesko
90L_10NL,3,90L_10NL_3_1,1,1750,"('s', 's', 'sk')",enfuɾesko,enfuɾesko
90L_10NL,3,90L_10NL_3_1,1,1750,"('s', 's', 'sk')",enfuɾesko,enfuɾesko
90L_10NL,3,90L_10NL_3_1,1,5250,"('s', 'sk', 'sk')",enfuɾesko,enfuɾesko
90L_10NL,3,90L_10NL_3_1,1,5250,"('s', 'sk', 'sk')",enfuɾesko,enfuɾesko
90L_10NL,3,90L_10NL_3_1,1,5250,"('s', 'sk', 'sk')",enfuɾesko,enfuɾesko
90L_10NL,3,90L_10NL_3_1,1,5250,"('s', 'sk', 'sk')",enfuɾesko,enfuɾesko
90L_10NL,3,90L_10NL_3_1,1,5250,"('s', 'sk', 'sk')",enfuɾesko,enfuɾesko
90L_10NL,3,90L_10NL_3_1,1,5250,"('s', 'sk', 'sk')",enfuɾesko,enfuɾesko
90L_10NL,3,90L_10NL_3_1,1,1750,"('s', 's', 'sk')",enfuɾesko,enfuɾesko
90L_10NL,3,90L_10NL_3_1,1,1750,"('s', 's', 'sk')",enfuɾesko,enfuɾesko
90L_10NL,3,90L_10NL_3_1,1,5250,"('s', 'sk', 'sk')",enfuɾesko,enfuɾesko
90L_10NL,3,90L_10NL_3_1,1,5250,"('s', 'sk', 'sk')",enfuɾesko,enfuɾesko
90L_10NL,3,90L_10NL_3_1,1,5250,"('s', 'sk', 'sk')",enfuɾesko,enfuɾesko
90L_10NL,3,90L_10NL_3_1,1,5250,"('s', 'sk', 'sk')",enfuɾesko,enfuɾesko
90L_10NL,3,90L_10NL_3_1,1,5250,"('s', 'sk', 'sk')",enfuɾesko,enfuɾesko
90L_10NL,3,90L_10NL_3_1,1,5250,"('s', 'sk', 'sk')",enfuɾesko,enfuɾesko
90L_10NL,3,90L_10NL_3_1,1,1750,"('s', 's', 'sk')",enfuɾesko,enfuɾesko
90L_10NL,3,90L_10NL_3_1,1,5250,"('s', 'sk', 'sk')",enfuɾesko,enfuɾesko
90L_10NL,3,90L_10NL_3_1,1,5250,"('s', 'sk', 'sk')",enfuɾesko,enfuɾesko
90L_10NL,3,90L_10NL_3_1,1,5250,"('s', 'sk', 'sk')",enfuɾesko,enfuɾesko
90L_10NL,3,90L_10NL_3_1,1,5250,"('s', 'sk', 'sk')",enfuɾesko,enfuɾesko
90L_10NL,3,90L_10NL_3_1,1,5250,"('s', 'sk', 'sk')",enfuɾesko,enfuɾesko
90L_10NL,3,90L_10NL_3_1,1,5250,"('s', 'sk', 'sk')",enfuɾesko,enfuɾesko
90L_10NL,3,90L_10NL_3_1,1,5250,"('s', 'sk', 'sk')",enfuɾesko,enfuɾesko
90L_10NL,3,90L_10NL_3_1,1,5250,"('s', 'sk', 'sk')",enfuɾesko,enfuɾesko
90L_10NL,3,90L_10NL_3_1,1,5250,"('s', 'sk', 'sk')",enfuɾesko,enfuɾesko
90L_10NL,3,90L_10NL_3_1,1,5250,"('s', 'sk', 'sk')",enfuɾesko,enfuɾesko
90L_10NL,3,90L_10NL_3_1,1,5250,"('s', 'sk', 'sk')",enfuɾesko,enfuɾesko
90L_10NL,3,90L_10NL_3_1,1,5250,"('s', 'sk', 'sk')",enfuɾesko,enfuɾesko
90L_10NL,3,90L_10NL_3_1,1,2625,"('sk', 'sk', 'sk')",enfuɾesko,enfuɾesko
90L_10NL,3,90L_10NL_3_1,1,2625,"('sk', 'sk', 'sk')",enfuɾesko,enfuɾesko
90L_10NL,3,90L_10NL_3_1,1,2625,"('sk', 'sk', 'sk')",enfuɾesko,enfuɾesko
90L_10NL,3,90L_10NL_3_1,1,2625,"('sk', 'sk', 'sk')",enfuɾesko,enfuɾesko
90L_10NL,3,90L_10NL_3_1,1,2625,"('sk', 'sk', 'sk')",enfuɾesko,enfuɾesko
90L_10NL,3,90L_10NL_3_1,1,2625,"('sk', 'sk', 'sk')",enfuɾesko,enfuɾesko
90L_10NL,3,90L_10NL_3_1,1,2625,"('sk', 'sk', 'sk')",enfuɾesko,enfuɾesko
90L_10NL,3,90L_10NL_3_1,1,2625,"('sk', 'sk', 'sk')",enfuɾesko,enfuɾesko
90L_10NL,3,90L_10NL_3_1,1,2625,"('sk', 'sk', 'sk')",enfuɾesko,enfuɾesko
90L_10NL,3,90L_10NL_3_1,1,2625,"('sk', 'sk', 'sk')",enfuɾesko,enfuɾesko
90L_10NL,3,90L_10NL_3_1,1,2625,"('sk', 'sk', 'sk')",enfuɾesko,enfuɾesko
90L_10NL,3,90L_10NL_3_1,0,2625,"('sk', 'sk', 'sk')",enbanesejs,enfuɾesko
90L_10NL,3,90L_10NL_3_1,0,2625,"('sk', 'sk', 'sk')",enbanesejs,enfuɾesko
90L_10NL,3,90L_10NL_3_1,0,2625,"('sk', 'sk', 'sk')",enbanesejs,enfuɾesko
90L_10NL,3,90L_10NL_3_1,0,2625,"('sk', 'sk', 'sk')",enbanesejs,enfuɾesko
90L_10NL,3,90L_10NL_3_1,1,1085,"('s', 's', 's')",enbanesejs,enbanesejs
90L_10NL,3,90L_10NL_3_1,1,1085,"('s', 's', 's')",enbanesejs,enbanesejs
90L_10NL,3,90L_10NL_3_1,1,1085,"('s', 's', 's')",enbanesejs,enbanesejs
90L_10NL,3,90L_10NL_3_1,1,3500,"('s', 'sk', 's')",enbanesejs,enbanesejs
90L_10NL,3,90L_10NL_3_1,1,3500,"('s', 'sk', 's')",enbanesejs,enbanesejs
90L_10NL,3,90L_10NL_3_1,1,3500,"('s', 'sk', 's')",enbanesejs,enbanesejs
90L_10NL,3,90L_10NL_3_1,1,3500,"('s', 'sk', 's')",enbanesejs,enbanesejs
90L_10NL,3,90L_10NL_3_1,1,3500,"('s', 'sk', 's')",enbanesejs,enbanesejs
90L_10NL,3,90L_10NL_3_1,1,3500,"('s', 'sk', 's')",enbanesejs,enbanesejs
90L_10NL,3,90L_10NL_3_1,1,3500,"('s', 'sk', 's')",enbanesejs,enbanesejs
90L_10NL,3,90L_10NL_3_1,1,1085,"('s', 's', 's')",enbanesejs,enbanesejs
90L_10NL,3,90L_10NL_3_1,1,1085,"('s', 's', 's')",enbanesejs,enbanesejs
90L_10NL,3,90L_10NL_3_1,1,3500,"('s', 'sk', 's')",enbanesejs,enbanesejs
90L_10NL,3,90L_10NL_3_1,1,3500,"('s', 'sk', 's')",enbanesejs,enbanesejs
90L_10NL,3,90L_10NL_3_1,1,3500,"('s', 'sk', 's')",enbanesejs,enbanesejs
90L_10NL,3,90L_10NL_3_1,1,3500,"('s', 'sk', 's')",enbanesejs,enbanesejs
90L_10NL,3,90L_10NL_3_1,1,3500,"('s', 'sk', 's')",enbanesejs,enbanesejs
90L_10NL,3,90L_10NL_3_1,1,3500,"('s', 'sk', 's')",enbanesejs,enbanesejs
90L_10NL,3,90L_10NL_3_1,1,3500,"('s', 'sk', 's')",enbanesejs,enbanesejs
90L_10NL,3,90L_10NL_3_1,1,1085,"('s', 's', 's')",enbanesejs,enbanesejs
90L_10NL,3,90L_10NL_3_1,1,3500,"('s', 'sk', 's')",enbanesejs,enbanesejs
90L_10NL,3,90L_10NL_3_1,1,3500,"('s', 'sk', 's')",enbanesejs,enbanesejs
90L_10NL,3,90L_10NL_3_1,1,3500,"('s', 'sk', 's')",enbanesejs,enbanesejs
90L_10NL,3,90L_10NL_3_1,1,3500,"('s', 'sk', 's')",enbanesejs,enbanesejs
90L_10NL,3,90L_10NL_3_1,1,3500,"('s', 'sk', 's')",enbanesejs,enbanesejs
90L_10NL,3,90L_10NL_3_1,1,3500,"('s', 'sk', 's')",enbanesejs,enbanesejs
90L_10NL,3,90L_10NL_3_1,1,3500,"('s', 'sk', 's')",enbanesejs,enbanesejs
90L_10NL,3,90L_10NL_3_1,1,3500,"('s', 'sk', 's')",enbanesejs,enbanesejs
90L_10NL,3,90L_10NL_3_1,1,3500,"('s', 'sk', 's')",enbanesejs,enbanesejs
90L_10NL,3,90L_10NL_3_1,1,3500,"('s', 'sk', 's')",enbanesejs,enbanesejs
90L_10NL,3,90L_10NL_3_1,1,3500,"('s', 'sk', 's')",enbanesejs,enbanesejs
90L_10NL,3,90L_10NL_3_1,1,3500,"('s', 'sk', 's')",enbanesejs,enbanesejs
90L_10NL,3,90L_10NL_3_1,1,3500,"('s', 'sk', 's')",enbanesejs,enbanesejs
90L_10NL,3,90L_10NL_3_1,1,3500,"('s', 'sk', 's')",enbanesejs,enbanesejs
90L_10NL,3,90L_10NL_3_1,1,2625,"('sk', 'sk', 's')",enbanesejs,enbanesejs
90L_10NL,3,90L_10NL_3_1,1,2625,"('sk', 'sk', 's')",enbanesejs,enbanesejs
90L_10NL,3,90L_10NL_3_1,1,2625,"('sk', 'sk', 's')",enbanesejs,enbanesejs
90L_10NL,3,90L_10NL_3_1,1,2625,"('sk', 'sk', 's')",enbanesejs,enbanesejs
90L_10NL,3,90L_10NL_3_1,1,2625,"('sk', 'sk', 's')",enbanesejs,enbanesejs
90L_10NL,3,90L_10NL_3_1,1,2625,"('sk', 'sk', 's')",enbanesejs,enbanesejs
90L_10NL,3,90L_10NL_3_1,1,2625,"('sk', 'sk', 's')",enbanesejs,enbanesejs
90L_10NL,3,90L_10NL_3_1,1,2625,"('sk', 'sk', 's')",enbanesejs,enbanesejs
90L_10NL,3,90L_10NL_3_1,1,2625,"('sk', 'sk', 's')",enbanesejs,enbanesejs
90L_10NL,3,90L_10NL_3_1,1,2625,"('sk', 'sk', 's')",enbanesejs,enbanesejs
90L_10NL,3,90L_10NL_3_1,1,2625,"('sk', 'sk', 's')",enbanesejs,enbanesejs
90L_10NL,3,90L_10NL_3_1,1,2625,"('sk', 'sk', 's')",enbanesejs,enbanesejs
90L_10NL,3,90L_10NL_3_1,1,2625,"('sk', 'sk', 's')",enbanesejs,enbanesejs
90L_10NL,3,90L_10NL_3_1,1,2625,"('sk', 'sk', 's')",enbanesejs,enbanesejs
90L_10NL,3,90L_10NL_3_1,1,2625,"('sk', 'sk', 's')",enbanesejs,enbanesejs
90L_10NL,3,90L_10NL_3_1,1,2625,"('sk', 'sk', 's')",enbanesejs,enbanesejs
90L_10NL,3,90L_10NL_3_1,1,2625,"('sk', 'sk', 's')",enbanesejs,enbanesejs
90L_10NL,3,90L_10NL_3_1,0,2625,"('sk', 'sk', 's')",enbanesemos,enbanesejs
90L_10NL,3,90L_10NL_3_1,0,2625,"('sk', 'sk', 's')",enbanesemos,enbanesejs
90L_10NL,3,90L_10NL_3_1,0,2625,"('sk', 'sk', 's')",enbanesemos,enbanesejs
90L_10NL,3,90L_10NL_3_1,0,2625,"('sk', 'sk', 's')",enbanesemos,enbanesejs
90L_10NL,3,90L_10NL_3_1,1,1085,"('s', 's', 's')",enbanesemos,enbanesemos
90L_10NL,3,90L_10NL_3_1,1,1085,"('s', 's', 's')",enbanesemos,enbanesemos
90L_10NL,3,90L_10NL_3_1,1,1085,"('s', 's', 's')",enbanesemos,enbanesemos
90L_10NL,3,90L_10NL_3_1,1,3500,"('s', 'sk', 's')",enbanesemos,enbanesemos
90L_10NL,3,90L_10NL_3_1,1,3500,"('s', 'sk', 's')",enbanesemos,enbanesemos
90L_10NL,3,90L_10NL_3_1,1,3500,"('s', 'sk', 's')",enbanesemos,enbanesemos
90L_10NL,3,90L_10NL_3_1,1,3500,"('s', 'sk', 's')",enbanesemos,enbanesemos
90L_10NL,3,90L_10NL_3_1,1,3500,"('s', 'sk', 's')",enbanesemos,enbanesemos
90L_10NL,3,90L_10NL_3_1,1,3500,"('s', 'sk', 's')",enbanesemos,enbanesemos
90L_10NL,3,90L_10NL_3_1,1,3500,"('s', 'sk', 's')",enbanesemos,enbanesemos
90L_10NL,3,90L_10NL_3_1,1,1085,"('s', 's', 's')",enbanesemos,enbanesemos
90L_10NL,3,90L_10NL_3_1,1,1085,"('s', 's', 's')",enbanesemos,enbanesemos
90L_10NL,3,90L_10NL_3_1,1,3500,"('s', 'sk', 's')",enbanesemos,enbanesemos
90L_10NL,3,90L_10NL_3_1,1,3500,"('s', 'sk', 's')",enbanesemos,enbanesemos
90L_10NL,3,90L_10NL_3_1,1,3500,"('s', 'sk', 's')",enbanesemos,enbanesemos
90L_10NL,3,90L_10NL_3_1,1,3500,"('s', 'sk', 's')",enbanesemos,enbanesemos
90L_10NL,3,90L_10NL_3_1,1,3500,"('s', 'sk', 's')",enbanesemos,enbanesemos
90L_10NL,3,90L_10NL_3_1,1,3500,"('s', 'sk', 's')",enbanesemos,enbanesemos
90L_10NL,3,90L_10NL_3_1,1,3500,"('s', 'sk', 's')",enbanesemos,enbanesemos
90L_10NL,3,90L_10NL_3_1,1,1085,"('s', 's', 's')",enbanesemos,enbanesemos
90L_10NL,3,90L_10NL_3_1,1,3500,"('s', 'sk', 's')",enbanesemos,enbanesemos
90L_10NL,3,90L_10NL_3_1,1,3500,"('s', 'sk', 's')",enbanesemos,enbanesemos
90L_10NL,3,90L_10NL_3_1,1,3500,"('s', 'sk', 's')",enbanesemos,enbanesemos
90L_10NL,3,90L_10NL_3_1,1,3500,"('s', 'sk', 's')",enbanesemos,enbanesemos
90L_10NL,3,90L_10NL_3_1,1,3500,"('s', 'sk', 's')",enbanesemos,enbanesemos
90L_10NL,3,90L_10NL_3_1,1,3500,"('s', 'sk', 's')",enbanesemos,enbanesemos
90L_10NL,3,90L_10NL_3_1,1,3500,"('s', 'sk', 's')",enbanesemos,enbanesemos
90L_10NL,3,90L_10NL_3_1,1,3500,"('s', 'sk', 's')",enbanesemos,enbanesemos
90L_10NL,3,90L_10NL_3_1,1,3500,"('s', 'sk', 's')",enbanesemos,enbanesemos
90L_10NL,3,90L_10NL_3_1,1,3500,"('s', 'sk', 's')",enbanesemos,enbanesemos
90L_10NL,3,90L_10NL_3_1,1,3500,"('s', 'sk', 's')",enbanesemos,enbanesemos
90L_10NL,3,90L_10NL_3_1,1,3500,"('s', 'sk', 's')",enbanesemos,enbanesemos
90L_10NL,3,90L_10NL_3_1,1,3500,"('s', 'sk', 's')",enbanesemos,enbanesemos
90L_10NL,3,90L_10NL_3_1,1,3500,"('s', 'sk', 's')",enbanesemos,enbanesemos
90L_10NL,3,90L_10NL_3_1,1,2625,"('sk', 'sk', 's')",enbanesemos,enbanesemos
90L_10NL,3,90L_10NL_3_1,1,2625,"('sk', 'sk', 's')",enbanesemos,enbanesemos
90L_10NL,3,90L_10NL_3_1,1,2625,"('sk', 'sk', 's')",enbanesemos,enbanesemos
90L_10NL,3,90L_10NL_3_1,1,2625,"('sk', 'sk', 's')",enbanesemos,enbanesemos
90L_10NL,3,90L_10NL_3_1,1,2625,"('sk', 'sk', 's')",enbanesemos,enbanesemos
90L_10NL,3,90L_10NL_3_1,1,2625,"('sk', 'sk', 's')",enbanesemos,enbanesemos
90L_10NL,3,90L_10NL_3_1,1,2625,"('sk', 'sk', 's')",enbanesemos,enbanesemos
90L_10NL,3,90L_10NL_3_1,1,2625,"('sk', 'sk', 's')",enbanesemos,enbanesemos
90L_10NL,3,90L_10NL_3_1,1,2625,"('sk', 'sk', 's')",enbanesemos,enbanesemos
90L_10NL,3,90L_10NL_3_1,1,2625,"('sk', 'sk', 's')",enbanesemos,enbanesemos
90L_10NL,3,90L_10NL_3_1,1,2625,"('sk', 'sk', 's')",enbanesemos,enbanesemos
90L_10NL,3,90L_10NL_3_1,1,2625,"('sk', 'sk', 's')",enbanesemos,enbanesemos
90L_10NL,3,90L_10NL_3_1,1,2625,"('sk', 'sk', 's')",enbanesemos,enbanesemos
90L_10NL,3,90L_10NL_3_1,1,2625,"('sk', 'sk', 's')",enbanesemos,enbanesemos
90L_10NL,3,90L_10NL_3_1,1,2625,"('sk', 'sk', 's')",enbanesemos,enbanesemos
90L_10NL,3,90L_10NL_3_1,1,2625,"('sk', 'sk', 's')",enbanesemos,enbanesemos
90L_10NL,3,90L_10NL_3_1,1,2625,"('sk', 'sk', 's')",enbanesemos,enbanesemos
90L_10NL,3,90L_10NL_3_1,0,2625,"('sk', 'sk', 's')",enbanesen,enbanesemos
90L_10NL,3,90L_10NL_3_1,0,2625,"('sk', 'sk', 's')",enbanesen,enbanesemos
90L_10NL,3,90L_10NL_3_1,0,2625,"('sk', 'sk', 's')",enbanesen,enbanesemos
90L_10NL,3,90L_10NL_3_1,0,2625,"('sk', 'sk', 's')",enbanesen,enbanesemos
90L_10NL,3,90L_10NL_3_1,1,1085,"('s', 's', 's')",enbanesen,enbanesen
90L_10NL,3,90L_10NL_3_1,1,1085,"('s', 's', 's')",enbanesen,enbanesen
90L_10NL,3,90L_10NL_3_1,1,1085,"('s', 's', 's')",enbanesen,enbanesen
90L_10NL,3,90L_10NL_3_1,1,3500,"('s', 'sk', 's')",enbanesen,enbanesen
90L_10NL,3,90L_10NL_3_1,1,3500,"('s', 'sk', 's')",enbanesen,enbanesen
90L_10NL,3,90L_10NL_3_1,1,3500,"('s', 'sk', 's')",enbanesen,enbanesen
90L_10NL,3,90L_10NL_3_1,1,3500,"('s', 'sk', 's')",enbanesen,enbanesen
90L_10NL,3,90L_10NL_3_1,1,3500,"('s', 'sk', 's')",enbanesen,enbanesen
90L_10NL,3,90L_10NL_3_1,1,3500,"('s', 'sk', 's')",enbanesen,enbanesen
90L_10NL,3,90L_10NL_3_1,1,3500,"('s', 'sk', 's')",enbanesen,enbanesen
90L_10NL,3,90L_10NL_3_1,1,1085,"('s', 's', 's')",enbanesen,enbanesen
90L_10NL,3,90L_10NL_3_1,1,1085,"('s', 's', 's')",enbanesen,enbanesen
90L_10NL,3,90L_10NL_3_1,1,3500,"('s', 'sk', 's')",enbanesen,enbanesen
90L_10NL,3,90L_10NL_3_1,1,3500,"('s', 'sk', 's')",enbanesen,enbanesen
90L_10NL,3,90L_10NL_3_1,1,3500,"('s', 'sk', 's')",enbanesen,enbanesen
90L_10NL,3,90L_10NL_3_1,1,3500,"('s', 'sk', 's')",enbanesen,enbanesen
90L_10NL,3,90L_10NL_3_1,1,3500,"('s', 'sk', 's')",enbanesen,enbanesen
90L_10NL,3,90L_10NL_3_1,1,3500,"('s', 'sk', 's')",enbanesen,enbanesen
90L_10NL,3,90L_10NL_3_1,1,3500,"('s', 'sk', 's')",enbanesen,enbanesen
90L_10NL,3,90L_10NL_3_1,1,1085,"('s', 's', 's')",enbanesen,enbanesen
90L_10NL,3,90L_10NL_3_1,1,3500,"('s', 'sk', 's')",enbanesen,enbanesen
90L_10NL,3,90L_10NL_3_1,1,3500,"('s', 'sk', 's')",enbanesen,enbanesen
90L_10NL,3,90L_10NL_3_1,1,3500,"('s', 'sk', 's')",enbanesen,enbanesen
90L_10NL,3,90L_10NL_3_1,1,3500,"('s', 'sk', 's')",enbanesen,enbanesen
90L_10NL,3,90L_10NL_3_1,1,3500,"('s', 'sk', 's')",enbanesen,enbanesen
90L_10NL,3,90L_10NL_3_1,1,3500,"('s', 'sk', 's')",enbanesen,enbanesen
90L_10NL,3,90L_10NL_3_1,1,3500,"('s', 'sk', 's')",enbanesen,enbanesen
90L_10NL,3,90L_10NL_3_1,1,3500,"('s', 'sk', 's')",enbanesen,enbanesen
90L_10NL,3,90L_10NL_3_1,1,3500,"('s', 'sk', 's')",enbanesen,enbanesen
90L_10NL,3,90L_10NL_3_1,1,3500,"('s', 'sk', 's')",enbanesen,enbanesen
90L_10NL,3,90L_10NL_3_1,1,3500,"('s', 'sk', 's')",enbanesen,enbanesen
90L_10NL,3,90L_10NL_3_1,1,3500,"('s', 'sk', 's')",enbanesen,enbanesen
90L_10NL,3,90L_10NL_3_1,1,3500,"('s', 'sk', 's')",enbanesen,enbanesen
90L_10NL,3,90L_10NL_3_1,1,3500,"('s', 'sk', 's')",enbanesen,enbanesen
90L_10NL,3,90L_10NL_3_1,1,2625,"('sk', 'sk', 's')",enbanesen,enbanesen
90L_10NL,3,90L_10NL_3_1,1,2625,"('sk', 'sk', 's')",enbanesen,enbanesen
90L_10NL,3,90L_10NL_3_1,1,2625,"('sk', 'sk', 's')",enbanesen,enbanesen
90L_10NL,3,90L_10NL_3_1,1,2625,"('sk', 'sk', 's')",enbanesen,enbanesen
90L_10NL,3,90L_10NL_3_1,1,2625,"('sk', 'sk', 's')",enbanesen,enbanesen
90L_10NL,3,90L_10NL_3_1,1,2625,"('sk', 'sk', 's')",enbanesen,enbanesen
90L_10NL,3,90L_10NL_3_1,1,2625,"('sk', 'sk', 's')",enbanesen,enbanesen
90L_10NL,3,90L_10NL_3_1,1,2625,"('sk', 'sk', 's')",enbanesen,enbanesen
90L_10NL,3,90L_10NL_3_1,1,2625,"('sk', 'sk', 's')",enbanesen,enbanesen
90L_10NL,3,90L_10NL_3_1,1,2625,"('sk', 'sk', 's')",enbanesen,enbanesen
90L_10NL,3,90L_10NL_3_1,1,2625,"('sk', 'sk', 's')",enbanesen,enbanesen
90L_10NL,3,90L_10NL_3_1,1,2625,"('sk', 'sk', 's')",enbanesen,enbanesen
90L_10NL,3,90L_10NL_3_1,1,2625,"('sk', 'sk', 's')",enbanesen,enbanesen
90L_10NL,3,90L_10NL_3_1,1,2625,"('sk', 'sk', 's')",enbanesen,enbanesen
90L_10NL,3,90L_10NL_3_1,1,2625,"('sk', 'sk', 's')",enbanesen,enbanesen
90L_10NL,3,90L_10NL_3_1,1,2625,"('sk', 'sk', 's')",enbanesen,enbanesen
90L_10NL,3,90L_10NL_3_1,1,2625,"('sk', 'sk', 's')",enbanesen,enbanesen
90L_10NL,3,90L_10NL_3_1,0,2625,"('sk', 'sk', 's')",enbaneses,enbanesen
90L_10NL,3,90L_10NL_3_1,0,2625,"('sk', 'sk', 's')",enbaneses,enbanesen
90L_10NL,3,90L_10NL_3_1,0,2625,"('sk', 'sk', 's')",enbaneses,enbanesen
90L_10NL,3,90L_10NL_3_1,0,2625,"('sk', 'sk', 's')",enbaneses,enbanesen
90L_10NL,3,90L_10NL_3_1,1,1085,"('s', 's', 's')",enbaneses,enbaneses
90L_10NL,3,90L_10NL_3_1,1,1085,"('s', 's', 's')",enbaneses,enbaneses
90L_10NL,3,90L_10NL_3_1,1,1085,"('s', 's', 's')",enbaneses,enbaneses
90L_10NL,3,90L_10NL_3_1,1,3500,"('s', 'sk', 's')",enbaneses,enbaneses
90L_10NL,3,90L_10NL_3_1,1,3500,"('s', 'sk', 's')",enbaneses,enbaneses
90L_10NL,3,90L_10NL_3_1,1,3500,"('s', 'sk', 's')",enbaneses,enbaneses
90L_10NL,3,90L_10NL_3_1,1,3500,"('s', 'sk', 's')",enbaneses,enbaneses
90L_10NL,3,90L_10NL_3_1,1,3500,"('s', 'sk', 's')",enbaneses,enbaneses
90L_10NL,3,90L_10NL_3_1,1,3500,"('s', 'sk', 's')",enbaneses,enbaneses
90L_10NL,3,90L_10NL_3_1,1,3500,"('s', 'sk', 's')",enbaneses,enbaneses
90L_10NL,3,90L_10NL_3_1,1,1085,"('s', 's', 's')",enbaneses,enbaneses
90L_10NL,3,90L_10NL_3_1,1,1085,"('s', 's', 's')",enbaneses,enbaneses
90L_10NL,3,90L_10NL_3_1,1,3500,"('s', 'sk', 's')",enbaneses,enbaneses
90L_10NL,3,90L_10NL_3_1,1,3500,"('s', 'sk', 's')",enbaneses,enbaneses
90L_10NL,3,90L_10NL_3_1,1,3500,"('s', 'sk', 's')",enbaneses,enbaneses
90L_10NL,3,90L_10NL_3_1,1,3500,"('s', 'sk', 's')",enbaneses,enbaneses
90L_10NL,3,90L_10NL_3_1,1,3500,"('s', 'sk', 's')",enbaneses,enbaneses
90L_10NL,3,90L_10NL_3_1,1,3500,"('s', 'sk', 's')",enbaneses,enbaneses
90L_10NL,3,90L_10NL_3_1,1,3500,"('s', 'sk', 's')",enbaneses,enbaneses
90L_10NL,3,90L_10NL_3_1,1,1085,"('s', 's', 's')",enbaneses,enbaneses
90L_10NL,3,90L_10NL_3_1,1,3500,"('s', 'sk', 's')",enbaneses,enbaneses
90L_10NL,3,90L_10NL_3_1,1,3500,"('s', 'sk', 's')",enbaneses,enbaneses
90L_10NL,3,90L_10NL_3_1,1,3500,"('s', 'sk', 's')",enbaneses,enbaneses
90L_10NL,3,90L_10NL_3_1,1,3500,"('s', 'sk', 's')",enbaneses,enbaneses
90L_10NL,3,90L_10NL_3_1,1,3500,"('s', 'sk', 's')",enbaneses,enbaneses
90L_10NL,3,90L_10NL_3_1,1,3500,"('s', 'sk', 's')",enbaneses,enbaneses
90L_10NL,3,90L_10NL_3_1,1,3500,"('s', 'sk', 's')",enbaneses,enbaneses
90L_10NL,3,90L_10NL_3_1,1,3500,"('s', 'sk', 's')",enbaneses,enbaneses
90L_10NL,3,90L_10NL_3_1,1,3500,"('s', 'sk', 's')",enbaneses,enbaneses
90L_10NL,3,90L_10NL_3_1,1,3500,"('s', 'sk', 's')",enbaneses,enbaneses
90L_10NL,3,90L_10NL_3_1,1,3500,"('s', 'sk', 's')",enbaneses,enbaneses
90L_10NL,3,90L_10NL_3_1,1,3500,"('s', 'sk', 's')",enbaneses,enbaneses
90L_10NL,3,90L_10NL_3_1,1,3500,"('s', 'sk', 's')",enbaneses,enbaneses
90L_10NL,3,90L_10NL_3_1,1,3500,"('s', 'sk', 's')",enbaneses,enbaneses
90L_10NL,3,90L_10NL_3_1,1,2625,"('sk', 'sk', 's')",enbaneses,enbaneses
90L_10NL,3,90L_10NL_3_1,1,2625,"('sk', 'sk', 's')",enbaneses,enbaneses
90L_10NL,3,90L_10NL_3_1,1,2625,"('sk', 'sk', 's')",enbaneses,enbaneses
90L_10NL,3,90L_10NL_3_1,1,2625,"('sk', 'sk', 's')",enbaneses,enbaneses
90L_10NL,3,90L_10NL_3_1,1,2625,"('sk', 'sk', 's')",enbaneses,enbaneses
90L_10NL,3,90L_10NL_3_1,1,2625,"('sk', 'sk', 's')",enbaneses,enbaneses
90L_10NL,3,90L_10NL_3_1,1,2625,"('sk', 'sk', 's')",enbaneses,enbaneses
90L_10NL,3,90L_10NL_3_1,1,2625,"('sk', 'sk', 's')",enbaneses,enbaneses
90L_10NL,3,90L_10NL_3_1,1,2625,"('sk', 'sk', 's')",enbaneses,enbaneses
90L_10NL,3,90L_10NL_3_1,1,2625,"('sk', 'sk', 's')",enbaneses,enbaneses
90L_10NL,3,90L_10NL_3_1,1,2625,"('sk', 'sk', 's')",enbaneses,enbaneses
90L_10NL,3,90L_10NL_3_1,1,2625,"('sk', 'sk', 's')",enbaneses,enbaneses
90L_10NL,3,90L_10NL_3_1,1,2625,"('sk', 'sk', 's')",enbaneses,enbaneses
90L_10NL,3,90L_10NL_3_1,1,2625,"('sk', 'sk', 's')",enbaneses,enbaneses
90L_10NL,3,90L_10NL_3_1,1,2625,"('sk', 'sk', 's')",enbaneses,enbaneses
90L_10NL,3,90L_10NL_3_1,1,2625,"('sk', 'sk', 's')",enbaneses,enbaneses
90L_10NL,3,90L_10NL_3_1,1,2625,"('sk', 'sk', 's')",enbaneses,enbaneses
90L_10NL,3,90L_10NL_3_1,0,2625,"('sk', 'sk', 's')",enbanese,enbaneses
90L_10NL,3,90L_10NL_3_1,0,2625,"('sk', 'sk', 's')",enbanese,enbaneses
90L_10NL,3,90L_10NL_3_1,0,2625,"('sk', 'sk', 's')",enbanese,enbaneses
90L_10NL,3,90L_10NL_3_1,0,2625,"('sk', 'sk', 's')",enbanese,enbaneses
90L_10NL,3,90L_10NL_3_1,1,1085,"('s', 's', 's')",enbanese,enbanese
90L_10NL,3,90L_10NL_3_1,1,1085,"('s', 's', 's')",enbanese,enbanese
90L_10NL,3,90L_10NL_3_1,1,1085,"('s', 's', 's')",enbanese,enbanese
90L_10NL,3,90L_10NL_3_1,1,3500,"('s', 'sk', 's')",enbanese,enbanese
90L_10NL,3,90L_10NL_3_1,1,3500,"('s', 'sk', 's')",enbanese,enbanese
90L_10NL,3,90L_10NL_3_1,1,3500,"('s', 'sk', 's')",enbanese,enbanese
90L_10NL,3,90L_10NL_3_1,1,3500,"('s', 'sk', 's')",enbanese,enbanese
90L_10NL,3,90L_10NL_3_1,1,3500,"('s', 'sk', 's')",enbanese,enbanese
90L_10NL,3,90L_10NL_3_1,1,3500,"('s', 'sk', 's')",enbanese,enbanese
90L_10NL,3,90L_10NL_3_1,1,3500,"('s', 'sk', 's')",enbanese,enbanese
90L_10NL,3,90L_10NL_3_1,1,1085,"('s', 's', 's')",enbanese,enbanese
90L_10NL,3,90L_10NL_3_1,1,1085,"('s', 's', 's')",enbanese,enbanese
90L_10NL,3,90L_10NL_3_1,1,3500,"('s', 'sk', 's')",enbanese,enbanese
90L_10NL,3,90L_10NL_3_1,1,3500,"('s', 'sk', 's')",enbanese,enbanese
90L_10NL,3,90L_10NL_3_1,1,3500,"('s', 'sk', 's')",enbanese,enbanese
90L_10NL,3,90L_10NL_3_1,1,3500,"('s', 'sk', 's')",enbanese,enbanese
90L_10NL,3,90L_10NL_3_1,1,3500,"('s', 'sk', 's')",enbanese,enbanese
90L_10NL,3,90L_10NL_3_1,1,3500,"('s', 'sk', 's')",enbanese,enbanese
90L_10NL,3,90L_10NL_3_1,1,3500,"('s', 'sk', 's')",enbanese,enbanese
90L_10NL,3,90L_10NL_3_1,1,1085,"('s', 's', 's')",enbanese,enbanese
90L_10NL,3,90L_10NL_3_1,1,3500,"('s', 'sk', 's')",enbanese,enbanese
90L_10NL,3,90L_10NL_3_1,1,3500,"('s', 'sk', 's')",enbanese,enbanese
90L_10NL,3,90L_10NL_3_1,1,3500,"('s', 'sk', 's')",enbanese,enbanese
90L_10NL,3,90L_10NL_3_1,1,3500,"('s', 'sk', 's')",enbanese,enbanese
90L_10NL,3,90L_10NL_3_1,1,3500,"('s', 'sk', 's')",enbanese,enbanese
90L_10NL,3,90L_10NL_3_1,1,3500,"('s', 'sk', 's')",enbanese,enbanese
90L_10NL,3,90L_10NL_3_1,1,3500,"('s', 'sk', 's')",enbanese,enbanese
90L_10NL,3,90L_10NL_3_1,1,3500,"('s', 'sk', 's')",enbanese,enbanese
90L_10NL,3,90L_10NL_3_1,1,3500,"('s', 'sk', 's')",enbanese,enbanese
90L_10NL,3,90L_10NL_3_1,1,3500,"('s', 'sk', 's')",enbanese,enbanese
90L_10NL,3,90L_10NL_3_1,1,3500,"('s', 'sk', 's')",enbanese,enbanese
90L_10NL,3,90L_10NL_3_1,1,3500,"('s', 'sk', 's')",enbanese,enbanese
90L_10NL,3,90L_10NL_3_1,1,3500,"('s', 'sk', 's')",enbanese,enbanese
90L_10NL,3,90L_10NL_3_1,1,3500,"('s', 'sk', 's')",enbanese,enbanese
90L_10NL,3,90L_10NL_3_1,1,2625,"('sk', 'sk', 's')",enbanese,enbanese
90L_10NL,3,90L_10NL_3_1,1,2625,"('sk', 'sk', 's')",enbanese,enbanese
90L_10NL,3,90L_10NL_3_1,1,2625,"('sk', 'sk', 's')",enbanese,enbanese
90L_10NL,3,90L_10NL_3_1,1,2625,"('sk', 'sk', 's')",enbanese,enbanese
90L_10NL,3,90L_10NL_3_1,1,2625,"('sk', 'sk', 's')",enbanese,enbanese
90L_10NL,3,90L_10NL_3_1,1,2625,"('sk', 'sk', 's')",enbanese,enbanese
90L_10NL,3,90L_10NL_3_1,1,2625,"('sk', 'sk', 's')",enbanese,enbanese
90L_10NL,3,90L_10NL_3_1,1,2625,"('sk', 'sk', 's')",enbanese,enbanese
90L_10NL,3,90L_10NL_3_1,1,2625,"('sk', 'sk', 's')",enbanese,enbanese
90L_10NL,3,90L_10NL_3_1,1,2625,"('sk', 'sk', 's')",enbanese,enbanese
90L_10NL,3,90L_10NL_3_1,1,2625,"('sk', 'sk', 's')",enbanese,enbanese
90L_10NL,3,90L_10NL_3_1,1,2625,"('sk', 'sk', 's')",enbanese,enbanese
90L_10NL,3,90L_10NL_3_1,1,2625,"('sk', 'sk', 's')",enbanese,enbanese
90L_10NL,3,90L_10NL_3_1,1,2625,"('sk', 'sk', 's')",enbanese,enbanese
90L_10NL,3,90L_10NL_3_1,1,2625,"('sk', 'sk', 's')",enbanese,enbanese
90L_10NL,3,90L_10NL_3_1,1,2625,"('sk', 'sk', 's')",enbanese,enbanese
90L_10NL,3,90L_10NL_3_1,1,2625,"('sk', 'sk', 's')",enbanese,enbanese
90L_10NL,3,90L_10NL_3_1,0,2625,"('sk', 'sk', 's')",enbaneskajs,enbanese
90L_10NL,3,90L_10NL_3_1,0,2625,"('sk', 'sk', 's')",enbaneskajs,enbanese
90L_10NL,3,90L_10NL_3_1,0,2625,"('sk', 'sk', 's')",enbaneskajs,enbanese
90L_10NL,3,90L_10NL_3_1,0,2625,"('sk', 'sk', 's')",enbaneskajs,enbanese
90L_10NL,3,90L_10NL_3_1,1,1750,"('s', 's', 'sk')",enbaneskajs,enbaneskajs
90L_10NL,3,90L_10NL_3_1,1,1750,"('s', 's', 'sk')",enbaneskajs,enbaneskajs
90L_10NL,3,90L_10NL_3_1,1,1750,"('s', 's', 'sk')",enbaneskajs,enbaneskajs
90L_10NL,3,90L_10NL_3_1,1,1750,"('s', 's', 'sk')",enbaneskajs,enbaneskajs
90L_10NL,3,90L_10NL_3_1,1,5250,"('s', 'sk', 'sk')",enbaneskajs,enbaneskajs
90L_10NL,3,90L_10NL_3_1,1,5250,"('s', 'sk', 'sk')",enbaneskajs,enbaneskajs
90L_10NL,3,90L_10NL_3_1,1,5250,"('s', 'sk', 'sk')",enbaneskajs,enbaneskajs
90L_10NL,3,90L_10NL_3_1,1,5250,"('s', 'sk', 'sk')",enbaneskajs,enbaneskajs
90L_10NL,3,90L_10NL_3_1,1,5250,"('s', 'sk', 'sk')",enbaneskajs,enbaneskajs
90L_10NL,3,90L_10NL_3_1,1,5250,"('s', 'sk', 'sk')",enbaneskajs,enbaneskajs
90L_10NL,3,90L_10NL_3_1,1,1750,"('s', 's', 'sk')",enbaneskajs,enbaneskajs
90L_10NL,3,90L_10NL_3_1,1,1750,"('s', 's', 'sk')",enbaneskajs,enbaneskajs
90L_10NL,3,90L_10NL_3_1,1,1750,"('s', 's', 'sk')",enbaneskajs,enbaneskajs
90L_10NL,3,90L_10NL_3_1,1,5250,"('s', 'sk', 'sk')",enbaneskajs,enbaneskajs
90L_10NL,3,90L_10NL_3_1,1,5250,"('s', 'sk', 'sk')",enbaneskajs,enbaneskajs
90L_10NL,3,90L_10NL_3_1,1,5250,"('s', 'sk', 'sk')",enbaneskajs,enbaneskajs
90L_10NL,3,90L_10NL_3_1,1,5250,"('s', 'sk', 'sk')",enbaneskajs,enbaneskajs
90L_10NL,3,90L_10NL_3_1,1,5250,"('s', 'sk', 'sk')",enbaneskajs,enbaneskajs
90L_10NL,3,90L_10NL_3_1,1,5250,"('s', 'sk', 'sk')",enbaneskajs,enbaneskajs
90L_10NL,3,90L_10NL_3_1,1,1750,"('s', 's', 'sk')",enbaneskajs,enbaneskajs
90L_10NL,3,90L_10NL_3_1,1,1750,"('s', 's', 'sk')",enbaneskajs,enbaneskajs
90L_10NL,3,90L_10NL_3_1,1,5250,"('s', 'sk', 'sk')",enbaneskajs,enbaneskajs
90L_10NL,3,90L_10NL_3_1,1,5250,"('s', 'sk', 'sk')",enbaneskajs,enbaneskajs
90L_10NL,3,90L_10NL_3_1,1,5250,"('s', 'sk', 'sk')",enbaneskajs,enbaneskajs
90L_10NL,3,90L_10NL_3_1,1,5250,"('s', 'sk', 'sk')",enbaneskajs,enbaneskajs
90L_10NL,3,90L_10NL_3_1,1,5250,"('s', 'sk', 'sk')",enbaneskajs,enbaneskajs
90L_10NL,3,90L_10NL_3_1,1,5250,"('s', 'sk', 'sk')",enbaneskajs,enbaneskajs
90L_10NL,3,90L_10NL_3_1,1,1750,"('s', 's', 'sk')",enbaneskajs,enbaneskajs
90L_10NL,3,90L_10NL_3_1,1,5250,"('s', 'sk', 'sk')",enbaneskajs,enbaneskajs
90L_10NL,3,90L_10NL_3_1,1,5250,"('s', 'sk', 'sk')",enbaneskajs,enbaneskajs
90L_10NL,3,90L_10NL_3_1,1,5250,"('s', 'sk', 'sk')",enbaneskajs,enbaneskajs
90L_10NL,3,90L_10NL_3_1,1,5250,"('s', 'sk', 'sk')",enbaneskajs,enbaneskajs
90L_10NL,3,90L_10NL_3_1,1,5250,"('s', 'sk', 'sk')",enbaneskajs,enbaneskajs
90L_10NL,3,90L_10NL_3_1,1,5250,"('s', 'sk', 'sk')",enbaneskajs,enbaneskajs
90L_10NL,3,90L_10NL_3_1,1,5250,"('s', 'sk', 'sk')",enbaneskajs,enbaneskajs
90L_10NL,3,90L_10NL_3_1,1,5250,"('s', 'sk', 'sk')",enbaneskajs,enbaneskajs
90L_10NL,3,90L_10NL_3_1,1,5250,"('s', 'sk', 'sk')",enbaneskajs,enbaneskajs
90L_10NL,3,90L_10NL_3_1,1,5250,"('s', 'sk', 'sk')",enbaneskajs,enbaneskajs
90L_10NL,3,90L_10NL_3_1,1,5250,"('s', 'sk', 'sk')",enbaneskajs,enbaneskajs
90L_10NL,3,90L_10NL_3_1,1,5250,"('s', 'sk', 'sk')",enbaneskajs,enbaneskajs
90L_10NL,3,90L_10NL_3_1,1,2625,"('sk', 'sk', 'sk')",enbaneskajs,enbaneskajs
90L_10NL,3,90L_10NL_3_1,1,2625,"('sk', 'sk', 'sk')",enbaneskajs,enbaneskajs
90L_10NL,3,90L_10NL_3_1,1,2625,"('sk', 'sk', 'sk')",enbaneskajs,enbaneskajs
90L_10NL,3,90L_10NL_3_1,1,2625,"('sk', 'sk', 'sk')",enbaneskajs,enbaneskajs
90L_10NL,3,90L_10NL_3_1,1,2625,"('sk', 'sk', 'sk')",enbaneskajs,enbaneskajs
90L_10NL,3,90L_10NL_3_1,1,2625,"('sk', 'sk', 'sk')",enbaneskajs,enbaneskajs
90L_10NL,3,90L_10NL_3_1,1,2625,"('sk', 'sk', 'sk')",enbaneskajs,enbaneskajs
90L_10NL,3,90L_10NL_3_1,1,2625,"('sk', 'sk', 'sk')",enbaneskajs,enbaneskajs
90L_10NL,3,90L_10NL_3_1,1,2625,"('sk', 'sk', 'sk')",enbaneskajs,enbaneskajs
90L_10NL,3,90L_10NL_3_1,1,2625,"('sk', 'sk', 'sk')",enbaneskajs,enbaneskajs
90L_10NL,3,90L_10NL_3_1,1,2625,"('sk', 'sk', 'sk')",enbaneskajs,enbaneskajs
90L_10NL,3,90L_10NL_3_1,0,2625,"('sk', 'sk', 'sk')",enbaneskamos,enbaneskajs
90L_10NL,3,90L_10NL_3_1,0,2625,"('sk', 'sk', 'sk')",enbaneskamos,enbaneskajs
90L_10NL,3,90L_10NL_3_1,0,2625,"('sk', 'sk', 'sk')",enbaneskamos,enbaneskajs
90L_10NL,3,90L_10NL_3_1,0,2625,"('sk', 'sk', 'sk')",enbaneskamos,enbaneskajs
90L_10NL,3,90L_10NL_3_1,1,1750,"('s', 's', 'sk')",enbaneskamos,enbaneskamos
90L_10NL,3,90L_10NL_3_1,1,1750,"('s', 's', 'sk')",enbaneskamos,enbaneskamos
90L_10NL,3,90L_10NL_3_1,1,1750,"('s', 's', 'sk')",enbaneskamos,enbaneskamos
90L_10NL,3,90L_10NL_3_1,1,1750,"('s', 's', 'sk')",enbaneskamos,enbaneskamos
90L_10NL,3,90L_10NL_3_1,1,5250,"('s', 'sk', 'sk')",enbaneskamos,enbaneskamos
90L_10NL,3,90L_10NL_3_1,1,5250,"('s', 'sk', 'sk')",enbaneskamos,enbaneskamos
90L_10NL,3,90L_10NL_3_1,1,5250,"('s', 'sk', 'sk')",enbaneskamos,enbaneskamos
90L_10NL,3,90L_10NL_3_1,1,5250,"('s', 'sk', 'sk')",enbaneskamos,enbaneskamos
90L_10NL,3,90L_10NL_3_1,1,5250,"('s', 'sk', 'sk')",enbaneskamos,enbaneskamos
90L_10NL,3,90L_10NL_3_1,1,5250,"('s', 'sk', 'sk')",enbaneskamos,enbaneskamos
90L_10NL,3,90L_10NL_3_1,1,1750,"('s', 's', 'sk')",enbaneskamos,enbaneskamos
90L_10NL,3,90L_10NL_3_1,1,1750,"('s', 's', 'sk')",enbaneskamos,enbaneskamos
90L_10NL,3,90L_10NL_3_1,1,1750,"('s', 's', 'sk')",enbaneskamos,enbaneskamos
90L_10NL,3,90L_10NL_3_1,1,5250,"('s', 'sk', 'sk')",enbaneskamos,enbaneskamos
90L_10NL,3,90L_10NL_3_1,1,5250,"('s', 'sk', 'sk')",enbaneskamos,enbaneskamos
90L_10NL,3,90L_10NL_3_1,1,5250,"('s', 'sk', 'sk')",enbaneskamos,enbaneskamos
90L_10NL,3,90L_10NL_3_1,1,5250,"('s', 'sk', 'sk')",enbaneskamos,enbaneskamos
90L_10NL,3,90L_10NL_3_1,1,5250,"('s', 'sk', 'sk')",enbaneskamos,enbaneskamos
90L_10NL,3,90L_10NL_3_1,1,5250,"('s', 'sk', 'sk')",enbaneskamos,enbaneskamos
90L_10NL,3,90L_10NL_3_1,1,1750,"('s', 's', 'sk')",enbaneskamos,enbaneskamos
90L_10NL,3,90L_10NL_3_1,1,1750,"('s', 's', 'sk')",enbaneskamos,enbaneskamos
90L_10NL,3,90L_10NL_3_1,1,5250,"('s', 'sk', 'sk')",enbaneskamos,enbaneskamos
90L_10NL,3,90L_10NL_3_1,1,5250,"('s', 'sk', 'sk')",enbaneskamos,enbaneskamos
90L_10NL,3,90L_10NL_3_1,1,5250,"('s', 'sk', 'sk')",enbaneskamos,enbaneskamos
90L_10NL,3,90L_10NL_3_1,1,5250,"('s', 'sk', 'sk')",enbaneskamos,enbaneskamos
90L_10NL,3,90L_10NL_3_1,1,5250,"('s', 'sk', 'sk')",enbaneskamos,enbaneskamos
90L_10NL,3,90L_10NL_3_1,1,5250,"('s', 'sk', 'sk')",enbaneskamos,enbaneskamos
90L_10NL,3,90L_10NL_3_1,1,1750,"('s', 's', 'sk')",enbaneskamos,enbaneskamos
90L_10NL,3,90L_10NL_3_1,1,5250,"('s', 'sk', 'sk')",enbaneskamos,enbaneskamos
90L_10NL,3,90L_10NL_3_1,1,5250,"('s', 'sk', 'sk')",enbaneskamos,enbaneskamos
90L_10NL,3,90L_10NL_3_1,1,5250,"('s', 'sk', 'sk')",enbaneskamos,enbaneskamos
90L_10NL,3,90L_10NL_3_1,1,5250,"('s', 'sk', 'sk')",enbaneskamos,enbaneskamos
90L_10NL,3,90L_10NL_3_1,1,5250,"('s', 'sk', 'sk')",enbaneskamos,enbaneskamos
90L_10NL,3,90L_10NL_3_1,1,5250,"('s', 'sk', 'sk')",enbaneskamos,enbaneskamos
90L_10NL,3,90L_10NL_3_1,1,5250,"('s', 'sk', 'sk')",enbaneskamos,enbaneskamos
90L_10NL,3,90L_10NL_3_1,1,5250,"('s', 'sk', 'sk')",enbaneskamos,enbaneskamos
90L_10NL,3,90L_10NL_3_1,1,5250,"('s', 'sk', 'sk')",enbaneskamos,enbaneskamos
90L_10NL,3,90L_10NL_3_1,1,5250,"('s', 'sk', 'sk')",enbaneskamos,enbaneskamos
90L_10NL,3,90L_10NL_3_1,1,5250,"('s', 'sk', 'sk')",enbaneskamos,enbaneskamos
90L_10NL,3,90L_10NL_3_1,1,5250,"('s', 'sk', 'sk')",enbaneskamos,enbaneskamos
90L_10NL,3,90L_10NL_3_1,1,2625,"('sk', 'sk', 'sk')",enbaneskamos,enbaneskamos
90L_10NL,3,90L_10NL_3_1,1,2625,"('sk', 'sk', 'sk')",enbaneskamos,enbaneskamos
90L_10NL,3,90L_10NL_3_1,1,2625,"('sk', 'sk', 'sk')",enbaneskamos,enbaneskamos
90L_10NL,3,90L_10NL_3_1,1,2625,"('sk', 'sk', 'sk')",enbaneskamos,enbaneskamos
90L_10NL,3,90L_10NL_3_1,1,2625,"('sk', 'sk', 'sk')",enbaneskamos,enbaneskamos
90L_10NL,3,90L_10NL_3_1,1,2625,"('sk', 'sk', 'sk')",enbaneskamos,enbaneskamos
90L_10NL,3,90L_10NL_3_1,1,2625,"('sk', 'sk', 'sk')",enbaneskamos,enbaneskamos
90L_10NL,3,90L_10NL_3_1,1,2625,"('sk', 'sk', 'sk')",enbaneskamos,enbaneskamos
90L_10NL,3,90L_10NL_3_1,1,2625,"('sk', 'sk', 'sk')",enbaneskamos,enbaneskamos
90L_10NL,3,90L_10NL_3_1,1,2625,"('sk', 'sk', 'sk')",enbaneskamos,enbaneskamos
90L_10NL,3,90L_10NL_3_1,1,2625,"('sk', 'sk', 'sk')",enbaneskamos,enbaneskamos
90L_10NL,3,90L_10NL_3_1,0,2625,"('sk', 'sk', 'sk')",enbaneskan,enbaneskamos
90L_10NL,3,90L_10NL_3_1,0,2625,"('sk', 'sk', 'sk')",enbaneskan,enbaneskamos
90L_10NL,3,90L_10NL_3_1,0,2625,"('sk', 'sk', 'sk')",enbaneskan,enbaneskamos
90L_10NL,3,90L_10NL_3_1,0,2625,"('sk', 'sk', 'sk')",enbaneskan,enbaneskamos
90L_10NL,3,90L_10NL_3_1,1,1750,"('s', 's', 'sk')",enbaneskan,enbaneskan
90L_10NL,3,90L_10NL_3_1,1,1750,"('s', 's', 'sk')",enbaneskan,enbaneskan
90L_10NL,3,90L_10NL_3_1,1,1750,"('s', 's', 'sk')",enbaneskan,enbaneskan
90L_10NL,3,90L_10NL_3_1,1,1750,"('s', 's', 'sk')",enbaneskan,enbaneskan
90L_10NL,3,90L_10NL_3_1,1,5250,"('s', 'sk', 'sk')",enbaneskan,enbaneskan
90L_10NL,3,90L_10NL_3_1,1,5250,"('s', 'sk', 'sk')",enbaneskan,enbaneskan
90L_10NL,3,90L_10NL_3_1,1,5250,"('s', 'sk', 'sk')",enbaneskan,enbaneskan
90L_10NL,3,90L_10NL_3_1,1,5250,"('s', 'sk', 'sk')",enbaneskan,enbaneskan
90L_10NL,3,90L_10NL_3_1,1,5250,"('s', 'sk', 'sk')",enbaneskan,enbaneskan
90L_10NL,3,90L_10NL_3_1,1,5250,"('s', 'sk', 'sk')",enbaneskan,enbaneskan
90L_10NL,3,90L_10NL_3_1,1,1750,"('s', 's', 'sk')",enbaneskan,enbaneskan
90L_10NL,3,90L_10NL_3_1,1,1750,"('s', 's', 'sk')",enbaneskan,enbaneskan
90L_10NL,3,90L_10NL_3_1,1,1750,"('s', 's', 'sk')",enbaneskan,enbaneskan
90L_10NL,3,90L_10NL_3_1,1,5250,"('s', 'sk', 'sk')",enbaneskan,enbaneskan
90L_10NL,3,90L_10NL_3_1,1,5250,"('s', 'sk', 'sk')",enbaneskan,enbaneskan
90L_10NL,3,90L_10NL_3_1,1,5250,"('s', 'sk', 'sk')",enbaneskan,enbaneskan
90L_10NL,3,90L_10NL_3_1,1,5250,"('s', 'sk', 'sk')",enbaneskan,enbaneskan
90L_10NL,3,90L_10NL_3_1,1,5250,"('s', 'sk', 'sk')",enbaneskan,enbaneskan
90L_10NL,3,90L_10NL_3_1,1,5250,"('s', 'sk', 'sk')",enbaneskan,enbaneskan
90L_10NL,3,90L_10NL_3_1,1,1750,"('s', 's', 'sk')",enbaneskan,enbaneskan
90L_10NL,3,90L_10NL_3_1,1,1750,"('s', 's', 'sk')",enbaneskan,enbaneskan
90L_10NL,3,90L_10NL_3_1,1,5250,"('s', 'sk', 'sk')",enbaneskan,enbaneskan
90L_10NL,3,90L_10NL_3_1,1,5250,"('s', 'sk', 'sk')",enbaneskan,enbaneskan
90L_10NL,3,90L_10NL_3_1,1,5250,"('s', 'sk', 'sk')",enbaneskan,enbaneskan
90L_10NL,3,90L_10NL_3_1,1,5250,"('s', 'sk', 'sk')",enbaneskan,enbaneskan
90L_10NL,3,90L_10NL_3_1,1,5250,"('s', 'sk', 'sk')",enbaneskan,enbaneskan
90L_10NL,3,90L_10NL_3_1,1,5250,"('s', 'sk', 'sk')",enbaneskan,enbaneskan
90L_10NL,3,90L_10NL_3_1,1,1750,"('s', 's', 'sk')",enbaneskan,enbaneskan
90L_10NL,3,90L_10NL_3_1,1,5250,"('s', 'sk', 'sk')",enbaneskan,enbaneskan
90L_10NL,3,90L_10NL_3_1,1,5250,"('s', 'sk', 'sk')",enbaneskan,enbaneskan
90L_10NL,3,90L_10NL_3_1,1,5250,"('s', 'sk', 'sk')",enbaneskan,enbaneskan
90L_10NL,3,90L_10NL_3_1,1,5250,"('s', 'sk', 'sk')",enbaneskan,enbaneskan
90L_10NL,3,90L_10NL_3_1,1,5250,"('s', 'sk', 'sk')",enbaneskan,enbaneskan
90L_10NL,3,90L_10NL_3_1,1,5250,"('s', 'sk', 'sk')",enbaneskan,enbaneskan
90L_10NL,3,90L_10NL_3_1,1,5250,"('s', 'sk', 'sk')",enbaneskan,enbaneskan
90L_10NL,3,90L_10NL_3_1,1,5250,"('s', 'sk', 'sk')",enbaneskan,enbaneskan
90L_10NL,3,90L_10NL_3_1,1,5250,"('s', 'sk', 'sk')",enbaneskan,enbaneskan
90L_10NL,3,90L_10NL_3_1,1,5250,"('s', 'sk', 'sk')",enbaneskan,enbaneskan
90L_10NL,3,90L_10NL_3_1,1,5250,"('s', 'sk', 'sk')",enbaneskan,enbaneskan
90L_10NL,3,90L_10NL_3_1,1,5250,"('s', 'sk', 'sk')",enbaneskan,enbaneskan
90L_10NL,3,90L_10NL_3_1,1,2625,"('sk', 'sk', 'sk')",enbaneskan,enbaneskan
90L_10NL,3,90L_10NL_3_1,1,2625,"('sk', 'sk', 'sk')",enbaneskan,enbaneskan
90L_10NL,3,90L_10NL_3_1,1,2625,"('sk', 'sk', 'sk')",enbaneskan,enbaneskan
90L_10NL,3,90L_10NL_3_1,1,2625,"('sk', 'sk', 'sk')",enbaneskan,enbaneskan
90L_10NL,3,90L_10NL_3_1,1,2625,"('sk', 'sk', 'sk')",enbaneskan,enbaneskan
90L_10NL,3,90L_10NL_3_1,1,2625,"('sk', 'sk', 'sk')",enbaneskan,enbaneskan
90L_10NL,3,90L_10NL_3_1,1,2625,"('sk', 'sk', 'sk')",enbaneskan,enbaneskan
90L_10NL,3,90L_10NL_3_1,1,2625,"('sk', 'sk', 'sk')",enbaneskan,enbaneskan
90L_10NL,3,90L_10NL_3_1,1,2625,"('sk', 'sk', 'sk')",enbaneskan,enbaneskan
90L_10NL,3,90L_10NL_3_1,1,2625,"('sk', 'sk', 'sk')",enbaneskan,enbaneskan
90L_10NL,3,90L_10NL_3_1,1,2625,"('sk', 'sk', 'sk')",enbaneskan,enbaneskan
90L_10NL,3,90L_10NL_3_1,0,2625,"('sk', 'sk', 'sk')",enbaneskas,enbaneskan
90L_10NL,3,90L_10NL_3_1,0,2625,"('sk', 'sk', 'sk')",enbaneskas,enbaneskan
90L_10NL,3,90L_10NL_3_1,0,2625,"('sk', 'sk', 'sk')",enbaneskas,enbaneskan
90L_10NL,3,90L_10NL_3_1,0,2625,"('sk', 'sk', 'sk')",enbaneskas,enbaneskan
90L_10NL,3,90L_10NL_3_1,1,1750,"('s', 's', 'sk')",enbaneskas,enbaneskas
90L_10NL,3,90L_10NL_3_1,1,1750,"('s', 's', 'sk')",enbaneskas,enbaneskas
90L_10NL,3,90L_10NL_3_1,1,1750,"('s', 's', 'sk')",enbaneskas,enbaneskas
90L_10NL,3,90L_10NL_3_1,1,1750,"('s', 's', 'sk')",enbaneskas,enbaneskas
90L_10NL,3,90L_10NL_3_1,1,5250,"('s', 'sk', 'sk')",enbaneskas,enbaneskas
90L_10NL,3,90L_10NL_3_1,1,5250,"('s', 'sk', 'sk')",enbaneskas,enbaneskas
90L_10NL,3,90L_10NL_3_1,1,5250,"('s', 'sk', 'sk')",enbaneskas,enbaneskas
90L_10NL,3,90L_10NL_3_1,1,5250,"('s', 'sk', 'sk')",enbaneskas,enbaneskas
90L_10NL,3,90L_10NL_3_1,1,5250,"('s', 'sk', 'sk')",enbaneskas,enbaneskas
90L_10NL,3,90L_10NL_3_1,1,5250,"('s', 'sk', 'sk')",enbaneskas,enbaneskas
90L_10NL,3,90L_10NL_3_1,1,1750,"('s', 's', 'sk')",enbaneskas,enbaneskas
90L_10NL,3,90L_10NL_3_1,1,1750,"('s', 's', 'sk')",enbaneskas,enbaneskas
90L_10NL,3,90L_10NL_3_1,1,1750,"('s', 's', 'sk')",enbaneskas,enbaneskas
90L_10NL,3,90L_10NL_3_1,1,5250,"('s', 'sk', 'sk')",enbaneskas,enbaneskas
90L_10NL,3,90L_10NL_3_1,1,5250,"('s', 'sk', 'sk')",enbaneskas,enbaneskas
90L_10NL,3,90L_10NL_3_1,1,5250,"('s', 'sk', 'sk')",enbaneskas,enbaneskas
90L_10NL,3,90L_10NL_3_1,1,5250,"('s', 'sk', 'sk')",enbaneskas,enbaneskas
90L_10NL,3,90L_10NL_3_1,1,5250,"('s', 'sk', 'sk')",enbaneskas,enbaneskas
90L_10NL,3,90L_10NL_3_1,1,5250,"('s', 'sk', 'sk')",enbaneskas,enbaneskas
90L_10NL,3,90L_10NL_3_1,1,1750,"('s', 's', 'sk')",enbaneskas,enbaneskas
90L_10NL,3,90L_10NL_3_1,1,1750,"('s', 's', 'sk')",enbaneskas,enbaneskas
90L_10NL,3,90L_10NL_3_1,1,5250,"('s', 'sk', 'sk')",enbaneskas,enbaneskas
90L_10NL,3,90L_10NL_3_1,1,5250,"('s', 'sk', 'sk')",enbaneskas,enbaneskas
90L_10NL,3,90L_10NL_3_1,1,5250,"('s', 'sk', 'sk')",enbaneskas,enbaneskas
90L_10NL,3,90L_10NL_3_1,1,5250,"('s', 'sk', 'sk')",enbaneskas,enbaneskas
90L_10NL,3,90L_10NL_3_1,1,5250,"('s', 'sk', 'sk')",enbaneskas,enbaneskas
90L_10NL,3,90L_10NL_3_1,1,5250,"('s', 'sk', 'sk')",enbaneskas,enbaneskas
90L_10NL,3,90L_10NL_3_1,1,1750,"('s', 's', 'sk')",enbaneskas,enbaneskas
90L_10NL,3,90L_10NL_3_1,1,5250,"('s', 'sk', 'sk')",enbaneskas,enbaneskas
90L_10NL,3,90L_10NL_3_1,1,5250,"('s', 'sk', 'sk')",enbaneskas,enbaneskas
90L_10NL,3,90L_10NL_3_1,1,5250,"('s', 'sk', 'sk')",enbaneskas,enbaneskas
90L_10NL,3,90L_10NL_3_1,1,5250,"('s', 'sk', 'sk')",enbaneskas,enbaneskas
90L_10NL,3,90L_10NL_3_1,1,5250,"('s', 'sk', 'sk')",enbaneskas,enbaneskas
90L_10NL,3,90L_10NL_3_1,1,5250,"('s', 'sk', 'sk')",enbaneskas,enbaneskas
90L_10NL,3,90L_10NL_3_1,1,5250,"('s', 'sk', 'sk')",enbaneskas,enbaneskas
90L_10NL,3,90L_10NL_3_1,1,5250,"('s', 'sk', 'sk')",enbaneskas,enbaneskas
90L_10NL,3,90L_10NL_3_1,1,5250,"('s', 'sk', 'sk')",enbaneskas,enbaneskas
90L_10NL,3,90L_10NL_3_1,1,5250,"('s', 'sk', 'sk')",enbaneskas,enbaneskas
90L_10NL,3,90L_10NL_3_1,1,5250,"('s', 'sk', 'sk')",enbaneskas,enbaneskas
90L_10NL,3,90L_10NL_3_1,1,5250,"('s', 'sk', 'sk')",enbaneskas,enbaneskas
90L_10NL,3,90L_10NL_3_1,1,2625,"('sk', 'sk', 'sk')",enbaneskas,enbaneskas
90L_10NL,3,90L_10NL_3_1,1,2625,"('sk', 'sk', 'sk')",enbaneskas,enbaneskas
90L_10NL,3,90L_10NL_3_1,1,2625,"('sk', 'sk', 'sk')",enbaneskas,enbaneskas
90L_10NL,3,90L_10NL_3_1,1,2625,"('sk', 'sk', 'sk')",enbaneskas,enbaneskas
90L_10NL,3,90L_10NL_3_1,1,2625,"('sk', 'sk', 'sk')",enbaneskas,enbaneskas
90L_10NL,3,90L_10NL_3_1,1,2625,"('sk', 'sk', 'sk')",enbaneskas,enbaneskas
90L_10NL,3,90L_10NL_3_1,1,2625,"('sk', 'sk', 'sk')",enbaneskas,enbaneskas
90L_10NL,3,90L_10NL_3_1,1,2625,"('sk', 'sk', 'sk')",enbaneskas,enbaneskas
90L_10NL,3,90L_10NL_3_1,1,2625,"('sk', 'sk', 'sk')",enbaneskas,enbaneskas
90L_10NL,3,90L_10NL_3_1,1,2625,"('sk', 'sk', 'sk')",enbaneskas,enbaneskas
90L_10NL,3,90L_10NL_3_1,1,2625,"('sk', 'sk', 'sk')",enbaneskas,enbaneskas
90L_10NL,3,90L_10NL_3_1,0,2625,"('sk', 'sk', 'sk')",enbaneska,enbaneskas
90L_10NL,3,90L_10NL_3_1,0,2625,"('sk', 'sk', 'sk')",enbaneska,enbaneskas
90L_10NL,3,90L_10NL_3_1,0,2625,"('sk', 'sk', 'sk')",enbaneska,enbaneskas
90L_10NL,3,90L_10NL_3_1,0,2625,"('sk', 'sk', 'sk')",enbaneska,enbaneskas
90L_10NL,3,90L_10NL_3_1,1,1750,"('s', 's', 'sk')",enbaneska,enbaneska
90L_10NL,3,90L_10NL_3_1,1,1750,"('s', 's', 'sk')",enbaneska,enbaneska
90L_10NL,3,90L_10NL_3_1,1,1750,"('s', 's', 'sk')",enbaneska,enbaneska
90L_10NL,3,90L_10NL_3_1,1,1750,"('s', 's', 'sk')",enbaneska,enbaneska
90L_10NL,3,90L_10NL_3_1,1,5250,"('s', 'sk', 'sk')",enbaneska,enbaneska
90L_10NL,3,90L_10NL_3_1,1,5250,"('s', 'sk', 'sk')",enbaneska,enbaneska
90L_10NL,3,90L_10NL_3_1,1,5250,"('s', 'sk', 'sk')",enbaneska,enbaneska
90L_10NL,3,90L_10NL_3_1,1,5250,"('s', 'sk', 'sk')",enbaneska,enbaneska
90L_10NL,3,90L_10NL_3_1,1,5250,"('s', 'sk', 'sk')",enbaneska,enbaneska
90L_10NL,3,90L_10NL_3_1,1,5250,"('s', 'sk', 'sk')",enbaneska,enbaneska
90L_10NL,3,90L_10NL_3_1,1,1750,"('s', 's', 'sk')",enbaneska,enbaneska
90L_10NL,3,90L_10NL_3_1,1,1750,"('s', 's', 'sk')",enbaneska,enbaneska
90L_10NL,3,90L_10NL_3_1,1,1750,"('s', 's', 'sk')",enbaneska,enbaneska
90L_10NL,3,90L_10NL_3_1,1,5250,"('s', 'sk', 'sk')",enbaneska,enbaneska
90L_10NL,3,90L_10NL_3_1,1,5250,"('s', 'sk', 'sk')",enbaneska,enbaneska
90L_10NL,3,90L_10NL_3_1,1,5250,"('s', 'sk', 'sk')",enbaneska,enbaneska
90L_10NL,3,90L_10NL_3_1,1,5250,"('s', 'sk', 'sk')",enbaneska,enbaneska
90L_10NL,3,90L_10NL_3_1,1,5250,"('s', 'sk', 'sk')",enbaneska,enbaneska
90L_10NL,3,90L_10NL_3_1,1,5250,"('s', 'sk', 'sk')",enbaneska,enbaneska
90L_10NL,3,90L_10NL_3_1,1,1750,"('s', 's', 'sk')",enbaneska,enbaneska
90L_10NL,3,90L_10NL_3_1,1,1750,"('s', 's', 'sk')",enbaneska,enbaneska
90L_10NL,3,90L_10NL_3_1,1,5250,"('s', 'sk', 'sk')",enbaneska,enbaneska
90L_10NL,3,90L_10NL_3_1,1,5250,"('s', 'sk', 'sk')",enbaneska,enbaneska
90L_10NL,3,90L_10NL_3_1,1,5250,"('s', 'sk', 'sk')",enbaneska,enbaneska
90L_10NL,3,90L_10NL_3_1,1,5250,"('s', 'sk', 'sk')",enbaneska,enbaneska
90L_10NL,3,90L_10NL_3_1,1,5250,"('s', 'sk', 'sk')",enbaneska,enbaneska
90L_10NL,3,90L_10NL_3_1,1,5250,"('s', 'sk', 'sk')",enbaneska,enbaneska
90L_10NL,3,90L_10NL_3_1,1,1750,"('s', 's', 'sk')",enbaneska,enbaneska
90L_10NL,3,90L_10NL_3_1,1,5250,"('s', 'sk', 'sk')",enbaneska,enbaneska
90L_10NL,3,90L_10NL_3_1,1,5250,"('s', 'sk', 'sk')",enbaneska,enbaneska
90L_10NL,3,90L_10NL_3_1,1,5250,"('s', 'sk', 'sk')",enbaneska,enbaneska
90L_10NL,3,90L_10NL_3_1,1,5250,"('s', 'sk', 'sk')",enbaneska,enbaneska
90L_10NL,3,90L_10NL_3_1,1,5250,"('s', 'sk', 'sk')",enbaneska,enbaneska
90L_10NL,3,90L_10NL_3_1,1,5250,"('s', 'sk', 'sk')",enbaneska,enbaneska
90L_10NL,3,90L_10NL_3_1,1,5250,"('s', 'sk', 'sk')",enbaneska,enbaneska
90L_10NL,3,90L_10NL_3_1,1,5250,"('s', 'sk', 'sk')",enbaneska,enbaneska
90L_10NL,3,90L_10NL_3_1,1,5250,"('s', 'sk', 'sk')",enbaneska,enbaneska
90L_10NL,3,90L_10NL_3_1,1,5250,"('s', 'sk', 'sk')",enbaneska,enbaneska
90L_10NL,3,90L_10NL_3_1,1,5250,"('s', 'sk', 'sk')",enbaneska,enbaneska
90L_10NL,3,90L_10NL_3_1,1,5250,"('s', 'sk', 'sk')",enbaneska,enbaneska
90L_10NL,3,90L_10NL_3_1,1,2625,"('sk', 'sk', 'sk')",enbaneska,enbaneska
90L_10NL,3,90L_10NL_3_1,1,2625,"('sk', 'sk', 'sk')",enbaneska,enbaneska
90L_10NL,3,90L_10NL_3_1,1,2625,"('sk', 'sk', 'sk')",enbaneska,enbaneska
90L_10NL,3,90L_10NL_3_1,1,2625,"('sk', 'sk', 'sk')",enbaneska,enbaneska
90L_10NL,3,90L_10NL_3_1,1,2625,"('sk', 'sk', 'sk')",enbaneska,enbaneska
90L_10NL,3,90L_10NL_3_1,1,2625,"('sk', 'sk', 'sk')",enbaneska,enbaneska
90L_10NL,3,90L_10NL_3_1,1,2625,"('sk', 'sk', 'sk')",enbaneska,enbaneska
90L_10NL,3,90L_10NL_3_1,1,2625,"('sk', 'sk', 'sk')",enbaneska,enbaneska
90L_10NL,3,90L_10NL_3_1,1,2625,"('sk', 'sk', 'sk')",enbaneska,enbaneska
90L_10NL,3,90L_10NL_3_1,1,2625,"('sk', 'sk', 'sk')",enbaneska,enbaneska
90L_10NL,3,90L_10NL_3_1,1,2625,"('sk', 'sk', 'sk')",enbaneska,enbaneska
90L_10NL,3,90L_10NL_3_1,1,2625,"('sk', 'sk', 'sk')",enbaneska,enbaneska
90L_10NL,3,90L_10NL_3_1,1,2625,"('sk', 'sk', 'sk')",enbaneska,enbaneska
90L_10NL,3,90L_10NL_3_1,1,2625,"('sk', 'sk', 'sk')",enbaneska,enbaneska
90L_10NL,3,90L_10NL_3_1,1,2625,"('sk', 'sk', 'sk')",enbaneska,enbaneska
90L_10NL,3,90L_10NL_3_1,1,1750,"('s', 's', 'sk')",enbaneska,enbaneska
90L_10NL,3,90L_10NL_3_1,1,1750,"('s', 's', 'sk')",enbaneska,enbaneska
90L_10NL,3,90L_10NL_3_1,1,1750,"('s', 's', 'sk')",enbaneska,enbaneska
90L_10NL,3,90L_10NL_3_1,1,1750,"('s', 's', 'sk')",enbaneska,enbaneska
90L_10NL,3,90L_10NL_3_1,1,5250,"('s', 'sk', 'sk')",enbaneska,enbaneska
90L_10NL,3,90L_10NL_3_1,1,5250,"('s', 'sk', 'sk')",enbaneska,enbaneska
90L_10NL,3,90L_10NL_3_1,1,5250,"('s', 'sk', 'sk')",enbaneska,enbaneska
90L_10NL,3,90L_10NL_3_1,1,5250,"('s', 'sk', 'sk')",enbaneska,enbaneska
90L_10NL,3,90L_10NL_3_1,1,5250,"('s', 'sk', 'sk')",enbaneska,enbaneska
90L_10NL,3,90L_10NL_3_1,1,5250,"('s', 'sk', 'sk')",enbaneska,enbaneska
90L_10NL,3,90L_10NL_3_1,1,1750,"('s', 's', 'sk')",enbaneska,enbaneska
90L_10NL,3,90L_10NL_3_1,1,1750,"('s', 's', 'sk')",enbaneska,enbaneska
90L_10NL,3,90L_10NL_3_1,1,1750,"('s', 's', 'sk')",enbaneska,enbaneska
90L_10NL,3,90L_10NL_3_1,1,5250,"('s', 'sk', 'sk')",enbaneska,enbaneska
90L_10NL,3,90L_10NL_3_1,1,5250,"('s', 'sk', 'sk')",enbaneska,enbaneska
90L_10NL,3,90L_10NL_3_1,1,5250,"('s', 'sk', 'sk')",enbaneska,enbaneska
90L_10NL,3,90L_10NL_3_1,1,5250,"('s', 'sk', 'sk')",enbaneska,enbaneska
90L_10NL,3,90L_10NL_3_1,1,5250,"('s', 'sk', 'sk')",enbaneska,enbaneska
90L_10NL,3,90L_10NL_3_1,1,5250,"('s', 'sk', 'sk')",enbaneska,enbaneska
90L_10NL,3,90L_10NL_3_1,1,1750,"('s', 's', 'sk')",enbaneska,enbaneska
90L_10NL,3,90L_10NL_3_1,1,1750,"('s', 's', 'sk')",enbaneska,enbaneska
90L_10NL,3,90L_10NL_3_1,1,5250,"('s', 'sk', 'sk')",enbaneska,enbaneska
90L_10NL,3,90L_10NL_3_1,1,5250,"('s', 'sk', 'sk')",enbaneska,enbaneska
90L_10NL,3,90L_10NL_3_1,1,5250,"('s', 'sk', 'sk')",enbaneska,enbaneska
90L_10NL,3,90L_10NL_3_1,1,5250,"('s', 'sk', 'sk')",enbaneska,enbaneska
90L_10NL,3,90L_10NL_3_1,1,5250,"('s', 'sk', 'sk')",enbaneska,enbaneska
90L_10NL,3,90L_10NL_3_1,1,5250,"('s', 'sk', 'sk')",enbaneska,enbaneska
90L_10NL,3,90L_10NL_3_1,1,1750,"('s', 's', 'sk')",enbaneska,enbaneska
90L_10NL,3,90L_10NL_3_1,1,5250,"('s', 'sk', 'sk')",enbaneska,enbaneska
90L_10NL,3,90L_10NL_3_1,1,5250,"('s', 'sk', 'sk')",enbaneska,enbaneska
90L_10NL,3,90L_10NL_3_1,1,5250,"('s', 'sk', 'sk')",enbaneska,enbaneska
90L_10NL,3,90L_10NL_3_1,1,5250,"('s', 'sk', 'sk')",enbaneska,enbaneska
90L_10NL,3,90L_10NL_3_1,1,5250,"('s', 'sk', 'sk')",enbaneska,enbaneska
90L_10NL,3,90L_10NL_3_1,1,5250,"('s', 'sk', 'sk')",enbaneska,enbaneska
90L_10NL,3,90L_10NL_3_1,1,5250,"('s', 'sk', 'sk')",enbaneska,enbaneska
90L_10NL,3,90L_10NL_3_1,1,5250,"('s', 'sk', 'sk')",enbaneska,enbaneska
90L_10NL,3,90L_10NL_3_1,1,5250,"('s', 'sk', 'sk')",enbaneska,enbaneska
90L_10NL,3,90L_10NL_3_1,1,5250,"('s', 'sk', 'sk')",enbaneska,enbaneska
90L_10NL,3,90L_10NL_3_1,1,5250,"('s', 'sk', 'sk')",enbaneska,enbaneska
90L_10NL,3,90L_10NL_3_1,1,5250,"('s', 'sk', 'sk')",enbaneska,enbaneska
90L_10NL,3,90L_10NL_3_1,1,2625,"('sk', 'sk', 'sk')",enbaneska,enbaneska
90L_10NL,3,90L_10NL_3_1,1,2625,"('sk', 'sk', 'sk')",enbaneska,enbaneska
90L_10NL,3,90L_10NL_3_1,1,2625,"('sk', 'sk', 'sk')",enbaneska,enbaneska
90L_10NL,3,90L_10NL_3_1,1,2625,"('sk', 'sk', 'sk')",enbaneska,enbaneska
90L_10NL,3,90L_10NL_3_1,1,2625,"('sk', 'sk', 'sk')",enbaneska,enbaneska
90L_10NL,3,90L_10NL_3_1,1,2625,"('sk', 'sk', 'sk')",enbaneska,enbaneska
90L_10NL,3,90L_10NL_3_1,1,2625,"('sk', 'sk', 'sk')",enbaneska,enbaneska
90L_10NL,3,90L_10NL_3_1,1,2625,"('sk', 'sk', 'sk')",enbaneska,enbaneska
90L_10NL,3,90L_10NL_3_1,1,2625,"('sk', 'sk', 'sk')",enbaneska,enbaneska
90L_10NL,3,90L_10NL_3_1,1,2625,"('sk', 'sk', 'sk')",enbaneska,enbaneska
90L_10NL,3,90L_10NL_3_1,1,2625,"('sk', 'sk', 'sk')",enbaneska,enbaneska
90L_10NL,3,90L_10NL_3_1,0,2625,"('sk', 'sk', 'sk')",enbanesko,enbaneska
90L_10NL,3,90L_10NL_3_1,0,2625,"('sk', 'sk', 'sk')",enbanesko,enbaneska
90L_10NL,3,90L_10NL_3_1,0,2625,"('sk', 'sk', 'sk')",enbanesko,enbaneska
90L_10NL,3,90L_10NL_3_1,0,2625,"('sk', 'sk', 'sk')",enbanesko,enbaneska
90L_10NL,3,90L_10NL_3_1,1,1750,"('s', 's', 'sk')",enbanesko,enbanesko
90L_10NL,3,90L_10NL_3_1,1,1750,"('s', 's', 'sk')",enbanesko,enbanesko
90L_10NL,3,90L_10NL_3_1,1,1750,"('s', 's', 'sk')",enbanesko,enbanesko
90L_10NL,3,90L_10NL_3_1,1,1750,"('s', 's', 'sk')",enbanesko,enbanesko
90L_10NL,3,90L_10NL_3_1,1,5250,"('s', 'sk', 'sk')",enbanesko,enbanesko
90L_10NL,3,90L_10NL_3_1,1,5250,"('s', 'sk', 'sk')",enbanesko,enbanesko
90L_10NL,3,90L_10NL_3_1,1,5250,"('s', 'sk', 'sk')",enbanesko,enbanesko
90L_10NL,3,90L_10NL_3_1,1,5250,"('s', 'sk', 'sk')",enbanesko,enbanesko
90L_10NL,3,90L_10NL_3_1,1,5250,"('s', 'sk', 'sk')",enbanesko,enbanesko
90L_10NL,3,90L_10NL_3_1,1,5250,"('s', 'sk', 'sk')",enbanesko,enbanesko
90L_10NL,3,90L_10NL_3_1,1,1750,"('s', 's', 'sk')",enbanesko,enbanesko
90L_10NL,3,90L_10NL_3_1,1,1750,"('s', 's', 'sk')",enbanesko,enbanesko
90L_10NL,3,90L_10NL_3_1,1,1750,"('s', 's', 'sk')",enbanesko,enbanesko
90L_10NL,3,90L_10NL_3_1,1,5250,"('s', 'sk', 'sk')",enbanesko,enbanesko
90L_10NL,3,90L_10NL_3_1,1,5250,"('s', 'sk', 'sk')",enbanesko,enbanesko
90L_10NL,3,90L_10NL_3_1,1,5250,"('s', 'sk', 'sk')",enbanesko,enbanesko
90L_10NL,3,90L_10NL_3_1,1,5250,"('s', 'sk', 'sk')",enbanesko,enbanesko
90L_10NL,3,90L_10NL_3_1,1,5250,"('s', 'sk', 'sk')",enbanesko,enbanesko
90L_10NL,3,90L_10NL_3_1,1,5250,"('s', 'sk', 'sk')",enbanesko,enbanesko
90L_10NL,3,90L_10NL_3_1,1,1750,"('s', 's', 'sk')",enbanesko,enbanesko
90L_10NL,3,90L_10NL_3_1,1,1750,"('s', 's', 'sk')",enbanesko,enbanesko
90L_10NL,3,90L_10NL_3_1,1,5250,"('s', 'sk', 'sk')",enbanesko,enbanesko
90L_10NL,3,90L_10NL_3_1,1,5250,"('s', 'sk', 'sk')",enbanesko,enbanesko
90L_10NL,3,90L_10NL_3_1,1,5250,"('s', 'sk', 'sk')",enbanesko,enbanesko
90L_10NL,3,90L_10NL_3_1,1,5250,"('s', 'sk', 'sk')",enbanesko,enbanesko
90L_10NL,3,90L_10NL_3_1,1,5250,"('s', 'sk', 'sk')",enbanesko,enbanesko
90L_10NL,3,90L_10NL_3_1,1,5250,"('s', 'sk', 'sk')",enbanesko,enbanesko
90L_10NL,3,90L_10NL_3_1,1,1750,"('s', 's', 'sk')",enbanesko,enbanesko
90L_10NL,3,90L_10NL_3_1,1,5250,"('s', 'sk', 'sk')",enbanesko,enbanesko
90L_10NL,3,90L_10NL_3_1,1,5250,"('s', 'sk', 'sk')",enbanesko,enbanesko
90L_10NL,3,90L_10NL_3_1,1,5250,"('s', 'sk', 'sk')",enbanesko,enbanesko
90L_10NL,3,90L_10NL_3_1,1,5250,"('s', 'sk', 'sk')",enbanesko,enbanesko
90L_10NL,3,90L_10NL_3_1,1,5250,"('s', 'sk', 'sk')",enbanesko,enbanesko
90L_10NL,3,90L_10NL_3_1,1,5250,"('s', 'sk', 'sk')",enbanesko,enbanesko
90L_10NL,3,90L_10NL_3_1,1,5250,"('s', 'sk', 'sk')",enbanesko,enbanesko
90L_10NL,3,90L_10NL_3_1,1,5250,"('s', 'sk', 'sk')",enbanesko,enbanesko
90L_10NL,3,90L_10NL_3_1,1,5250,"('s', 'sk', 'sk')",enbanesko,enbanesko
90L_10NL,3,90L_10NL_3_1,1,5250,"('s', 'sk', 'sk')",enbanesko,enbanesko
90L_10NL,3,90L_10NL_3_1,1,5250,"('s', 'sk', 'sk')",enbanesko,enbanesko
90L_10NL,3,90L_10NL_3_1,1,5250,"('s', 'sk', 'sk')",enbanesko,enbanesko
90L_10NL,3,90L_10NL_3_1,1,2625,"('sk', 'sk', 'sk')",enbanesko,enbanesko
90L_10NL,3,90L_10NL_3_1,1,2625,"('sk', 'sk', 'sk')",enbanesko,enbanesko
90L_10NL,3,90L_10NL_3_1,1,2625,"('sk', 'sk', 'sk')",enbanesko,enbanesko
90L_10NL,3,90L_10NL_3_1,1,2625,"('sk', 'sk', 'sk')",enbanesko,enbanesko
90L_10NL,3,90L_10NL_3_1,1,2625,"('sk', 'sk', 'sk')",enbanesko,enbanesko
90L_10NL,3,90L_10NL_3_1,1,2625,"('sk', 'sk', 'sk')",enbanesko,enbanesko
90L_10NL,3,90L_10NL_3_1,1,2625,"('sk', 'sk', 'sk')",enbanesko,enbanesko
90L_10NL,3,90L_10NL_3_1,1,2625,"('sk', 'sk', 'sk')",enbanesko,enbanesko
90L_10NL,3,90L_10NL_3_1,1,2625,"('sk', 'sk', 'sk')",enbanesko,enbanesko
90L_10NL,3,90L_10NL_3_1,1,2625,"('sk', 'sk', 'sk')",enbanesko,enbanesko
90L_10NL,3,90L_10NL_3_1,1,2625,"('sk', 'sk', 'sk')",enbanesko,enbanesko
90L_10NL,3,90L_10NL_3_1,0,2625,"('sk', 'sk', 'sk')",punçen,enbanesko
90L_10NL,3,90L_10NL_3_1,0,2625,"('sk', 'sk', 'sk')",punçen,enbanesko
90L_10NL,3,90L_10NL_3_1,0,2625,"('sk', 'sk', 'sk')",punçen,enbanesko
90L_10NL,3,90L_10NL_3_1,0,2625,"('sk', 'sk', 'sk')",punçen,enbanesko
90L_10NL,3,90L_10NL_3_1,1,120,"('nç', 'nç', 'nç')",punçen,punçen
90L_10NL,3,90L_10NL_3_1,1,120,"('nç', 'nç', 'nç')",punçen,punçen
90L_10NL,3,90L_10NL_3_1,1,120,"('nç', 'nç', 'nç')",punçen,punçen
90L_10NL,3,90L_10NL_3_1,1,560,"('nç', 'nx', 'nç')",punçen,punçen
90L_10NL,3,90L_10NL_3_1,1,560,"('nç', 'nx', 'nç')",punçen,punçen
90L_10NL,3,90L_10NL_3_1,1,560,"('nç', 'nx', 'nç')",punçen,punçen
90L_10NL,3,90L_10NL_3_1,1,560,"('nç', 'nx', 'nç')",punçen,punçen
90L_10NL,3,90L_10NL_3_1,1,560,"('nç', 'nx', 'nç')",punçen,punçen
90L_10NL,3,90L_10NL_3_1,1,560,"('nç', 'nx', 'nç')",punçen,punçen
90L_10NL,3,90L_10NL_3_1,1,560,"('nç', 'nx', 'nç')",punçen,punçen
90L_10NL,3,90L_10NL_3_1,1,120,"('nç', 'nç', 'nç')",punçen,punçen
90L_10NL,3,90L_10NL_3_1,1,120,"('nç', 'nç', 'nç')",punçen,punçen
90L_10NL,3,90L_10NL_3_1,1,560,"('nç', 'nx', 'nç')",punçen,punçen
90L_10NL,3,90L_10NL_3_1,1,560,"('nç', 'nx', 'nç')",punçen,punçen
90L_10NL,3,90L_10NL_3_1,1,560,"('nç', 'nx', 'nç')",punçen,punçen
90L_10NL,3,90L_10NL_3_1,1,560,"('nç', 'nx', 'nç')",punçen,punçen
90L_10NL,3,90L_10NL_3_1,1,560,"('nç', 'nx', 'nç')",punçen,punçen
90L_10NL,3,90L_10NL_3_1,1,560,"('nç', 'nx', 'nç')",punçen,punçen
90L_10NL,3,90L_10NL_3_1,1,560,"('nç', 'nx', 'nç')",punçen,punçen
90L_10NL,3,90L_10NL_3_1,1,120,"('nç', 'nç', 'nç')",punçen,punçen
90L_10NL,3,90L_10NL_3_1,1,560,"('nç', 'nx', 'nç')",punçen,punçen
90L_10NL,3,90L_10NL_3_1,1,560,"('nç', 'nx', 'nç')",punçen,punçen
90L_10NL,3,90L_10NL_3_1,1,560,"('nç', 'nx', 'nç')",punçen,punçen
90L_10NL,3,90L_10NL_3_1,1,560,"('nç', 'nx', 'nç')",punçen,punçen
90L_10NL,3,90L_10NL_3_1,1,560,"('nç', 'nx', 'nç')",punçen,punçen
90L_10NL,3,90L_10NL_3_1,1,560,"('nç', 'nx', 'nç')",punçen,punçen
90L_10NL,3,90L_10NL_3_1,1,560,"('nç', 'nx', 'nç')",punçen,punçen
90L_10NL,3,90L_10NL_3_1,1,560,"('nç', 'nx', 'nç')",punçen,punçen
90L_10NL,3,90L_10NL_3_1,1,560,"('nç', 'nx', 'nç')",punçen,punçen
90L_10NL,3,90L_10NL_3_1,1,560,"('nç', 'nx', 'nç')",punçen,punçen
90L_10NL,3,90L_10NL_3_1,1,560,"('nç', 'nx', 'nç')",punçen,punçen
90L_10NL,3,90L_10NL_3_1,1,560,"('nç', 'nx', 'nç')",punçen,punçen
90L_10NL,3,90L_10NL_3_1,1,560,"('nç', 'nx', 'nç')",punçen,punçen
90L_10NL,3,90L_10NL_3_1,1,560,"('nç', 'nx', 'nç')",punçen,punçen
90L_10NL,3,90L_10NL_3_1,1,420,"('nx', 'nx', 'nç')",punçen,punçen
90L_10NL,3,90L_10NL_3_1,1,420,"('nx', 'nx', 'nç')",punçen,punçen
90L_10NL,3,90L_10NL_3_1,1,420,"('nx', 'nx', 'nç')",punçen,punçen
90L_10NL,3,90L_10NL_3_1,1,420,"('nx', 'nx', 'nç')",punçen,punçen
90L_10NL,3,90L_10NL_3_1,1,420,"('nx', 'nx', 'nç')",punçen,punçen
90L_10NL,3,90L_10NL_3_1,1,420,"('nx', 'nx', 'nç')",punçen,punçen
90L_10NL,3,90L_10NL_3_1,1,420,"('nx', 'nx', 'nç')",punçen,punçen
90L_10NL,3,90L_10NL_3_1,1,420,"('nx', 'nx', 'nç')",punçen,punçen
90L_10NL,3,90L_10NL_3_1,1,420,"('nx', 'nx', 'nç')",punçen,punçen
90L_10NL,3,90L_10NL_3_1,1,420,"('nx', 'nx', 'nç')",punçen,punçen
90L_10NL,3,90L_10NL_3_1,1,420,"('nx', 'nx', 'nç')",punçen,punçen
90L_10NL,3,90L_10NL_3_1,1,420,"('nx', 'nx', 'nç')",punçen,punçen
90L_10NL,3,90L_10NL_3_1,1,420,"('nx', 'nx', 'nç')",punçen,punçen
90L_10NL,3,90L_10NL_3_1,1,420,"('nx', 'nx', 'nç')",punçen,punçen
90L_10NL,3,90L_10NL_3_1,1,420,"('nx', 'nx', 'nç')",punçen,punçen
90L_10NL,3,90L_10NL_3_1,1,420,"('nx', 'nx', 'nç')",punçen,punçen
90L_10NL,3,90L_10NL_3_1,1,420,"('nx', 'nx', 'nç')",punçen,punçen
90L_10NL,3,90L_10NL_3_1,0,420,"('nx', 'nx', 'nç')",punçes,punçen
90L_10NL,3,90L_10NL_3_1,0,420,"('nx', 'nx', 'nç')",punçes,punçen
90L_10NL,3,90L_10NL_3_1,0,420,"('nx', 'nx', 'nç')",punçes,punçen
90L_10NL,3,90L_10NL_3_1,0,420,"('nx', 'nx', 'nç')",punçes,punçen
90L_10NL,3,90L_10NL_3_1,1,120,"('nç', 'nç', 'nç')",punçes,punçes
90L_10NL,3,90L_10NL_3_1,1,120,"('nç', 'nç', 'nç')",punçes,punçes
90L_10NL,3,90L_10NL_3_1,1,120,"('nç', 'nç', 'nç')",punçes,punçes
90L_10NL,3,90L_10NL_3_1,1,560,"('nç', 'nx', 'nç')",punçes,punçes
90L_10NL,3,90L_10NL_3_1,1,560,"('nç', 'nx', 'nç')",punçes,punçes
90L_10NL,3,90L_10NL_3_1,1,560,"('nç', 'nx', 'nç')",punçes,punçes
90L_10NL,3,90L_10NL_3_1,1,560,"('nç', 'nx', 'nç')",punçes,punçes
90L_10NL,3,90L_10NL_3_1,1,560,"('nç', 'nx', 'nç')",punçes,punçes
90L_10NL,3,90L_10NL_3_1,1,560,"('nç', 'nx', 'nç')",punçes,punçes
90L_10NL,3,90L_10NL_3_1,1,560,"('nç', 'nx', 'nç')",punçes,punçes
90L_10NL,3,90L_10NL_3_1,1,120,"('nç', 'nç', 'nç')",punçes,punçes
90L_10NL,3,90L_10NL_3_1,1,120,"('nç', 'nç', 'nç')",punçes,punçes
90L_10NL,3,90L_10NL_3_1,1,560,"('nç', 'nx', 'nç')",punçes,punçes
90L_10NL,3,90L_10NL_3_1,1,560,"('nç', 'nx', 'nç')",punçes,punçes
90L_10NL,3,90L_10NL_3_1,1,560,"('nç', 'nx', 'nç')",punçes,punçes
90L_10NL,3,90L_10NL_3_1,1,560,"('nç', 'nx', 'nç')",punçes,punçes
90L_10NL,3,90L_10NL_3_1,1,560,"('nç', 'nx', 'nç')",punçes,punçes
90L_10NL,3,90L_10NL_3_1,1,560,"('nç', 'nx', 'nç')",punçes,punçes
90L_10NL,3,90L_10NL_3_1,1,560,"('nç', 'nx', 'nç')",punçes,punçes
90L_10NL,3,90L_10NL_3_1,1,120,"('nç', 'nç', 'nç')",punçes,punçes
90L_10NL,3,90L_10NL_3_1,1,560,"('nç', 'nx', 'nç')",punçes,punçes
90L_10NL,3,90L_10NL_3_1,1,560,"('nç', 'nx', 'nç')",punçes,punçes
90L_10NL,3,90L_10NL_3_1,1,560,"('nç', 'nx', 'nç')",punçes,punçes
90L_10NL,3,90L_10NL_3_1,1,560,"('nç', 'nx', 'nç')",punçes,punçes
90L_10NL,3,90L_10NL_3_1,1,560,"('nç', 'nx', 'nç')",punçes,punçes
90L_10NL,3,90L_10NL_3_1,1,560,"('nç', 'nx', 'nç')",punçes,punçes
90L_10NL,3,90L_10NL_3_1,1,560,"('nç', 'nx', 'nç')",punçes,punçes
90L_10NL,3,90L_10NL_3_1,1,560,"('nç', 'nx', 'nç')",punçes,punçes
90L_10NL,3,90L_10NL_3_1,1,560,"('nç', 'nx', 'nç')",punçes,punçes
90L_10NL,3,90L_10NL_3_1,1,560,"('nç', 'nx', 'nç')",punçes,punçes
90L_10NL,3,90L_10NL_3_1,1,560,"('nç', 'nx', 'nç')",punçes,punçes
90L_10NL,3,90L_10NL_3_1,1,560,"('nç', 'nx', 'nç')",punçes,punçes
90L_10NL,3,90L_10NL_3_1,1,560,"('nç', 'nx', 'nç')",punçes,punçes
90L_10NL,3,90L_10NL_3_1,1,560,"('nç', 'nx', 'nç')",punçes,punçes
90L_10NL,3,90L_10NL_3_1,1,420,"('nx', 'nx', 'nç')",punçes,punçes
90L_10NL,3,90L_10NL_3_1,1,420,"('nx', 'nx', 'nç')",punçes,punçes
90L_10NL,3,90L_10NL_3_1,1,420,"('nx', 'nx', 'nç')",punçes,punçes
90L_10NL,3,90L_10NL_3_1,1,420,"('nx', 'nx', 'nç')",punçes,punçes
90L_10NL,3,90L_10NL_3_1,1,420,"('nx', 'nx', 'nç')",punçes,punçes
90L_10NL,3,90L_10NL_3_1,1,420,"('nx', 'nx', 'nç')",punçes,punçes
90L_10NL,3,90L_10NL_3_1,1,420,"('nx', 'nx', 'nç')",punçes,punçes
90L_10NL,3,90L_10NL_3_1,1,420,"('nx', 'nx', 'nç')",punçes,punçes
90L_10NL,3,90L_10NL_3_1,1,420,"('nx', 'nx', 'nç')",punçes,punçes
90L_10NL,3,90L_10NL_3_1,1,420,"('nx', 'nx', 'nç')",punçes,punçes
90L_10NL,3,90L_10NL_3_1,1,420,"('nx', 'nx', 'nç')",punçes,punçes
90L_10NL,3,90L_10NL_3_1,1,420,"('nx', 'nx', 'nç')",punçes,punçes
90L_10NL,3,90L_10NL_3_1,1,420,"('nx', 'nx', 'nç')",punçes,punçes
90L_10NL,3,90L_10NL_3_1,1,420,"('nx', 'nx', 'nç')",punçes,punçes
90L_10NL,3,90L_10NL_3_1,1,420,"('nx', 'nx', 'nç')",punçes,punçes
90L_10NL,3,90L_10NL_3_1,1,420,"('nx', 'nx', 'nç')",punçes,punçes
90L_10NL,3,90L_10NL_3_1,1,420,"('nx', 'nx', 'nç')",punçes,punçes
90L_10NL,3,90L_10NL_3_1,0,420,"('nx', 'nx', 'nç')",punçe,punçes
90L_10NL,3,90L_10NL_3_1,0,420,"('nx', 'nx', 'nç')",punçe,punçes
90L_10NL,3,90L_10NL_3_1,0,420,"('nx', 'nx', 'nç')",punçe,punçes
90L_10NL,3,90L_10NL_3_1,0,420,"('nx', 'nx', 'nç')",punçe,punçes
90L_10NL,3,90L_10NL_3_1,1,120,"('nç', 'nç', 'nç')",punçe,punçe
90L_10NL,3,90L_10NL_3_1,1,120,"('nç', 'nç', 'nç')",punçe,punçe
90L_10NL,3,90L_10NL_3_1,1,120,"('nç', 'nç', 'nç')",punçe,punçe
90L_10NL,3,90L_10NL_3_1,1,560,"('nç', 'nx', 'nç')",punçe,punçe
90L_10NL,3,90L_10NL_3_1,1,560,"('nç', 'nx', 'nç')",punçe,punçe
90L_10NL,3,90L_10NL_3_1,1,560,"('nç', 'nx', 'nç')",punçe,punçe
90L_10NL,3,90L_10NL_3_1,1,560,"('nç', 'nx', 'nç')",punçe,punçe
90L_10NL,3,90L_10NL_3_1,1,560,"('nç', 'nx', 'nç')",punçe,punçe
90L_10NL,3,90L_10NL_3_1,1,560,"('nç', 'nx', 'nç')",punçe,punçe
90L_10NL,3,90L_10NL_3_1,1,560,"('nç', 'nx', 'nç')",punçe,punçe
90L_10NL,3,90L_10NL_3_1,1,120,"('nç', 'nç', 'nç')",punçe,punçe
90L_10NL,3,90L_10NL_3_1,1,120,"('nç', 'nç', 'nç')",punçe,punçe
90L_10NL,3,90L_10NL_3_1,1,560,"('nç', 'nx', 'nç')",punçe,punçe
90L_10NL,3,90L_10NL_3_1,1,560,"('nç', 'nx', 'nç')",punçe,punçe
90L_10NL,3,90L_10NL_3_1,1,560,"('nç', 'nx', 'nç')",punçe,punçe
90L_10NL,3,90L_10NL_3_1,1,560,"('nç', 'nx', 'nç')",punçe,punçe
90L_10NL,3,90L_10NL_3_1,1,560,"('nç', 'nx', 'nç')",punçe,punçe
90L_10NL,3,90L_10NL_3_1,1,560,"('nç', 'nx', 'nç')",punçe,punçe
90L_10NL,3,90L_10NL_3_1,1,560,"('nç', 'nx', 'nç')",punçe,punçe
90L_10NL,3,90L_10NL_3_1,1,120,"('nç', 'nç', 'nç')",punçe,punçe
90L_10NL,3,90L_10NL_3_1,1,560,"('nç', 'nx', 'nç')",punçe,punçe
90L_10NL,3,90L_10NL_3_1,1,560,"('nç', 'nx', 'nç')",punçe,punçe
90L_10NL,3,90L_10NL_3_1,1,560,"('nç', 'nx', 'nç')",punçe,punçe
90L_10NL,3,90L_10NL_3_1,1,560,"('nç', 'nx', 'nç')",punçe,punçe
90L_10NL,3,90L_10NL_3_1,1,560,"('nç', 'nx', 'nç')",punçe,punçe
90L_10NL,3,90L_10NL_3_1,1,560,"('nç', 'nx', 'nç')",punçe,punçe
90L_10NL,3,90L_10NL_3_1,1,560,"('nç', 'nx', 'nç')",punçe,punçe
90L_10NL,3,90L_10NL_3_1,1,560,"('nç', 'nx', 'nç')",punçe,punçe
90L_10NL,3,90L_10NL_3_1,1,560,"('nç', 'nx', 'nç')",punçe,punçe
90L_10NL,3,90L_10NL_3_1,1,560,"('nç', 'nx', 'nç')",punçe,punçe
90L_10NL,3,90L_10NL_3_1,1,560,"('nç', 'nx', 'nç')",punçe,punçe
90L_10NL,3,90L_10NL_3_1,1,560,"('nç', 'nx', 'nç')",punçe,punçe
90L_10NL,3,90L_10NL_3_1,1,560,"('nç', 'nx', 'nç')",punçe,punçe
90L_10NL,3,90L_10NL_3_1,1,560,"('nç', 'nx', 'nç')",punçe,punçe
90L_10NL,3,90L_10NL_3_1,1,420,"('nx', 'nx', 'nç')",punçe,punçe
90L_10NL,3,90L_10NL_3_1,1,420,"('nx', 'nx', 'nç')",punçe,punçe
90L_10NL,3,90L_10NL_3_1,1,420,"('nx', 'nx', 'nç')",punçe,punçe
90L_10NL,3,90L_10NL_3_1,1,420,"('nx', 'nx', 'nç')",punçe,punçe
90L_10NL,3,90L_10NL_3_1,1,420,"('nx', 'nx', 'nç')",punçe,punçe
90L_10NL,3,90L_10NL_3_1,1,420,"('nx', 'nx', 'nç')",punçe,punçe
90L_10NL,3,90L_10NL_3_1,1,420,"('nx', 'nx', 'nç')",punçe,punçe
90L_10NL,3,90L_10NL_3_1,1,420,"('nx', 'nx', 'nç')",punçe,punçe
90L_10NL,3,90L_10NL_3_1,1,420,"('nx', 'nx', 'nç')",punçe,punçe
90L_10NL,3,90L_10NL_3_1,1,420,"('nx', 'nx', 'nç')",punçe,punçe
90L_10NL,3,90L_10NL_3_1,1,420,"('nx', 'nx', 'nç')",punçe,punçe
90L_10NL,3,90L_10NL_3_1,1,420,"('nx', 'nx', 'nç')",punçe,punçe
90L_10NL,3,90L_10NL_3_1,1,420,"('nx', 'nx', 'nç')",punçe,punçe
90L_10NL,3,90L_10NL_3_1,1,420,"('nx', 'nx', 'nç')",punçe,punçe
90L_10NL,3,90L_10NL_3_1,1,420,"('nx', 'nx', 'nç')",punçe,punçe
90L_10NL,3,90L_10NL_3_1,1,420,"('nx', 'nx', 'nç')",punçe,punçe
90L_10NL,3,90L_10NL_3_1,1,420,"('nx', 'nx', 'nç')",punçe,punçe
90L_10NL,3,90L_10NL_3_1,0,420,"('nx', 'nx', 'nç')",punçimos,punçe
90L_10NL,3,90L_10NL_3_1,0,420,"('nx', 'nx', 'nç')",punçimos,punçe
90L_10NL,3,90L_10NL_3_1,0,420,"('nx', 'nx', 'nç')",punçimos,punçe
90L_10NL,3,90L_10NL_3_1,0,420,"('nx', 'nx', 'nç')",punçimos,punçe
90L_10NL,3,90L_10NL_3_1,1,120,"('nç', 'nç', 'nç')",punçimos,punçimos
90L_10NL,3,90L_10NL_3_1,1,120,"('nç', 'nç', 'nç')",punçimos,punçimos
90L_10NL,3,90L_10NL_3_1,1,120,"('nç', 'nç', 'nç')",punçimos,punçimos
90L_10NL,3,90L_10NL_3_1,1,560,"('nç', 'nx', 'nç')",punçimos,punçimos
90L_10NL,3,90L_10NL_3_1,1,560,"('nç', 'nx', 'nç')",punçimos,punçimos
90L_10NL,3,90L_10NL_3_1,1,560,"('nç', 'nx', 'nç')",punçimos,punçimos
90L_10NL,3,90L_10NL_3_1,1,560,"('nç', 'nx', 'nç')",punçimos,punçimos
90L_10NL,3,90L_10NL_3_1,1,560,"('nç', 'nx', 'nç')",punçimos,punçimos
90L_10NL,3,90L_10NL_3_1,1,560,"('nç', 'nx', 'nç')",punçimos,punçimos
90L_10NL,3,90L_10NL_3_1,1,560,"('nç', 'nx', 'nç')",punçimos,punçimos
90L_10NL,3,90L_10NL_3_1,1,120,"('nç', 'nç', 'nç')",punçimos,punçimos
90L_10NL,3,90L_10NL_3_1,1,120,"('nç', 'nç', 'nç')",punçimos,punçimos
90L_10NL,3,90L_10NL_3_1,1,560,"('nç', 'nx', 'nç')",punçimos,punçimos
90L_10NL,3,90L_10NL_3_1,1,560,"('nç', 'nx', 'nç')",punçimos,punçimos
90L_10NL,3,90L_10NL_3_1,1,560,"('nç', 'nx', 'nç')",punçimos,punçimos
90L_10NL,3,90L_10NL_3_1,1,560,"('nç', 'nx', 'nç')",punçimos,punçimos
90L_10NL,3,90L_10NL_3_1,1,560,"('nç', 'nx', 'nç')",punçimos,punçimos
90L_10NL,3,90L_10NL_3_1,1,560,"('nç', 'nx', 'nç')",punçimos,punçimos
90L_10NL,3,90L_10NL_3_1,1,560,"('nç', 'nx', 'nç')",punçimos,punçimos
90L_10NL,3,90L_10NL_3_1,1,120,"('nç', 'nç', 'nç')",punçimos,punçimos
90L_10NL,3,90L_10NL_3_1,1,560,"('nç', 'nx', 'nç')",punçimos,punçimos
90L_10NL,3,90L_10NL_3_1,1,560,"('nç', 'nx', 'nç')",punçimos,punçimos
90L_10NL,3,90L_10NL_3_1,1,560,"('nç', 'nx', 'nç')",punçimos,punçimos
90L_10NL,3,90L_10NL_3_1,1,560,"('nç', 'nx', 'nç')",punçimos,punçimos
90L_10NL,3,90L_10NL_3_1,1,560,"('nç', 'nx', 'nç')",punçimos,punçimos
90L_10NL,3,90L_10NL_3_1,1,560,"('nç', 'nx', 'nç')",punçimos,punçimos
90L_10NL,3,90L_10NL_3_1,1,560,"('nç', 'nx', 'nç')",punçimos,punçimos
90L_10NL,3,90L_10NL_3_1,1,560,"('nç', 'nx', 'nç')",punçimos,punçimos
90L_10NL,3,90L_10NL_3_1,1,560,"('nç', 'nx', 'nç')",punçimos,punçimos
90L_10NL,3,90L_10NL_3_1,1,560,"('nç', 'nx', 'nç')",punçimos,punçimos
90L_10NL,3,90L_10NL_3_1,1,560,"('nç', 'nx', 'nç')",punçimos,punçimos
90L_10NL,3,90L_10NL_3_1,1,560,"('nç', 'nx', 'nç')",punçimos,punçimos
90L_10NL,3,90L_10NL_3_1,1,560,"('nç', 'nx', 'nç')",punçimos,punçimos
90L_10NL,3,90L_10NL_3_1,1,560,"('nç', 'nx', 'nç')",punçimos,punçimos
90L_10NL,3,90L_10NL_3_1,1,420,"('nx', 'nx', 'nç')",punçimos,punçimos
90L_10NL,3,90L_10NL_3_1,1,420,"('nx', 'nx', 'nç')",punçimos,punçimos
90L_10NL,3,90L_10NL_3_1,1,420,"('nx', 'nx', 'nç')",punçimos,punçimos
90L_10NL,3,90L_10NL_3_1,1,420,"('nx', 'nx', 'nç')",punçimos,punçimos
90L_10NL,3,90L_10NL_3_1,1,420,"('nx', 'nx', 'nç')",punçimos,punçimos
90L_10NL,3,90L_10NL_3_1,1,420,"('nx', 'nx', 'nç')",punçimos,punçimos
90L_10NL,3,90L_10NL_3_1,1,420,"('nx', 'nx', 'nç')",punçimos,punçimos
90L_10NL,3,90L_10NL_3_1,1,420,"('nx', 'nx', 'nç')",punçimos,punçimos
90L_10NL,3,90L_10NL_3_1,1,420,"('nx', 'nx', 'nç')",punçimos,punçimos
90L_10NL,3,90L_10NL_3_1,1,420,"('nx', 'nx', 'nç')",punçimos,punçimos
90L_10NL,3,90L_10NL_3_1,1,420,"('nx', 'nx', 'nç')",punçimos,punçimos
90L_10NL,3,90L_10NL_3_1,1,420,"('nx', 'nx', 'nç')",punçimos,punçimos
90L_10NL,3,90L_10NL_3_1,1,420,"('nx', 'nx', 'nç')",punçimos,punçimos
90L_10NL,3,90L_10NL_3_1,1,420,"('nx', 'nx', 'nç')",punçimos,punçimos
90L_10NL,3,90L_10NL_3_1,1,420,"('nx', 'nx', 'nç')",punçimos,punçimos
90L_10NL,3,90L_10NL_3_1,1,420,"('nx', 'nx', 'nç')",punçimos,punçimos
90L_10NL,3,90L_10NL_3_1,1,420,"('nx', 'nx', 'nç')",punçimos,punçimos
90L_10NL,3,90L_10NL_3_1,0,420,"('nx', 'nx', 'nç')",punçis,punçimos
90L_10NL,3,90L_10NL_3_1,0,420,"('nx', 'nx', 'nç')",punçis,punçimos
90L_10NL,3,90L_10NL_3_1,0,420,"('nx', 'nx', 'nç')",punçis,punçimos
90L_10NL,3,90L_10NL_3_1,0,420,"('nx', 'nx', 'nç')",punçis,punçimos
90L_10NL,3,90L_10NL_3_1,1,120,"('nç', 'nç', 'nç')",punçis,punçis
90L_10NL,3,90L_10NL_3_1,1,120,"('nç', 'nç', 'nç')",punçis,punçis
90L_10NL,3,90L_10NL_3_1,1,120,"('nç', 'nç', 'nç')",punçis,punçis
90L_10NL,3,90L_10NL_3_1,1,560,"('nç', 'nx', 'nç')",punçis,punçis
90L_10NL,3,90L_10NL_3_1,1,560,"('nç', 'nx', 'nç')",punçis,punçis
90L_10NL,3,90L_10NL_3_1,1,560,"('nç', 'nx', 'nç')",punçis,punçis
90L_10NL,3,90L_10NL_3_1,1,560,"('nç', 'nx', 'nç')",punçis,punçis
90L_10NL,3,90L_10NL_3_1,1,560,"('nç', 'nx', 'nç')",punçis,punçis
90L_10NL,3,90L_10NL_3_1,1,560,"('nç', 'nx', 'nç')",punçis,punçis
90L_10NL,3,90L_10NL_3_1,1,560,"('nç', 'nx', 'nç')",punçis,punçis
90L_10NL,3,90L_10NL_3_1,1,120,"('nç', 'nç', 'nç')",punçis,punçis
90L_10NL,3,90L_10NL_3_1,1,120,"('nç', 'nç', 'nç')",punçis,punçis
90L_10NL,3,90L_10NL_3_1,1,560,"('nç', 'nx', 'nç')",punçis,punçis
90L_10NL,3,90L_10NL_3_1,1,560,"('nç', 'nx', 'nç')",punçis,punçis
90L_10NL,3,90L_10NL_3_1,1,560,"('nç', 'nx', 'nç')",punçis,punçis
90L_10NL,3,90L_10NL_3_1,1,560,"('nç', 'nx', 'nç')",punçis,punçis
90L_10NL,3,90L_10NL_3_1,1,560,"('nç', 'nx', 'nç')",punçis,punçis
90L_10NL,3,90L_10NL_3_1,1,560,"('nç', 'nx', 'nç')",punçis,punçis
90L_10NL,3,90L_10NL_3_1,1,560,"('nç', 'nx', 'nç')",punçis,punçis
90L_10NL,3,90L_10NL_3_1,1,120,"('nç', 'nç', 'nç')",punçis,punçis
90L_10NL,3,90L_10NL_3_1,1,560,"('nç', 'nx', 'nç')",punçis,punçis
90L_10NL,3,90L_10NL_3_1,1,560,"('nç', 'nx', 'nç')",punçis,punçis
90L_10NL,3,90L_10NL_3_1,1,560,"('nç', 'nx', 'nç')",punçis,punçis
90L_10NL,3,90L_10NL_3_1,1,560,"('nç', 'nx', 'nç')",punçis,punçis
90L_10NL,3,90L_10NL_3_1,1,560,"('nç', 'nx', 'nç')",punçis,punçis
90L_10NL,3,90L_10NL_3_1,1,560,"('nç', 'nx', 'nç')",punçis,punçis
90L_10NL,3,90L_10NL_3_1,1,560,"('nç', 'nx', 'nç')",punçis,punçis
90L_10NL,3,90L_10NL_3_1,1,560,"('nç', 'nx', 'nç')",punçis,punçis
90L_10NL,3,90L_10NL_3_1,1,560,"('nç', 'nx', 'nç')",punçis,punçis
90L_10NL,3,90L_10NL_3_1,1,560,"('nç', 'nx', 'nç')",punçis,punçis
90L_10NL,3,90L_10NL_3_1,1,560,"('nç', 'nx', 'nç')",punçis,punçis
90L_10NL,3,90L_10NL_3_1,1,560,"('nç', 'nx', 'nç')",punçis,punçis
90L_10NL,3,90L_10NL_3_1,1,560,"('nç', 'nx', 'nç')",punçis,punçis
90L_10NL,3,90L_10NL_3_1,1,560,"('nç', 'nx', 'nç')",punçis,punçis
90L_10NL,3,90L_10NL_3_1,1,420,"('nx', 'nx', 'nç')",punçis,punçis
90L_10NL,3,90L_10NL_3_1,1,420,"('nx', 'nx', 'nç')",punçis,punçis
90L_10NL,3,90L_10NL_3_1,1,420,"('nx', 'nx', 'nç')",punçis,punçis
90L_10NL,3,90L_10NL_3_1,1,420,"('nx', 'nx', 'nç')",punçis,punçis
90L_10NL,3,90L_10NL_3_1,1,420,"('nx', 'nx', 'nç')",punçis,punçis
90L_10NL,3,90L_10NL_3_1,1,420,"('nx', 'nx', 'nç')",punçis,punçis
90L_10NL,3,90L_10NL_3_1,1,420,"('nx', 'nx', 'nç')",punçis,punçis
90L_10NL,3,90L_10NL_3_1,1,420,"('nx', 'nx', 'nç')",punçis,punçis
90L_10NL,3,90L_10NL_3_1,1,420,"('nx', 'nx', 'nç')",punçis,punçis
90L_10NL,3,90L_10NL_3_1,1,420,"('nx', 'nx', 'nç')",punçis,punçis
90L_10NL,3,90L_10NL_3_1,1,420,"('nx', 'nx', 'nç')",punçis,punçis
90L_10NL,3,90L_10NL_3_1,1,420,"('nx', 'nx', 'nç')",punçis,punçis
90L_10NL,3,90L_10NL_3_1,1,420,"('nx', 'nx', 'nç')",punçis,punçis
90L_10NL,3,90L_10NL_3_1,1,420,"('nx', 'nx', 'nç')",punçis,punçis
90L_10NL,3,90L_10NL_3_1,1,420,"('nx', 'nx', 'nç')",punçis,punçis
90L_10NL,3,90L_10NL_3_1,1,420,"('nx', 'nx', 'nç')",punçis,punçis
90L_10NL,3,90L_10NL_3_1,1,420,"('nx', 'nx', 'nç')",punçis,punçis
90L_10NL,3,90L_10NL_3_1,0,420,"('nx', 'nx', 'nç')",punxajs,punçis
90L_10NL,3,90L_10NL_3_1,0,420,"('nx', 'nx', 'nç')",punxajs,punçis
90L_10NL,3,90L_10NL_3_1,0,420,"('nx', 'nx', 'nç')",punxajs,punçis
90L_10NL,3,90L_10NL_3_1,0,420,"('nx', 'nx', 'nç')",punxajs,punçis
90L_10NL,3,90L_10NL_3_1,1,280,"('nç', 'nç', 'nx')",punxajs,punxajs
90L_10NL,3,90L_10NL_3_1,1,280,"('nç', 'nç', 'nx')",punxajs,punxajs
90L_10NL,3,90L_10NL_3_1,1,280,"('nç', 'nç', 'nx')",punxajs,punxajs
90L_10NL,3,90L_10NL_3_1,1,280,"('nç', 'nç', 'nx')",punxajs,punxajs
90L_10NL,3,90L_10NL_3_1,1,840,"('nç', 'nx', 'nx')",punxajs,punxajs
90L_10NL,3,90L_10NL_3_1,1,840,"('nç', 'nx', 'nx')",punxajs,punxajs
90L_10NL,3,90L_10NL_3_1,1,840,"('nç', 'nx', 'nx')",punxajs,punxajs
90L_10NL,3,90L_10NL_3_1,1,840,"('nç', 'nx', 'nx')",punxajs,punxajs
90L_10NL,3,90L_10NL_3_1,1,840,"('nç', 'nx', 'nx')",punxajs,punxajs
90L_10NL,3,90L_10NL_3_1,1,840,"('nç', 'nx', 'nx')",punxajs,punxajs
90L_10NL,3,90L_10NL_3_1,1,280,"('nç', 'nç', 'nx')",punxajs,punxajs
90L_10NL,3,90L_10NL_3_1,1,280,"('nç', 'nç', 'nx')",punxajs,punxajs
90L_10NL,3,90L_10NL_3_1,1,280,"('nç', 'nç', 'nx')",punxajs,punxajs
90L_10NL,3,90L_10NL_3_1,1,840,"('nç', 'nx', 'nx')",punxajs,punxajs
90L_10NL,3,90L_10NL_3_1,1,840,"('nç', 'nx', 'nx')",punxajs,punxajs
90L_10NL,3,90L_10NL_3_1,1,840,"('nç', 'nx', 'nx')",punxajs,punxajs
90L_10NL,3,90L_10NL_3_1,1,840,"('nç', 'nx', 'nx')",punxajs,punxajs
90L_10NL,3,90L_10NL_3_1,1,840,"('nç', 'nx', 'nx')",punxajs,punxajs
90L_10NL,3,90L_10NL_3_1,1,840,"('nç', 'nx', 'nx')",punxajs,punxajs
90L_10NL,3,90L_10NL_3_1,1,280,"('nç', 'nç', 'nx')",punxajs,punxajs
90L_10NL,3,90L_10NL_3_1,1,280,"('nç', 'nç', 'nx')",punxajs,punxajs
90L_10NL,3,90L_10NL_3_1,1,840,"('nç', 'nx', 'nx')",punxajs,punxajs
90L_10NL,3,90L_10NL_3_1,1,840,"('nç', 'nx', 'nx')",punxajs,punxajs
90L_10NL,3,90L_10NL_3_1,1,840,"('nç', 'nx', 'nx')",punxajs,punxajs
90L_10NL,3,90L_10NL_3_1,1,840,"('nç', 'nx', 'nx')",punxajs,punxajs
90L_10NL,3,90L_10NL_3_1,1,840,"('nç', 'nx', 'nx')",punxajs,punxajs
90L_10NL,3,90L_10NL_3_1,1,840,"('nç', 'nx', 'nx')",punxajs,punxajs
90L_10NL,3,90L_10NL_3_1,1,280,"('nç', 'nç', 'nx')",punxajs,punxajs
90L_10NL,3,90L_10NL_3_1,1,840,"('nç', 'nx', 'nx')",punxajs,punxajs
90L_10NL,3,90L_10NL_3_1,1,840,"('nç', 'nx', 'nx')",punxajs,punxajs
90L_10NL,3,90L_10NL_3_1,1,840,"('nç', 'nx', 'nx')",punxajs,punxajs
90L_10NL,3,90L_10NL_3_1,1,840,"('nç', 'nx', 'nx')",punxajs,punxajs
90L_10NL,3,90L_10NL_3_1,1,840,"('nç', 'nx', 'nx')",punxajs,punxajs
90L_10NL,3,90L_10NL_3_1,1,840,"('nç', 'nx', 'nx')",punxajs,punxajs
90L_10NL,3,90L_10NL_3_1,1,840,"('nç', 'nx', 'nx')",punxajs,punxajs
90L_10NL,3,90L_10NL_3_1,1,840,"('nç', 'nx', 'nx')",punxajs,punxajs
90L_10NL,3,90L_10NL_3_1,1,840,"('nç', 'nx', 'nx')",punxajs,punxajs
90L_10NL,3,90L_10NL_3_1,1,840,"('nç', 'nx', 'nx')",punxajs,punxajs
90L_10NL,3,90L_10NL_3_1,1,840,"('nç', 'nx', 'nx')",punxajs,punxajs
90L_10NL,3,90L_10NL_3_1,1,840,"('nç', 'nx', 'nx')",punxajs,punxajs
90L_10NL,3,90L_10NL_3_1,1,420,"('nx', 'nx', 'nx')",punxajs,punxajs
90L_10NL,3,90L_10NL_3_1,1,420,"('nx', 'nx', 'nx')",punxajs,punxajs
90L_10NL,3,90L_10NL_3_1,1,420,"('nx', 'nx', 'nx')",punxajs,punxajs
90L_10NL,3,90L_10NL_3_1,1,420,"('nx', 'nx', 'nx')",punxajs,punxajs
90L_10NL,3,90L_10NL_3_1,1,420,"('nx', 'nx', 'nx')",punxajs,punxajs
90L_10NL,3,90L_10NL_3_1,1,420,"('nx', 'nx', 'nx')",punxajs,punxajs
90L_10NL,3,90L_10NL_3_1,1,420,"('nx', 'nx', 'nx')",punxajs,punxajs
90L_10NL,3,90L_10NL_3_1,1,420,"('nx', 'nx', 'nx')",punxajs,punxajs
90L_10NL,3,90L_10NL_3_1,1,420,"('nx', 'nx', 'nx')",punxajs,punxajs
90L_10NL,3,90L_10NL_3_1,1,420,"('nx', 'nx', 'nx')",punxajs,punxajs
90L_10NL,3,90L_10NL_3_1,1,420,"('nx', 'nx', 'nx')",punxajs,punxajs
90L_10NL,3,90L_10NL_3_1,0,420,"('nx', 'nx', 'nx')",punxamos,punxajs
90L_10NL,3,90L_10NL_3_1,0,420,"('nx', 'nx', 'nx')",punxamos,punxajs
90L_10NL,3,90L_10NL_3_1,0,420,"('nx', 'nx', 'nx')",punxamos,punxajs
90L_10NL,3,90L_10NL_3_1,0,420,"('nx', 'nx', 'nx')",punxamos,punxajs
90L_10NL,3,90L_10NL_3_1,1,280,"('nç', 'nç', 'nx')",punxamos,punxamos
90L_10NL,3,90L_10NL_3_1,1,280,"('nç', 'nç', 'nx')",punxamos,punxamos
90L_10NL,3,90L_10NL_3_1,1,280,"('nç', 'nç', 'nx')",punxamos,punxamos
90L_10NL,3,90L_10NL_3_1,1,280,"('nç', 'nç', 'nx')",punxamos,punxamos
90L_10NL,3,90L_10NL_3_1,1,840,"('nç', 'nx', 'nx')",punxamos,punxamos
90L_10NL,3,90L_10NL_3_1,1,840,"('nç', 'nx', 'nx')",punxamos,punxamos
90L_10NL,3,90L_10NL_3_1,1,840,"('nç', 'nx', 'nx')",punxamos,punxamos
90L_10NL,3,90L_10NL_3_1,1,840,"('nç', 'nx', 'nx')",punxamos,punxamos
90L_10NL,3,90L_10NL_3_1,1,840,"('nç', 'nx', 'nx')",punxamos,punxamos
90L_10NL,3,90L_10NL_3_1,1,840,"('nç', 'nx', 'nx')",punxamos,punxamos
90L_10NL,3,90L_10NL_3_1,1,280,"('nç', 'nç', 'nx')",punxamos,punxamos
90L_10NL,3,90L_10NL_3_1,1,280,"('nç', 'nç', 'nx')",punxamos,punxamos
90L_10NL,3,90L_10NL_3_1,1,280,"('nç', 'nç', 'nx')",punxamos,punxamos
90L_10NL,3,90L_10NL_3_1,1,840,"('nç', 'nx', 'nx')",punxamos,punxamos
90L_10NL,3,90L_10NL_3_1,1,840,"('nç', 'nx', 'nx')",punxamos,punxamos
90L_10NL,3,90L_10NL_3_1,1,840,"('nç', 'nx', 'nx')",punxamos,punxamos
90L_10NL,3,90L_10NL_3_1,1,840,"('nç', 'nx', 'nx')",punxamos,punxamos
90L_10NL,3,90L_10NL_3_1,1,840,"('nç', 'nx', 'nx')",punxamos,punxamos
90L_10NL,3,90L_10NL_3_1,1,840,"('nç', 'nx', 'nx')",punxamos,punxamos
90L_10NL,3,90L_10NL_3_1,1,280,"('nç', 'nç', 'nx')",punxamos,punxamos
90L_10NL,3,90L_10NL_3_1,1,280,"('nç', 'nç', 'nx')",punxamos,punxamos
90L_10NL,3,90L_10NL_3_1,1,840,"('nç', 'nx', 'nx')",punxamos,punxamos
90L_10NL,3,90L_10NL_3_1,1,840,"('nç', 'nx', 'nx')",punxamos,punxamos
90L_10NL,3,90L_10NL_3_1,1,840,"('nç', 'nx', 'nx')",punxamos,punxamos
90L_10NL,3,90L_10NL_3_1,1,840,"('nç', 'nx', 'nx')",punxamos,punxamos
90L_10NL,3,90L_10NL_3_1,1,840,"('nç', 'nx', 'nx')",punxamos,punxamos
90L_10NL,3,90L_10NL_3_1,1,840,"('nç', 'nx', 'nx')",punxamos,punxamos
90L_10NL,3,90L_10NL_3_1,1,280,"('nç', 'nç', 'nx')",punxamos,punxamos
90L_10NL,3,90L_10NL_3_1,1,840,"('nç', 'nx', 'nx')",punxamos,punxamos
90L_10NL,3,90L_10NL_3_1,1,840,"('nç', 'nx', 'nx')",punxamos,punxamos
90L_10NL,3,90L_10NL_3_1,1,840,"('nç', 'nx', 'nx')",punxamos,punxamos
90L_10NL,3,90L_10NL_3_1,1,840,"('nç', 'nx', 'nx')",punxamos,punxamos
90L_10NL,3,90L_10NL_3_1,1,840,"('nç', 'nx', 'nx')",punxamos,punxamos
90L_10NL,3,90L_10NL_3_1,1,840,"('nç', 'nx', 'nx')",punxamos,punxamos
90L_10NL,3,90L_10NL_3_1,1,840,"('nç', 'nx', 'nx')",punxamos,punxamos
90L_10NL,3,90L_10NL_3_1,1,840,"('nç', 'nx', 'nx')",punxamos,punxamos
90L_10NL,3,90L_10NL_3_1,1,840,"('nç', 'nx', 'nx')",punxamos,punxamos
90L_10NL,3,90L_10NL_3_1,1,840,"('nç', 'nx', 'nx')",punxamos,punxamos
90L_10NL,3,90L_10NL_3_1,1,840,"('nç', 'nx', 'nx')",punxamos,punxamos
90L_10NL,3,90L_10NL_3_1,1,840,"('nç', 'nx', 'nx')",punxamos,punxamos
90L_10NL,3,90L_10NL_3_1,1,420,"('nx', 'nx', 'nx')",punxamos,punxamos
90L_10NL,3,90L_10NL_3_1,1,420,"('nx', 'nx', 'nx')",punxamos,punxamos
90L_10NL,3,90L_10NL_3_1,1,420,"('nx', 'nx', 'nx')",punxamos,punxamos
90L_10NL,3,90L_10NL_3_1,1,420,"('nx', 'nx', 'nx')",punxamos,punxamos
90L_10NL,3,90L_10NL_3_1,1,420,"('nx', 'nx', 'nx')",punxamos,punxamos
90L_10NL,3,90L_10NL_3_1,1,420,"('nx', 'nx', 'nx')",punxamos,punxamos
90L_10NL,3,90L_10NL_3_1,1,420,"('nx', 'nx', 'nx')",punxamos,punxamos
90L_10NL,3,90L_10NL_3_1,1,420,"('nx', 'nx', 'nx')",punxamos,punxamos
90L_10NL,3,90L_10NL_3_1,1,420,"('nx', 'nx', 'nx')",punxamos,punxamos
90L_10NL,3,90L_10NL_3_1,1,420,"('nx', 'nx', 'nx')",punxamos,punxamos
90L_10NL,3,90L_10NL_3_1,1,420,"('nx', 'nx', 'nx')",punxamos,punxamos
90L_10NL,3,90L_10NL_3_1,0,420,"('nx', 'nx', 'nx')",punxan,punxamos
90L_10NL,3,90L_10NL_3_1,0,420,"('nx', 'nx', 'nx')",punxan,punxamos
90L_10NL,3,90L_10NL_3_1,0,420,"('nx', 'nx', 'nx')",punxan,punxamos
90L_10NL,3,90L_10NL_3_1,0,420,"('nx', 'nx', 'nx')",punxan,punxamos
90L_10NL,3,90L_10NL_3_1,1,280,"('nç', 'nç', 'nx')",punxan,punxan
90L_10NL,3,90L_10NL_3_1,1,280,"('nç', 'nç', 'nx')",punxan,punxan
90L_10NL,3,90L_10NL_3_1,1,280,"('nç', 'nç', 'nx')",punxan,punxan
90L_10NL,3,90L_10NL_3_1,1,280,"('nç', 'nç', 'nx')",punxan,punxan
90L_10NL,3,90L_10NL_3_1,1,840,"('nç', 'nx', 'nx')",punxan,punxan
90L_10NL,3,90L_10NL_3_1,1,840,"('nç', 'nx', 'nx')",punxan,punxan
90L_10NL,3,90L_10NL_3_1,1,840,"('nç', 'nx', 'nx')",punxan,punxan
90L_10NL,3,90L_10NL_3_1,1,840,"('nç', 'nx', 'nx')",punxan,punxan
90L_10NL,3,90L_10NL_3_1,1,840,"('nç', 'nx', 'nx')",punxan,punxan
90L_10NL,3,90L_10NL_3_1,1,840,"('nç', 'nx', 'nx')",punxan,punxan
90L_10NL,3,90L_10NL_3_1,1,280,"('nç', 'nç', 'nx')",punxan,punxan
90L_10NL,3,90L_10NL_3_1,1,280,"('nç', 'nç', 'nx')",punxan,punxan
90L_10NL,3,90L_10NL_3_1,1,280,"('nç', 'nç', 'nx')",punxan,punxan
90L_10NL,3,90L_10NL_3_1,1,840,"('nç', 'nx', 'nx')",punxan,punxan
90L_10NL,3,90L_10NL_3_1,1,840,"('nç', 'nx', 'nx')",punxan,punxan
90L_10NL,3,90L_10NL_3_1,1,840,"('nç', 'nx', 'nx')",punxan,punxan
90L_10NL,3,90L_10NL_3_1,1,840,"('nç', 'nx', 'nx')",punxan,punxan
90L_10NL,3,90L_10NL_3_1,1,840,"('nç', 'nx', 'nx')",punxan,punxan
90L_10NL,3,90L_10NL_3_1,1,840,"('nç', 'nx', 'nx')",punxan,punxan
90L_10NL,3,90L_10NL_3_1,1,280,"('nç', 'nç', 'nx')",punxan,punxan
90L_10NL,3,90L_10NL_3_1,1,280,"('nç', 'nç', 'nx')",punxan,punxan
90L_10NL,3,90L_10NL_3_1,1,840,"('nç', 'nx', 'nx')",punxan,punxan
90L_10NL,3,90L_10NL_3_1,1,840,"('nç', 'nx', 'nx')",punxan,punxan
90L_10NL,3,90L_10NL_3_1,1,840,"('nç', 'nx', 'nx')",punxan,punxan
90L_10NL,3,90L_10NL_3_1,1,840,"('nç', 'nx', 'nx')",punxan,punxan
90L_10NL,3,90L_10NL_3_1,1,840,"('nç', 'nx', 'nx')",punxan,punxan
90L_10NL,3,90L_10NL_3_1,1,840,"('nç', 'nx', 'nx')",punxan,punxan
90L_10NL,3,90L_10NL_3_1,1,280,"('nç', 'nç', 'nx')",punxan,punxan
90L_10NL,3,90L_10NL_3_1,1,840,"('nç', 'nx', 'nx')",punxan,punxan
90L_10NL,3,90L_10NL_3_1,1,840,"('nç', 'nx', 'nx')",punxan,punxan
90L_10NL,3,90L_10NL_3_1,1,840,"('nç', 'nx', 'nx')",punxan,punxan
90L_10NL,3,90L_10NL_3_1,1,840,"('nç', 'nx', 'nx')",punxan,punxan
90L_10NL,3,90L_10NL_3_1,1,840,"('nç', 'nx', 'nx')",punxan,punxan
90L_10NL,3,90L_10NL_3_1,1,840,"('nç', 'nx', 'nx')",punxan,punxan
90L_10NL,3,90L_10NL_3_1,1,840,"('nç', 'nx', 'nx')",punxan,punxan
90L_10NL,3,90L_10NL_3_1,1,840,"('nç', 'nx', 'nx')",punxan,punxan
90L_10NL,3,90L_10NL_3_1,1,840,"('nç', 'nx', 'nx')",punxan,punxan
90L_10NL,3,90L_10NL_3_1,1,840,"('nç', 'nx', 'nx')",punxan,punxan
90L_10NL,3,90L_10NL_3_1,1,840,"('nç', 'nx', 'nx')",punxan,punxan
90L_10NL,3,90L_10NL_3_1,1,840,"('nç', 'nx', 'nx')",punxan,punxan
90L_10NL,3,90L_10NL_3_1,1,420,"('nx', 'nx', 'nx')",punxan,punxan
90L_10NL,3,90L_10NL_3_1,1,420,"('nx', 'nx', 'nx')",punxan,punxan
90L_10NL,3,90L_10NL_3_1,1,420,"('nx', 'nx', 'nx')",punxan,punxan
90L_10NL,3,90L_10NL_3_1,1,420,"('nx', 'nx', 'nx')",punxan,punxan
90L_10NL,3,90L_10NL_3_1,1,420,"('nx', 'nx', 'nx')",punxan,punxan
90L_10NL,3,90L_10NL_3_1,1,420,"('nx', 'nx', 'nx')",punxan,punxan
90L_10NL,3,90L_10NL_3_1,1,420,"('nx', 'nx', 'nx')",punxan,punxan
90L_10NL,3,90L_10NL_3_1,1,420,"('nx', 'nx', 'nx')",punxan,punxan
90L_10NL,3,90L_10NL_3_1,1,420,"('nx', 'nx', 'nx')",punxan,punxan
90L_10NL,3,90L_10NL_3_1,1,420,"('nx', 'nx', 'nx')",punxan,punxan
90L_10NL,3,90L_10NL_3_1,1,420,"('nx', 'nx', 'nx')",punxan,punxan
90L_10NL,3,90L_10NL_3_1,0,420,"('nx', 'nx', 'nx')",punxas,punxan
90L_10NL,3,90L_10NL_3_1,0,420,"('nx', 'nx', 'nx')",punxas,punxan
90L_10NL,3,90L_10NL_3_1,0,420,"('nx', 'nx', 'nx')",punxas,punxan
90L_10NL,3,90L_10NL_3_1,0,420,"('nx', 'nx', 'nx')",punxas,punxan
90L_10NL,3,90L_10NL_3_1,1,280,"('nç', 'nç', 'nx')",punxas,punxas
90L_10NL,3,90L_10NL_3_1,1,280,"('nç', 'nç', 'nx')",punxas,punxas
90L_10NL,3,90L_10NL_3_1,1,280,"('nç', 'nç', 'nx')",punxas,punxas
90L_10NL,3,90L_10NL_3_1,1,280,"('nç', 'nç', 'nx')",punxas,punxas
90L_10NL,3,90L_10NL_3_1,1,840,"('nç', 'nx', 'nx')",punxas,punxas
90L_10NL,3,90L_10NL_3_1,1,840,"('nç', 'nx', 'nx')",punxas,punxas
90L_10NL,3,90L_10NL_3_1,1,840,"('nç', 'nx', 'nx')",punxas,punxas
90L_10NL,3,90L_10NL_3_1,1,840,"('nç', 'nx', 'nx')",punxas,punxas
90L_10NL,3,90L_10NL_3_1,1,840,"('nç', 'nx', 'nx')",punxas,punxas
90L_10NL,3,90L_10NL_3_1,1,840,"('nç', 'nx', 'nx')",punxas,punxas
90L_10NL,3,90L_10NL_3_1,1,280,"('nç', 'nç', 'nx')",punxas,punxas
90L_10NL,3,90L_10NL_3_1,1,280,"('nç', 'nç', 'nx')",punxas,punxas
90L_10NL,3,90L_10NL_3_1,1,280,"('nç', 'nç', 'nx')",punxas,punxas
90L_10NL,3,90L_10NL_3_1,1,840,"('nç', 'nx', 'nx')",punxas,punxas
90L_10NL,3,90L_10NL_3_1,1,840,"('nç', 'nx', 'nx')",punxas,punxas
90L_10NL,3,90L_10NL_3_1,1,840,"('nç', 'nx', 'nx')",punxas,punxas
90L_10NL,3,90L_10NL_3_1,1,840,"('nç', 'nx', 'nx')",punxas,punxas
90L_10NL,3,90L_10NL_3_1,1,840,"('nç', 'nx', 'nx')",punxas,punxas
90L_10NL,3,90L_10NL_3_1,1,840,"('nç', 'nx', 'nx')",punxas,punxas
90L_10NL,3,90L_10NL_3_1,1,280,"('nç', 'nç', 'nx')",punxas,punxas
90L_10NL,3,90L_10NL_3_1,1,280,"('nç', 'nç', 'nx')",punxas,punxas
90L_10NL,3,90L_10NL_3_1,1,840,"('nç', 'nx', 'nx')",punxas,punxas
90L_10NL,3,90L_10NL_3_1,1,840,"('nç', 'nx', 'nx')",punxas,punxas
90L_10NL,3,90L_10NL_3_1,1,840,"('nç', 'nx', 'nx')",punxas,punxas
90L_10NL,3,90L_10NL_3_1,1,840,"('nç', 'nx', 'nx')",punxas,punxas
90L_10NL,3,90L_10NL_3_1,1,840,"('nç', 'nx', 'nx')",punxas,punxas
90L_10NL,3,90L_10NL_3_1,1,840,"('nç', 'nx', 'nx')",punxas,punxas
90L_10NL,3,90L_10NL_3_1,1,280,"('nç', 'nç', 'nx')",punxas,punxas
90L_10NL,3,90L_10NL_3_1,1,840,"('nç', 'nx', 'nx')",punxas,punxas
90L_10NL,3,90L_10NL_3_1,1,840,"('nç', 'nx', 'nx')",punxas,punxas
90L_10NL,3,90L_10NL_3_1,1,840,"('nç', 'nx', 'nx')",punxas,punxas
90L_10NL,3,90L_10NL_3_1,1,840,"('nç', 'nx', 'nx')",punxas,punxas
90L_10NL,3,90L_10NL_3_1,1,840,"('nç', 'nx', 'nx')",punxas,punxas
90L_10NL,3,90L_10NL_3_1,1,840,"('nç', 'nx', 'nx')",punxas,punxas
90L_10NL,3,90L_10NL_3_1,1,840,"('nç', 'nx', 'nx')",punxas,punxas
90L_10NL,3,90L_10NL_3_1,1,840,"('nç', 'nx', 'nx')",punxas,punxas
90L_10NL,3,90L_10NL_3_1,1,840,"('nç', 'nx', 'nx')",punxas,punxas
90L_10NL,3,90L_10NL_3_1,1,840,"('nç', 'nx', 'nx')",punxas,punxas
90L_10NL,3,90L_10NL_3_1,1,840,"('nç', 'nx', 'nx')",punxas,punxas
90L_10NL,3,90L_10NL_3_1,1,840,"('nç', 'nx', 'nx')",punxas,punxas
90L_10NL,3,90L_10NL_3_1,1,420,"('nx', 'nx', 'nx')",punxas,punxas
90L_10NL,3,90L_10NL_3_1,1,420,"('nx', 'nx', 'nx')",punxas,punxas
90L_10NL,3,90L_10NL_3_1,1,420,"('nx', 'nx', 'nx')",punxas,punxas
90L_10NL,3,90L_10NL_3_1,1,420,"('nx', 'nx', 'nx')",punxas,punxas
90L_10NL,3,90L_10NL_3_1,1,420,"('nx', 'nx', 'nx')",punxas,punxas
90L_10NL,3,90L_10NL_3_1,1,420,"('nx', 'nx', 'nx')",punxas,punxas
90L_10NL,3,90L_10NL_3_1,1,420,"('nx', 'nx', 'nx')",punxas,punxas
90L_10NL,3,90L_10NL_3_1,1,420,"('nx', 'nx', 'nx')",punxas,punxas
90L_10NL,3,90L_10NL_3_1,1,420,"('nx', 'nx', 'nx')",punxas,punxas
90L_10NL,3,90L_10NL_3_1,1,420,"('nx', 'nx', 'nx')",punxas,punxas
90L_10NL,3,90L_10NL_3_1,1,420,"('nx', 'nx', 'nx')",punxas,punxas
90L_10NL,3,90L_10NL_3_1,0,420,"('nx', 'nx', 'nx')",punxa,punxas
90L_10NL,3,90L_10NL_3_1,0,420,"('nx', 'nx', 'nx')",punxa,punxas
90L_10NL,3,90L_10NL_3_1,0,420,"('nx', 'nx', 'nx')",punxa,punxas
90L_10NL,3,90L_10NL_3_1,0,420,"('nx', 'nx', 'nx')",punxa,punxas
90L_10NL,3,90L_10NL_3_1,1,280,"('nç', 'nç', 'nx')",punxa,punxa
90L_10NL,3,90L_10NL_3_1,1,280,"('nç', 'nç', 'nx')",punxa,punxa
90L_10NL,3,90L_10NL_3_1,1,280,"('nç', 'nç', 'nx')",punxa,punxa
90L_10NL,3,90L_10NL_3_1,1,280,"('nç', 'nç', 'nx')",punxa,punxa
90L_10NL,3,90L_10NL_3_1,1,840,"('nç', 'nx', 'nx')",punxa,punxa
90L_10NL,3,90L_10NL_3_1,1,840,"('nç', 'nx', 'nx')",punxa,punxa
90L_10NL,3,90L_10NL_3_1,1,840,"('nç', 'nx', 'nx')",punxa,punxa
90L_10NL,3,90L_10NL_3_1,1,840,"('nç', 'nx', 'nx')",punxa,punxa
90L_10NL,3,90L_10NL_3_1,1,840,"('nç', 'nx', 'nx')",punxa,punxa
90L_10NL,3,90L_10NL_3_1,1,840,"('nç', 'nx', 'nx')",punxa,punxa
90L_10NL,3,90L_10NL_3_1,1,280,"('nç', 'nç', 'nx')",punxa,punxa
90L_10NL,3,90L_10NL_3_1,1,280,"('nç', 'nç', 'nx')",punxa,punxa
90L_10NL,3,90L_10NL_3_1,1,280,"('nç', 'nç', 'nx')",punxa,punxa
90L_10NL,3,90L_10NL_3_1,1,840,"('nç', 'nx', 'nx')",punxa,punxa
90L_10NL,3,90L_10NL_3_1,1,840,"('nç', 'nx', 'nx')",punxa,punxa
90L_10NL,3,90L_10NL_3_1,1,840,"('nç', 'nx', 'nx')",punxa,punxa
90L_10NL,3,90L_10NL_3_1,1,840,"('nç', 'nx', 'nx')",punxa,punxa
90L_10NL,3,90L_10NL_3_1,1,840,"('nç', 'nx', 'nx')",punxa,punxa
90L_10NL,3,90L_10NL_3_1,1,840,"('nç', 'nx', 'nx')",punxa,punxa
90L_10NL,3,90L_10NL_3_1,1,280,"('nç', 'nç', 'nx')",punxa,punxa
90L_10NL,3,90L_10NL_3_1,1,280,"('nç', 'nç', 'nx')",punxa,punxa
90L_10NL,3,90L_10NL_3_1,1,840,"('nç', 'nx', 'nx')",punxa,punxa
90L_10NL,3,90L_10NL_3_1,1,840,"('nç', 'nx', 'nx')",punxa,punxa
90L_10NL,3,90L_10NL_3_1,1,840,"('nç', 'nx', 'nx')",punxa,punxa
90L_10NL,3,90L_10NL_3_1,1,840,"('nç', 'nx', 'nx')",punxa,punxa
90L_10NL,3,90L_10NL_3_1,1,840,"('nç', 'nx', 'nx')",punxa,punxa
90L_10NL,3,90L_10NL_3_1,1,840,"('nç', 'nx', 'nx')",punxa,punxa
90L_10NL,3,90L_10NL_3_1,1,280,"('nç', 'nç', 'nx')",punxa,punxa
90L_10NL,3,90L_10NL_3_1,1,840,"('nç', 'nx', 'nx')",punxa,punxa
90L_10NL,3,90L_10NL_3_1,1,840,"('nç', 'nx', 'nx')",punxa,punxa
90L_10NL,3,90L_10NL_3_1,1,840,"('nç', 'nx', 'nx')",punxa,punxa
90L_10NL,3,90L_10NL_3_1,1,840,"('nç', 'nx', 'nx')",punxa,punxa
90L_10NL,3,90L_10NL_3_1,1,840,"('nç', 'nx', 'nx')",punxa,punxa
90L_10NL,3,90L_10NL_3_1,1,840,"('nç', 'nx', 'nx')",punxa,punxa
90L_10NL,3,90L_10NL_3_1,1,840,"('nç', 'nx', 'nx')",punxa,punxa
90L_10NL,3,90L_10NL_3_1,1,840,"('nç', 'nx', 'nx')",punxa,punxa
90L_10NL,3,90L_10NL_3_1,1,840,"('nç', 'nx', 'nx')",punxa,punxa
90L_10NL,3,90L_10NL_3_1,1,840,"('nç', 'nx', 'nx')",punxa,punxa
90L_10NL,3,90L_10NL_3_1,1,840,"('nç', 'nx', 'nx')",punxa,punxa
90L_10NL,3,90L_10NL_3_1,1,840,"('nç', 'nx', 'nx')",punxa,punxa
90L_10NL,3,90L_10NL_3_1,1,420,"('nx', 'nx', 'nx')",punxa,punxa
90L_10NL,3,90L_10NL_3_1,1,420,"('nx', 'nx', 'nx')",punxa,punxa
90L_10NL,3,90L_10NL_3_1,1,420,"('nx', 'nx', 'nx')",punxa,punxa
90L_10NL,3,90L_10NL_3_1,1,420,"('nx', 'nx', 'nx')",punxa,punxa
90L_10NL,3,90L_10NL_3_1,1,420,"('nx', 'nx', 'nx')",punxa,punxa
90L_10NL,3,90L_10NL_3_1,1,420,"('nx', 'nx', 'nx')",punxa,punxa
90L_10NL,3,90L_10NL_3_1,1,420,"('nx', 'nx', 'nx')",punxa,punxa
90L_10NL,3,90L_10NL_3_1,1,420,"('nx', 'nx', 'nx')",punxa,punxa
90L_10NL,3,90L_10NL_3_1,1,420,"('nx', 'nx', 'nx')",punxa,punxa
90L_10NL,3,90L_10NL_3_1,1,420,"('nx', 'nx', 'nx')",punxa,punxa
90L_10NL,3,90L_10NL_3_1,1,420,"('nx', 'nx', 'nx')",punxa,punxa
90L_10NL,3,90L_10NL_3_1,1,420,"('nx', 'nx', 'nx')",punxa,punxa
90L_10NL,3,90L_10NL_3_1,1,420,"('nx', 'nx', 'nx')",punxa,punxa
90L_10NL,3,90L_10NL_3_1,1,420,"('nx', 'nx', 'nx')",punxa,punxa
90L_10NL,3,90L_10NL_3_1,1,420,"('nx', 'nx', 'nx')",punxa,punxa
90L_10NL,3,90L_10NL_3_1,1,280,"('nç', 'nç', 'nx')",punxa,punxa
90L_10NL,3,90L_10NL_3_1,1,280,"('nç', 'nç', 'nx')",punxa,punxa
90L_10NL,3,90L_10NL_3_1,1,280,"('nç', 'nç', 'nx')",punxa,punxa
90L_10NL,3,90L_10NL_3_1,1,280,"('nç', 'nç', 'nx')",punxa,punxa
90L_10NL,3,90L_10NL_3_1,1,840,"('nç', 'nx', 'nx')",punxa,punxa
90L_10NL,3,90L_10NL_3_1,1,840,"('nç', 'nx', 'nx')",punxa,punxa
90L_10NL,3,90L_10NL_3_1,1,840,"('nç', 'nx', 'nx')",punxa,punxa
90L_10NL,3,90L_10NL_3_1,1,840,"('nç', 'nx', 'nx')",punxa,punxa
90L_10NL,3,90L_10NL_3_1,1,840,"('nç', 'nx', 'nx')",punxa,punxa
90L_10NL,3,90L_10NL_3_1,1,840,"('nç', 'nx', 'nx')",punxa,punxa
90L_10NL,3,90L_10NL_3_1,1,280,"('nç', 'nç', 'nx')",punxa,punxa
90L_10NL,3,90L_10NL_3_1,1,280,"('nç', 'nç', 'nx')",punxa,punxa
90L_10NL,3,90L_10NL_3_1,1,280,"('nç', 'nç', 'nx')",punxa,punxa
90L_10NL,3,90L_10NL_3_1,1,840,"('nç', 'nx', 'nx')",punxa,punxa
90L_10NL,3,90L_10NL_3_1,1,840,"('nç', 'nx', 'nx')",punxa,punxa
90L_10NL,3,90L_10NL_3_1,1,840,"('nç', 'nx', 'nx')",punxa,punxa
90L_10NL,3,90L_10NL_3_1,1,840,"('nç', 'nx', 'nx')",punxa,punxa
90L_10NL,3,90L_10NL_3_1,1,840,"('nç', 'nx', 'nx')",punxa,punxa
90L_10NL,3,90L_10NL_3_1,1,840,"('nç', 'nx', 'nx')",punxa,punxa
90L_10NL,3,90L_10NL_3_1,1,280,"('nç', 'nç', 'nx')",punxa,punxa
90L_10NL,3,90L_10NL_3_1,1,280,"('nç', 'nç', 'nx')",punxa,punxa
90L_10NL,3,90L_10NL_3_1,1,840,"('nç', 'nx', 'nx')",punxa,punxa
90L_10NL,3,90L_10NL_3_1,1,840,"('nç', 'nx', 'nx')",punxa,punxa
90L_10NL,3,90L_10NL_3_1,1,840,"('nç', 'nx', 'nx')",punxa,punxa
90L_10NL,3,90L_10NL_3_1,1,840,"('nç', 'nx', 'nx')",punxa,punxa
90L_10NL,3,90L_10NL_3_1,1,840,"('nç', 'nx', 'nx')",punxa,punxa
90L_10NL,3,90L_10NL_3_1,1,840,"('nç', 'nx', 'nx')",punxa,punxa
90L_10NL,3,90L_10NL_3_1,1,280,"('nç', 'nç', 'nx')",punxa,punxa
90L_10NL,3,90L_10NL_3_1,1,840,"('nç', 'nx', 'nx')",punxa,punxa
90L_10NL,3,90L_10NL_3_1,1,840,"('nç', 'nx', 'nx')",punxa,punxa
90L_10NL,3,90L_10NL_3_1,1,840,"('nç', 'nx', 'nx')",punxa,punxa
90L_10NL,3,90L_10NL_3_1,1,840,"('nç', 'nx', 'nx')",punxa,punxa
90L_10NL,3,90L_10NL_3_1,1,840,"('nç', 'nx', 'nx')",punxa,punxa
90L_10NL,3,90L_10NL_3_1,1,840,"('nç', 'nx', 'nx')",punxa,punxa
90L_10NL,3,90L_10NL_3_1,1,840,"('nç', 'nx', 'nx')",punxa,punxa
90L_10NL,3,90L_10NL_3_1,1,840,"('nç', 'nx', 'nx')",punxa,punxa
90L_10NL,3,90L_10NL_3_1,1,840,"('nç', 'nx', 'nx')",punxa,punxa
90L_10NL,3,90L_10NL_3_1,1,840,"('nç', 'nx', 'nx')",punxa,punxa
90L_10NL,3,90L_10NL_3_1,1,840,"('nç', 'nx', 'nx')",punxa,punxa
90L_10NL,3,90L_10NL_3_1,1,840,"('nç', 'nx', 'nx')",punxa,punxa
90L_10NL,3,90L_10NL_3_1,1,420,"('nx', 'nx', 'nx')",punxa,punxa
90L_10NL,3,90L_10NL_3_1,1,420,"('nx', 'nx', 'nx')",punxa,punxa
90L_10NL,3,90L_10NL_3_1,1,420,"('nx', 'nx', 'nx')",punxa,punxa
90L_10NL,3,90L_10NL_3_1,1,420,"('nx', 'nx', 'nx')",punxa,punxa
90L_10NL,3,90L_10NL_3_1,1,420,"('nx', 'nx', 'nx')",punxa,punxa
90L_10NL,3,90L_10NL_3_1,1,420,"('nx', 'nx', 'nx')",punxa,punxa
90L_10NL,3,90L_10NL_3_1,1,420,"('nx', 'nx', 'nx')",punxa,punxa
90L_10NL,3,90L_10NL_3_1,1,420,"('nx', 'nx', 'nx')",punxa,punxa
90L_10NL,3,90L_10NL_3_1,1,420,"('nx', 'nx', 'nx')",punxa,punxa
90L_10NL,3,90L_10NL_3_1,1,420,"('nx', 'nx', 'nx')",punxa,punxa
90L_10NL,3,90L_10NL_3_1,1,420,"('nx', 'nx', 'nx')",punxa,punxa
90L_10NL,3,90L_10NL_3_1,0,420,"('nx', 'nx', 'nx')",punxo,punxa
90L_10NL,3,90L_10NL_3_1,0,420,"('nx', 'nx', 'nx')",punxo,punxa
90L_10NL,3,90L_10NL_3_1,0,420,"('nx', 'nx', 'nx')",punxo,punxa
90L_10NL,3,90L_10NL_3_1,0,420,"('nx', 'nx', 'nx')",punxo,punxa
90L_10NL,3,90L_10NL_3_1,1,280,"('nç', 'nç', 'nx')",punxo,punxo
90L_10NL,3,90L_10NL_3_1,1,280,"('nç', 'nç', 'nx')",punxo,punxo
90L_10NL,3,90L_10NL_3_1,1,280,"('nç', 'nç', 'nx')",punxo,punxo
90L_10NL,3,90L_10NL_3_1,1,280,"('nç', 'nç', 'nx')",punxo,punxo
90L_10NL,3,90L_10NL_3_1,1,840,"('nç', 'nx', 'nx')",punxo,punxo
90L_10NL,3,90L_10NL_3_1,1,840,"('nç', 'nx', 'nx')",punxo,punxo
90L_10NL,3,90L_10NL_3_1,1,840,"('nç', 'nx', 'nx')",punxo,punxo
90L_10NL,3,90L_10NL_3_1,1,840,"('nç', 'nx', 'nx')",punxo,punxo
90L_10NL,3,90L_10NL_3_1,1,840,"('nç', 'nx', 'nx')",punxo,punxo
90L_10NL,3,90L_10NL_3_1,1,840,"('nç', 'nx', 'nx')",punxo,punxo
90L_10NL,3,90L_10NL_3_1,1,280,"('nç', 'nç', 'nx')",punxo,punxo
90L_10NL,3,90L_10NL_3_1,1,280,"('nç', 'nç', 'nx')",punxo,punxo
90L_10NL,3,90L_10NL_3_1,1,280,"('nç', 'nç', 'nx')",punxo,punxo
90L_10NL,3,90L_10NL_3_1,1,840,"('nç', 'nx', 'nx')",punxo,punxo
90L_10NL,3,90L_10NL_3_1,1,840,"('nç', 'nx', 'nx')",punxo,punxo
90L_10NL,3,90L_10NL_3_1,1,840,"('nç', 'nx', 'nx')",punxo,punxo
90L_10NL,3,90L_10NL_3_1,1,840,"('nç', 'nx', 'nx')",punxo,punxo
90L_10NL,3,90L_10NL_3_1,1,840,"('nç', 'nx', 'nx')",punxo,punxo
90L_10NL,3,90L_10NL_3_1,1,840,"('nç', 'nx', 'nx')",punxo,punxo
90L_10NL,3,90L_10NL_3_1,1,280,"('nç', 'nç', 'nx')",punxo,punxo
90L_10NL,3,90L_10NL_3_1,1,280,"('nç', 'nç', 'nx')",punxo,punxo
90L_10NL,3,90L_10NL_3_1,1,840,"('nç', 'nx', 'nx')",punxo,punxo
90L_10NL,3,90L_10NL_3_1,1,840,"('nç', 'nx', 'nx')",punxo,punxo
90L_10NL,3,90L_10NL_3_1,1,840,"('nç', 'nx', 'nx')",punxo,punxo
90L_10NL,3,90L_10NL_3_1,1,840,"('nç', 'nx', 'nx')",punxo,punxo
90L_10NL,3,90L_10NL_3_1,1,840,"('nç', 'nx', 'nx')",punxo,punxo
90L_10NL,3,90L_10NL_3_1,1,840,"('nç', 'nx', 'nx')",punxo,punxo
90L_10NL,3,90L_10NL_3_1,1,280,"('nç', 'nç', 'nx')",punxo,punxo
90L_10NL,3,90L_10NL_3_1,1,840,"('nç', 'nx', 'nx')",punxo,punxo
90L_10NL,3,90L_10NL_3_1,1,840,"('nç', 'nx', 'nx')",punxo,punxo
90L_10NL,3,90L_10NL_3_1,1,840,"('nç', 'nx', 'nx')",punxo,punxo
90L_10NL,3,90L_10NL_3_1,1,840,"('nç', 'nx', 'nx')",punxo,punxo
90L_10NL,3,90L_10NL_3_1,1,840,"('nç', 'nx', 'nx')",punxo,punxo
90L_10NL,3,90L_10NL_3_1,1,840,"('nç', 'nx', 'nx')",punxo,punxo
90L_10NL,3,90L_10NL_3_1,1,840,"('nç', 'nx', 'nx')",punxo,punxo
90L_10NL,3,90L_10NL_3_1,1,840,"('nç', 'nx', 'nx')",punxo,punxo
90L_10NL,3,90L_10NL_3_1,1,840,"('nç', 'nx', 'nx')",punxo,punxo
90L_10NL,3,90L_10NL_3_1,1,840,"('nç', 'nx', 'nx')",punxo,punxo
90L_10NL,3,90L_10NL_3_1,1,840,"('nç', 'nx', 'nx')",punxo,punxo
90L_10NL,3,90L_10NL_3_1,1,840,"('nç', 'nx', 'nx')",punxo,punxo
90L_10NL,3,90L_10NL_3_1,1,420,"('nx', 'nx', 'nx')",punxo,punxo
90L_10NL,3,90L_10NL_3_1,1,420,"('nx', 'nx', 'nx')",punxo,punxo
90L_10NL,3,90L_10NL_3_1,1,420,"('nx', 'nx', 'nx')",punxo,punxo
90L_10NL,3,90L_10NL_3_1,1,420,"('nx', 'nx', 'nx')",punxo,punxo
90L_10NL,3,90L_10NL_3_1,1,420,"('nx', 'nx', 'nx')",punxo,punxo
90L_10NL,3,90L_10NL_3_1,1,420,"('nx', 'nx', 'nx')",punxo,punxo
90L_10NL,3,90L_10NL_3_1,1,420,"('nx', 'nx', 'nx')",punxo,punxo
90L_10NL,3,90L_10NL_3_1,1,420,"('nx', 'nx', 'nx')",punxo,punxo
90L_10NL,3,90L_10NL_3_1,1,420,"('nx', 'nx', 'nx')",punxo,punxo
90L_10NL,3,90L_10NL_3_1,1,420,"('nx', 'nx', 'nx')",punxo,punxo
90L_10NL,3,90L_10NL_3_1,1,420,"('nx', 'nx', 'nx')",punxo,punxo
90L_10NL,3,90L_10NL_3_1,0,420,"('nx', 'nx', 'nx')",ɾekomponejs,punxo
90L_10NL,3,90L_10NL_3_1,0,420,"('nx', 'nx', 'nx')",ɾekomponejs,punxo
90L_10NL,3,90L_10NL_3_1,0,420,"('nx', 'nx', 'nx')",ɾekomponejs,punxo
90L_10NL,3,90L_10NL_3_1,0,420,"('nx', 'nx', 'nx')",ɾekomponejs,punxo
90L_10NL,3,90L_10NL_3_1,1,300,"('n', 'n', 'n')",ɾekomponejs,ɾekomponejs
90L_10NL,3,90L_10NL_3_1,1,300,"('n', 'n', 'n')",ɾekomponejs,ɾekomponejs
90L_10NL,3,90L_10NL_3_1,1,300,"('n', 'n', 'n')",ɾekomponejs,ɾekomponejs
90L_10NL,3,90L_10NL_3_1,1,672,"('n', 'nɡ', 'n')",ɾekomponejs,ɾekomponejs
90L_10NL,3,90L_10NL_3_1,1,672,"('n', 'nɡ', 'n')",ɾekomponejs,ɾekomponejs
90L_10NL,3,90L_10NL_3_1,1,672,"('n', 'nɡ', 'n')",ɾekomponejs,ɾekomponejs
90L_10NL,3,90L_10NL_3_1,1,672,"('n', 'nɡ', 'n')",ɾekomponejs,ɾekomponejs
90L_10NL,3,90L_10NL_3_1,1,672,"('n', 'nɡ', 'n')",ɾekomponejs,ɾekomponejs
90L_10NL,3,90L_10NL_3_1,1,672,"('n', 'nɡ', 'n')",ɾekomponejs,ɾekomponejs
90L_10NL,3,90L_10NL_3_1,1,672,"('n', 'nɡ', 'n')",ɾekomponejs,ɾekomponejs
90L_10NL,3,90L_10NL_3_1,1,300,"('n', 'n', 'n')",ɾekomponejs,ɾekomponejs
90L_10NL,3,90L_10NL_3_1,1,300,"('n', 'n', 'n')",ɾekomponejs,ɾekomponejs
90L_10NL,3,90L_10NL_3_1,1,672,"('n', 'nɡ', 'n')",ɾekomponejs,ɾekomponejs
90L_10NL,3,90L_10NL_3_1,1,672,"('n', 'nɡ', 'n')",ɾekomponejs,ɾekomponejs
90L_10NL,3,90L_10NL_3_1,1,672,"('n', 'nɡ', 'n')",ɾekomponejs,ɾekomponejs
90L_10NL,3,90L_10NL_3_1,1,672,"('n', 'nɡ', 'n')",ɾekomponejs,ɾekomponejs
90L_10NL,3,90L_10NL_3_1,1,672,"('n', 'nɡ', 'n')",ɾekomponejs,ɾekomponejs
90L_10NL,3,90L_10NL_3_1,1,672,"('n', 'nɡ', 'n')",ɾekomponejs,ɾekomponejs
90L_10NL,3,90L_10NL_3_1,1,672,"('n', 'nɡ', 'n')",ɾekomponejs,ɾekomponejs
90L_10NL,3,90L_10NL_3_1,1,300,"('n', 'n', 'n')",ɾekomponejs,ɾekomponejs
90L_10NL,3,90L_10NL_3_1,1,672,"('n', 'nɡ', 'n')",ɾekomponejs,ɾekomponejs
90L_10NL,3,90L_10NL_3_1,1,672,"('n', 'nɡ', 'n')",ɾekomponejs,ɾekomponejs
90L_10NL,3,90L_10NL_3_1,1,672,"('n', 'nɡ', 'n')",ɾekomponejs,ɾekomponejs
90L_10NL,3,90L_10NL_3_1,1,672,"('n', 'nɡ', 'n')",ɾekomponejs,ɾekomponejs
90L_10NL,3,90L_10NL_3_1,1,672,"('n', 'nɡ', 'n')",ɾekomponejs,ɾekomponejs
90L_10NL,3,90L_10NL_3_1,1,672,"('n', 'nɡ', 'n')",ɾekomponejs,ɾekomponejs
90L_10NL,3,90L_10NL_3_1,1,672,"('n', 'nɡ', 'n')",ɾekomponejs,ɾekomponejs
90L_10NL,3,90L_10NL_3_1,1,672,"('n', 'nɡ', 'n')",ɾekomponejs,ɾekomponejs
90L_10NL,3,90L_10NL_3_1,1,672,"('n', 'nɡ', 'n')",ɾekomponejs,ɾekomponejs
90L_10NL,3,90L_10NL_3_1,1,672,"('n', 'nɡ', 'n')",ɾekomponejs,ɾekomponejs
90L_10NL,3,90L_10NL_3_1,1,672,"('n', 'nɡ', 'n')",ɾekomponejs,ɾekomponejs
90L_10NL,3,90L_10NL_3_1,1,672,"('n', 'nɡ', 'n')",ɾekomponejs,ɾekomponejs
90L_10NL,3,90L_10NL_3_1,1,672,"('n', 'nɡ', 'n')",ɾekomponejs,ɾekomponejs
90L_10NL,3,90L_10NL_3_1,1,672,"('n', 'nɡ', 'n')",ɾekomponejs,ɾekomponejs
90L_10NL,3,90L_10NL_3_1,1,1050,"('nɡ', 'nɡ', 'n')",ɾekomponejs,ɾekomponejs
90L_10NL,3,90L_10NL_3_1,1,1050,"('nɡ', 'nɡ', 'n')",ɾekomponejs,ɾekomponejs
90L_10NL,3,90L_10NL_3_1,1,1050,"('nɡ', 'nɡ', 'n')",ɾekomponejs,ɾekomponejs
90L_10NL,3,90L_10NL_3_1,1,1050,"('nɡ', 'nɡ', 'n')",ɾekomponejs,ɾekomponejs
90L_10NL,3,90L_10NL_3_1,1,1050,"('nɡ', 'nɡ', 'n')",ɾekomponejs,ɾekomponejs
90L_10NL,3,90L_10NL_3_1,1,1050,"('nɡ', 'nɡ', 'n')",ɾekomponejs,ɾekomponejs
90L_10NL,3,90L_10NL_3_1,1,1050,"('nɡ', 'nɡ', 'n')",ɾekomponejs,ɾekomponejs
90L_10NL,3,90L_10NL_3_1,1,1050,"('nɡ', 'nɡ', 'n')",ɾekomponejs,ɾekomponejs
90L_10NL,3,90L_10NL_3_1,1,1050,"('nɡ', 'nɡ', 'n')",ɾekomponejs,ɾekomponejs
90L_10NL,3,90L_10NL_3_1,1,1050,"('nɡ', 'nɡ', 'n')",ɾekomponejs,ɾekomponejs
90L_10NL,3,90L_10NL_3_1,1,1050,"('nɡ', 'nɡ', 'n')",ɾekomponejs,ɾekomponejs
90L_10NL,3,90L_10NL_3_1,1,1050,"('nɡ', 'nɡ', 'n')",ɾekomponejs,ɾekomponejs
90L_10NL,3,90L_10NL_3_1,1,1050,"('nɡ', 'nɡ', 'n')",ɾekomponejs,ɾekomponejs
90L_10NL,3,90L_10NL_3_1,1,1050,"('nɡ', 'nɡ', 'n')",ɾekomponejs,ɾekomponejs
90L_10NL,3,90L_10NL_3_1,1,1050,"('nɡ', 'nɡ', 'n')",ɾekomponejs,ɾekomponejs
90L_10NL,3,90L_10NL_3_1,1,1050,"('nɡ', 'nɡ', 'n')",ɾekomponejs,ɾekomponejs
90L_10NL,3,90L_10NL_3_1,1,1050,"('nɡ', 'nɡ', 'n')",ɾekomponejs,ɾekomponejs
90L_10NL,3,90L_10NL_3_1,0,1050,"('nɡ', 'nɡ', 'n')",ɾekomponemos,ɾekomponejs
90L_10NL,3,90L_10NL_3_1,0,1050,"('nɡ', 'nɡ', 'n')",ɾekomponemos,ɾekomponejs
90L_10NL,3,90L_10NL_3_1,0,1050,"('nɡ', 'nɡ', 'n')",ɾekomponemos,ɾekomponejs
90L_10NL,3,90L_10NL_3_1,0,1050,"('nɡ', 'nɡ', 'n')",ɾekomponemos,ɾekomponejs
90L_10NL,3,90L_10NL_3_1,1,300,"('n', 'n', 'n')",ɾekomponemos,ɾekomponemos
90L_10NL,3,90L_10NL_3_1,1,300,"('n', 'n', 'n')",ɾekomponemos,ɾekomponemos
90L_10NL,3,90L_10NL_3_1,1,300,"('n', 'n', 'n')",ɾekomponemos,ɾekomponemos
90L_10NL,3,90L_10NL_3_1,1,672,"('n', 'nɡ', 'n')",ɾekomponemos,ɾekomponemos
90L_10NL,3,90L_10NL_3_1,1,672,"('n', 'nɡ', 'n')",ɾekomponemos,ɾekomponemos
90L_10NL,3,90L_10NL_3_1,1,672,"('n', 'nɡ', 'n')",ɾekomponemos,ɾekomponemos
90L_10NL,3,90L_10NL_3_1,1,672,"('n', 'nɡ', 'n')",ɾekomponemos,ɾekomponemos
90L_10NL,3,90L_10NL_3_1,1,672,"('n', 'nɡ', 'n')",ɾekomponemos,ɾekomponemos
90L_10NL,3,90L_10NL_3_1,1,672,"('n', 'nɡ', 'n')",ɾekomponemos,ɾekomponemos
90L_10NL,3,90L_10NL_3_1,1,672,"('n', 'nɡ', 'n')",ɾekomponemos,ɾekomponemos
90L_10NL,3,90L_10NL_3_1,1,300,"('n', 'n', 'n')",ɾekomponemos,ɾekomponemos
90L_10NL,3,90L_10NL_3_1,1,300,"('n', 'n', 'n')",ɾekomponemos,ɾekomponemos
90L_10NL,3,90L_10NL_3_1,1,672,"('n', 'nɡ', 'n')",ɾekomponemos,ɾekomponemos
90L_10NL,3,90L_10NL_3_1,1,672,"('n', 'nɡ', 'n')",ɾekomponemos,ɾekomponemos
90L_10NL,3,90L_10NL_3_1,1,672,"('n', 'nɡ', 'n')",ɾekomponemos,ɾekomponemos
90L_10NL,3,90L_10NL_3_1,1,672,"('n', 'nɡ', 'n')",ɾekomponemos,ɾekomponemos
90L_10NL,3,90L_10NL_3_1,1,672,"('n', 'nɡ', 'n')",ɾekomponemos,ɾekomponemos
90L_10NL,3,90L_10NL_3_1,1,672,"('n', 'nɡ', 'n')",ɾekomponemos,ɾekomponemos
90L_10NL,3,90L_10NL_3_1,1,672,"('n', 'nɡ', 'n')",ɾekomponemos,ɾekomponemos
90L_10NL,3,90L_10NL_3_1,1,300,"('n', 'n', 'n')",ɾekomponemos,ɾekomponemos
90L_10NL,3,90L_10NL_3_1,1,672,"('n', 'nɡ', 'n')",ɾekomponemos,ɾekomponemos
90L_10NL,3,90L_10NL_3_1,1,672,"('n', 'nɡ', 'n')",ɾekomponemos,ɾekomponemos
90L_10NL,3,90L_10NL_3_1,1,672,"('n', 'nɡ', 'n')",ɾekomponemos,ɾekomponemos
90L_10NL,3,90L_10NL_3_1,1,672,"('n', 'nɡ', 'n')",ɾekomponemos,ɾekomponemos
90L_10NL,3,90L_10NL_3_1,1,672,"('n', 'nɡ', 'n')",ɾekomponemos,ɾekomponemos
90L_10NL,3,90L_10NL_3_1,1,672,"('n', 'nɡ', 'n')",ɾekomponemos,ɾekomponemos
90L_10NL,3,90L_10NL_3_1,1,672,"('n', 'nɡ', 'n')",ɾekomponemos,ɾekomponemos
90L_10NL,3,90L_10NL_3_1,1,672,"('n', 'nɡ', 'n')",ɾekomponemos,ɾekomponemos
90L_10NL,3,90L_10NL_3_1,1,672,"('n', 'nɡ', 'n')",ɾekomponemos,ɾekomponemos
90L_10NL,3,90L_10NL_3_1,1,672,"('n', 'nɡ', 'n')",ɾekomponemos,ɾekomponemos
90L_10NL,3,90L_10NL_3_1,1,672,"('n', 'nɡ', 'n')",ɾekomponemos,ɾekomponemos
90L_10NL,3,90L_10NL_3_1,1,672,"('n', 'nɡ', 'n')",ɾekomponemos,ɾekomponemos
90L_10NL,3,90L_10NL_3_1,1,672,"('n', 'nɡ', 'n')",ɾekomponemos,ɾekomponemos
90L_10NL,3,90L_10NL_3_1,1,672,"('n', 'nɡ', 'n')",ɾekomponemos,ɾekomponemos
90L_10NL,3,90L_10NL_3_1,1,1050,"('nɡ', 'nɡ', 'n')",ɾekomponemos,ɾekomponemos
90L_10NL,3,90L_10NL_3_1,1,1050,"('nɡ', 'nɡ', 'n')",ɾekomponemos,ɾekomponemos
90L_10NL,3,90L_10NL_3_1,1,1050,"('nɡ', 'nɡ', 'n')",ɾekomponemos,ɾekomponemos
90L_10NL,3,90L_10NL_3_1,1,1050,"('nɡ', 'nɡ', 'n')",ɾekomponemos,ɾekomponemos
90L_10NL,3,90L_10NL_3_1,1,1050,"('nɡ', 'nɡ', 'n')",ɾekomponemos,ɾekomponemos
90L_10NL,3,90L_10NL_3_1,1,1050,"('nɡ', 'nɡ', 'n')",ɾekomponemos,ɾekomponemos
90L_10NL,3,90L_10NL_3_1,1,1050,"('nɡ', 'nɡ', 'n')",ɾekomponemos,ɾekomponemos
90L_10NL,3,90L_10NL_3_1,1,1050,"('nɡ', 'nɡ', 'n')",ɾekomponemos,ɾekomponemos
90L_10NL,3,90L_10NL_3_1,1,1050,"('nɡ', 'nɡ', 'n')",ɾekomponemos,ɾekomponemos
90L_10NL,3,90L_10NL_3_1,1,1050,"('nɡ', 'nɡ', 'n')",ɾekomponemos,ɾekomponemos
90L_10NL,3,90L_10NL_3_1,1,1050,"('nɡ', 'nɡ', 'n')",ɾekomponemos,ɾekomponemos
90L_10NL,3,90L_10NL_3_1,1,1050,"('nɡ', 'nɡ', 'n')",ɾekomponemos,ɾekomponemos
90L_10NL,3,90L_10NL_3_1,1,1050,"('nɡ', 'nɡ', 'n')",ɾekomponemos,ɾekomponemos
90L_10NL,3,90L_10NL_3_1,1,1050,"('nɡ', 'nɡ', 'n')",ɾekomponemos,ɾekomponemos
90L_10NL,3,90L_10NL_3_1,1,1050,"('nɡ', 'nɡ', 'n')",ɾekomponemos,ɾekomponemos
90L_10NL,3,90L_10NL_3_1,1,1050,"('nɡ', 'nɡ', 'n')",ɾekomponemos,ɾekomponemos
90L_10NL,3,90L_10NL_3_1,1,1050,"('nɡ', 'nɡ', 'n')",ɾekomponemos,ɾekomponemos
90L_10NL,3,90L_10NL_3_1,0,1050,"('nɡ', 'nɡ', 'n')",ɾekomponen,ɾekomponemos
90L_10NL,3,90L_10NL_3_1,0,1050,"('nɡ', 'nɡ', 'n')",ɾekomponen,ɾekomponemos
90L_10NL,3,90L_10NL_3_1,0,1050,"('nɡ', 'nɡ', 'n')",ɾekomponen,ɾekomponemos
90L_10NL,3,90L_10NL_3_1,0,1050,"('nɡ', 'nɡ', 'n')",ɾekomponen,ɾekomponemos
90L_10NL,3,90L_10NL_3_1,1,300,"('n', 'n', 'n')",ɾekomponen,ɾekomponen
90L_10NL,3,90L_10NL_3_1,1,300,"('n', 'n', 'n')",ɾekomponen,ɾekomponen
90L_10NL,3,90L_10NL_3_1,1,300,"('n', 'n', 'n')",ɾekomponen,ɾekomponen
90L_10NL,3,90L_10NL_3_1,1,672,"('n', 'nɡ', 'n')",ɾekomponen,ɾekomponen
90L_10NL,3,90L_10NL_3_1,1,672,"('n', 'nɡ', 'n')",ɾekomponen,ɾekomponen
90L_10NL,3,90L_10NL_3_1,1,672,"('n', 'nɡ', 'n')",ɾekomponen,ɾekomponen
90L_10NL,3,90L_10NL_3_1,1,672,"('n', 'nɡ', 'n')",ɾekomponen,ɾekomponen
90L_10NL,3,90L_10NL_3_1,1,672,"('n', 'nɡ', 'n')",ɾekomponen,ɾekomponen
90L_10NL,3,90L_10NL_3_1,1,672,"('n', 'nɡ', 'n')",ɾekomponen,ɾekomponen
90L_10NL,3,90L_10NL_3_1,1,672,"('n', 'nɡ', 'n')",ɾekomponen,ɾekomponen
90L_10NL,3,90L_10NL_3_1,1,300,"('n', 'n', 'n')",ɾekomponen,ɾekomponen
90L_10NL,3,90L_10NL_3_1,1,300,"('n', 'n', 'n')",ɾekomponen,ɾekomponen
90L_10NL,3,90L_10NL_3_1,1,672,"('n', 'nɡ', 'n')",ɾekomponen,ɾekomponen
90L_10NL,3,90L_10NL_3_1,1,672,"('n', 'nɡ', 'n')",ɾekomponen,ɾekomponen
90L_10NL,3,90L_10NL_3_1,1,672,"('n', 'nɡ', 'n')",ɾekomponen,ɾekomponen
90L_10NL,3,90L_10NL_3_1,1,672,"('n', 'nɡ', 'n')",ɾekomponen,ɾekomponen
90L_10NL,3,90L_10NL_3_1,1,672,"('n', 'nɡ', 'n')",ɾekomponen,ɾekomponen
90L_10NL,3,90L_10NL_3_1,1,672,"('n', 'nɡ', 'n')",ɾekomponen,ɾekomponen
90L_10NL,3,90L_10NL_3_1,1,672,"('n', 'nɡ', 'n')",ɾekomponen,ɾekomponen
90L_10NL,3,90L_10NL_3_1,1,300,"('n', 'n', 'n')",ɾekomponen,ɾekomponen
90L_10NL,3,90L_10NL_3_1,1,672,"('n', 'nɡ', 'n')",ɾekomponen,ɾekomponen
90L_10NL,3,90L_10NL_3_1,1,672,"('n', 'nɡ', 'n')",ɾekomponen,ɾekomponen
90L_10NL,3,90L_10NL_3_1,1,672,"('n', 'nɡ', 'n')",ɾekomponen,ɾekomponen
90L_10NL,3,90L_10NL_3_1,1,672,"('n', 'nɡ', 'n')",ɾekomponen,ɾekomponen
90L_10NL,3,90L_10NL_3_1,1,672,"('n', 'nɡ', 'n')",ɾekomponen,ɾekomponen
90L_10NL,3,90L_10NL_3_1,1,672,"('n', 'nɡ', 'n')",ɾekomponen,ɾekomponen
90L_10NL,3,90L_10NL_3_1,1,672,"('n', 'nɡ', 'n')",ɾekomponen,ɾekomponen
90L_10NL,3,90L_10NL_3_1,1,672,"('n', 'nɡ', 'n')",ɾekomponen,ɾekomponen
90L_10NL,3,90L_10NL_3_1,1,672,"('n', 'nɡ', 'n')",ɾekomponen,ɾekomponen
90L_10NL,3,90L_10NL_3_1,1,672,"('n', 'nɡ', 'n')",ɾekomponen,ɾekomponen
90L_10NL,3,90L_10NL_3_1,1,672,"('n', 'nɡ', 'n')",ɾekomponen,ɾekomponen
90L_10NL,3,90L_10NL_3_1,1,672,"('n', 'nɡ', 'n')",ɾekomponen,ɾekomponen
90L_10NL,3,90L_10NL_3_1,1,672,"('n', 'nɡ', 'n')",ɾekomponen,ɾekomponen
90L_10NL,3,90L_10NL_3_1,1,672,"('n', 'nɡ', 'n')",ɾekomponen,ɾekomponen
90L_10NL,3,90L_10NL_3_1,1,1050,"('nɡ', 'nɡ', 'n')",ɾekomponen,ɾekomponen
90L_10NL,3,90L_10NL_3_1,1,1050,"('nɡ', 'nɡ', 'n')",ɾekomponen,ɾekomponen
90L_10NL,3,90L_10NL_3_1,1,1050,"('nɡ', 'nɡ', 'n')",ɾekomponen,ɾekomponen
90L_10NL,3,90L_10NL_3_1,1,1050,"('nɡ', 'nɡ', 'n')",ɾekomponen,ɾekomponen
90L_10NL,3,90L_10NL_3_1,1,1050,"('nɡ', 'nɡ', 'n')",ɾekomponen,ɾekomponen
90L_10NL,3,90L_10NL_3_1,1,1050,"('nɡ', 'nɡ', 'n')",ɾekomponen,ɾekomponen
90L_10NL,3,90L_10NL_3_1,1,1050,"('nɡ', 'nɡ', 'n')",ɾekomponen,ɾekomponen
90L_10NL,3,90L_10NL_3_1,1,1050,"('nɡ', 'nɡ', 'n')",ɾekomponen,ɾekomponen
90L_10NL,3,90L_10NL_3_1,1,1050,"('nɡ', 'nɡ', 'n')",ɾekomponen,ɾekomponen
90L_10NL,3,90L_10NL_3_1,1,1050,"('nɡ', 'nɡ', 'n')",ɾekomponen,ɾekomponen
90L_10NL,3,90L_10NL_3_1,1,1050,"('nɡ', 'nɡ', 'n')",ɾekomponen,ɾekomponen
90L_10NL,3,90L_10NL_3_1,1,1050,"('nɡ', 'nɡ', 'n')",ɾekomponen,ɾekomponen
90L_10NL,3,90L_10NL_3_1,1,1050,"('nɡ', 'nɡ', 'n')",ɾekomponen,ɾekomponen
90L_10NL,3,90L_10NL_3_1,1,1050,"('nɡ', 'nɡ', 'n')",ɾekomponen,ɾekomponen
90L_10NL,3,90L_10NL_3_1,1,1050,"('nɡ', 'nɡ', 'n')",ɾekomponen,ɾekomponen
90L_10NL,3,90L_10NL_3_1,1,1050,"('nɡ', 'nɡ', 'n')",ɾekomponen,ɾekomponen
90L_10NL,3,90L_10NL_3_1,1,1050,"('nɡ', 'nɡ', 'n')",ɾekomponen,ɾekomponen
90L_10NL,3,90L_10NL_3_1,0,1050,"('nɡ', 'nɡ', 'n')",ɾekompones,ɾekomponen
90L_10NL,3,90L_10NL_3_1,0,1050,"('nɡ', 'nɡ', 'n')",ɾekompones,ɾekomponen
90L_10NL,3,90L_10NL_3_1,0,1050,"('nɡ', 'nɡ', 'n')",ɾekompones,ɾekomponen
90L_10NL,3,90L_10NL_3_1,0,1050,"('nɡ', 'nɡ', 'n')",ɾekompones,ɾekomponen
90L_10NL,3,90L_10NL_3_1,1,300,"('n', 'n', 'n')",ɾekompones,ɾekompones
90L_10NL,3,90L_10NL_3_1,1,300,"('n', 'n', 'n')",ɾekompones,ɾekompones
90L_10NL,3,90L_10NL_3_1,1,300,"('n', 'n', 'n')",ɾekompones,ɾekompones
90L_10NL,3,90L_10NL_3_1,1,672,"('n', 'nɡ', 'n')",ɾekompones,ɾekompones
90L_10NL,3,90L_10NL_3_1,1,672,"('n', 'nɡ', 'n')",ɾekompones,ɾekompones
90L_10NL,3,90L_10NL_3_1,1,672,"('n', 'nɡ', 'n')",ɾekompones,ɾekompones
90L_10NL,3,90L_10NL_3_1,1,672,"('n', 'nɡ', 'n')",ɾekompones,ɾekompones
90L_10NL,3,90L_10NL_3_1,1,672,"('n', 'nɡ', 'n')",ɾekompones,ɾekompones
90L_10NL,3,90L_10NL_3_1,1,672,"('n', 'nɡ', 'n')",ɾekompones,ɾekompones
90L_10NL,3,90L_10NL_3_1,1,672,"('n', 'nɡ', 'n')",ɾekompones,ɾekompones
90L_10NL,3,90L_10NL_3_1,1,300,"('n', 'n', 'n')",ɾekompones,ɾekompones
90L_10NL,3,90L_10NL_3_1,1,300,"('n', 'n', 'n')",ɾekompones,ɾekompones
90L_10NL,3,90L_10NL_3_1,1,672,"('n', 'nɡ', 'n')",ɾekompones,ɾekompones
90L_10NL,3,90L_10NL_3_1,1,672,"('n', 'nɡ', 'n')",ɾekompones,ɾekompones
90L_10NL,3,90L_10NL_3_1,1,672,"('n', 'nɡ', 'n')",ɾekompones,ɾekompones
90L_10NL,3,90L_10NL_3_1,1,672,"('n', 'nɡ', 'n')",ɾekompones,ɾekompones
90L_10NL,3,90L_10NL_3_1,1,672,"('n', 'nɡ', 'n')",ɾekompones,ɾekompones
90L_10NL,3,90L_10NL_3_1,1,672,"('n', 'nɡ', 'n')",ɾekompones,ɾekompones
90L_10NL,3,90L_10NL_3_1,1,672,"('n', 'nɡ', 'n')",ɾekompones,ɾekompones
90L_10NL,3,90L_10NL_3_1,1,300,"('n', 'n', 'n')",ɾekompones,ɾekompones
90L_10NL,3,90L_10NL_3_1,1,672,"('n', 'nɡ', 'n')",ɾekompones,ɾekompones
90L_10NL,3,90L_10NL_3_1,1,672,"('n', 'nɡ', 'n')",ɾekompones,ɾekompones
90L_10NL,3,90L_10NL_3_1,1,672,"('n', 'nɡ', 'n')",ɾekompones,ɾekompones
90L_10NL,3,90L_10NL_3_1,1,672,"('n', 'nɡ', 'n')",ɾekompones,ɾekompones
90L_10NL,3,90L_10NL_3_1,1,672,"('n', 'nɡ', 'n')",ɾekompones,ɾekompones
90L_10NL,3,90L_10NL_3_1,1,672,"('n', 'nɡ', 'n')",ɾekompones,ɾekompones
90L_10NL,3,90L_10NL_3_1,1,672,"('n', 'nɡ', 'n')",ɾekompones,ɾekompones
90L_10NL,3,90L_10NL_3_1,1,672,"('n', 'nɡ', 'n')",ɾekompones,ɾekompones
90L_10NL,3,90L_10NL_3_1,1,672,"('n', 'nɡ', 'n')",ɾekompones,ɾekompones
90L_10NL,3,90L_10NL_3_1,1,672,"('n', 'nɡ', 'n')",ɾekompones,ɾekompones
90L_10NL,3,90L_10NL_3_1,1,672,"('n', 'nɡ', 'n')",ɾekompones,ɾekompones
90L_10NL,3,90L_10NL_3_1,1,672,"('n', 'nɡ', 'n')",ɾekompones,ɾekompones
90L_10NL,3,90L_10NL_3_1,1,672,"('n', 'nɡ', 'n')",ɾekompones,ɾekompones
90L_10NL,3,90L_10NL_3_1,1,672,"('n', 'nɡ', 'n')",ɾekompones,ɾekompones
90L_10NL,3,90L_10NL_3_1,1,1050,"('nɡ', 'nɡ', 'n')",ɾekompones,ɾekompones
90L_10NL,3,90L_10NL_3_1,1,1050,"('nɡ', 'nɡ', 'n')",ɾekompones,ɾekompones
90L_10NL,3,90L_10NL_3_1,1,1050,"('nɡ', 'nɡ', 'n')",ɾekompones,ɾekompones
90L_10NL,3,90L_10NL_3_1,1,1050,"('nɡ', 'nɡ', 'n')",ɾekompones,ɾekompones
90L_10NL,3,90L_10NL_3_1,1,1050,"('nɡ', 'nɡ', 'n')",ɾekompones,ɾekompones
90L_10NL,3,90L_10NL_3_1,1,1050,"('nɡ', 'nɡ', 'n')",ɾekompones,ɾekompones
90L_10NL,3,90L_10NL_3_1,1,1050,"('nɡ', 'nɡ', 'n')",ɾekompones,ɾekompones
90L_10NL,3,90L_10NL_3_1,1,1050,"('nɡ', 'nɡ', 'n')",ɾekompones,ɾekompones
90L_10NL,3,90L_10NL_3_1,1,1050,"('nɡ', 'nɡ', 'n')",ɾekompones,ɾekompones
90L_10NL,3,90L_10NL_3_1,1,1050,"('nɡ', 'nɡ', 'n')",ɾekompones,ɾekompones
90L_10NL,3,90L_10NL_3_1,1,1050,"('nɡ', 'nɡ', 'n')",ɾekompones,ɾekompones
90L_10NL,3,90L_10NL_3_1,1,1050,"('nɡ', 'nɡ', 'n')",ɾekompones,ɾekompones
90L_10NL,3,90L_10NL_3_1,1,1050,"('nɡ', 'nɡ', 'n')",ɾekompones,ɾekompones
90L_10NL,3,90L_10NL_3_1,1,1050,"('nɡ', 'nɡ', 'n')",ɾekompones,ɾekompones
90L_10NL,3,90L_10NL_3_1,1,1050,"('nɡ', 'nɡ', 'n')",ɾekompones,ɾekompones
90L_10NL,3,90L_10NL_3_1,1,1050,"('nɡ', 'nɡ', 'n')",ɾekompones,ɾekompones
90L_10NL,3,90L_10NL_3_1,1,1050,"('nɡ', 'nɡ', 'n')",ɾekompones,ɾekompones
90L_10NL,3,90L_10NL_3_1,0,1050,"('nɡ', 'nɡ', 'n')",ɾekompone,ɾekompones
90L_10NL,3,90L_10NL_3_1,0,1050,"('nɡ', 'nɡ', 'n')",ɾekompone,ɾekompones
90L_10NL,3,90L_10NL_3_1,0,1050,"('nɡ', 'nɡ', 'n')",ɾekompone,ɾekompones
90L_10NL,3,90L_10NL_3_1,0,1050,"('nɡ', 'nɡ', 'n')",ɾekompone,ɾekompones
90L_10NL,3,90L_10NL_3_1,1,300,"('n', 'n', 'n')",ɾekompone,ɾekompone
90L_10NL,3,90L_10NL_3_1,1,300,"('n', 'n', 'n')",ɾekompone,ɾekompone
90L_10NL,3,90L_10NL_3_1,1,300,"('n', 'n', 'n')",ɾekompone,ɾekompone
90L_10NL,3,90L_10NL_3_1,1,672,"('n', 'nɡ', 'n')",ɾekompone,ɾekompone
90L_10NL,3,90L_10NL_3_1,1,672,"('n', 'nɡ', 'n')",ɾekompone,ɾekompone
90L_10NL,3,90L_10NL_3_1,1,672,"('n', 'nɡ', 'n')",ɾekompone,ɾekompone
90L_10NL,3,90L_10NL_3_1,1,672,"('n', 'nɡ', 'n')",ɾekompone,ɾekompone
90L_10NL,3,90L_10NL_3_1,1,672,"('n', 'nɡ', 'n')",ɾekompone,ɾekompone
90L_10NL,3,90L_10NL_3_1,1,672,"('n', 'nɡ', 'n')",ɾekompone,ɾekompone
90L_10NL,3,90L_10NL_3_1,1,672,"('n', 'nɡ', 'n')",ɾekompone,ɾekompone
90L_10NL,3,90L_10NL_3_1,1,300,"('n', 'n', 'n')",ɾekompone,ɾekompone
90L_10NL,3,90L_10NL_3_1,1,300,"('n', 'n', 'n')",ɾekompone,ɾekompone
90L_10NL,3,90L_10NL_3_1,1,672,"('n', 'nɡ', 'n')",ɾekompone,ɾekompone
90L_10NL,3,90L_10NL_3_1,1,672,"('n', 'nɡ', 'n')",ɾekompone,ɾekompone
90L_10NL,3,90L_10NL_3_1,1,672,"('n', 'nɡ', 'n')",ɾekompone,ɾekompone
90L_10NL,3,90L_10NL_3_1,1,672,"('n', 'nɡ', 'n')",ɾekompone,ɾekompone
90L_10NL,3,90L_10NL_3_1,1,672,"('n', 'nɡ', 'n')",ɾekompone,ɾekompone
90L_10NL,3,90L_10NL_3_1,1,672,"('n', 'nɡ', 'n')",ɾekompone,ɾekompone
90L_10NL,3,90L_10NL_3_1,1,672,"('n', 'nɡ', 'n')",ɾekompone,ɾekompone
90L_10NL,3,90L_10NL_3_1,1,300,"('n', 'n', 'n')",ɾekompone,ɾekompone
90L_10NL,3,90L_10NL_3_1,1,672,"('n', 'nɡ', 'n')",ɾekompone,ɾekompone
90L_10NL,3,90L_10NL_3_1,1,672,"('n', 'nɡ', 'n')",ɾekompone,ɾekompone
90L_10NL,3,90L_10NL_3_1,1,672,"('n', 'nɡ', 'n')",ɾekompone,ɾekompone
90L_10NL,3,90L_10NL_3_1,1,672,"('n', 'nɡ', 'n')",ɾekompone,ɾekompone
90L_10NL,3,90L_10NL_3_1,1,672,"('n', 'nɡ', 'n')",ɾekompone,ɾekompone
90L_10NL,3,90L_10NL_3_1,1,672,"('n', 'nɡ', 'n')",ɾekompone,ɾekompone
90L_10NL,3,90L_10NL_3_1,1,672,"('n', 'nɡ', 'n')",ɾekompone,ɾekompone
90L_10NL,3,90L_10NL_3_1,1,672,"('n', 'nɡ', 'n')",ɾekompone,ɾekompone
90L_10NL,3,90L_10NL_3_1,1,672,"('n', 'nɡ', 'n')",ɾekompone,ɾekompone
90L_10NL,3,90L_10NL_3_1,1,672,"('n', 'nɡ', 'n')",ɾekompone,ɾekompone
90L_10NL,3,90L_10NL_3_1,1,672,"('n', 'nɡ', 'n')",ɾekompone,ɾekompone
90L_10NL,3,90L_10NL_3_1,1,672,"('n', 'nɡ', 'n')",ɾekompone,ɾekompone
90L_10NL,3,90L_10NL_3_1,1,672,"('n', 'nɡ', 'n')",ɾekompone,ɾekompone
90L_10NL,3,90L_10NL_3_1,1,672,"('n', 'nɡ', 'n')",ɾekompone,ɾekompone
90L_10NL,3,90L_10NL_3_1,1,1050,"('nɡ', 'nɡ', 'n')",ɾekompone,ɾekompone
90L_10NL,3,90L_10NL_3_1,1,1050,"('nɡ', 'nɡ', 'n')",ɾekompone,ɾekompone
90L_10NL,3,90L_10NL_3_1,1,1050,"('nɡ', 'nɡ', 'n')",ɾekompone,ɾekompone
90L_10NL,3,90L_10NL_3_1,1,1050,"('nɡ', 'nɡ', 'n')",ɾekompone,ɾekompone
90L_10NL,3,90L_10NL_3_1,1,1050,"('nɡ', 'nɡ', 'n')",ɾekompone,ɾekompone
90L_10NL,3,90L_10NL_3_1,1,1050,"('nɡ', 'nɡ', 'n')",ɾekompone,ɾekompone
90L_10NL,3,90L_10NL_3_1,1,1050,"('nɡ', 'nɡ', 'n')",ɾekompone,ɾekompone
90L_10NL,3,90L_10NL_3_1,1,1050,"('nɡ', 'nɡ', 'n')",ɾekompone,ɾekompone
90L_10NL,3,90L_10NL_3_1,1,1050,"('nɡ', 'nɡ', 'n')",ɾekompone,ɾekompone
90L_10NL,3,90L_10NL_3_1,1,1050,"('nɡ', 'nɡ', 'n')",ɾekompone,ɾekompone
90L_10NL,3,90L_10NL_3_1,1,1050,"('nɡ', 'nɡ', 'n')",ɾekompone,ɾekompone
90L_10NL,3,90L_10NL_3_1,1,1050,"('nɡ', 'nɡ', 'n')",ɾekompone,ɾekompone
90L_10NL,3,90L_10NL_3_1,1,1050,"('nɡ', 'nɡ', 'n')",ɾekompone,ɾekompone
90L_10NL,3,90L_10NL_3_1,1,1050,"('nɡ', 'nɡ', 'n')",ɾekompone,ɾekompone
90L_10NL,3,90L_10NL_3_1,1,1050,"('nɡ', 'nɡ', 'n')",ɾekompone,ɾekompone
90L_10NL,3,90L_10NL_3_1,1,1050,"('nɡ', 'nɡ', 'n')",ɾekompone,ɾekompone
90L_10NL,3,90L_10NL_3_1,1,1050,"('nɡ', 'nɡ', 'n')",ɾekompone,ɾekompone
90L_10NL,3,90L_10NL_3_1,0,1050,"('nɡ', 'nɡ', 'n')",ɾekomponɡajs,ɾekompone
90L_10NL,3,90L_10NL_3_1,0,1050,"('nɡ', 'nɡ', 'n')",ɾekomponɡajs,ɾekompone
90L_10NL,3,90L_10NL_3_1,0,1050,"('nɡ', 'nɡ', 'n')",ɾekomponɡajs,ɾekompone
90L_10NL,3,90L_10NL_3_1,0,1050,"('nɡ', 'nɡ', 'n')",ɾekomponɡajs,ɾekompone
90L_10NL,3,90L_10NL_3_1,1,700,"('n', 'n', 'nɡ')",ɾekomponɡajs,ɾekomponɡajs
90L_10NL,3,90L_10NL_3_1,1,700,"('n', 'n', 'nɡ')",ɾekomponɡajs,ɾekomponɡajs
90L_10NL,3,90L_10NL_3_1,1,700,"('n', 'n', 'nɡ')",ɾekomponɡajs,ɾekomponɡajs
90L_10NL,3,90L_10NL_3_1,1,700,"('n', 'n', 'nɡ')",ɾekomponɡajs,ɾekomponɡajs
90L_10NL,3,90L_10NL_3_1,1,1008,"('n', 'nɡ', 'nɡ')",ɾekomponɡajs,ɾekomponɡajs
90L_10NL,3,90L_10NL_3_1,1,1008,"('n', 'nɡ', 'nɡ')",ɾekomponɡajs,ɾekomponɡajs
90L_10NL,3,90L_10NL_3_1,1,1008,"('n', 'nɡ', 'nɡ')",ɾekomponɡajs,ɾekomponɡajs
90L_10NL,3,90L_10NL_3_1,1,1008,"('n', 'nɡ', 'nɡ')",ɾekomponɡajs,ɾekomponɡajs
90L_10NL,3,90L_10NL_3_1,1,1008,"('n', 'nɡ', 'nɡ')",ɾekomponɡajs,ɾekomponɡajs
90L_10NL,3,90L_10NL_3_1,1,1008,"('n', 'nɡ', 'nɡ')",ɾekomponɡajs,ɾekomponɡajs
90L_10NL,3,90L_10NL_3_1,1,700,"('n', 'n', 'nɡ')",ɾekomponɡajs,ɾekomponɡajs
90L_10NL,3,90L_10NL_3_1,1,700,"('n', 'n', 'nɡ')",ɾekomponɡajs,ɾekomponɡajs
90L_10NL,3,90L_10NL_3_1,1,700,"('n', 'n', 'nɡ')",ɾekomponɡajs,ɾekomponɡajs
90L_10NL,3,90L_10NL_3_1,1,1008,"('n', 'nɡ', 'nɡ')",ɾekomponɡajs,ɾekomponɡajs
90L_10NL,3,90L_10NL_3_1,1,1008,"('n', 'nɡ', 'nɡ')",ɾekomponɡajs,ɾekomponɡajs
90L_10NL,3,90L_10NL_3_1,1,1008,"('n', 'nɡ', 'nɡ')",ɾekomponɡajs,ɾekomponɡajs
90L_10NL,3,90L_10NL_3_1,1,1008,"('n', 'nɡ', 'nɡ')",ɾekomponɡajs,ɾekomponɡajs
90L_10NL,3,90L_10NL_3_1,1,1008,"('n', 'nɡ', 'nɡ')",ɾekomponɡajs,ɾekomponɡajs
90L_10NL,3,90L_10NL_3_1,1,1008,"('n', 'nɡ', 'nɡ')",ɾekomponɡajs,ɾekomponɡajs
90L_10NL,3,90L_10NL_3_1,1,700,"('n', 'n', 'nɡ')",ɾekomponɡajs,ɾekomponɡajs
90L_10NL,3,90L_10NL_3_1,1,700,"('n', 'n', 'nɡ')",ɾekomponɡajs,ɾekomponɡajs
90L_10NL,3,90L_10NL_3_1,1,1008,"('n', 'nɡ', 'nɡ')",ɾekomponɡajs,ɾekomponɡajs
90L_10NL,3,90L_10NL_3_1,1,1008,"('n', 'nɡ', 'nɡ')",ɾekomponɡajs,ɾekomponɡajs
90L_10NL,3,90L_10NL_3_1,1,1008,"('n', 'nɡ', 'nɡ')",ɾekomponɡajs,ɾekomponɡajs
90L_10NL,3,90L_10NL_3_1,1,1008,"('n', 'nɡ', 'nɡ')",ɾekomponɡajs,ɾekomponɡajs
90L_10NL,3,90L_10NL_3_1,1,1008,"('n', 'nɡ', 'nɡ')",ɾekomponɡajs,ɾekomponɡajs
90L_10NL,3,90L_10NL_3_1,1,1008,"('n', 'nɡ', 'nɡ')",ɾekomponɡajs,ɾekomponɡajs
90L_10NL,3,90L_10NL_3_1,1,700,"('n', 'n', 'nɡ')",ɾekomponɡajs,ɾekomponɡajs
90L_10NL,3,90L_10NL_3_1,1,1008,"('n', 'nɡ', 'nɡ')",ɾekomponɡajs,ɾekomponɡajs
90L_10NL,3,90L_10NL_3_1,1,1008,"('n', 'nɡ', 'nɡ')",ɾekomponɡajs,ɾekomponɡajs
90L_10NL,3,90L_10NL_3_1,1,1008,"('n', 'nɡ', 'nɡ')",ɾekomponɡajs,ɾekomponɡajs
90L_10NL,3,90L_10NL_3_1,1,1008,"('n', 'nɡ', 'nɡ')",ɾekomponɡajs,ɾekomponɡajs
90L_10NL,3,90L_10NL_3_1,1,1008,"('n', 'nɡ', 'nɡ')",ɾekomponɡajs,ɾekomponɡajs
90L_10NL,3,90L_10NL_3_1,1,1008,"('n', 'nɡ', 'nɡ')",ɾekomponɡajs,ɾekomponɡajs
90L_10NL,3,90L_10NL_3_1,1,1008,"('n', 'nɡ', 'nɡ')",ɾekomponɡajs,ɾekomponɡajs
90L_10NL,3,90L_10NL_3_1,1,1008,"('n', 'nɡ', 'nɡ')",ɾekomponɡajs,ɾekomponɡajs
90L_10NL,3,90L_10NL_3_1,1,1008,"('n', 'nɡ', 'nɡ')",ɾekomponɡajs,ɾekomponɡajs
90L_10NL,3,90L_10NL_3_1,1,1008,"('n', 'nɡ', 'nɡ')",ɾekomponɡajs,ɾekomponɡajs
90L_10NL,3,90L_10NL_3_1,1,1008,"('n', 'nɡ', 'nɡ')",ɾekomponɡajs,ɾekomponɡajs
90L_10NL,3,90L_10NL_3_1,1,1008,"('n', 'nɡ', 'nɡ')",ɾekomponɡajs,ɾekomponɡajs
90L_10NL,3,90L_10NL_3_1,1,1050,"('nɡ', 'nɡ', 'nɡ')",ɾekomponɡajs,ɾekomponɡajs
90L_10NL,3,90L_10NL_3_1,1,1050,"('nɡ', 'nɡ', 'nɡ')",ɾekomponɡajs,ɾekomponɡajs
90L_10NL,3,90L_10NL_3_1,1,1050,"('nɡ', 'nɡ', 'nɡ')",ɾekomponɡajs,ɾekomponɡajs
90L_10NL,3,90L_10NL_3_1,1,1050,"('nɡ', 'nɡ', 'nɡ')",ɾekomponɡajs,ɾekomponɡajs
90L_10NL,3,90L_10NL_3_1,1,1050,"('nɡ', 'nɡ', 'nɡ')",ɾekomponɡajs,ɾekomponɡajs
90L_10NL,3,90L_10NL_3_1,1,1050,"('nɡ', 'nɡ', 'nɡ')",ɾekomponɡajs,ɾekomponɡajs
90L_10NL,3,90L_10NL_3_1,1,1050,"('nɡ', 'nɡ', 'nɡ')",ɾekomponɡajs,ɾekomponɡajs
90L_10NL,3,90L_10NL_3_1,1,1050,"('nɡ', 'nɡ', 'nɡ')",ɾekomponɡajs,ɾekomponɡajs
90L_10NL,3,90L_10NL_3_1,1,1050,"('nɡ', 'nɡ', 'nɡ')",ɾekomponɡajs,ɾekomponɡajs
90L_10NL,3,90L_10NL_3_1,1,1050,"('nɡ', 'nɡ', 'nɡ')",ɾekomponɡajs,ɾekomponɡajs
90L_10NL,3,90L_10NL_3_1,1,1050,"('nɡ', 'nɡ', 'nɡ')",ɾekomponɡajs,ɾekomponɡajs
90L_10NL,3,90L_10NL_3_1,0,1050,"('nɡ', 'nɡ', 'nɡ')",ɾekomponɡamos,ɾekomponɡajs
90L_10NL,3,90L_10NL_3_1,0,1050,"('nɡ', 'nɡ', 'nɡ')",ɾekomponɡamos,ɾekomponɡajs
90L_10NL,3,90L_10NL_3_1,0,1050,"('nɡ', 'nɡ', 'nɡ')",ɾekomponɡamos,ɾekomponɡajs
90L_10NL,3,90L_10NL_3_1,0,1050,"('nɡ', 'nɡ', 'nɡ')",ɾekomponɡamos,ɾekomponɡajs
90L_10NL,3,90L_10NL_3_1,1,700,"('n', 'n', 'nɡ')",ɾekomponɡamos,ɾekomponɡamos
90L_10NL,3,90L_10NL_3_1,1,700,"('n', 'n', 'nɡ')",ɾekomponɡamos,ɾekomponɡamos
90L_10NL,3,90L_10NL_3_1,1,700,"('n', 'n', 'nɡ')",ɾekomponɡamos,ɾekomponɡamos
90L_10NL,3,90L_10NL_3_1,1,700,"('n', 'n', 'nɡ')",ɾekomponɡamos,ɾekomponɡamos
90L_10NL,3,90L_10NL_3_1,1,1008,"('n', 'nɡ', 'nɡ')",ɾekomponɡamos,ɾekomponɡamos
90L_10NL,3,90L_10NL_3_1,1,1008,"('n', 'nɡ', 'nɡ')",ɾekomponɡamos,ɾekomponɡamos
90L_10NL,3,90L_10NL_3_1,1,1008,"('n', 'nɡ', 'nɡ')",ɾekomponɡamos,ɾekomponɡamos
90L_10NL,3,90L_10NL_3_1,1,1008,"('n', 'nɡ', 'nɡ')",ɾekomponɡamos,ɾekomponɡamos
90L_10NL,3,90L_10NL_3_1,1,1008,"('n', 'nɡ', 'nɡ')",ɾekomponɡamos,ɾekomponɡamos
90L_10NL,3,90L_10NL_3_1,1,1008,"('n', 'nɡ', 'nɡ')",ɾekomponɡamos,ɾekomponɡamos
90L_10NL,3,90L_10NL_3_1,1,700,"('n', 'n', 'nɡ')",ɾekomponɡamos,ɾekomponɡamos
90L_10NL,3,90L_10NL_3_1,1,700,"('n', 'n', 'nɡ')",ɾekomponɡamos,ɾekomponɡamos
90L_10NL,3,90L_10NL_3_1,1,700,"('n', 'n', 'nɡ')",ɾekomponɡamos,ɾekomponɡamos
90L_10NL,3,90L_10NL_3_1,1,1008,"('n', 'nɡ', 'nɡ')",ɾekomponɡamos,ɾekomponɡamos
90L_10NL,3,90L_10NL_3_1,1,1008,"('n', 'nɡ', 'nɡ')",ɾekomponɡamos,ɾekomponɡamos
90L_10NL,3,90L_10NL_3_1,1,1008,"('n', 'nɡ', 'nɡ')",ɾekomponɡamos,ɾekomponɡamos
90L_10NL,3,90L_10NL_3_1,1,1008,"('n', 'nɡ', 'nɡ')",ɾekomponɡamos,ɾekomponɡamos
90L_10NL,3,90L_10NL_3_1,1,1008,"('n', 'nɡ', 'nɡ')",ɾekomponɡamos,ɾekomponɡamos
90L_10NL,3,90L_10NL_3_1,1,1008,"('n', 'nɡ', 'nɡ')",ɾekomponɡamos,ɾekomponɡamos
90L_10NL,3,90L_10NL_3_1,1,700,"('n', 'n', 'nɡ')",ɾekomponɡamos,ɾekomponɡamos
90L_10NL,3,90L_10NL_3_1,1,700,"('n', 'n', 'nɡ')",ɾekomponɡamos,ɾekomponɡamos
90L_10NL,3,90L_10NL_3_1,1,1008,"('n', 'nɡ', 'nɡ')",ɾekomponɡamos,ɾekomponɡamos
90L_10NL,3,90L_10NL_3_1,1,1008,"('n', 'nɡ', 'nɡ')",ɾekomponɡamos,ɾekomponɡamos
90L_10NL,3,90L_10NL_3_1,1,1008,"('n', 'nɡ', 'nɡ')",ɾekomponɡamos,ɾekomponɡamos
90L_10NL,3,90L_10NL_3_1,1,1008,"('n', 'nɡ', 'nɡ')",ɾekomponɡamos,ɾekomponɡamos
90L_10NL,3,90L_10NL_3_1,1,1008,"('n', 'nɡ', 'nɡ')",ɾekomponɡamos,ɾekomponɡamos
90L_10NL,3,90L_10NL_3_1,1,1008,"('n', 'nɡ', 'nɡ')",ɾekomponɡamos,ɾekomponɡamos
90L_10NL,3,90L_10NL_3_1,1,700,"('n', 'n', 'nɡ')",ɾekomponɡamos,ɾekomponɡamos
90L_10NL,3,90L_10NL_3_1,1,1008,"('n', 'nɡ', 'nɡ')",ɾekomponɡamos,ɾekomponɡamos
90L_10NL,3,90L_10NL_3_1,1,1008,"('n', 'nɡ', 'nɡ')",ɾekomponɡamos,ɾekomponɡamos
90L_10NL,3,90L_10NL_3_1,1,1008,"('n', 'nɡ', 'nɡ')",ɾekomponɡamos,ɾekomponɡamos
90L_10NL,3,90L_10NL_3_1,1,1008,"('n', 'nɡ', 'nɡ')",ɾekomponɡamos,ɾekomponɡamos
90L_10NL,3,90L_10NL_3_1,1,1008,"('n', 'nɡ', 'nɡ')",ɾekomponɡamos,ɾekomponɡamos
90L_10NL,3,90L_10NL_3_1,1,1008,"('n', 'nɡ', 'nɡ')",ɾekomponɡamos,ɾekomponɡamos
90L_10NL,3,90L_10NL_3_1,1,1008,"('n', 'nɡ', 'nɡ')",ɾekomponɡamos,ɾekomponɡamos
90L_10NL,3,90L_10NL_3_1,1,1008,"('n', 'nɡ', 'nɡ')",ɾekomponɡamos,ɾekomponɡamos
90L_10NL,3,90L_10NL_3_1,1,1008,"('n', 'nɡ', 'nɡ')",ɾekomponɡamos,ɾekomponɡamos
90L_10NL,3,90L_10NL_3_1,1,1008,"('n', 'nɡ', 'nɡ')",ɾekomponɡamos,ɾekomponɡamos
90L_10NL,3,90L_10NL_3_1,1,1008,"('n', 'nɡ', 'nɡ')",ɾekomponɡamos,ɾekomponɡamos
90L_10NL,3,90L_10NL_3_1,1,1008,"('n', 'nɡ', 'nɡ')",ɾekomponɡamos,ɾekomponɡamos
90L_10NL,3,90L_10NL_3_1,1,1050,"('nɡ', 'nɡ', 'nɡ')",ɾekomponɡamos,ɾekomponɡamos
90L_10NL,3,90L_10NL_3_1,1,1050,"('nɡ', 'nɡ', 'nɡ')",ɾekomponɡamos,ɾekomponɡamos
90L_10NL,3,90L_10NL_3_1,1,1050,"('nɡ', 'nɡ', 'nɡ')",ɾekomponɡamos,ɾekomponɡamos
90L_10NL,3,90L_10NL_3_1,1,1050,"('nɡ', 'nɡ', 'nɡ')",ɾekomponɡamos,ɾekomponɡamos
90L_10NL,3,90L_10NL_3_1,1,1050,"('nɡ', 'nɡ', 'nɡ')",ɾekomponɡamos,ɾekomponɡamos
90L_10NL,3,90L_10NL_3_1,1,1050,"('nɡ', 'nɡ', 'nɡ')",ɾekomponɡamos,ɾekomponɡamos
90L_10NL,3,90L_10NL_3_1,1,1050,"('nɡ', 'nɡ', 'nɡ')",ɾekomponɡamos,ɾekomponɡamos
90L_10NL,3,90L_10NL_3_1,1,1050,"('nɡ', 'nɡ', 'nɡ')",ɾekomponɡamos,ɾekomponɡamos
90L_10NL,3,90L_10NL_3_1,1,1050,"('nɡ', 'nɡ', 'nɡ')",ɾekomponɡamos,ɾekomponɡamos
90L_10NL,3,90L_10NL_3_1,1,1050,"('nɡ', 'nɡ', 'nɡ')",ɾekomponɡamos,ɾekomponɡamos
90L_10NL,3,90L_10NL_3_1,1,1050,"('nɡ', 'nɡ', 'nɡ')",ɾekomponɡamos,ɾekomponɡamos
90L_10NL,3,90L_10NL_3_1,0,1050,"('nɡ', 'nɡ', 'nɡ')",ɾekomponɡan,ɾekomponɡamos
90L_10NL,3,90L_10NL_3_1,0,1050,"('nɡ', 'nɡ', 'nɡ')",ɾekomponɡan,ɾekomponɡamos
90L_10NL,3,90L_10NL_3_1,0,1050,"('nɡ', 'nɡ', 'nɡ')",ɾekomponɡan,ɾekomponɡamos
90L_10NL,3,90L_10NL_3_1,0,1050,"('nɡ', 'nɡ', 'nɡ')",ɾekomponɡan,ɾekomponɡamos
90L_10NL,3,90L_10NL_3_1,1,700,"('n', 'n', 'nɡ')",ɾekomponɡan,ɾekomponɡan
90L_10NL,3,90L_10NL_3_1,1,700,"('n', 'n', 'nɡ')",ɾekomponɡan,ɾekomponɡan
90L_10NL,3,90L_10NL_3_1,1,700,"('n', 'n', 'nɡ')",ɾekomponɡan,ɾekomponɡan
90L_10NL,3,90L_10NL_3_1,1,700,"('n', 'n', 'nɡ')",ɾekomponɡan,ɾekomponɡan
90L_10NL,3,90L_10NL_3_1,1,1008,"('n', 'nɡ', 'nɡ')",ɾekomponɡan,ɾekomponɡan
90L_10NL,3,90L_10NL_3_1,1,1008,"('n', 'nɡ', 'nɡ')",ɾekomponɡan,ɾekomponɡan
90L_10NL,3,90L_10NL_3_1,1,1008,"('n', 'nɡ', 'nɡ')",ɾekomponɡan,ɾekomponɡan
90L_10NL,3,90L_10NL_3_1,1,1008,"('n', 'nɡ', 'nɡ')",ɾekomponɡan,ɾekomponɡan
90L_10NL,3,90L_10NL_3_1,1,1008,"('n', 'nɡ', 'nɡ')",ɾekomponɡan,ɾekomponɡan
90L_10NL,3,90L_10NL_3_1,1,1008,"('n', 'nɡ', 'nɡ')",ɾekomponɡan,ɾekomponɡan
90L_10NL,3,90L_10NL_3_1,1,700,"('n', 'n', 'nɡ')",ɾekomponɡan,ɾekomponɡan
90L_10NL,3,90L_10NL_3_1,1,700,"('n', 'n', 'nɡ')",ɾekomponɡan,ɾekomponɡan
90L_10NL,3,90L_10NL_3_1,1,700,"('n', 'n', 'nɡ')",ɾekomponɡan,ɾekomponɡan
90L_10NL,3,90L_10NL_3_1,1,1008,"('n', 'nɡ', 'nɡ')",ɾekomponɡan,ɾekomponɡan
90L_10NL,3,90L_10NL_3_1,1,1008,"('n', 'nɡ', 'nɡ')",ɾekomponɡan,ɾekomponɡan
90L_10NL,3,90L_10NL_3_1,1,1008,"('n', 'nɡ', 'nɡ')",ɾekomponɡan,ɾekomponɡan
90L_10NL,3,90L_10NL_3_1,1,1008,"('n', 'nɡ', 'nɡ')",ɾekomponɡan,ɾekomponɡan
90L_10NL,3,90L_10NL_3_1,1,1008,"('n', 'nɡ', 'nɡ')",ɾekomponɡan,ɾekomponɡan
90L_10NL,3,90L_10NL_3_1,1,1008,"('n', 'nɡ', 'nɡ')",ɾekomponɡan,ɾekomponɡan
90L_10NL,3,90L_10NL_3_1,1,700,"('n', 'n', 'nɡ')",ɾekomponɡan,ɾekomponɡan
90L_10NL,3,90L_10NL_3_1,1,700,"('n', 'n', 'nɡ')",ɾekomponɡan,ɾekomponɡan
90L_10NL,3,90L_10NL_3_1,1,1008,"('n', 'nɡ', 'nɡ')",ɾekomponɡan,ɾekomponɡan
90L_10NL,3,90L_10NL_3_1,1,1008,"('n', 'nɡ', 'nɡ')",ɾekomponɡan,ɾekomponɡan
90L_10NL,3,90L_10NL_3_1,1,1008,"('n', 'nɡ', 'nɡ')",ɾekomponɡan,ɾekomponɡan
90L_10NL,3,90L_10NL_3_1,1,1008,"('n', 'nɡ', 'nɡ')",ɾekomponɡan,ɾekomponɡan
90L_10NL,3,90L_10NL_3_1,1,1008,"('n', 'nɡ', 'nɡ')",ɾekomponɡan,ɾekomponɡan
90L_10NL,3,90L_10NL_3_1,1,1008,"('n', 'nɡ', 'nɡ')",ɾekomponɡan,ɾekomponɡan
90L_10NL,3,90L_10NL_3_1,1,700,"('n', 'n', 'nɡ')",ɾekomponɡan,ɾekomponɡan
90L_10NL,3,90L_10NL_3_1,1,1008,"('n', 'nɡ', 'nɡ')",ɾekomponɡan,ɾekomponɡan
90L_10NL,3,90L_10NL_3_1,1,1008,"('n', 'nɡ', 'nɡ')",ɾekomponɡan,ɾekomponɡan
90L_10NL,3,90L_10NL_3_1,1,1008,"('n', 'nɡ', 'nɡ')",ɾekomponɡan,ɾekomponɡan
90L_10NL,3,90L_10NL_3_1,1,1008,"('n', 'nɡ', 'nɡ')",ɾekomponɡan,ɾekomponɡan
90L_10NL,3,90L_10NL_3_1,1,1008,"('n', 'nɡ', 'nɡ')",ɾekomponɡan,ɾekomponɡan
90L_10NL,3,90L_10NL_3_1,1,1008,"('n', 'nɡ', 'nɡ')",ɾekomponɡan,ɾekomponɡan
90L_10NL,3,90L_10NL_3_1,1,1008,"('n', 'nɡ', 'nɡ')",ɾekomponɡan,ɾekomponɡan
90L_10NL,3,90L_10NL_3_1,1,1008,"('n', 'nɡ', 'nɡ')",ɾekomponɡan,ɾekomponɡan
90L_10NL,3,90L_10NL_3_1,1,1008,"('n', 'nɡ', 'nɡ')",ɾekomponɡan,ɾekomponɡan
90L_10NL,3,90L_10NL_3_1,1,1008,"('n', 'nɡ', 'nɡ')",ɾekomponɡan,ɾekomponɡan
90L_10NL,3,90L_10NL_3_1,1,1008,"('n', 'nɡ', 'nɡ')",ɾekomponɡan,ɾekomponɡan
90L_10NL,3,90L_10NL_3_1,1,1008,"('n', 'nɡ', 'nɡ')",ɾekomponɡan,ɾekomponɡan
90L_10NL,3,90L_10NL_3_1,1,1050,"('nɡ', 'nɡ', 'nɡ')",ɾekomponɡan,ɾekomponɡan
90L_10NL,3,90L_10NL_3_1,1,1050,"('nɡ', 'nɡ', 'nɡ')",ɾekomponɡan,ɾekomponɡan
90L_10NL,3,90L_10NL_3_1,1,1050,"('nɡ', 'nɡ', 'nɡ')",ɾekomponɡan,ɾekomponɡan
90L_10NL,3,90L_10NL_3_1,1,1050,"('nɡ', 'nɡ', 'nɡ')",ɾekomponɡan,ɾekomponɡan
90L_10NL,3,90L_10NL_3_1,1,1050,"('nɡ', 'nɡ', 'nɡ')",ɾekomponɡan,ɾekomponɡan
90L_10NL,3,90L_10NL_3_1,1,1050,"('nɡ', 'nɡ', 'nɡ')",ɾekomponɡan,ɾekomponɡan
90L_10NL,3,90L_10NL_3_1,1,1050,"('nɡ', 'nɡ', 'nɡ')",ɾekomponɡan,ɾekomponɡan
90L_10NL,3,90L_10NL_3_1,1,1050,"('nɡ', 'nɡ', 'nɡ')",ɾekomponɡan,ɾekomponɡan
90L_10NL,3,90L_10NL_3_1,1,1050,"('nɡ', 'nɡ', 'nɡ')",ɾekomponɡan,ɾekomponɡan
90L_10NL,3,90L_10NL_3_1,1,1050,"('nɡ', 'nɡ', 'nɡ')",ɾekomponɡan,ɾekomponɡan
90L_10NL,3,90L_10NL_3_1,1,1050,"('nɡ', 'nɡ', 'nɡ')",ɾekomponɡan,ɾekomponɡan
90L_10NL,3,90L_10NL_3_1,0,1050,"('nɡ', 'nɡ', 'nɡ')",ɾekomponɡas,ɾekomponɡan
90L_10NL,3,90L_10NL_3_1,0,1050,"('nɡ', 'nɡ', 'nɡ')",ɾekomponɡas,ɾekomponɡan
90L_10NL,3,90L_10NL_3_1,0,1050,"('nɡ', 'nɡ', 'nɡ')",ɾekomponɡas,ɾekomponɡan
90L_10NL,3,90L_10NL_3_1,0,1050,"('nɡ', 'nɡ', 'nɡ')",ɾekomponɡas,ɾekomponɡan
90L_10NL,3,90L_10NL_3_1,1,700,"('n', 'n', 'nɡ')",ɾekomponɡas,ɾekomponɡas
90L_10NL,3,90L_10NL_3_1,1,700,"('n', 'n', 'nɡ')",ɾekomponɡas,ɾekomponɡas
90L_10NL,3,90L_10NL_3_1,1,700,"('n', 'n', 'nɡ')",ɾekomponɡas,ɾekomponɡas
90L_10NL,3,90L_10NL_3_1,1,700,"('n', 'n', 'nɡ')",ɾekomponɡas,ɾekomponɡas
90L_10NL,3,90L_10NL_3_1,1,1008,"('n', 'nɡ', 'nɡ')",ɾekomponɡas,ɾekomponɡas
90L_10NL,3,90L_10NL_3_1,1,1008,"('n', 'nɡ', 'nɡ')",ɾekomponɡas,ɾekomponɡas
90L_10NL,3,90L_10NL_3_1,1,1008,"('n', 'nɡ', 'nɡ')",ɾekomponɡas,ɾekomponɡas
90L_10NL,3,90L_10NL_3_1,1,1008,"('n', 'nɡ', 'nɡ')",ɾekomponɡas,ɾekomponɡas
90L_10NL,3,90L_10NL_3_1,1,1008,"('n', 'nɡ', 'nɡ')",ɾekomponɡas,ɾekomponɡas
90L_10NL,3,90L_10NL_3_1,1,1008,"('n', 'nɡ', 'nɡ')",ɾekomponɡas,ɾekomponɡas
90L_10NL,3,90L_10NL_3_1,1,700,"('n', 'n', 'nɡ')",ɾekomponɡas,ɾekomponɡas
90L_10NL,3,90L_10NL_3_1,1,700,"('n', 'n', 'nɡ')",ɾekomponɡas,ɾekomponɡas
90L_10NL,3,90L_10NL_3_1,1,700,"('n', 'n', 'nɡ')",ɾekomponɡas,ɾekomponɡas
90L_10NL,3,90L_10NL_3_1,1,1008,"('n', 'nɡ', 'nɡ')",ɾekomponɡas,ɾekomponɡas
90L_10NL,3,90L_10NL_3_1,1,1008,"('n', 'nɡ', 'nɡ')",ɾekomponɡas,ɾekomponɡas
90L_10NL,3,90L_10NL_3_1,1,1008,"('n', 'nɡ', 'nɡ')",ɾekomponɡas,ɾekomponɡas
90L_10NL,3,90L_10NL_3_1,1,1008,"('n', 'nɡ', 'nɡ')",ɾekomponɡas,ɾekomponɡas
90L_10NL,3,90L_10NL_3_1,1,1008,"('n', 'nɡ', 'nɡ')",ɾekomponɡas,ɾekomponɡas
90L_10NL,3,90L_10NL_3_1,1,1008,"('n', 'nɡ', 'nɡ')",ɾekomponɡas,ɾekomponɡas
90L_10NL,3,90L_10NL_3_1,1,700,"('n', 'n', 'nɡ')",ɾekomponɡas,ɾekomponɡas
90L_10NL,3,90L_10NL_3_1,1,700,"('n', 'n', 'nɡ')",ɾekomponɡas,ɾekomponɡas
90L_10NL,3,90L_10NL_3_1,1,1008,"('n', 'nɡ', 'nɡ')",ɾekomponɡas,ɾekomponɡas
90L_10NL,3,90L_10NL_3_1,1,1008,"('n', 'nɡ', 'nɡ')",ɾekomponɡas,ɾekomponɡas
90L_10NL,3,90L_10NL_3_1,1,1008,"('n', 'nɡ', 'nɡ')",ɾekomponɡas,ɾekomponɡas
90L_10NL,3,90L_10NL_3_1,1,1008,"('n', 'nɡ', 'nɡ')",ɾekomponɡas,ɾekomponɡas
90L_10NL,3,90L_10NL_3_1,1,1008,"('n', 'nɡ', 'nɡ')",ɾekomponɡas,ɾekomponɡas
90L_10NL,3,90L_10NL_3_1,1,1008,"('n', 'nɡ', 'nɡ')",ɾekomponɡas,ɾekomponɡas
90L_10NL,3,90L_10NL_3_1,1,700,"('n', 'n', 'nɡ')",ɾekomponɡas,ɾekomponɡas
90L_10NL,3,90L_10NL_3_1,1,1008,"('n', 'nɡ', 'nɡ')",ɾekomponɡas,ɾekomponɡas
90L_10NL,3,90L_10NL_3_1,1,1008,"('n', 'nɡ', 'nɡ')",ɾekomponɡas,ɾekomponɡas
90L_10NL,3,90L_10NL_3_1,1,1008,"('n', 'nɡ', 'nɡ')",ɾekomponɡas,ɾekomponɡas
90L_10NL,3,90L_10NL_3_1,1,1008,"('n', 'nɡ', 'nɡ')",ɾekomponɡas,ɾekomponɡas
90L_10NL,3,90L_10NL_3_1,1,1008,"('n', 'nɡ', 'nɡ')",ɾekomponɡas,ɾekomponɡas
90L_10NL,3,90L_10NL_3_1,1,1008,"('n', 'nɡ', 'nɡ')",ɾekomponɡas,ɾekomponɡas
90L_10NL,3,90L_10NL_3_1,1,1008,"('n', 'nɡ', 'nɡ')",ɾekomponɡas,ɾekomponɡas
90L_10NL,3,90L_10NL_3_1,1,1008,"('n', 'nɡ', 'nɡ')",ɾekomponɡas,ɾekomponɡas
90L_10NL,3,90L_10NL_3_1,1,1008,"('n', 'nɡ', 'nɡ')",ɾekomponɡas,ɾekomponɡas
90L_10NL,3,90L_10NL_3_1,1,1008,"('n', 'nɡ', 'nɡ')",ɾekomponɡas,ɾekomponɡas
90L_10NL,3,90L_10NL_3_1,1,1008,"('n', 'nɡ', 'nɡ')",ɾekomponɡas,ɾekomponɡas
90L_10NL,3,90L_10NL_3_1,1,1008,"('n', 'nɡ', 'nɡ')",ɾekomponɡas,ɾekomponɡas
90L_10NL,3,90L_10NL_3_1,1,1050,"('nɡ', 'nɡ', 'nɡ')",ɾekomponɡas,ɾekomponɡas
90L_10NL,3,90L_10NL_3_1,1,1050,"('nɡ', 'nɡ', 'nɡ')",ɾekomponɡas,ɾekomponɡas
90L_10NL,3,90L_10NL_3_1,1,1050,"('nɡ', 'nɡ', 'nɡ')",ɾekomponɡas,ɾekomponɡas
90L_10NL,3,90L_10NL_3_1,1,1050,"('nɡ', 'nɡ', 'nɡ')",ɾekomponɡas,ɾekomponɡas
90L_10NL,3,90L_10NL_3_1,1,1050,"('nɡ', 'nɡ', 'nɡ')",ɾekomponɡas,ɾekomponɡas
90L_10NL,3,90L_10NL_3_1,1,1050,"('nɡ', 'nɡ', 'nɡ')",ɾekomponɡas,ɾekomponɡas
90L_10NL,3,90L_10NL_3_1,1,1050,"('nɡ', 'nɡ', 'nɡ')",ɾekomponɡas,ɾekomponɡas
90L_10NL,3,90L_10NL_3_1,1,1050,"('nɡ', 'nɡ', 'nɡ')",ɾekomponɡas,ɾekomponɡas
90L_10NL,3,90L_10NL_3_1,1,1050,"('nɡ', 'nɡ', 'nɡ')",ɾekomponɡas,ɾekomponɡas
90L_10NL,3,90L_10NL_3_1,1,1050,"('nɡ', 'nɡ', 'nɡ')",ɾekomponɡas,ɾekomponɡas
90L_10NL,3,90L_10NL_3_1,1,1050,"('nɡ', 'nɡ', 'nɡ')",ɾekomponɡas,ɾekomponɡas
90L_10NL,3,90L_10NL_3_1,0,1050,"('nɡ', 'nɡ', 'nɡ')",ɾekomponɡa,ɾekomponɡas
90L_10NL,3,90L_10NL_3_1,0,1050,"('nɡ', 'nɡ', 'nɡ')",ɾekomponɡa,ɾekomponɡas
90L_10NL,3,90L_10NL_3_1,0,1050,"('nɡ', 'nɡ', 'nɡ')",ɾekomponɡa,ɾekomponɡas
90L_10NL,3,90L_10NL_3_1,0,1050,"('nɡ', 'nɡ', 'nɡ')",ɾekomponɡa,ɾekomponɡas
90L_10NL,3,90L_10NL_3_1,1,700,"('n', 'n', 'nɡ')",ɾekomponɡa,ɾekomponɡa
90L_10NL,3,90L_10NL_3_1,1,700,"('n', 'n', 'nɡ')",ɾekomponɡa,ɾekomponɡa
90L_10NL,3,90L_10NL_3_1,1,700,"('n', 'n', 'nɡ')",ɾekomponɡa,ɾekomponɡa
90L_10NL,3,90L_10NL_3_1,1,700,"('n', 'n', 'nɡ')",ɾekomponɡa,ɾekomponɡa
90L_10NL,3,90L_10NL_3_1,1,1008,"('n', 'nɡ', 'nɡ')",ɾekomponɡa,ɾekomponɡa
90L_10NL,3,90L_10NL_3_1,1,1008,"('n', 'nɡ', 'nɡ')",ɾekomponɡa,ɾekomponɡa
90L_10NL,3,90L_10NL_3_1,1,1008,"('n', 'nɡ', 'nɡ')",ɾekomponɡa,ɾekomponɡa
90L_10NL,3,90L_10NL_3_1,1,1008,"('n', 'nɡ', 'nɡ')",ɾekomponɡa,ɾekomponɡa
90L_10NL,3,90L_10NL_3_1,1,1008,"('n', 'nɡ', 'nɡ')",ɾekomponɡa,ɾekomponɡa
90L_10NL,3,90L_10NL_3_1,1,1008,"('n', 'nɡ', 'nɡ')",ɾekomponɡa,ɾekomponɡa
90L_10NL,3,90L_10NL_3_1,1,700,"('n', 'n', 'nɡ')",ɾekomponɡa,ɾekomponɡa
90L_10NL,3,90L_10NL_3_1,1,700,"('n', 'n', 'nɡ')",ɾekomponɡa,ɾekomponɡa
90L_10NL,3,90L_10NL_3_1,1,700,"('n', 'n', 'nɡ')",ɾekomponɡa,ɾekomponɡa
90L_10NL,3,90L_10NL_3_1,1,1008,"('n', 'nɡ', 'nɡ')",ɾekomponɡa,ɾekomponɡa
90L_10NL,3,90L_10NL_3_1,1,1008,"('n', 'nɡ', 'nɡ')",ɾekomponɡa,ɾekomponɡa
90L_10NL,3,90L_10NL_3_1,1,1008,"('n', 'nɡ', 'nɡ')",ɾekomponɡa,ɾekomponɡa
90L_10NL,3,90L_10NL_3_1,1,1008,"('n', 'nɡ', 'nɡ')",ɾekomponɡa,ɾekomponɡa
90L_10NL,3,90L_10NL_3_1,1,1008,"('n', 'nɡ', 'nɡ')",ɾekomponɡa,ɾekomponɡa
90L_10NL,3,90L_10NL_3_1,1,1008,"('n', 'nɡ', 'nɡ')",ɾekomponɡa,ɾekomponɡa
90L_10NL,3,90L_10NL_3_1,1,700,"('n', 'n', 'nɡ')",ɾekomponɡa,ɾekomponɡa
90L_10NL,3,90L_10NL_3_1,1,700,"('n', 'n', 'nɡ')",ɾekomponɡa,ɾekomponɡa
90L_10NL,3,90L_10NL_3_1,1,1008,"('n', 'nɡ', 'nɡ')",ɾekomponɡa,ɾekomponɡa
90L_10NL,3,90L_10NL_3_1,1,1008,"('n', 'nɡ', 'nɡ')",ɾekomponɡa,ɾekomponɡa
90L_10NL,3,90L_10NL_3_1,1,1008,"('n', 'nɡ', 'nɡ')",ɾekomponɡa,ɾekomponɡa
90L_10NL,3,90L_10NL_3_1,1,1008,"('n', 'nɡ', 'nɡ')",ɾekomponɡa,ɾekomponɡa
90L_10NL,3,90L_10NL_3_1,1,1008,"('n', 'nɡ', 'nɡ')",ɾekomponɡa,ɾekomponɡa
90L_10NL,3,90L_10NL_3_1,1,1008,"('n', 'nɡ', 'nɡ')",ɾekomponɡa,ɾekomponɡa
90L_10NL,3,90L_10NL_3_1,1,700,"('n', 'n', 'nɡ')",ɾekomponɡa,ɾekomponɡa
90L_10NL,3,90L_10NL_3_1,1,1008,"('n', 'nɡ', 'nɡ')",ɾekomponɡa,ɾekomponɡa
90L_10NL,3,90L_10NL_3_1,1,1008,"('n', 'nɡ', 'nɡ')",ɾekomponɡa,ɾekomponɡa
90L_10NL,3,90L_10NL_3_1,1,1008,"('n', 'nɡ', 'nɡ')",ɾekomponɡa,ɾekomponɡa
90L_10NL,3,90L_10NL_3_1,1,1008,"('n', 'nɡ', 'nɡ')",ɾekomponɡa,ɾekomponɡa
90L_10NL,3,90L_10NL_3_1,1,1008,"('n', 'nɡ', 'nɡ')",ɾekomponɡa,ɾekomponɡa
90L_10NL,3,90L_10NL_3_1,1,1008,"('n', 'nɡ', 'nɡ')",ɾekomponɡa,ɾekomponɡa
90L_10NL,3,90L_10NL_3_1,1,1008,"('n', 'nɡ', 'nɡ')",ɾekomponɡa,ɾekomponɡa
90L_10NL,3,90L_10NL_3_1,1,1008,"('n', 'nɡ', 'nɡ')",ɾekomponɡa,ɾekomponɡa
90L_10NL,3,90L_10NL_3_1,1,1008,"('n', 'nɡ', 'nɡ')",ɾekomponɡa,ɾekomponɡa
90L_10NL,3,90L_10NL_3_1,1,1008,"('n', 'nɡ', 'nɡ')",ɾekomponɡa,ɾekomponɡa
90L_10NL,3,90L_10NL_3_1,1,1008,"('n', 'nɡ', 'nɡ')",ɾekomponɡa,ɾekomponɡa
90L_10NL,3,90L_10NL_3_1,1,1008,"('n', 'nɡ', 'nɡ')",ɾekomponɡa,ɾekomponɡa
90L_10NL,3,90L_10NL_3_1,1,1050,"('nɡ', 'nɡ', 'nɡ')",ɾekomponɡa,ɾekomponɡa
90L_10NL,3,90L_10NL_3_1,1,1050,"('nɡ', 'nɡ', 'nɡ')",ɾekomponɡa,ɾekomponɡa
90L_10NL,3,90L_10NL_3_1,1,1050,"('nɡ', 'nɡ', 'nɡ')",ɾekomponɡa,ɾekomponɡa
90L_10NL,3,90L_10NL_3_1,1,1050,"('nɡ', 'nɡ', 'nɡ')",ɾekomponɡa,ɾekomponɡa
90L_10NL,3,90L_10NL_3_1,1,1050,"('nɡ', 'nɡ', 'nɡ')",ɾekomponɡa,ɾekomponɡa
90L_10NL,3,90L_10NL_3_1,1,1050,"('nɡ', 'nɡ', 'nɡ')",ɾekomponɡa,ɾekomponɡa
90L_10NL,3,90L_10NL_3_1,1,1050,"('nɡ', 'nɡ', 'nɡ')",ɾekomponɡa,ɾekomponɡa
90L_10NL,3,90L_10NL_3_1,1,1050,"('nɡ', 'nɡ', 'nɡ')",ɾekomponɡa,ɾekomponɡa
90L_10NL,3,90L_10NL_3_1,1,1050,"('nɡ', 'nɡ', 'nɡ')",ɾekomponɡa,ɾekomponɡa
90L_10NL,3,90L_10NL_3_1,1,1050,"('nɡ', 'nɡ', 'nɡ')",ɾekomponɡa,ɾekomponɡa
90L_10NL,3,90L_10NL_3_1,1,1050,"('nɡ', 'nɡ', 'nɡ')",ɾekomponɡa,ɾekomponɡa
90L_10NL,3,90L_10NL_3_1,1,1050,"('nɡ', 'nɡ', 'nɡ')",ɾekomponɡa,ɾekomponɡa
90L_10NL,3,90L_10NL_3_1,1,1050,"('nɡ', 'nɡ', 'nɡ')",ɾekomponɡa,ɾekomponɡa
90L_10NL,3,90L_10NL_3_1,1,1050,"('nɡ', 'nɡ', 'nɡ')",ɾekomponɡa,ɾekomponɡa
90L_10NL,3,90L_10NL_3_1,1,1050,"('nɡ', 'nɡ', 'nɡ')",ɾekomponɡa,ɾekomponɡa
90L_10NL,3,90L_10NL_3_1,1,700,"('n', 'n', 'nɡ')",ɾekomponɡa,ɾekomponɡa
90L_10NL,3,90L_10NL_3_1,1,700,"('n', 'n', 'nɡ')",ɾekomponɡa,ɾekomponɡa
90L_10NL,3,90L_10NL_3_1,1,700,"('n', 'n', 'nɡ')",ɾekomponɡa,ɾekomponɡa
90L_10NL,3,90L_10NL_3_1,1,700,"('n', 'n', 'nɡ')",ɾekomponɡa,ɾekomponɡa
90L_10NL,3,90L_10NL_3_1,1,1008,"('n', 'nɡ', 'nɡ')",ɾekomponɡa,ɾekomponɡa
90L_10NL,3,90L_10NL_3_1,1,1008,"('n', 'nɡ', 'nɡ')",ɾekomponɡa,ɾekomponɡa
90L_10NL,3,90L_10NL_3_1,1,1008,"('n', 'nɡ', 'nɡ')",ɾekomponɡa,ɾekomponɡa
90L_10NL,3,90L_10NL_3_1,1,1008,"('n', 'nɡ', 'nɡ')",ɾekomponɡa,ɾekomponɡa
90L_10NL,3,90L_10NL_3_1,1,1008,"('n', 'nɡ', 'nɡ')",ɾekomponɡa,ɾekomponɡa
90L_10NL,3,90L_10NL_3_1,1,1008,"('n', 'nɡ', 'nɡ')",ɾekomponɡa,ɾekomponɡa
90L_10NL,3,90L_10NL_3_1,1,700,"('n', 'n', 'nɡ')",ɾekomponɡa,ɾekomponɡa
90L_10NL,3,90L_10NL_3_1,1,700,"('n', 'n', 'nɡ')",ɾekomponɡa,ɾekomponɡa
90L_10NL,3,90L_10NL_3_1,1,700,"('n', 'n', 'nɡ')",ɾekomponɡa,ɾekomponɡa
90L_10NL,3,90L_10NL_3_1,1,1008,"('n', 'nɡ', 'nɡ')",ɾekomponɡa,ɾekomponɡa
90L_10NL,3,90L_10NL_3_1,1,1008,"('n', 'nɡ', 'nɡ')",ɾekomponɡa,ɾekomponɡa
90L_10NL,3,90L_10NL_3_1,1,1008,"('n', 'nɡ', 'nɡ')",ɾekomponɡa,ɾekomponɡa
90L_10NL,3,90L_10NL_3_1,1,1008,"('n', 'nɡ', 'nɡ')",ɾekomponɡa,ɾekomponɡa
90L_10NL,3,90L_10NL_3_1,1,1008,"('n', 'nɡ', 'nɡ')",ɾekomponɡa,ɾekomponɡa
90L_10NL,3,90L_10NL_3_1,1,1008,"('n', 'nɡ', 'nɡ')",ɾekomponɡa,ɾekomponɡa
90L_10NL,3,90L_10NL_3_1,1,700,"('n', 'n', 'nɡ')",ɾekomponɡa,ɾekomponɡa
90L_10NL,3,90L_10NL_3_1,1,700,"('n', 'n', 'nɡ')",ɾekomponɡa,ɾekomponɡa
90L_10NL,3,90L_10NL_3_1,1,1008,"('n', 'nɡ', 'nɡ')",ɾekomponɡa,ɾekomponɡa
90L_10NL,3,90L_10NL_3_1,1,1008,"('n', 'nɡ', 'nɡ')",ɾekomponɡa,ɾekomponɡa
90L_10NL,3,90L_10NL_3_1,1,1008,"('n', 'nɡ', 'nɡ')",ɾekomponɡa,ɾekomponɡa
90L_10NL,3,90L_10NL_3_1,1,1008,"('n', 'nɡ', 'nɡ')",ɾekomponɡa,ɾekomponɡa
90L_10NL,3,90L_10NL_3_1,1,1008,"('n', 'nɡ', 'nɡ')",ɾekomponɡa,ɾekomponɡa
90L_10NL,3,90L_10NL_3_1,1,1008,"('n', 'nɡ', 'nɡ')",ɾekomponɡa,ɾekomponɡa
90L_10NL,3,90L_10NL_3_1,1,700,"('n', 'n', 'nɡ')",ɾekomponɡa,ɾekomponɡa
90L_10NL,3,90L_10NL_3_1,1,1008,"('n', 'nɡ', 'nɡ')",ɾekomponɡa,ɾekomponɡa
90L_10NL,3,90L_10NL_3_1,1,1008,"('n', 'nɡ', 'nɡ')",ɾekomponɡa,ɾekomponɡa
90L_10NL,3,90L_10NL_3_1,1,1008,"('n', 'nɡ', 'nɡ')",ɾekomponɡa,ɾekomponɡa
90L_10NL,3,90L_10NL_3_1,1,1008,"('n', 'nɡ', 'nɡ')",ɾekomponɡa,ɾekomponɡa
90L_10NL,3,90L_10NL_3_1,1,1008,"('n', 'nɡ', 'nɡ')",ɾekomponɡa,ɾekomponɡa
90L_10NL,3,90L_10NL_3_1,1,1008,"('n', 'nɡ', 'nɡ')",ɾekomponɡa,ɾekomponɡa
90L_10NL,3,90L_10NL_3_1,1,1008,"('n', 'nɡ', 'nɡ')",ɾekomponɡa,ɾekomponɡa
90L_10NL,3,90L_10NL_3_1,1,1008,"('n', 'nɡ', 'nɡ')",ɾekomponɡa,ɾekomponɡa
90L_10NL,3,90L_10NL_3_1,1,1008,"('n', 'nɡ', 'nɡ')",ɾekomponɡa,ɾekomponɡa
90L_10NL,3,90L_10NL_3_1,1,1008,"('n', 'nɡ', 'nɡ')",ɾekomponɡa,ɾekomponɡa
90L_10NL,3,90L_10NL_3_1,1,1008,"('n', 'nɡ', 'nɡ')",ɾekomponɡa,ɾekomponɡa
90L_10NL,3,90L_10NL_3_1,1,1008,"('n', 'nɡ', 'nɡ')",ɾekomponɡa,ɾekomponɡa
90L_10NL,3,90L_10NL_3_1,1,1050,"('nɡ', 'nɡ', 'nɡ')",ɾekomponɡa,ɾekomponɡa
90L_10NL,3,90L_10NL_3_1,1,1050,"('nɡ', 'nɡ', 'nɡ')",ɾekomponɡa,ɾekomponɡa
90L_10NL,3,90L_10NL_3_1,1,1050,"('nɡ', 'nɡ', 'nɡ')",ɾekomponɡa,ɾekomponɡa
90L_10NL,3,90L_10NL_3_1,1,1050,"('nɡ', 'nɡ', 'nɡ')",ɾekomponɡa,ɾekomponɡa
90L_10NL,3,90L_10NL_3_1,1,1050,"('nɡ', 'nɡ', 'nɡ')",ɾekomponɡa,ɾekomponɡa
90L_10NL,3,90L_10NL_3_1,1,1050,"('nɡ', 'nɡ', 'nɡ')",ɾekomponɡa,ɾekomponɡa
90L_10NL,3,90L_10NL_3_1,1,1050,"('nɡ', 'nɡ', 'nɡ')",ɾekomponɡa,ɾekomponɡa
90L_10NL,3,90L_10NL_3_1,1,1050,"('nɡ', 'nɡ', 'nɡ')",ɾekomponɡa,ɾekomponɡa
90L_10NL,3,90L_10NL_3_1,1,1050,"('nɡ', 'nɡ', 'nɡ')",ɾekomponɡa,ɾekomponɡa
90L_10NL,3,90L_10NL_3_1,1,1050,"('nɡ', 'nɡ', 'nɡ')",ɾekomponɡa,ɾekomponɡa
90L_10NL,3,90L_10NL_3_1,1,1050,"('nɡ', 'nɡ', 'nɡ')",ɾekomponɡa,ɾekomponɡa
90L_10NL,3,90L_10NL_3_1,0,1050,"('nɡ', 'nɡ', 'nɡ')",ɾekomponɡo,ɾekomponɡa
90L_10NL,3,90L_10NL_3_1,0,1050,"('nɡ', 'nɡ', 'nɡ')",ɾekomponɡo,ɾekomponɡa
90L_10NL,3,90L_10NL_3_1,0,1050,"('nɡ', 'nɡ', 'nɡ')",ɾekomponɡo,ɾekomponɡa
90L_10NL,3,90L_10NL_3_1,0,1050,"('nɡ', 'nɡ', 'nɡ')",ɾekomponɡo,ɾekomponɡa
90L_10NL,3,90L_10NL_3_1,1,700,"('n', 'n', 'nɡ')",ɾekomponɡo,ɾekomponɡo
90L_10NL,3,90L_10NL_3_1,1,700,"('n', 'n', 'nɡ')",ɾekomponɡo,ɾekomponɡo
90L_10NL,3,90L_10NL_3_1,1,700,"('n', 'n', 'nɡ')",ɾekomponɡo,ɾekomponɡo
90L_10NL,3,90L_10NL_3_1,1,700,"('n', 'n', 'nɡ')",ɾekomponɡo,ɾekomponɡo
90L_10NL,3,90L_10NL_3_1,1,1008,"('n', 'nɡ', 'nɡ')",ɾekomponɡo,ɾekomponɡo
90L_10NL,3,90L_10NL_3_1,1,1008,"('n', 'nɡ', 'nɡ')",ɾekomponɡo,ɾekomponɡo
90L_10NL,3,90L_10NL_3_1,1,1008,"('n', 'nɡ', 'nɡ')",ɾekomponɡo,ɾekomponɡo
90L_10NL,3,90L_10NL_3_1,1,1008,"('n', 'nɡ', 'nɡ')",ɾekomponɡo,ɾekomponɡo
90L_10NL,3,90L_10NL_3_1,1,1008,"('n', 'nɡ', 'nɡ')",ɾekomponɡo,ɾekomponɡo
90L_10NL,3,90L_10NL_3_1,1,1008,"('n', 'nɡ', 'nɡ')",ɾekomponɡo,ɾekomponɡo
90L_10NL,3,90L_10NL_3_1,1,700,"('n', 'n', 'nɡ')",ɾekomponɡo,ɾekomponɡo
90L_10NL,3,90L_10NL_3_1,1,700,"('n', 'n', 'nɡ')",ɾekomponɡo,ɾekomponɡo
90L_10NL,3,90L_10NL_3_1,1,700,"('n', 'n', 'nɡ')",ɾekomponɡo,ɾekomponɡo
90L_10NL,3,90L_10NL_3_1,1,1008,"('n', 'nɡ', 'nɡ')",ɾekomponɡo,ɾekomponɡo
90L_10NL,3,90L_10NL_3_1,1,1008,"('n', 'nɡ', 'nɡ')",ɾekomponɡo,ɾekomponɡo
90L_10NL,3,90L_10NL_3_1,1,1008,"('n', 'nɡ', 'nɡ')",ɾekomponɡo,ɾekomponɡo
90L_10NL,3,90L_10NL_3_1,1,1008,"('n', 'nɡ', 'nɡ')",ɾekomponɡo,ɾekomponɡo
90L_10NL,3,90L_10NL_3_1,1,1008,"('n', 'nɡ', 'nɡ')",ɾekomponɡo,ɾekomponɡo
90L_10NL,3,90L_10NL_3_1,1,1008,"('n', 'nɡ', 'nɡ')",ɾekomponɡo,ɾekomponɡo
90L_10NL,3,90L_10NL_3_1,1,700,"('n', 'n', 'nɡ')",ɾekomponɡo,ɾekomponɡo
90L_10NL,3,90L_10NL_3_1,1,700,"('n', 'n', 'nɡ')",ɾekomponɡo,ɾekomponɡo
90L_10NL,3,90L_10NL_3_1,1,1008,"('n', 'nɡ', 'nɡ')",ɾekomponɡo,ɾekomponɡo
90L_10NL,3,90L_10NL_3_1,1,1008,"('n', 'nɡ', 'nɡ')",ɾekomponɡo,ɾekomponɡo
90L_10NL,3,90L_10NL_3_1,1,1008,"('n', 'nɡ', 'nɡ')",ɾekomponɡo,ɾekomponɡo
90L_10NL,3,90L_10NL_3_1,1,1008,"('n', 'nɡ', 'nɡ')",ɾekomponɡo,ɾekomponɡo
90L_10NL,3,90L_10NL_3_1,1,1008,"('n', 'nɡ', 'nɡ')",ɾekomponɡo,ɾekomponɡo
90L_10NL,3,90L_10NL_3_1,1,1008,"('n', 'nɡ', 'nɡ')",ɾekomponɡo,ɾekomponɡo
90L_10NL,3,90L_10NL_3_1,1,700,"('n', 'n', 'nɡ')",ɾekomponɡo,ɾekomponɡo
90L_10NL,3,90L_10NL_3_1,1,1008,"('n', 'nɡ', 'nɡ')",ɾekomponɡo,ɾekomponɡo
90L_10NL,3,90L_10NL_3_1,1,1008,"('n', 'nɡ', 'nɡ')",ɾekomponɡo,ɾekomponɡo
90L_10NL,3,90L_10NL_3_1,1,1008,"('n', 'nɡ', 'nɡ')",ɾekomponɡo,ɾekomponɡo
90L_10NL,3,90L_10NL_3_1,1,1008,"('n', 'nɡ', 'nɡ')",ɾekomponɡo,ɾekomponɡo
90L_10NL,3,90L_10NL_3_1,1,1008,"('n', 'nɡ', 'nɡ')",ɾekomponɡo,ɾekomponɡo
90L_10NL,3,90L_10NL_3_1,1,1008,"('n', 'nɡ', 'nɡ')",ɾekomponɡo,ɾekomponɡo
90L_10NL,3,90L_10NL_3_1,1,1008,"('n', 'nɡ', 'nɡ')",ɾekomponɡo,ɾekomponɡo
90L_10NL,3,90L_10NL_3_1,1,1008,"('n', 'nɡ', 'nɡ')",ɾekomponɡo,ɾekomponɡo
90L_10NL,3,90L_10NL_3_1,1,1008,"('n', 'nɡ', 'nɡ')",ɾekomponɡo,ɾekomponɡo
90L_10NL,3,90L_10NL_3_1,1,1008,"('n', 'nɡ', 'nɡ')",ɾekomponɡo,ɾekomponɡo
90L_10NL,3,90L_10NL_3_1,1,1008,"('n', 'nɡ', 'nɡ')",ɾekomponɡo,ɾekomponɡo
90L_10NL,3,90L_10NL_3_1,1,1008,"('n', 'nɡ', 'nɡ')",ɾekomponɡo,ɾekomponɡo
90L_10NL,3,90L_10NL_3_1,1,1050,"('nɡ', 'nɡ', 'nɡ')",ɾekomponɡo,ɾekomponɡo
90L_10NL,3,90L_10NL_3_1,1,1050,"('nɡ', 'nɡ', 'nɡ')",ɾekomponɡo,ɾekomponɡo
90L_10NL,3,90L_10NL_3_1,1,1050,"('nɡ', 'nɡ', 'nɡ')",ɾekomponɡo,ɾekomponɡo
90L_10NL,3,90L_10NL_3_1,1,1050,"('nɡ', 'nɡ', 'nɡ')",ɾekomponɡo,ɾekomponɡo
90L_10NL,3,90L_10NL_3_1,1,1050,"('nɡ', 'nɡ', 'nɡ')",ɾekomponɡo,ɾekomponɡo
90L_10NL,3,90L_10NL_3_1,1,1050,"('nɡ', 'nɡ', 'nɡ')",ɾekomponɡo,ɾekomponɡo
90L_10NL,3,90L_10NL_3_1,1,1050,"('nɡ', 'nɡ', 'nɡ')",ɾekomponɡo,ɾekomponɡo
90L_10NL,3,90L_10NL_3_1,1,1050,"('nɡ', 'nɡ', 'nɡ')",ɾekomponɡo,ɾekomponɡo
90L_10NL,3,90L_10NL_3_1,1,1050,"('nɡ', 'nɡ', 'nɡ')",ɾekomponɡo,ɾekomponɡo
90L_10NL,3,90L_10NL_3_1,1,1050,"('nɡ', 'nɡ', 'nɡ')",ɾekomponɡo,ɾekomponɡo
90L_10NL,3,90L_10NL_3_1,1,1050,"('nɡ', 'nɡ', 'nɡ')",ɾekomponɡo,ɾekomponɡo
90L_10NL,3,90L_10NL_3_1,0,1050,"('nɡ', 'nɡ', 'nɡ')",mulsis,ɾekomponɡo
90L_10NL,3,90L_10NL_3_1,0,1050,"('nɡ', 'nɡ', 'nɡ')",mulsis,ɾekomponɡo
90L_10NL,3,90L_10NL_3_1,0,1050,"('nɡ', 'nɡ', 'nɡ')",mulsis,ɾekomponɡo
90L_10NL,3,90L_10NL_3_1,0,1050,"('nɡ', 'nɡ', 'nɡ')",mulsis,ɾekomponɡo
90L_10NL,3,90L_10NL_3_1,0,1085,"('s', 's', 's')",enmosejs,enmoesejs
90L_10NL,3,90L_10NL_3_1,0,1085,"('s', 's', 's')",enmosejs,enmoesejs
90L_10NL,3,90L_10NL_3_1,0,1085,"('s', 's', 's')",enmosejs,enmoesejs
90L_10NL,3,90L_10NL_3_1,0,3500,"('s', 'sk', 's')",enmosejs,enmoesejs
90L_10NL,3,90L_10NL_3_1,0,3500,"('s', 'sk', 's')",enmosejs,enmoesejs
90L_10NL,3,90L_10NL_3_1,0,3500,"('s', 'sk', 's')",enmosejs,enmoesejs
90L_10NL,3,90L_10NL_3_1,0,3500,"('s', 'sk', 's')",enmosejs,enmoesejs
90L_10NL,3,90L_10NL_3_1,0,3500,"('s', 'sk', 's')",enmosejs,enmoesejs
90L_10NL,3,90L_10NL_3_1,0,3500,"('s', 'sk', 's')",enmosejs,enmoesejs
90L_10NL,3,90L_10NL_3_1,0,3500,"('s', 'sk', 's')",enmosejs,enmoesejs
90L_10NL,3,90L_10NL_3_1,0,1085,"('s', 's', 's')",enmosejs,enmoesejs
90L_10NL,3,90L_10NL_3_1,0,1085,"('s', 's', 's')",enmosejs,enmoesejs
90L_10NL,3,90L_10NL_3_1,0,3500,"('s', 'sk', 's')",enmosejs,enmoesejs
90L_10NL,3,90L_10NL_3_1,0,3500,"('s', 'sk', 's')",enmosejs,enmoesejs
90L_10NL,3,90L_10NL_3_1,0,3500,"('s', 'sk', 's')",enmosejs,enmoesejs
90L_10NL,3,90L_10NL_3_1,0,3500,"('s', 'sk', 's')",enmosejs,enmoesejs
90L_10NL,3,90L_10NL_3_1,0,3500,"('s', 'sk', 's')",enmosejs,enmoesejs
90L_10NL,3,90L_10NL_3_1,0,3500,"('s', 'sk', 's')",enmosejs,enmoesejs
90L_10NL,3,90L_10NL_3_1,0,3500,"('s', 'sk', 's')",enmosejs,enmoesejs
90L_10NL,3,90L_10NL_3_1,0,1085,"('s', 's', 's')",enmosejs,enmoesejs
90L_10NL,3,90L_10NL_3_1,0,3500,"('s', 'sk', 's')",enmosejs,enmoesejs
90L_10NL,3,90L_10NL_3_1,0,3500,"('s', 'sk', 's')",enmosejs,enmoesejs
90L_10NL,3,90L_10NL_3_1,0,3500,"('s', 'sk', 's')",enmosejs,enmoesejs
90L_10NL,3,90L_10NL_3_1,0,3500,"('s', 'sk', 's')",enmosejs,enmoesejs
90L_10NL,3,90L_10NL_3_1,0,3500,"('s', 'sk', 's')",enmosejs,enmoesejs
90L_10NL,3,90L_10NL_3_1,0,3500,"('s', 'sk', 's')",enmosejs,enmoesejs
90L_10NL,3,90L_10NL_3_1,0,3500,"('s', 'sk', 's')",enmosejs,enmoesejs
90L_10NL,3,90L_10NL_3_1,0,3500,"('s', 'sk', 's')",enmosejs,enmoesejs
90L_10NL,3,90L_10NL_3_1,0,3500,"('s', 'sk', 's')",enmosejs,enmoesejs
90L_10NL,3,90L_10NL_3_1,0,3500,"('s', 'sk', 's')",enmosejs,enmoesejs
90L_10NL,3,90L_10NL_3_1,0,3500,"('s', 'sk', 's')",enmosejs,enmoesejs
90L_10NL,3,90L_10NL_3_1,0,3500,"('s', 'sk', 's')",enmosejs,enmoesejs
90L_10NL,3,90L_10NL_3_1,0,3500,"('s', 'sk', 's')",enmosejs,enmoesejs
90L_10NL,3,90L_10NL_3_1,0,3500,"('s', 'sk', 's')",enmosejs,enmoesejs
90L_10NL,3,90L_10NL_3_1,0,2625,"('sk', 'sk', 's')",enmosejs,enmoesejs
90L_10NL,3,90L_10NL_3_1,0,2625,"('sk', 'sk', 's')",enmosejs,enmoesejs
90L_10NL,3,90L_10NL_3_1,0,2625,"('sk', 'sk', 's')",enmosejs,enmoesejs
90L_10NL,3,90L_10NL_3_1,0,2625,"('sk', 'sk', 's')",enmosejs,enmoesejs
90L_10NL,3,90L_10NL_3_1,0,2625,"('sk', 'sk', 's')",enmosejs,enmoesejs
90L_10NL,3,90L_10NL_3_1,0,2625,"('sk', 'sk', 's')",enmosejs,enmoesejs
90L_10NL,3,90L_10NL_3_1,0,2625,"('sk', 'sk', 's')",enmosejs,enmoesejs
90L_10NL,3,90L_10NL_3_1,0,2625,"('sk', 'sk', 's')",enmosejs,enmoesejs
90L_10NL,3,90L_10NL_3_1,0,2625,"('sk', 'sk', 's')",enmosejs,enmoesejs
90L_10NL,3,90L_10NL_3_1,0,2625,"('sk', 'sk', 's')",enmosejs,enmoesejs
90L_10NL,3,90L_10NL_3_1,0,2625,"('sk', 'sk', 's')",enmosejs,enmoesejs
90L_10NL,3,90L_10NL_3_1,0,2625,"('sk', 'sk', 's')",enmosejs,enmoesejs
90L_10NL,3,90L_10NL_3_1,0,2625,"('sk', 'sk', 's')",enmosejs,enmoesejs
90L_10NL,3,90L_10NL_3_1,0,2625,"('sk', 'sk', 's')",enmosejs,enmoesejs
90L_10NL,3,90L_10NL_3_1,0,2625,"('sk', 'sk', 's')",enmosejs,enmoesejs
90L_10NL,3,90L_10NL_3_1,0,2625,"('sk', 'sk', 's')",enmosejs,enmoesejs
90L_10NL,3,90L_10NL_3_1,0,2625,"('sk', 'sk', 's')",enmosejs,enmoesejs
90L_10NL,3,90L_10NL_3_1,0,2625,"('sk', 'sk', 's')",enmosemos,enmoesejs
90L_10NL,3,90L_10NL_3_1,0,2625,"('sk', 'sk', 's')",enmosemos,enmoesejs
90L_10NL,3,90L_10NL_3_1,0,2625,"('sk', 'sk', 's')",enmosemos,enmoesejs
90L_10NL,3,90L_10NL_3_1,0,2625,"('sk', 'sk', 's')",enmosemos,enmoesejs
90L_10NL,3,90L_10NL_3_1,0,1085,"('s', 's', 's')",enmosemos,enmoesemos
90L_10NL,3,90L_10NL_3_1,0,1085,"('s', 's', 's')",enmosemos,enmoesemos
90L_10NL,3,90L_10NL_3_1,0,1085,"('s', 's', 's')",enmosemos,enmoesemos
90L_10NL,3,90L_10NL_3_1,0,3500,"('s', 'sk', 's')",enmosemos,enmoesemos
90L_10NL,3,90L_10NL_3_1,0,3500,"('s', 'sk', 's')",enmosemos,enmoesemos
90L_10NL,3,90L_10NL_3_1,0,3500,"('s', 'sk', 's')",enmosemos,enmoesemos
90L_10NL,3,90L_10NL_3_1,0,3500,"('s', 'sk', 's')",enmosemos,enmoesemos
90L_10NL,3,90L_10NL_3_1,0,3500,"('s', 'sk', 's')",enmosemos,enmoesemos
90L_10NL,3,90L_10NL_3_1,0,3500,"('s', 'sk', 's')",enmosemos,enmoesemos
90L_10NL,3,90L_10NL_3_1,0,3500,"('s', 'sk', 's')",enmosemos,enmoesemos
90L_10NL,3,90L_10NL_3_1,0,1085,"('s', 's', 's')",enmosemos,enmoesemos
90L_10NL,3,90L_10NL_3_1,0,1085,"('s', 's', 's')",enmosemos,enmoesemos
90L_10NL,3,90L_10NL_3_1,0,3500,"('s', 'sk', 's')",enmosemos,enmoesemos
90L_10NL,3,90L_10NL_3_1,0,3500,"('s', 'sk', 's')",enmosemos,enmoesemos
90L_10NL,3,90L_10NL_3_1,0,3500,"('s', 'sk', 's')",enmosemos,enmoesemos
90L_10NL,3,90L_10NL_3_1,0,3500,"('s', 'sk', 's')",enmosemos,enmoesemos
90L_10NL,3,90L_10NL_3_1,0,3500,"('s', 'sk', 's')",enmosemos,enmoesemos
90L_10NL,3,90L_10NL_3_1,0,3500,"('s', 'sk', 's')",enmosemos,enmoesemos
90L_10NL,3,90L_10NL_3_1,0,3500,"('s', 'sk', 's')",enmosemos,enmoesemos
90L_10NL,3,90L_10NL_3_1,0,1085,"('s', 's', 's')",enmosemos,enmoesemos
90L_10NL,3,90L_10NL_3_1,0,3500,"('s', 'sk', 's')",enmosemos,enmoesemos
90L_10NL,3,90L_10NL_3_1,0,3500,"('s', 'sk', 's')",enmosemos,enmoesemos
90L_10NL,3,90L_10NL_3_1,0,3500,"('s', 'sk', 's')",enmosemos,enmoesemos
90L_10NL,3,90L_10NL_3_1,0,3500,"('s', 'sk', 's')",enmosemos,enmoesemos
90L_10NL,3,90L_10NL_3_1,0,3500,"('s', 'sk', 's')",enmosemos,enmoesemos
90L_10NL,3,90L_10NL_3_1,0,3500,"('s', 'sk', 's')",enmosemos,enmoesemos
90L_10NL,3,90L_10NL_3_1,0,3500,"('s', 'sk', 's')",enmosemos,enmoesemos
90L_10NL,3,90L_10NL_3_1,0,3500,"('s', 'sk', 's')",enmosemos,enmoesemos
90L_10NL,3,90L_10NL_3_1,0,3500,"('s', 'sk', 's')",enmosemos,enmoesemos
90L_10NL,3,90L_10NL_3_1,0,3500,"('s', 'sk', 's')",enmosemos,enmoesemos
90L_10NL,3,90L_10NL_3_1,0,3500,"('s', 'sk', 's')",enmosemos,enmoesemos
90L_10NL,3,90L_10NL_3_1,0,3500,"('s', 'sk', 's')",enmosemos,enmoesemos
90L_10NL,3,90L_10NL_3_1,0,3500,"('s', 'sk', 's')",enmosemos,enmoesemos
90L_10NL,3,90L_10NL_3_1,0,3500,"('s', 'sk', 's')",enmosemos,enmoesemos
90L_10NL,3,90L_10NL_3_1,0,2625,"('sk', 'sk', 's')",enmosemos,enmoesemos
90L_10NL,3,90L_10NL_3_1,0,2625,"('sk', 'sk', 's')",enmosemos,enmoesemos
90L_10NL,3,90L_10NL_3_1,0,2625,"('sk', 'sk', 's')",enmosemos,enmoesemos
90L_10NL,3,90L_10NL_3_1,0,2625,"('sk', 'sk', 's')",enmosemos,enmoesemos
90L_10NL,3,90L_10NL_3_1,0,2625,"('sk', 'sk', 's')",enmosemos,enmoesemos
90L_10NL,3,90L_10NL_3_1,0,2625,"('sk', 'sk', 's')",enmosemos,enmoesemos
90L_10NL,3,90L_10NL_3_1,0,2625,"('sk', 'sk', 's')",enmosesemos,enmoesemos
90L_10NL,3,90L_10NL_3_1,0,2625,"('sk', 'sk', 's')",enmosemos,enmoesemos
90L_10NL,3,90L_10NL_3_1,0,2625,"('sk', 'sk', 's')",enmosemos,enmoesemos
90L_10NL,3,90L_10NL_3_1,0,2625,"('sk', 'sk', 's')",enmosemos,enmoesemos
90L_10NL,3,90L_10NL_3_1,0,2625,"('sk', 'sk', 's')",enmosemos,enmoesemos
90L_10NL,3,90L_10NL_3_1,0,2625,"('sk', 'sk', 's')",enmosemos,enmoesemos
90L_10NL,3,90L_10NL_3_1,0,2625,"('sk', 'sk', 's')",enmosemos,enmoesemos
90L_10NL,3,90L_10NL_3_1,0,2625,"('sk', 'sk', 's')",enmosemos,enmoesemos
90L_10NL,3,90L_10NL_3_1,0,2625,"('sk', 'sk', 's')",enmosemos,enmoesemos
90L_10NL,3,90L_10NL_3_1,0,2625,"('sk', 'sk', 's')",enmosemos,enmoesemos
90L_10NL,3,90L_10NL_3_1,0,2625,"('sk', 'sk', 's')",enmosemos,enmoesemos
90L_10NL,3,90L_10NL_3_1,0,2625,"('sk', 'sk', 's')",enmwesen,enmoesemos
90L_10NL,3,90L_10NL_3_1,0,2625,"('sk', 'sk', 's')",enmosesen,enmoesemos
90L_10NL,3,90L_10NL_3_1,0,2625,"('sk', 'sk', 's')",enmoses,enmoesemos
90L_10NL,3,90L_10NL_3_1,0,2625,"('sk', 'sk', 's')",enmoses,enmoesemos
90L_10NL,3,90L_10NL_3_1,0,1085,"('s', 's', 's')",enmoses,enmoesen
90L_10NL,3,90L_10NL_3_1,0,1085,"('s', 's', 's')",enmoses,enmoesen
90L_10NL,3,90L_10NL_3_1,0,1085,"('s', 's', 's')",enmosesen,enmoesen
90L_10NL,3,90L_10NL_3_1,0,3500,"('s', 'sk', 's')",enmoses,enmoesen
90L_10NL,3,90L_10NL_3_1,0,3500,"('s', 'sk', 's')",enmoses,enmoesen
90L_10NL,3,90L_10NL_3_1,0,3500,"('s', 'sk', 's')",enmoses,enmoesen
90L_10NL,3,90L_10NL_3_1,0,3500,"('s', 'sk', 's')",enmwesen,enmoesen
90L_10NL,3,90L_10NL_3_1,0,3500,"('s', 'sk', 's')",enmwesen,enmoesen
90L_10NL,3,90L_10NL_3_1,0,3500,"('s', 'sk', 's')",enmwesen,enmoesen
90L_10NL,3,90L_10NL_3_1,0,3500,"('s', 'sk', 's')",enmosesen,enmoesen
90L_10NL,3,90L_10NL_3_1,0,1085,"('s', 's', 's')",enmosesen,enmoesen
90L_10NL,3,90L_10NL_3_1,0,1085,"('s', 's', 's')",enmosesen,enmoesen
90L_10NL,3,90L_10NL_3_1,0,3500,"('s', 'sk', 's')",enmosesen,enmoesen
90L_10NL,3,90L_10NL_3_1,0,3500,"('s', 'sk', 's')",enmosesen,enmoesen
90L_10NL,3,90L_10NL_3_1,0,3500,"('s', 'sk', 's')",enmosesen,enmoesen
90L_10NL,3,90L_10NL_3_1,1,3500,"('s', 'sk', 's')",enmoesen,enmoesen
90L_10NL,3,90L_10NL_3_1,0,3500,"('s', 'sk', 's')",enmosesen,enmoesen
90L_10NL,3,90L_10NL_3_1,0,3500,"('s', 'sk', 's')",enmwesen,enmoesen
90L_10NL,3,90L_10NL_3_1,0,3500,"('s', 'sk', 's')",enmosesen,enmoesen
90L_10NL,3,90L_10NL_3_1,0,1085,"('s', 's', 's')",enmosesen,enmoesen
90L_10NL,3,90L_10NL_3_1,0,3500,"('s', 'sk', 's')",enmosesen,enmoesen
90L_10NL,3,90L_10NL_3_1,0,3500,"('s', 'sk', 's')",enmoses,enmoesen
90L_10NL,3,90L_10NL_3_1,0,3500,"('s', 'sk', 's')",enmosesen,enmoesen
90L_10NL,3,90L_10NL_3_1,0,3500,"('s', 'sk', 's')",enmoses,enmoesen
90L_10NL,3,90L_10NL_3_1,0,3500,"('s', 'sk', 's')",enmoses,enmoesen
90L_10NL,3,90L_10NL_3_1,0,3500,"('s', 'sk', 's')",enmoses,enmoesen
90L_10NL,3,90L_10NL_3_1,0,3500,"('s', 'sk', 's')",enmosen,enmoesen
90L_10NL,3,90L_10NL_3_1,0,3500,"('s', 'sk', 's')",enmosen,enmoesen
90L_10NL,3,90L_10NL_3_1,0,3500,"('s', 'sk', 's')",enmosen,enmoesen
90L_10NL,3,90L_10NL_3_1,0,3500,"('s', 'sk', 's')",enmoses,enmoesen
90L_10NL,3,90L_10NL_3_1,0,3500,"('s', 'sk', 's')",enmosesen,enmoesen
90L_10NL,3,90L_10NL_3_1,0,3500,"('s', 'sk', 's')",enmosesen,enmoesen
90L_10NL,3,90L_10NL_3_1,0,3500,"('s', 'sk', 's')",enmosesen,enmoesen
90L_10NL,3,90L_10NL_3_1,0,3500,"('s', 'sk', 's')",enmosesen,enmoesen
90L_10NL,3,90L_10NL_3_1,0,2625,"('sk', 'sk', 's')",enmosesen,enmoesen
90L_10NL,3,90L_10NL_3_1,0,2625,"('sk', 'sk', 's')",enmosesen,enmoesen
90L_10NL,3,90L_10NL_3_1,0,2625,"('sk', 'sk', 's')",enmosesen,enmoesen
90L_10NL,3,90L_10NL_3_1,0,2625,"('sk', 'sk', 's')",enmwesen,enmoesen
90L_10NL,3,90L_10NL_3_1,0,2625,"('sk', 'sk', 's')",enmosesen,enmoesen
90L_10NL,3,90L_10NL_3_1,0,2625,"('sk', 'sk', 's')",enmwesen,enmoesen
90L_10NL,3,90L_10NL_3_1,0,2625,"('sk', 'sk', 's')",enmosesen,enmoesen
90L_10NL,3,90L_10NL_3_1,0,2625,"('sk', 'sk', 's')",enmosesen,enmoesen
90L_10NL,3,90L_10NL_3_1,0,2625,"('sk', 'sk', 's')",enmosesen,enmoesen
90L_10NL,3,90L_10NL_3_1,0,2625,"('sk', 'sk', 's')",enmosesen,enmoesen
90L_10NL,3,90L_10NL_3_1,0,2625,"('sk', 'sk', 's')",enmosesen,enmoesen
90L_10NL,3,90L_10NL_3_1,0,2625,"('sk', 'sk', 's')",enmosesen,enmoesen
90L_10NL,3,90L_10NL_3_1,0,2625,"('sk', 'sk', 's')",enmosesen,enmoesen
90L_10NL,3,90L_10NL_3_1,0,2625,"('sk', 'sk', 's')",enmosesen,enmoesen
90L_10NL,3,90L_10NL_3_1,0,2625,"('sk', 'sk', 's')",enmoses,enmoesen
90L_10NL,3,90L_10NL_3_1,0,2625,"('sk', 'sk', 's')",enmoses,enmoesen
90L_10NL,3,90L_10NL_3_1,0,2625,"('sk', 'sk', 's')",enmoses,enmoesen
90L_10NL,3,90L_10NL_3_1,0,2625,"('sk', 'sk', 's')",enmweses,enmoesen
90L_10NL,3,90L_10NL_3_1,0,2625,"('sk', 'sk', 's')",enmoses,enmoesen
90L_10NL,3,90L_10NL_3_1,0,2625,"('sk', 'sk', 's')",enmoses,enmoesen
90L_10NL,3,90L_10NL_3_1,0,2625,"('sk', 'sk', 's')",enmoses,enmoesen
90L_10NL,3,90L_10NL_3_1,0,1085,"('s', 's', 's')",enmoseses,enmoeses
90L_10NL,3,90L_10NL_3_1,0,1085,"('s', 's', 's')",enmoseses,enmoeses
90L_10NL,3,90L_10NL_3_1,0,1085,"('s', 's', 's')",enmoses,enmoeses
90L_10NL,3,90L_10NL_3_1,0,3500,"('s', 'sk', 's')",enmoseses,enmoeses
90L_10NL,3,90L_10NL_3_1,0,3500,"('s', 'sk', 's')",enmoseses,enmoeses
90L_10NL,3,90L_10NL_3_1,0,3500,"('s', 'sk', 's')",enmoseses,enmoeses
90L_10NL,3,90L_10NL_3_1,0,3500,"('s', 'sk', 's')",enmoseses,enmoeses
90L_10NL,3,90L_10NL_3_1,0,3500,"('s', 'sk', 's')",enmoses,enmoeses
90L_10NL,3,90L_10NL_3_1,0,3500,"('s', 'sk', 's')",enmoseses,enmoeses
90L_10NL,3,90L_10NL_3_1,0,3500,"('s', 'sk', 's')",enmoseses,enmoeses
90L_10NL,3,90L_10NL_3_1,0,1085,"('s', 's', 's')",enmoseses,enmoeses
90L_10NL,3,90L_10NL_3_1,0,1085,"('s', 's', 's')",enmoseses,enmoeses
90L_10NL,3,90L_10NL_3_1,0,3500,"('s', 'sk', 's')",enmoseses,enmoeses
90L_10NL,3,90L_10NL_3_1,0,3500,"('s', 'sk', 's')",enmoseses,enmoeses
90L_10NL,3,90L_10NL_3_1,0,3500,"('s', 'sk', 's')",enmoseses,enmoeses
90L_10NL,3,90L_10NL_3_1,1,3500,"('s', 'sk', 's')",enmoeses,enmoeses
90L_10NL,3,90L_10NL_3_1,0,3500,"('s', 'sk', 's')",enmoseses,enmoeses
90L_10NL,3,90L_10NL_3_1,0,3500,"('s', 'sk', 's')",enmoseses,enmoeses
90L_10NL,3,90L_10NL_3_1,0,3500,"('s', 'sk', 's')",enmoseses,enmoeses
90L_10NL,3,90L_10NL_3_1,0,1085,"('s', 's', 's')",enmoseses,enmoeses
90L_10NL,3,90L_10NL_3_1,0,3500,"('s', 'sk', 's')",enmoseses,enmoeses
90L_10NL,3,90L_10NL_3_1,0,3500,"('s', 'sk', 's')",enmoseses,enmoeses
90L_10NL,3,90L_10NL_3_1,0,3500,"('s', 'sk', 's')",enmoseses,enmoeses
90L_10NL,3,90L_10NL_3_1,0,3500,"('s', 'sk', 's')",enmoses,enmoeses
90L_10NL,3,90L_10NL_3_1,0,3500,"('s', 'sk', 's')",enmoses,enmoeses
90L_10NL,3,90L_10NL_3_1,0,3500,"('s', 'sk', 's')",enmoses,enmoeses
90L_10NL,3,90L_10NL_3_1,0,3500,"('s', 'sk', 's')",enmoses,enmoeses
90L_10NL,3,90L_10NL_3_1,0,3500,"('s', 'sk', 's')",enmoses,enmoeses
90L_10NL,3,90L_10NL_3_1,0,3500,"('s', 'sk', 's')",enmoses,enmoeses
90L_10NL,3,90L_10NL_3_1,0,3500,"('s', 'sk', 's')",enmoses,enmoeses
90L_10NL,3,90L_10NL_3_1,0,3500,"('s', 'sk', 's')",enmoseses,enmoeses
90L_10NL,3,90L_10NL_3_1,0,3500,"('s', 'sk', 's')",enmoseses,enmoeses
90L_10NL,3,90L_10NL_3_1,0,3500,"('s', 'sk', 's')",enmoseses,enmoeses
90L_10NL,3,90L_10NL_3_1,0,3500,"('s', 'sk', 's')",enmoseses,enmoeses
90L_10NL,3,90L_10NL_3_1,0,2625,"('sk', 'sk', 's')",enmoseses,enmoeses
90L_10NL,3,90L_10NL_3_1,0,2625,"('sk', 'sk', 's')",enmoseses,enmoeses
90L_10NL,3,90L_10NL_3_1,0,2625,"('sk', 'sk', 's')",enmoseses,enmoeses
90L_10NL,3,90L_10NL_3_1,0,2625,"('sk', 'sk', 's')",enmoseses,enmoeses
90L_10NL,3,90L_10NL_3_1,0,2625,"('sk', 'sk', 's')",enmweses,enmoeses
90L_10NL,3,90L_10NL_3_1,0,2625,"('sk', 'sk', 's')",enmweses,enmoeses
90L_10NL,3,90L_10NL_3_1,0,2625,"('sk', 'sk', 's')",enmweses,enmoeses
90L_10NL,3,90L_10NL_3_1,0,2625,"('sk', 'sk', 's')",enmoseses,enmoeses
90L_10NL,3,90L_10NL_3_1,0,2625,"('sk', 'sk', 's')",enmoseses,enmoeses
90L_10NL,3,90L_10NL_3_1,0,2625,"('sk', 'sk', 's')",enmoseses,enmoeses
90L_10NL,3,90L_10NL_3_1,0,2625,"('sk', 'sk', 's')",enmoseses,enmoeses
90L_10NL,3,90L_10NL_3_1,0,2625,"('sk', 'sk', 's')",enmoseses,enmoeses
90L_10NL,3,90L_10NL_3_1,0,2625,"('sk', 'sk', 's')",enmoseses,enmoeses
90L_10NL,3,90L_10NL_3_1,0,2625,"('sk', 'sk', 's')",enmoseses,enmoeses
90L_10NL,3,90L_10NL_3_1,0,2625,"('sk', 'sk', 's')",enmoses,enmoeses
90L_10NL,3,90L_10NL_3_1,0,2625,"('sk', 'sk', 's')",enmoseses,enmoeses
90L_10NL,3,90L_10NL_3_1,0,2625,"('sk', 'sk', 's')",enmoses,enmoeses
90L_10NL,3,90L_10NL_3_1,0,2625,"('sk', 'sk', 's')",enmwese,enmoeses
90L_10NL,3,90L_10NL_3_1,0,2625,"('sk', 'sk', 's')",enmwese,enmoeses
90L_10NL,3,90L_10NL_3_1,0,2625,"('sk', 'sk', 's')",enmwese,enmoeses
90L_10NL,3,90L_10NL_3_1,0,2625,"('sk', 'sk', 's')",enmosese,enmoeses
90L_10NL,3,90L_10NL_3_1,0,1085,"('s', 's', 's')",enmosese,enmoese
90L_10NL,3,90L_10NL_3_1,0,1085,"('s', 's', 's')",enmosese,enmoese
90L_10NL,3,90L_10NL_3_1,0,1085,"('s', 's', 's')",enmosese,enmoese
90L_10NL,3,90L_10NL_3_1,0,3500,"('s', 'sk', 's')",enmosese,enmoese
90L_10NL,3,90L_10NL_3_1,0,3500,"('s', 'sk', 's')",enmosese,enmoese
90L_10NL,3,90L_10NL_3_1,0,3500,"('s', 'sk', 's')",enmosese,enmoese
90L_10NL,3,90L_10NL_3_1,0,3500,"('s', 'sk', 's')",enmwese,enmoese
90L_10NL,3,90L_10NL_3_1,0,3500,"('s', 'sk', 's')",enmwese,enmoese
90L_10NL,3,90L_10NL_3_1,0,3500,"('s', 'sk', 's')",enmwese,enmoese
90L_10NL,3,90L_10NL_3_1,0,3500,"('s', 'sk', 's')",enmwese,enmoese
90L_10NL,3,90L_10NL_3_1,0,1085,"('s', 's', 's')",enmosese,enmoese
90L_10NL,3,90L_10NL_3_1,0,1085,"('s', 's', 's')",enmwese,enmoese
90L_10NL,3,90L_10NL_3_1,0,3500,"('s', 'sk', 's')",enmosese,enmoese
90L_10NL,3,90L_10NL_3_1,0,3500,"('s', 'sk', 's')",enmosese,enmoese
90L_10NL,3,90L_10NL_3_1,0,3500,"('s', 'sk', 's')",enmwese,enmoese
90L_10NL,3,90L_10NL_3_1,0,3500,"('s', 'sk', 's')",enmwese,enmoese
90L_10NL,3,90L_10NL_3_1,0,3500,"('s', 'sk', 's')",enmosese,enmoese
90L_10NL,3,90L_10NL_3_1,0,3500,"('s', 'sk', 's')",enmwese,enmoese
90L_10NL,3,90L_10NL_3_1,0,3500,"('s', 'sk', 's')",enmosese,enmoese
90L_10NL,3,90L_10NL_3_1,0,1085,"('s', 's', 's')",enmosese,enmoese
90L_10NL,3,90L_10NL_3_1,0,3500,"('s', 'sk', 's')",enmosese,enmoese
90L_10NL,3,90L_10NL_3_1,0,3500,"('s', 'sk', 's')",enmosese,enmoese
90L_10NL,3,90L_10NL_3_1,0,3500,"('s', 'sk', 's')",enmosese,enmoese
90L_10NL,3,90L_10NL_3_1,0,3500,"('s', 'sk', 's')",enmosese,enmoese
90L_10NL,3,90L_10NL_3_1,0,3500,"('s', 'sk', 's')",enmwese,enmoese
90L_10NL,3,90L_10NL_3_1,0,3500,"('s', 'sk', 's')",enmosese,enmoese
90L_10NL,3,90L_10NL_3_1,0,3500,"('s', 'sk', 's')",enmosese,enmoese
90L_10NL,3,90L_10NL_3_1,0,3500,"('s', 'sk', 's')",enmosese,enmoese
90L_10NL,3,90L_10NL_3_1,0,3500,"('s', 'sk', 's')",enmosese,enmoese
90L_10NL,3,90L_10NL_3_1,0,3500,"('s', 'sk', 's')",enmwese,enmoese
90L_10NL,3,90L_10NL_3_1,0,3500,"('s', 'sk', 's')",enmwese,enmoese
90L_10NL,3,90L_10NL_3_1,0,3500,"('s', 'sk', 's')",enmosese,enmoese
90L_10NL,3,90L_10NL_3_1,0,3500,"('s', 'sk', 's')",enmwese,enmoese
90L_10NL,3,90L_10NL_3_1,0,3500,"('s', 'sk', 's')",enmosese,enmoese
90L_10NL,3,90L_10NL_3_1,0,2625,"('sk', 'sk', 's')",enmosese,enmoese
90L_10NL,3,90L_10NL_3_1,0,2625,"('sk', 'sk', 's')",enmosese,enmoese
90L_10NL,3,90L_10NL_3_1,0,2625,"('sk', 'sk', 's')",enmosese,enmoese
90L_10NL,3,90L_10NL_3_1,0,2625,"('sk', 'sk', 's')",enmwese,enmoese
90L_10NL,3,90L_10NL_3_1,0,2625,"('sk', 'sk', 's')",enmwese,enmoese
90L_10NL,3,90L_10NL_3_1,0,2625,"('sk', 'sk', 's')",enmwese,enmoese
90L_10NL,3,90L_10NL_3_1,0,2625,"('sk', 'sk', 's')",enmwese,enmoese
90L_10NL,3,90L_10NL_3_1,0,2625,"('sk', 'sk', 's')",enmosese,enmoese
90L_10NL,3,90L_10NL_3_1,0,2625,"('sk', 'sk', 's')",enmosese,enmoese
90L_10NL,3,90L_10NL_3_1,0,2625,"('sk', 'sk', 's')",enmosese,enmoese
90L_10NL,3,90L_10NL_3_1,0,2625,"('sk', 'sk', 's')",enmosese,enmoese
90L_10NL,3,90L_10NL_3_1,0,2625,"('sk', 'sk', 's')",enmosese,enmoese
90L_10NL,3,90L_10NL_3_1,0,2625,"('sk', 'sk', 's')",enmosese,enmoese
90L_10NL,3,90L_10NL_3_1,0,2625,"('sk', 'sk', 's')",enmosese,enmoese
90L_10NL,3,90L_10NL_3_1,0,2625,"('sk', 'sk', 's')",enmosese,enmoese
90L_10NL,3,90L_10NL_3_1,0,2625,"('sk', 'sk', 's')",enmosese,enmoese
90L_10NL,3,90L_10NL_3_1,0,2625,"('sk', 'sk', 's')",enmosese,enmoese
90L_10NL,3,90L_10NL_3_1,0,2625,"('sk', 'sk', 's')",enmoskajs,enmoese
90L_10NL,3,90L_10NL_3_1,0,2625,"('sk', 'sk', 's')",enmoskajs,enmoese
90L_10NL,3,90L_10NL_3_1,0,2625,"('sk', 'sk', 's')",enmosajs,enmoese
90L_10NL,3,90L_10NL_3_1,0,2625,"('sk', 'sk', 's')",enmoskajs,enmoese
90L_10NL,3,90L_10NL_3_1,0,1750,"('s', 's', 'sk')",enmoskajs,enmoeskajs
90L_10NL,3,90L_10NL_3_1,0,1750,"('s', 's', 'sk')",enmoskajs,enmoeskajs
90L_10NL,3,90L_10NL_3_1,0,1750,"('s', 's', 'sk')",enmoskajs,enmoeskajs
90L_10NL,3,90L_10NL_3_1,0,1750,"('s', 's', 'sk')",enmoskajs,enmoeskajs
90L_10NL,3,90L_10NL_3_1,0,5250,"('s', 'sk', 'sk')",enmoskajs,enmoeskajs
90L_10NL,3,90L_10NL_3_1,0,5250,"('s', 'sk', 'sk')",enmoskajs,enmoeskajs
90L_10NL,3,90L_10NL_3_1,0,5250,"('s', 'sk', 'sk')",enmoskajs,enmoeskajs
90L_10NL,3,90L_10NL_3_1,0,5250,"('s', 'sk', 'sk')",enmosajs,enmoeskajs
90L_10NL,3,90L_10NL_3_1,0,5250,"('s', 'sk', 'sk')",enmoskajs,enmoeskajs
90L_10NL,3,90L_10NL_3_1,0,5250,"('s', 'sk', 'sk')",enmoskajs,enmoeskajs
90L_10NL,3,90L_10NL_3_1,0,1750,"('s', 's', 'sk')",enmoskajs,enmoeskajs
90L_10NL,3,90L_10NL_3_1,0,1750,"('s', 's', 'sk')",enmoskajs,enmoeskajs
90L_10NL,3,90L_10NL_3_1,0,1750,"('s', 's', 'sk')",enmoskajs,enmoeskajs
90L_10NL,3,90L_10NL_3_1,0,5250,"('s', 'sk', 'sk')",enmoskajs,enmoeskajs
90L_10NL,3,90L_10NL_3_1,0,5250,"('s', 'sk', 'sk')",enmoskajs,enmoeskajs
90L_10NL,3,90L_10NL_3_1,0,5250,"('s', 'sk', 'sk')",enmoskajs,enmoeskajs
90L_10NL,3,90L_10NL_3_1,0,5250,"('s', 'sk', 'sk')",enmoskajs,enmoeskajs
90L_10NL,3,90L_10NL_3_1,0,5250,"('s', 'sk', 'sk')",enmoskajs,enmoeskajs
90L_10NL,3,90L_10NL_3_1,0,5250,"('s', 'sk', 'sk')",enmoskajs,enmoeskajs
90L_10NL,3,90L_10NL_3_1,0,1750,"('s', 's', 'sk')",enmoskajs,enmoeskajs
90L_10NL,3,90L_10NL_3_1,0,1750,"('s', 's', 'sk')",enmoskajs,enmoeskajs
90L_10NL,3,90L_10NL_3_1,0,5250,"('s', 'sk', 'sk')",enmoskajs,enmoeskajs
90L_10NL,3,90L_10NL_3_1,0,5250,"('s', 'sk', 'sk')",enmoskajs,enmoeskajs
90L_10NL,3,90L_10NL_3_1,0,5250,"('s', 'sk', 'sk')",enmosajs,enmoeskajs
90L_10NL,3,90L_10NL_3_1,0,5250,"('s', 'sk', 'sk')",enmoskajs,enmoeskajs
90L_10NL,3,90L_10NL_3_1,0,5250,"('s', 'sk', 'sk')",enmoskajs,enmoeskajs
90L_10NL,3,90L_10NL_3_1,0,5250,"('s', 'sk', 'sk')",enmoskajs,enmoeskajs
90L_10NL,3,90L_10NL_3_1,0,1750,"('s', 's', 'sk')",enmoskajs,enmoeskajs
90L_10NL,3,90L_10NL_3_1,0,5250,"('s', 'sk', 'sk')",enmoskajs,enmoeskajs
90L_10NL,3,90L_10NL_3_1,0,5250,"('s', 'sk', 'sk')",enmoskajs,enmoeskajs
90L_10NL,3,90L_10NL_3_1,0,5250,"('s', 'sk', 'sk')",enmoskajs,enmoeskajs
90L_10NL,3,90L_10NL_3_1,0,5250,"('s', 'sk', 'sk')",enmoskajs,enmoeskajs
90L_10NL,3,90L_10NL_3_1,0,5250,"('s', 'sk', 'sk')",enmoskajs,enmoeskajs
90L_10NL,3,90L_10NL_3_1,0,5250,"('s', 'sk', 'sk')",enmoskajs,enmoeskajs
90L_10NL,3,90L_10NL_3_1,0,5250,"('s', 'sk', 'sk')",enmoskajs,enmoeskajs
90L_10NL,3,90L_10NL_3_1,0,5250,"('s', 'sk', 'sk')",enmoskajs,enmoeskajs
90L_10NL,3,90L_10NL_3_1,0,5250,"('s', 'sk', 'sk')",enmoskajs,enmoeskajs
90L_10NL,3,90L_10NL_3_1,0,5250,"('s', 'sk', 'sk')",enmoskajs,enmoeskajs
90L_10NL,3,90L_10NL_3_1,0,5250,"('s', 'sk', 'sk')",enmoskajs,enmoeskajs
90L_10NL,3,90L_10NL_3_1,0,5250,"('s', 'sk', 'sk')",enmoskajs,enmoeskajs
90L_10NL,3,90L_10NL_3_1,0,2625,"('sk', 'sk', 'sk')",enmoskajs,enmoeskajs
90L_10NL,3,90L_10NL_3_1,0,2625,"('sk', 'sk', 'sk')",enmoskajs,enmoeskajs
90L_10NL,3,90L_10NL_3_1,0,2625,"('sk', 'sk', 'sk')",enmoskajs,enmoeskajs
90L_10NL,3,90L_10NL_3_1,0,2625,"('sk', 'sk', 'sk')",enmoskajs,enmoeskajs
90L_10NL,3,90L_10NL_3_1,0,2625,"('sk', 'sk', 'sk')",enmoskajs,enmoeskajs
90L_10NL,3,90L_10NL_3_1,0,2625,"('sk', 'sk', 'sk')",enmoskajs,enmoeskajs
90L_10NL,3,90L_10NL_3_1,0,2625,"('sk', 'sk', 'sk')",enmoskajs,enmoeskajs
90L_10NL,3,90L_10NL_3_1,0,2625,"('sk', 'sk', 'sk')",enmoskajs,enmoeskajs
90L_10NL,3,90L_10NL_3_1,0,2625,"('sk', 'sk', 'sk')",enmoskajs,enmoeskajs
90L_10NL,3,90L_10NL_3_1,0,2625,"('sk', 'sk', 'sk')",enmoskajs,enmoeskajs
90L_10NL,3,90L_10NL_3_1,0,2625,"('sk', 'sk', 'sk')",enmoskajs,enmoeskajs
90L_10NL,3,90L_10NL_3_1,0,2625,"('sk', 'sk', 'sk')",enmosesamos,enmoeskajs
90L_10NL,3,90L_10NL_3_1,0,2625,"('sk', 'sk', 'sk')",enmoskamos,enmoeskajs
90L_10NL,3,90L_10NL_3_1,0,2625,"('sk', 'sk', 'sk')",enmosamos,enmoeskajs
90L_10NL,3,90L_10NL_3_1,0,2625,"('sk', 'sk', 'sk')",enmoskamos,enmoeskajs
90L_10NL,3,90L_10NL_3_1,0,1750,"('s', 's', 'sk')",enmoskamos,enmoeskamos
90L_10NL,3,90L_10NL_3_1,0,1750,"('s', 's', 'sk')",enmoskamos,enmoeskamos
90L_10NL,3,90L_10NL_3_1,0,1750,"('s', 's', 'sk')",enmoskamos,enmoeskamos
90L_10NL,3,90L_10NL_3_1,0,1750,"('s', 's', 'sk')",enmoskamos,enmoeskamos
90L_10NL,3,90L_10NL_3_1,0,5250,"('s', 'sk', 'sk')",enmoskamos,enmoeskamos
90L_10NL,3,90L_10NL_3_1,0,5250,"('s', 'sk', 'sk')",enmoskamos,enmoeskamos
90L_10NL,3,90L_10NL_3_1,0,5250,"('s', 'sk', 'sk')",enmoseskamos,enmoeskamos
90L_10NL,3,90L_10NL_3_1,0,5250,"('s', 'sk', 'sk')",enmoseskamos,enmoeskamos
90L_10NL,3,90L_10NL_3_1,0,5250,"('s', 'sk', 'sk')",enmoseskamos,enmoeskamos
90L_10NL,3,90L_10NL_3_1,0,5250,"('s', 'sk', 'sk')",enmoskamos,enmoeskamos
90L_10NL,3,90L_10NL_3_1,0,1750,"('s', 's', 'sk')",enmoseskamos,enmoeskamos
90L_10NL,3,90L_10NL_3_1,0,1750,"('s', 's', 'sk')",enmoseskamos,enmoeskamos
90L_10NL,3,90L_10NL_3_1,0,1750,"('s', 's', 'sk')",enmoskamos,enmoeskamos
90L_10NL,3,90L_10NL_3_1,0,5250,"('s', 'sk', 'sk')",enmoskamos,enmoeskamos
90L_10NL,3,90L_10NL_3_1,0,5250,"('s', 'sk', 'sk')",enmoseskamos,enmoeskamos
90L_10NL,3,90L_10NL_3_1,0,5250,"('s', 'sk', 'sk')",enmosamos,enmoeskamos
90L_10NL,3,90L_10NL_3_1,0,5250,"('s', 'sk', 'sk')",enmoskamos,enmoeskamos
90L_10NL,3,90L_10NL_3_1,0,5250,"('s', 'sk', 'sk')",enmoskamos,enmoeskamos
90L_10NL,3,90L_10NL_3_1,0,5250,"('s', 'sk', 'sk')",enmoskamos,enmoeskamos
90L_10NL,3,90L_10NL_3_1,0,1750,"('s', 's', 'sk')",enmoskamos,enmoeskamos
90L_10NL,3,90L_10NL_3_1,0,1750,"('s', 's', 'sk')",enmoskamos,enmoeskamos
90L_10NL,3,90L_10NL_3_1,0,5250,"('s', 'sk', 'sk')",enmoskamos,enmoeskamos
90L_10NL,3,90L_10NL_3_1,0,5250,"('s', 'sk', 'sk')",enmoskamos,enmoeskamos
90L_10NL,3,90L_10NL_3_1,0,5250,"('s', 'sk', 'sk')",enmoskamos,enmoeskamos
90L_10NL,3,90L_10NL_3_1,0,5250,"('s', 'sk', 'sk')",enmoskamos,enmoeskamos
90L_10NL,3,90L_10NL_3_1,0,5250,"('s', 'sk', 'sk')",enmoskamos,enmoeskamos
90L_10NL,3,90L_10NL_3_1,0,5250,"('s', 'sk', 'sk')",enmoskamos,enmoeskamos
90L_10NL,3,90L_10NL_3_1,0,1750,"('s', 's', 'sk')",enmoskamos,enmoeskamos
90L_10NL,3,90L_10NL_3_1,0,5250,"('s', 'sk', 'sk')",enmoskamos,enmoeskamos
90L_10NL,3,90L_10NL_3_1,0,5250,"('s', 'sk', 'sk')",enmoskamos,enmoeskamos
90L_10NL,3,90L_10NL_3_1,0,5250,"('s', 'sk', 'sk')",enmoskamos,enmoeskamos
90L_10NL,3,90L_10NL_3_1,0,5250,"('s', 'sk', 'sk')",enmoskamos,enmoeskamos
90L_10NL,3,90L_10NL_3_1,0,5250,"('s', 'sk', 'sk')",enmoskamos,enmoeskamos
90L_10NL,3,90L_10NL_3_1,0,5250,"('s', 'sk', 'sk')",enmoskamos,enmoeskamos
90L_10NL,3,90L_10NL_3_1,0,5250,"('s', 'sk', 'sk')",enmoskamos,enmoeskamos
90L_10NL,3,90L_10NL_3_1,0,5250,"('s', 'sk', 'sk')",enmoskamos,enmoeskamos
90L_10NL,3,90L_10NL_3_1,0,5250,"('s', 'sk', 'sk')",enmoskamos,enmoeskamos
90L_10NL,3,90L_10NL_3_1,0,5250,"('s', 'sk', 'sk')",enmoskamos,enmoeskamos
90L_10NL,3,90L_10NL_3_1,0,5250,"('s', 'sk', 'sk')",enmoskamos,enmoeskamos
90L_10NL,3,90L_10NL_3_1,0,5250,"('s', 'sk', 'sk')",enmoskamos,enmoeskamos
90L_10NL,3,90L_10NL_3_1,0,2625,"('sk', 'sk', 'sk')",enmoskamos,enmoeskamos
90L_10NL,3,90L_10NL_3_1,0,2625,"('sk', 'sk', 'sk')",enmoskamos,enmoeskamos
90L_10NL,3,90L_10NL_3_1,0,2625,"('sk', 'sk', 'sk')",enmoskamos,enmoeskamos
90L_10NL,3,90L_10NL_3_1,0,2625,"('sk', 'sk', 'sk')",enmoskamos,enmoeskamos
90L_10NL,3,90L_10NL_3_1,0,2625,"('sk', 'sk', 'sk')",enmoskamos,enmoeskamos
90L_10NL,3,90L_10NL_3_1,0,2625,"('sk', 'sk', 'sk')",enmoskamos,enmoeskamos
90L_10NL,3,90L_10NL_3_1,0,2625,"('sk', 'sk', 'sk')",enmoskamos,enmoeskamos
90L_10NL,3,90L_10NL_3_1,0,2625,"('sk', 'sk', 'sk')",enmoskamos,enmoeskamos
90L_10NL,3,90L_10NL_3_1,0,2625,"('sk', 'sk', 'sk')",enmoskamos,enmoeskamos
90L_10NL,3,90L_10NL_3_1,0,2625,"('sk', 'sk', 'sk')",enmoskamos,enmoeskamos
90L_10NL,3,90L_10NL_3_1,0,2625,"('sk', 'sk', 'sk')",enmoskamos,enmoeskamos
90L_10NL,3,90L_10NL_3_1,0,2625,"('sk', 'sk', 'sk')",enmoseskan,enmoeskamos
90L_10NL,3,90L_10NL_3_1,0,2625,"('sk', 'sk', 'sk')",enmoseskan,enmoeskamos
90L_10NL,3,90L_10NL_3_1,0,2625,"('sk', 'sk', 'sk')",enmweskan,enmoeskamos
90L_10NL,3,90L_10NL_3_1,0,2625,"('sk', 'sk', 'sk')",enmweskan,enmoeskamos
90L_10NL,3,90L_10NL_3_1,0,1750,"('s', 's', 'sk')",enmoseskan,enmoeskan
90L_10NL,3,90L_10NL_3_1,0,1750,"('s', 's', 'sk')",enmweskan,enmoeskan
90L_10NL,3,90L_10NL_3_1,0,1750,"('s', 's', 'sk')",enmweskan,enmoeskan
90L_10NL,3,90L_10NL_3_1,0,1750,"('s', 's', 'sk')",enmweskan,enmoeskan
90L_10NL,3,90L_10NL_3_1,0,5250,"('s', 'sk', 'sk')",enmweskan,enmoeskan
90L_10NL,3,90L_10NL_3_1,0,5250,"('s', 'sk', 'sk')",enmweskan,enmoeskan
90L_10NL,3,90L_10NL_3_1,0,5250,"('s', 'sk', 'sk')",enmweskan,enmoeskan
90L_10NL,3,90L_10NL_3_1,0,5250,"('s', 'sk', 'sk')",enmweskan,enmoeskan
90L_10NL,3,90L_10NL_3_1,0,5250,"('s', 'sk', 'sk')",enmoseskan,enmoeskan
90L_10NL,3,90L_10NL_3_1,0,5250,"('s', 'sk', 'sk')",enmweskan,enmoeskan
90L_10NL,3,90L_10NL_3_1,0,1750,"('s', 's', 'sk')",enmweskan,enmoeskan
90L_10NL,3,90L_10NL_3_1,0,1750,"('s', 's', 'sk')",enmweskan,enmoeskan
90L_10NL,3,90L_10NL_3_1,0,1750,"('s', 's', 'sk')",enmweskan,enmoeskan
90L_10NL,3,90L_10NL_3_1,0,5250,"('s', 'sk', 'sk')",enmweskan,enmoeskan
90L_10NL,3,90L_10NL_3_1,0,5250,"('s', 'sk', 'sk')",enmweskan,enmoeskan
90L_10NL,3,90L_10NL_3_1,0,5250,"('s', 'sk', 'sk')",enmoseskan,enmoeskan
90L_10NL,3,90L_10NL_3_1,0,5250,"('s', 'sk', 'sk')",enmoseskan,enmoeskan
90L_10NL,3,90L_10NL_3_1,0,5250,"('s', 'sk', 'sk')",enmoseskan,enmoeskan
90L_10NL,3,90L_10NL_3_1,0,5250,"('s', 'sk', 'sk')",enmweskan,enmoeskan
90L_10NL,3,90L_10NL_3_1,0,1750,"('s', 's', 'sk')",enmoseskan,enmoeskan
90L_10NL,3,90L_10NL_3_1,0,1750,"('s', 's', 'sk')",enmoseskan,enmoeskan
90L_10NL,3,90L_10NL_3_1,0,5250,"('s', 'sk', 'sk')",enmoses,enmoeskan
90L_10NL,3,90L_10NL_3_1,0,5250,"('s', 'sk', 'sk')",enmoseskan,enmoeskan
90L_10NL,3,90L_10NL_3_1,0,5250,"('s', 'sk', 'sk')",enmoseskan,enmoeskan
90L_10NL,3,90L_10NL_3_1,0,5250,"('s', 'sk', 'sk')",enmoseskan,enmoeskan
90L_10NL,3,90L_10NL_3_1,0,5250,"('s', 'sk', 'sk')",enmweskan,enmoeskan
90L_10NL,3,90L_10NL_3_1,0,5250,"('s', 'sk', 'sk')",enmoseskan,enmoeskan
90L_10NL,3,90L_10NL_3_1,0,1750,"('s', 's', 'sk')",enmoses,enmoeskan
90L_10NL,3,90L_10NL_3_1,0,5250,"('s', 'sk', 'sk')",enmoses,enmoeskan
90L_10NL,3,90L_10NL_3_1,0,5250,"('s', 'sk', 'sk')",enmoseskan,enmoeskan
90L_10NL,3,90L_10NL_3_1,0,5250,"('s', 'sk', 'sk')",enmoskajs,enmoeskan
90L_10NL,3,90L_10NL_3_1,0,5250,"('s', 'sk', 'sk')",enmweskan,enmoeskan
90L_10NL,3,90L_10NL_3_1,0,5250,"('s', 'sk', 'sk')",enmoses,enmoeskan
90L_10NL,3,90L_10NL_3_1,0,5250,"('s', 'sk', 'sk')",enmoskan,enmoeskan
90L_10NL,3,90L_10NL_3_1,0,5250,"('s', 'sk', 'sk')",enmoskan,enmoeskan
90L_10NL,3,90L_10NL_3_1,0,5250,"('s', 'sk', 'sk')",enmoskan,enmoeskan
90L_10NL,3,90L_10NL_3_1,0,5250,"('s', 'sk', 'sk')",enmweskan,enmoeskan
90L_10NL,3,90L_10NL_3_1,0,5250,"('s', 'sk', 'sk')",enmweskan,enmoeskan
90L_10NL,3,90L_10NL_3_1,0,5250,"('s', 'sk', 'sk')",enmweskan,enmoeskan
90L_10NL,3,90L_10NL_3_1,0,5250,"('s', 'sk', 'sk')",enmweskan,enmoeskan
90L_10NL,3,90L_10NL_3_1,0,2625,"('sk', 'sk', 'sk')",enmweskan,enmoeskan
90L_10NL,3,90L_10NL_3_1,0,2625,"('sk', 'sk', 'sk')",enmoseskan,enmoeskan
90L_10NL,3,90L_10NL_3_1,0,2625,"('sk', 'sk', 'sk')",enmoseskan,enmoeskan
90L_10NL,3,90L_10NL_3_1,0,2625,"('sk', 'sk', 'sk')",enmoseskan,enmoeskan
90L_10NL,3,90L_10NL_3_1,0,2625,"('sk', 'sk', 'sk')",enmoseskan,enmoeskan
90L_10NL,3,90L_10NL_3_1,0,2625,"('sk', 'sk', 'sk')",enmoseskan,enmoeskan
90L_10NL,3,90L_10NL_3_1,0,2625,"('sk', 'sk', 'sk')",enmoseskan,enmoeskan
90L_10NL,3,90L_10NL_3_1,0,2625,"('sk', 'sk', 'sk')",enmoseskan,enmoeskan
90L_10NL,3,90L_10NL_3_1,0,2625,"('sk', 'sk', 'sk')",enmoskan,enmoeskan
90L_10NL,3,90L_10NL_3_1,0,2625,"('sk', 'sk', 'sk')",enmoskan,enmoeskan
90L_10NL,3,90L_10NL_3_1,0,2625,"('sk', 'sk', 'sk')",enmoskan,enmoeskan
90L_10NL,3,90L_10NL_3_1,0,2625,"('sk', 'sk', 'sk')",enmweskas,enmoeskan
90L_10NL,3,90L_10NL_3_1,0,2625,"('sk', 'sk', 'sk')",enmweskas,enmoeskan
90L_10NL,3,90L_10NL_3_1,0,2625,"('sk', 'sk', 'sk')",enmweskas,enmoeskan
90L_10NL,3,90L_10NL_3_1,0,2625,"('sk', 'sk', 'sk')",enmoses,enmoeskan
90L_10NL,3,90L_10NL_3_1,0,1750,"('s', 's', 'sk')",enmweskas,enmoeskas
90L_10NL,3,90L_10NL_3_1,0,1750,"('s', 's', 'sk')",enmweskas,enmoeskas
90L_10NL,3,90L_10NL_3_1,0,1750,"('s', 's', 'sk')",enmweskas,enmoeskas
90L_10NL,3,90L_10NL_3_1,0,1750,"('s', 's', 'sk')",enmoses,enmoeskas
90L_10NL,3,90L_10NL_3_1,0,5250,"('s', 'sk', 'sk')",enmoses,enmoeskas
90L_10NL,3,90L_10NL_3_1,0,5250,"('s', 'sk', 'sk')",enmoseskas,enmoeskas
90L_10NL,3,90L_10NL_3_1,0,5250,"('s', 'sk', 'sk')",enmweskas,enmoeskas
90L_10NL,3,90L_10NL_3_1,0,5250,"('s', 'sk', 'sk')",enmweskas,enmoeskas
90L_10NL,3,90L_10NL_3_1,0,5250,"('s', 'sk', 'sk')",enmweskas,enmoeskas
90L_10NL,3,90L_10NL_3_1,0,5250,"('s', 'sk', 'sk')",enmweskas,enmoeskas
90L_10NL,3,90L_10NL_3_1,0,1750,"('s', 's', 'sk')",enmweskas,enmoeskas
90L_10NL,3,90L_10NL_3_1,0,1750,"('s', 's', 'sk')",enmweskas,enmoeskas
90L_10NL,3,90L_10NL_3_1,0,1750,"('s', 's', 'sk')",enmweskas,enmoeskas
90L_10NL,3,90L_10NL_3_1,0,5250,"('s', 'sk', 'sk')",enmweskas,enmoeskas
90L_10NL,3,90L_10NL_3_1,0,5250,"('s', 'sk', 'sk')",enmweskas,enmoeskas
90L_10NL,3,90L_10NL_3_1,0,5250,"('s', 'sk', 'sk')",enmoses,enmoeskas
90L_10NL,3,90L_10NL_3_1,0,5250,"('s', 'sk', 'sk')",enmoses,enmoeskas
90L_10NL,3,90L_10NL_3_1,0,5250,"('s', 'sk', 'sk')",enmoseskas,enmoeskas
90L_10NL,3,90L_10NL_3_1,0,5250,"('s', 'sk', 'sk')",enmweskas,enmoeskas
90L_10NL,3,90L_10NL_3_1,0,1750,"('s', 's', 'sk')",enmoses,enmoeskas
90L_10NL,3,90L_10NL_3_1,0,1750,"('s', 's', 'sk')",enmoses,enmoeskas
90L_10NL,3,90L_10NL_3_1,0,5250,"('s', 'sk', 'sk')",enmoses,enmoeskas
90L_10NL,3,90L_10NL_3_1,0,5250,"('s', 'sk', 'sk')",enmoseskas,enmoeskas
90L_10NL,3,90L_10NL_3_1,1,5250,"('s', 'sk', 'sk')",enmoeskas,enmoeskas
90L_10NL,3,90L_10NL_3_1,0,5250,"('s', 'sk', 'sk')",enmoseskas,enmoeskas
90L_10NL,3,90L_10NL_3_1,0,5250,"('s', 'sk', 'sk')",enmweskas,enmoeskas
90L_10NL,3,90L_10NL_3_1,0,5250,"('s', 'sk', 'sk')",enmoses,enmoeskas
90L_10NL,3,90L_10NL_3_1,0,1750,"('s', 's', 'sk')",enmoses,enmoeskas
90L_10NL,3,90L_10NL_3_1,0,5250,"('s', 'sk', 'sk')",enmoses,enmoeskas
90L_10NL,3,90L_10NL_3_1,0,5250,"('s', 'sk', 'sk')",enmoseskas,enmoeskas
90L_10NL,3,90L_10NL_3_1,0,5250,"('s', 'sk', 'sk')",enmoses,enmoeskas
90L_10NL,3,90L_10NL_3_1,0,5250,"('s', 'sk', 'sk')",enmoses,enmoeskas
90L_10NL,3,90L_10NL_3_1,0,5250,"('s', 'sk', 'sk')",enmoses,enmoeskas
90L_10NL,3,90L_10NL_3_1,0,5250,"('s', 'sk', 'sk')",enmoses,enmoeskas
90L_10NL,3,90L_10NL_3_1,0,5250,"('s', 'sk', 'sk')",enmoses,enmoeskas
90L_10NL,3,90L_10NL_3_1,0,5250,"('s', 'sk', 'sk')",enmoses,enmoeskas
90L_10NL,3,90L_10NL_3_1,0,5250,"('s', 'sk', 'sk')",enmweskas,enmoeskas
90L_10NL,3,90L_10NL_3_1,0,5250,"('s', 'sk', 'sk')",enmweskas,enmoeskas
90L_10NL,3,90L_10NL_3_1,0,5250,"('s', 'sk', 'sk')",enmweskas,enmoeskas
90L_10NL,3,90L_10NL_3_1,0,5250,"('s', 'sk', 'sk')",enmweskas,enmoeskas
90L_10NL,3,90L_10NL_3_1,0,2625,"('sk', 'sk', 'sk')",enmweskas,enmoeskas
90L_10NL,3,90L_10NL_3_1,0,2625,"('sk', 'sk', 'sk')",enmweskas,enmoeskas
90L_10NL,3,90L_10NL_3_1,0,2625,"('sk', 'sk', 'sk')",enmweskas,enmoeskas
90L_10NL,3,90L_10NL_3_1,0,2625,"('sk', 'sk', 'sk')",enmweskas,enmoeskas
90L_10NL,3,90L_10NL_3_1,0,2625,"('sk', 'sk', 'sk')",enmoseskas,enmoeskas
90L_10NL,3,90L_10NL_3_1,0,2625,"('sk', 'sk', 'sk')",enmoseskas,enmoeskas
90L_10NL,3,90L_10NL_3_1,0,2625,"('sk', 'sk', 'sk')",enmoseskas,enmoeskas
90L_10NL,3,90L_10NL_3_1,0,2625,"('sk', 'sk', 'sk')",enmoseskas,enmoeskas
90L_10NL,3,90L_10NL_3_1,0,2625,"('sk', 'sk', 'sk')",enmoses,enmoeskas
90L_10NL,3,90L_10NL_3_1,0,2625,"('sk', 'sk', 'sk')",enmoses,enmoeskas
90L_10NL,3,90L_10NL_3_1,0,2625,"('sk', 'sk', 'sk')",enmoses,enmoeskas
90L_10NL,3,90L_10NL_3_1,0,2625,"('sk', 'sk', 'sk')",enmweska,enmoeskas
90L_10NL,3,90L_10NL_3_1,0,2625,"('sk', 'sk', 'sk')",enmoseska,enmoeskas
90L_10NL,3,90L_10NL_3_1,0,2625,"('sk', 'sk', 'sk')",enmoseska,enmoeskas
90L_10NL,3,90L_10NL_3_1,0,2625,"('sk', 'sk', 'sk')",enmweska,enmoeskas
90L_10NL,3,90L_10NL_3_1,0,1750,"('s', 's', 'sk')",enmweska,enmoeska
90L_10NL,3,90L_10NL_3_1,0,1750,"('s', 's', 'sk')",enmweska,enmoeska
90L_10NL,3,90L_10NL_3_1,0,1750,"('s', 's', 'sk')",enmweska,enmoeska
90L_10NL,3,90L_10NL_3_1,0,1750,"('s', 's', 'sk')",enmweska,enmoeska
90L_10NL,3,90L_10NL_3_1,0,5250,"('s', 'sk', 'sk')",enmweska,enmoeska
90L_10NL,3,90L_10NL_3_1,0,5250,"('s', 'sk', 'sk')",enmweska,enmoeska
90L_10NL,3,90L_10NL_3_1,0,5250,"('s', 'sk', 'sk')",enmweska,enmoeska
90L_10NL,3,90L_10NL_3_1,0,5250,"('s', 'sk', 'sk')",enmweska,enmoeska
90L_10NL,3,90L_10NL_3_1,0,5250,"('s', 'sk', 'sk')",enmweska,enmoeska
90L_10NL,3,90L_10NL_3_1,0,5250,"('s', 'sk', 'sk')",enmweska,enmoeska
90L_10NL,3,90L_10NL_3_1,0,1750,"('s', 's', 'sk')",enmoseska,enmoeska
90L_10NL,3,90L_10NL_3_1,0,1750,"('s', 's', 'sk')",enmweska,enmoeska
90L_10NL,3,90L_10NL_3_1,0,1750,"('s', 's', 'sk')",enmweska,enmoeska
90L_10NL,3,90L_10NL_3_1,0,5250,"('s', 'sk', 'sk')",enmweska,enmoeska
90L_10NL,3,90L_10NL_3_1,0,5250,"('s', 'sk', 'sk')",enmweska,enmoeska
90L_10NL,3,90L_10NL_3_1,0,5250,"('s', 'sk', 'sk')",enmoseska,enmoeska
90L_10NL,3,90L_10NL_3_1,0,5250,"('s', 'sk', 'sk')",enmoseska,enmoeska
90L_10NL,3,90L_10NL_3_1,0,5250,"('s', 'sk', 'sk')",enmoseska,enmoeska
90L_10NL,3,90L_10NL_3_1,0,5250,"('s', 'sk', 'sk')",enmweska,enmoeska
90L_10NL,3,90L_10NL_3_1,0,1750,"('s', 's', 'sk')",enmweska,enmoeska
90L_10NL,3,90L_10NL_3_1,0,1750,"('s', 's', 'sk')",enmweska,enmoeska
90L_10NL,3,90L_10NL_3_1,0,5250,"('s', 'sk', 'sk')",enmoseska,enmoeska
90L_10NL,3,90L_10NL_3_1,0,5250,"('s', 'sk', 'sk')",enmoseska,enmoeska
90L_10NL,3,90L_10NL_3_1,0,5250,"('s', 'sk', 'sk')",enmoseska,enmoeska
90L_10NL,3,90L_10NL_3_1,0,5250,"('s', 'sk', 'sk')",enmoseska,enmoeska
90L_10NL,3,90L_10NL_3_1,0,5250,"('s', 'sk', 'sk')",enmoseska,enmoeska
90L_10NL,3,90L_10NL_3_1,0,5250,"('s', 'sk', 'sk')",enmoseska,enmoeska
90L_10NL,3,90L_10NL_3_1,0,1750,"('s', 's', 'sk')",enmweska,enmoeska
90L_10NL,3,90L_10NL_3_1,0,5250,"('s', 'sk', 'sk')",enmoseska,enmoeska
90L_10NL,3,90L_10NL_3_1,0,5250,"('s', 'sk', 'sk')",enmoseska,enmoeska
90L_10NL,3,90L_10NL_3_1,0,5250,"('s', 'sk', 'sk')",enmoseska,enmoeska
90L_10NL,3,90L_10NL_3_1,0,5250,"('s', 'sk', 'sk')",enmoska,enmoeska
90L_10NL,3,90L_10NL_3_1,0,5250,"('s', 'sk', 'sk')",enmweska,enmoeska
90L_10NL,3,90L_10NL_3_1,0,5250,"('s', 'sk', 'sk')",enmweska,enmoeska
90L_10NL,3,90L_10NL_3_1,0,5250,"('s', 'sk', 'sk')",enmoska,enmoeska
90L_10NL,3,90L_10NL_3_1,0,5250,"('s', 'sk', 'sk')",enmoska,enmoeska
90L_10NL,3,90L_10NL_3_1,0,5250,"('s', 'sk', 'sk')",enmweska,enmoeska
90L_10NL,3,90L_10NL_3_1,0,5250,"('s', 'sk', 'sk')",enmoseska,enmoeska
90L_10NL,3,90L_10NL_3_1,0,5250,"('s', 'sk', 'sk')",enmoseska,enmoeska
90L_10NL,3,90L_10NL_3_1,0,5250,"('s', 'sk', 'sk')",enmweska,enmoeska
90L_10NL,3,90L_10NL_3_1,0,2625,"('sk', 'sk', 'sk')",enmoseska,enmoeska
90L_10NL,3,90L_10NL_3_1,0,2625,"('sk', 'sk', 'sk')",enmoseska,enmoeska
90L_10NL,3,90L_10NL_3_1,0,2625,"('sk', 'sk', 'sk')",enmoseska,enmoeska
90L_10NL,3,90L_10NL_3_1,0,2625,"('sk', 'sk', 'sk')",enmoseska,enmoeska
90L_10NL,3,90L_10NL_3_1,0,2625,"('sk', 'sk', 'sk')",enmoseska,enmoeska
90L_10NL,3,90L_10NL_3_1,0,2625,"('sk', 'sk', 'sk')",enmoseska,enmoeska
90L_10NL,3,90L_10NL_3_1,0,2625,"('sk', 'sk', 'sk')",enmoseska,enmoeska
90L_10NL,3,90L_10NL_3_1,0,2625,"('sk', 'sk', 'sk')",enmoseska,enmoeska
90L_10NL,3,90L_10NL_3_1,0,2625,"('sk', 'sk', 'sk')",enmoseska,enmoeska
90L_10NL,3,90L_10NL_3_1,0,2625,"('sk', 'sk', 'sk')",enmoseska,enmoeska
90L_10NL,3,90L_10NL_3_1,0,2625,"('sk', 'sk', 'sk')",enmoseska,enmoeska
90L_10NL,3,90L_10NL_3_1,0,2625,"('sk', 'sk', 'sk')",enmweska,enmoeska
90L_10NL,3,90L_10NL_3_1,0,2625,"('sk', 'sk', 'sk')",enmoseska,enmoeska
90L_10NL,3,90L_10NL_3_1,0,2625,"('sk', 'sk', 'sk')",enmoseska,enmoeska
90L_10NL,3,90L_10NL_3_1,0,2625,"('sk', 'sk', 'sk')",enmweska,enmoeska
90L_10NL,3,90L_10NL_3_1,0,1750,"('s', 's', 'sk')",enmoseska,enmoeska
90L_10NL,3,90L_10NL_3_1,0,1750,"('s', 's', 'sk')",enmweska,enmoeska
90L_10NL,3,90L_10NL_3_1,0,1750,"('s', 's', 'sk')",enmweska,enmoeska
90L_10NL,3,90L_10NL_3_1,0,1750,"('s', 's', 'sk')",enmweska,enmoeska
90L_10NL,3,90L_10NL_3_1,0,5250,"('s', 'sk', 'sk')",enmweska,enmoeska
90L_10NL,3,90L_10NL_3_1,0,5250,"('s', 'sk', 'sk')",enmweska,enmoeska
90L_10NL,3,90L_10NL_3_1,0,5250,"('s', 'sk', 'sk')",enmweska,enmoeska
90L_10NL,3,90L_10NL_3_1,0,5250,"('s', 'sk', 'sk')",enmweska,enmoeska
90L_10NL,3,90L_10NL_3_1,0,5250,"('s', 'sk', 'sk')",enmweska,enmoeska
90L_10NL,3,90L_10NL_3_1,0,5250,"('s', 'sk', 'sk')",enmweska,enmoeska
90L_10NL,3,90L_10NL_3_1,0,1750,"('s', 's', 'sk')",enmoseska,enmoeska
90L_10NL,3,90L_10NL_3_1,0,1750,"('s', 's', 'sk')",enmweska,enmoeska
90L_10NL,3,90L_10NL_3_1,0,1750,"('s', 's', 'sk')",enmweska,enmoeska
90L_10NL,3,90L_10NL_3_1,0,5250,"('s', 'sk', 'sk')",enmweska,enmoeska
90L_10NL,3,90L_10NL_3_1,0,5250,"('s', 'sk', 'sk')",enmweska,enmoeska
90L_10NL,3,90L_10NL_3_1,0,5250,"('s', 'sk', 'sk')",enmoseska,enmoeska
90L_10NL,3,90L_10NL_3_1,0,5250,"('s', 'sk', 'sk')",enmoseska,enmoeska
90L_10NL,3,90L_10NL_3_1,0,5250,"('s', 'sk', 'sk')",enmoseska,enmoeska
90L_10NL,3,90L_10NL_3_1,0,5250,"('s', 'sk', 'sk')",enmweska,enmoeska
90L_10NL,3,90L_10NL_3_1,0,1750,"('s', 's', 'sk')",enmoseska,enmoeska
90L_10NL,3,90L_10NL_3_1,0,1750,"('s', 's', 'sk')",enmweska,enmoeska
90L_10NL,3,90L_10NL_3_1,0,5250,"('s', 'sk', 'sk')",enmoseska,enmoeska
90L_10NL,3,90L_10NL_3_1,0,5250,"('s', 'sk', 'sk')",enmoseska,enmoeska
90L_10NL,3,90L_10NL_3_1,1,5250,"('s', 'sk', 'sk')",enmoeska,enmoeska
90L_10NL,3,90L_10NL_3_1,0,5250,"('s', 'sk', 'sk')",enmoseska,enmoeska
90L_10NL,3,90L_10NL_3_1,0,5250,"('s', 'sk', 'sk')",enmoseska,enmoeska
90L_10NL,3,90L_10NL_3_1,0,5250,"('s', 'sk', 'sk')",enmoseska,enmoeska
90L_10NL,3,90L_10NL_3_1,0,1750,"('s', 's', 'sk')",enmweska,enmoeska
90L_10NL,3,90L_10NL_3_1,0,5250,"('s', 'sk', 'sk')",enmoseska,enmoeska
90L_10NL,3,90L_10NL_3_1,0,5250,"('s', 'sk', 'sk')",enmoseska,enmoeska
90L_10NL,3,90L_10NL_3_1,0,5250,"('s', 'sk', 'sk')",enmoseska,enmoeska
90L_10NL,3,90L_10NL_3_1,0,5250,"('s', 'sk', 'sk')",enmoska,enmoeska
90L_10NL,3,90L_10NL_3_1,0,5250,"('s', 'sk', 'sk')",enmoska,enmoeska
90L_10NL,3,90L_10NL_3_1,0,5250,"('s', 'sk', 'sk')",enmoska,enmoeska
90L_10NL,3,90L_10NL_3_1,0,5250,"('s', 'sk', 'sk')",enmoska,enmoeska
90L_10NL,3,90L_10NL_3_1,0,5250,"('s', 'sk', 'sk')",enmoska,enmoeska
90L_10NL,3,90L_10NL_3_1,0,5250,"('s', 'sk', 'sk')",enmweska,enmoeska
90L_10NL,3,90L_10NL_3_1,0,5250,"('s', 'sk', 'sk')",enmweska,enmoeska
90L_10NL,3,90L_10NL_3_1,0,5250,"('s', 'sk', 'sk')",enmweska,enmoeska
90L_10NL,3,90L_10NL_3_1,0,5250,"('s', 'sk', 'sk')",enmweska,enmoeska
90L_10NL,3,90L_10NL_3_1,0,2625,"('sk', 'sk', 'sk')",enmweska,enmoeska
90L_10NL,3,90L_10NL_3_1,0,2625,"('sk', 'sk', 'sk')",enmoseska,enmoeska
90L_10NL,3,90L_10NL_3_1,0,2625,"('sk', 'sk', 'sk')",enmoseska,enmoeska
90L_10NL,3,90L_10NL_3_1,0,2625,"('sk', 'sk', 'sk')",enmoseska,enmoeska
90L_10NL,3,90L_10NL_3_1,0,2625,"('sk', 'sk', 'sk')",enmoseska,enmoeska
90L_10NL,3,90L_10NL_3_1,0,2625,"('sk', 'sk', 'sk')",enmoseska,enmoeska
90L_10NL,3,90L_10NL_3_1,0,2625,"('sk', 'sk', 'sk')",enmoseska,enmoeska
90L_10NL,3,90L_10NL_3_1,0,2625,"('sk', 'sk', 'sk')",enmoseska,enmoeska
90L_10NL,3,90L_10NL_3_1,0,2625,"('sk', 'sk', 'sk')",enmoseska,enmoeska
90L_10NL,3,90L_10NL_3_1,0,2625,"('sk', 'sk', 'sk')",enmoseska,enmoeska
90L_10NL,3,90L_10NL_3_1,0,2625,"('sk', 'sk', 'sk')",enmoseska,enmoeska
90L_10NL,3,90L_10NL_3_1,0,2625,"('sk', 'sk', 'sk')",enmosesko,enmoeska
90L_10NL,3,90L_10NL_3_1,0,2625,"('sk', 'sk', 'sk')",enmosesko,enmoeska
90L_10NL,3,90L_10NL_3_1,0,2625,"('sk', 'sk', 'sk')",enmosesko,enmoeska
90L_10NL,3,90L_10NL_3_1,0,2625,"('sk', 'sk', 'sk')",enmosesko,enmoeska
90L_10NL,3,90L_10NL_3_1,0,1750,"('s', 's', 'sk')",enmosesko,enmoesko
90L_10NL,3,90L_10NL_3_1,0,1750,"('s', 's', 'sk')",enmosesko,enmoesko
90L_10NL,3,90L_10NL_3_1,0,1750,"('s', 's', 'sk')",enmosesko,enmoesko
90L_10NL,3,90L_10NL_3_1,0,1750,"('s', 's', 'sk')",enmosesko,enmoesko
90L_10NL,3,90L_10NL_3_1,0,5250,"('s', 'sk', 'sk')",enmosesko,enmoesko
90L_10NL,3,90L_10NL_3_1,0,5250,"('s', 'sk', 'sk')",enmosesko,enmoesko
90L_10NL,3,90L_10NL_3_1,0,5250,"('s', 'sk', 'sk')",enmosesko,enmoesko
90L_10NL,3,90L_10NL_3_1,0,5250,"('s', 'sk', 'sk')",enmosesko,enmoesko
90L_10NL,3,90L_10NL_3_1,0,5250,"('s', 'sk', 'sk')",enmwesko,enmoesko
90L_10NL,3,90L_10NL_3_1,0,5250,"('s', 'sk', 'sk')",enmosesko,enmoesko
90L_10NL,3,90L_10NL_3_1,0,1750,"('s', 's', 'sk')",enmosesko,enmoesko
90L_10NL,3,90L_10NL_3_1,0,1750,"('s', 's', 'sk')",enmosesko,enmoesko
90L_10NL,3,90L_10NL_3_1,0,1750,"('s', 's', 'sk')",enmosesko,enmoesko
90L_10NL,3,90L_10NL_3_1,0,5250,"('s', 'sk', 'sk')",enmosesko,enmoesko
90L_10NL,3,90L_10NL_3_1,0,5250,"('s', 'sk', 'sk')",enmosesko,enmoesko
90L_10NL,3,90L_10NL_3_1,0,5250,"('s', 'sk', 'sk')",enmosesko,enmoesko
90L_10NL,3,90L_10NL_3_1,0,5250,"('s', 'sk', 'sk')",enmosesko,enmoesko
90L_10NL,3,90L_10NL_3_1,0,5250,"('s', 'sk', 'sk')",enmosesko,enmoesko
90L_10NL,3,90L_10NL_3_1,0,5250,"('s', 'sk', 'sk')",enmosesko,enmoesko
90L_10NL,3,90L_10NL_3_1,0,1750,"('s', 's', 'sk')",enmosesko,enmoesko
90L_10NL,3,90L_10NL_3_1,0,1750,"('s', 's', 'sk')",enmosesko,enmoesko
90L_10NL,3,90L_10NL_3_1,0,5250,"('s', 'sk', 'sk')",enmosesko,enmoesko
90L_10NL,3,90L_10NL_3_1,0,5250,"('s', 'sk', 'sk')",enmosesko,enmoesko
90L_10NL,3,90L_10NL_3_1,0,5250,"('s', 'sk', 'sk')",enmosesko,enmoesko
90L_10NL,3,90L_10NL_3_1,0,5250,"('s', 'sk', 'sk')",enmosesko,enmoesko
90L_10NL,3,90L_10NL_3_1,0,5250,"('s', 'sk', 'sk')",enmosesko,enmoesko
90L_10NL,3,90L_10NL_3_1,0,5250,"('s', 'sk', 'sk')",enmosesko,enmoesko
90L_10NL,3,90L_10NL_3_1,0,1750,"('s', 's', 'sk')",enmosesko,enmoesko
90L_10NL,3,90L_10NL_3_1,0,5250,"('s', 'sk', 'sk')",enmosesko,enmoesko
90L_10NL,3,90L_10NL_3_1,0,5250,"('s', 'sk', 'sk')",enmosesko,enmoesko
90L_10NL,3,90L_10NL_3_1,0,5250,"('s', 'sk', 'sk')",enmosesko,enmoesko
90L_10NL,3,90L_10NL_3_1,0,5250,"('s', 'sk', 'sk')",enmosesko,enmoesko
90L_10NL,3,90L_10NL_3_1,0,5250,"('s', 'sk', 'sk')",enmosesko,enmoesko
90L_10NL,3,90L_10NL_3_1,0,5250,"('s', 'sk', 'sk')",enmosesko,enmoesko
90L_10NL,3,90L_10NL_3_1,0,5250,"('s', 'sk', 'sk')",enmosesko,enmoesko
90L_10NL,3,90L_10NL_3_1,0,5250,"('s', 'sk', 'sk')",enmosesko,enmoesko
90L_10NL,3,90L_10NL_3_1,0,5250,"('s', 'sk', 'sk')",enmosesko,enmoesko
90L_10NL,3,90L_10NL_3_1,0,5250,"('s', 'sk', 'sk')",enmosesko,enmoesko
90L_10NL,3,90L_10NL_3_1,0,5250,"('s', 'sk', 'sk')",enmosesko,enmoesko
90L_10NL,3,90L_10NL_3_1,0,5250,"('s', 'sk', 'sk')",enmosesko,enmoesko
90L_10NL,3,90L_10NL_3_1,0,2625,"('sk', 'sk', 'sk')",enmosesko,enmoesko
90L_10NL,3,90L_10NL_3_1,0,2625,"('sk', 'sk', 'sk')",enmosesko,enmoesko
90L_10NL,3,90L_10NL_3_1,0,2625,"('sk', 'sk', 'sk')",enmosesko,enmoesko
90L_10NL,3,90L_10NL_3_1,0,2625,"('sk', 'sk', 'sk')",enmosesko,enmoesko
90L_10NL,3,90L_10NL_3_1,0,2625,"('sk', 'sk', 'sk')",enmosesko,enmoesko
90L_10NL,3,90L_10NL_3_1,0,2625,"('sk', 'sk', 'sk')",enmosesko,enmoesko
90L_10NL,3,90L_10NL_3_1,0,2625,"('sk', 'sk', 'sk')",enmosesko,enmoesko
90L_10NL,3,90L_10NL_3_1,0,2625,"('sk', 'sk', 'sk')",enmosesko,enmoesko
90L_10NL,3,90L_10NL_3_1,0,2625,"('sk', 'sk', 'sk')",enmosesko,enmoesko
90L_10NL,3,90L_10NL_3_1,0,2625,"('sk', 'sk', 'sk')",enmosesko,enmoesko
90L_10NL,3,90L_10NL_3_1,0,2625,"('sk', 'sk', 'sk')",enmosesko,enmoesko
90L_10NL,3,90L_10NL_3_1,0,2625,"('sk', 'sk', 'sk')",desaɾsadesejs,enmoesko
90L_10NL,3,90L_10NL_3_1,0,2625,"('sk', 'sk', 'sk')",desaɾsadesejs,enmoesko
90L_10NL,3,90L_10NL_3_1,0,2625,"('sk', 'sk', 'sk')",desaɾsadesejs,enmoesko
90L_10NL,3,90L_10NL_3_1,0,2625,"('sk', 'sk', 'sk')",desaɾɡadesejs,enmoesko
90L_10NL,3,90L_10NL_3_1,0,1085,"('s', 's', 's')",desaɾɡadesejs,desaɡɾadesejs
90L_10NL,3,90L_10NL_3_1,0,1085,"('s', 's', 's')",desaɾsadesejs,desaɡɾadesejs
90L_10NL,3,90L_10NL_3_1,0,1085,"('s', 's', 's')",desaɾsadesejs,desaɡɾadesejs
90L_10NL,3,90L_10NL_3_1,0,3500,"('s', 'sk', 's')",desaɾsadesejs,desaɡɾadesejs
90L_10NL,3,90L_10NL_3_1,0,3500,"('s', 'sk', 's')",desaɾsadesejs,desaɡɾadesejs
90L_10NL,3,90L_10NL_3_1,0,3500,"('s', 'sk', 's')",desaɾsadesejs,desaɡɾadesejs
90L_10NL,3,90L_10NL_3_1,0,3500,"('s', 'sk', 's')",desaɾsadesejs,desaɡɾadesejs
90L_10NL,3,90L_10NL_3_1,0,3500,"('s', 'sk', 's')",desaɾsadesejs,desaɡɾadesejs
90L_10NL,3,90L_10NL_3_1,0,3500,"('s', 'sk', 's')",desaɾsadesejs,desaɡɾadesejs
90L_10NL,3,90L_10NL_3_1,0,3500,"('s', 'sk', 's')",desaɾɡadesejs,desaɡɾadesejs
90L_10NL,3,90L_10NL_3_1,0,1085,"('s', 's', 's')",desaɾsadesejs,desaɡɾadesejs
90L_10NL,3,90L_10NL_3_1,0,1085,"('s', 's', 's')",desaɾsadesejs,desaɡɾadesejs
90L_10NL,3,90L_10NL_3_1,0,3500,"('s', 'sk', 's')",desaɾsadesejs,desaɡɾadesejs
90L_10NL,3,90L_10NL_3_1,0,3500,"('s', 'sk', 's')",desaɾsadesejs,desaɡɾadesejs
90L_10NL,3,90L_10NL_3_1,0,3500,"('s', 'sk', 's')",desaɾsadesejs,desaɡɾadesejs
90L_10NL,3,90L_10NL_3_1,0,3500,"('s', 'sk', 's')",desaɾsadesejs,desaɡɾadesejs
90L_10NL,3,90L_10NL_3_1,0,3500,"('s', 'sk', 's')",desaɾsadesejs,desaɡɾadesejs
90L_10NL,3,90L_10NL_3_1,0,3500,"('s', 'sk', 's')",desaɾɡadesejs,desaɡɾadesejs
90L_10NL,3,90L_10NL_3_1,0,3500,"('s', 'sk', 's')",desaɾsadesejs,desaɡɾadesejs
90L_10NL,3,90L_10NL_3_1,0,1085,"('s', 's', 's')",desaɾsadesejs,desaɡɾadesejs
90L_10NL,3,90L_10NL_3_1,0,3500,"('s', 'sk', 's')",desaɾsadesejs,desaɡɾadesejs
90L_10NL,3,90L_10NL_3_1,0,3500,"('s', 'sk', 's')",desaɾsadesejs,desaɡɾadesejs
90L_10NL,3,90L_10NL_3_1,0,3500,"('s', 'sk', 's')",desaɾsadesejs,desaɡɾadesejs
90L_10NL,3,90L_10NL_3_1,0,3500,"('s', 'sk', 's')",desaɾsadesejs,desaɡɾadesejs
90L_10NL,3,90L_10NL_3_1,0,3500,"('s', 'sk', 's')",desaɾɡadesejs,desaɡɾadesejs
90L_10NL,3,90L_10NL_3_1,0,3500,"('s', 'sk', 's')",desaɾsadesejs,desaɡɾadesejs
90L_10NL,3,90L_10NL_3_1,0,3500,"('s', 'sk', 's')",desaɾsadesejs,desaɡɾadesejs
90L_10NL,3,90L_10NL_3_1,0,3500,"('s', 'sk', 's')",desaɾsadesejs,desaɡɾadesejs
90L_10NL,3,90L_10NL_3_1,0,3500,"('s', 'sk', 's')",desaɾsadesejs,desaɡɾadesejs
90L_10NL,3,90L_10NL_3_1,0,3500,"('s', 'sk', 's')",desaɾsadesejs,desaɡɾadesejs
90L_10NL,3,90L_10NL_3_1,0,3500,"('s', 'sk', 's')",desaɾɡadesejs,desaɡɾadesejs
90L_10NL,3,90L_10NL_3_1,0,3500,"('s', 'sk', 's')",desaɾsadesejs,desaɡɾadesejs
90L_10NL,3,90L_10NL_3_1,0,3500,"('s', 'sk', 's')",desaɾsadesejs,desaɡɾadesejs
90L_10NL,3,90L_10NL_3_1,0,3500,"('s', 'sk', 's')",desaɾsadesejs,desaɡɾadesejs
90L_10NL,3,90L_10NL_3_1,0,2625,"('sk', 'sk', 's')",desaɾsadesejs,desaɡɾadesejs
90L_10NL,3,90L_10NL_3_1,0,2625,"('sk', 'sk', 's')",desaɾsadesejs,desaɡɾadesejs
90L_10NL,3,90L_10NL_3_1,0,2625,"('sk', 'sk', 's')",desaɾɡadesejs,desaɡɾadesejs
90L_10NL,3,90L_10NL_3_1,0,2625,"('sk', 'sk', 's')",desaɾɡadesejs,desaɡɾadesejs
90L_10NL,3,90L_10NL_3_1,0,2625,"('sk', 'sk', 's')",desaɾɡadesejs,desaɡɾadesejs
90L_10NL,3,90L_10NL_3_1,0,2625,"('sk', 'sk', 's')",desaɾɡadesejs,desaɡɾadesejs
90L_10NL,3,90L_10NL_3_1,0,2625,"('sk', 'sk', 's')",desaɾɡadesejs,desaɡɾadesejs
90L_10NL,3,90L_10NL_3_1,0,2625,"('sk', 'sk', 's')",desaɾsadesejs,desaɡɾadesejs
90L_10NL,3,90L_10NL_3_1,0,2625,"('sk', 'sk', 's')",desaɾsadesejs,desaɡɾadesejs
90L_10NL,3,90L_10NL_3_1,0,2625,"('sk', 'sk', 's')",desaɾsadesejs,desaɡɾadesejs
90L_10NL,3,90L_10NL_3_1,0,2625,"('sk', 'sk', 's')",desaɾsadesejs,desaɡɾadesejs
90L_10NL,3,90L_10NL_3_1,0,2625,"('sk', 'sk', 's')",desaɾsadesejs,desaɡɾadesejs
90L_10NL,3,90L_10NL_3_1,0,2625,"('sk', 'sk', 's')",desaɾsadesejs,desaɡɾadesejs
90L_10NL,3,90L_10NL_3_1,0,2625,"('sk', 'sk', 's')",desaɾsadesejs,desaɡɾadesejs
90L_10NL,3,90L_10NL_3_1,0,2625,"('sk', 'sk', 's')",desaɾsadesejs,desaɡɾadesejs
90L_10NL,3,90L_10NL_3_1,0,2625,"('sk', 'sk', 's')",desaɾsadesejs,desaɡɾadesejs
90L_10NL,3,90L_10NL_3_1,0,2625,"('sk', 'sk', 's')",desaɾsadesejs,desaɡɾadesejs
90L_10NL,3,90L_10NL_3_1,0,2625,"('sk', 'sk', 's')",desaɾsadesemos,desaɡɾadesejs
90L_10NL,3,90L_10NL_3_1,0,2625,"('sk', 'sk', 's')",desaɾsadesemos,desaɡɾadesejs
90L_10NL,3,90L_10NL_3_1,0,2625,"('sk', 'sk', 's')",desaɾsadesemos,desaɡɾadesejs
90L_10NL,3,90L_10NL_3_1,0,2625,"('sk', 'sk', 's')",desaɾsadesemos,desaɡɾadesejs
90L_10NL,3,90L_10NL_3_1,0,1085,"('s', 's', 's')",desaɾɡadesemos,desaɡɾadesemos
90L_10NL,3,90L_10NL_3_1,0,1085,"('s', 's', 's')",desaɾsadesemos,desaɡɾadesemos
90L_10NL,3,90L_10NL_3_1,0,1085,"('s', 's', 's')",desaɾsadesemos,desaɡɾadesemos
90L_10NL,3,90L_10NL_3_1,0,3500,"('s', 'sk', 's')",desaɾsadesemos,desaɡɾadesemos
90L_10NL,3,90L_10NL_3_1,0,3500,"('s', 'sk', 's')",desaɾsadesemos,desaɡɾadesemos
90L_10NL,3,90L_10NL_3_1,0,3500,"('s', 'sk', 's')",desaɾsadesemos,desaɡɾadesemos
90L_10NL,3,90L_10NL_3_1,0,3500,"('s', 'sk', 's')",desaɾsadesemos,desaɡɾadesemos
90L_10NL,3,90L_10NL_3_1,0,3500,"('s', 'sk', 's')",desaɾsadesemos,desaɡɾadesemos
90L_10NL,3,90L_10NL_3_1,0,3500,"('s', 'sk', 's')",desaɾsadesemos,desaɡɾadesemos
90L_10NL,3,90L_10NL_3_1,0,3500,"('s', 'sk', 's')",desaɾɡadesemos,desaɡɾadesemos
90L_10NL,3,90L_10NL_3_1,0,1085,"('s', 's', 's')",desaɾsadesemos,desaɡɾadesemos
90L_10NL,3,90L_10NL_3_1,0,1085,"('s', 's', 's')",desaɾsadesemos,desaɡɾadesemos
90L_10NL,3,90L_10NL_3_1,0,3500,"('s', 'sk', 's')",desaɾsadesemos,desaɡɾadesemos
90L_10NL,3,90L_10NL_3_1,0,3500,"('s', 'sk', 's')",desaɾsadesemos,desaɡɾadesemos
90L_10NL,3,90L_10NL_3_1,0,3500,"('s', 'sk', 's')",desaɾsadesemos,desaɡɾadesemos
90L_10NL,3,90L_10NL_3_1,0,3500,"('s', 'sk', 's')",desaɾsadesemos,desaɡɾadesemos
90L_10NL,3,90L_10NL_3_1,0,3500,"('s', 'sk', 's')",desaɾsadesemos,desaɡɾadesemos
90L_10NL,3,90L_10NL_3_1,0,3500,"('s', 'sk', 's')",desaɾɡadesemos,desaɡɾadesemos
90L_10NL,3,90L_10NL_3_1,0,3500,"('s', 'sk', 's')",desaɾsadesemos,desaɡɾadesemos
90L_10NL,3,90L_10NL_3_1,0,1085,"('s', 's', 's')",desaɾsadesemos,desaɡɾadesemos
90L_10NL,3,90L_10NL_3_1,0,3500,"('s', 'sk', 's')",desaɾsadesemos,desaɡɾadesemos
90L_10NL,3,90L_10NL_3_1,0,3500,"('s', 'sk', 's')",desaɾsadesemos,desaɡɾadesemos
90L_10NL,3,90L_10NL_3_1,0,3500,"('s', 'sk', 's')",desaɾsadesemos,desaɡɾadesemos
90L_10NL,3,90L_10NL_3_1,0,3500,"('s', 'sk', 's')",desaɾsadesemos,desaɡɾadesemos
90L_10NL,3,90L_10NL_3_1,0,3500,"('s', 'sk', 's')",desaɾɡadesemos,desaɡɾadesemos
90L_10NL,3,90L_10NL_3_1,0,3500,"('s', 'sk', 's')",desaɾsadesemos,desaɡɾadesemos
90L_10NL,3,90L_10NL_3_1,0,3500,"('s', 'sk', 's')",desaɾsadesemos,desaɡɾadesemos
90L_10NL,3,90L_10NL_3_1,0,3500,"('s', 'sk', 's')",desaɾsadesemos,desaɡɾadesemos
90L_10NL,3,90L_10NL_3_1,0,3500,"('s', 'sk', 's')",desaɾsadesemos,desaɡɾadesemos
90L_10NL,3,90L_10NL_3_1,0,3500,"('s', 'sk', 's')",desaɾsadesemos,desaɡɾadesemos
90L_10NL,3,90L_10NL_3_1,0,3500,"('s', 'sk', 's')",desaɾɡadesemos,desaɡɾadesemos
90L_10NL,3,90L_10NL_3_1,0,3500,"('s', 'sk', 's')",desaɾsadesemos,desaɡɾadesemos
90L_10NL,3,90L_10NL_3_1,0,3500,"('s', 'sk', 's')",desaɾsadesemos,desaɡɾadesemos
90L_10NL,3,90L_10NL_3_1,0,3500,"('s', 'sk', 's')",desaɾsadesemos,desaɡɾadesemos
90L_10NL,3,90L_10NL_3_1,0,2625,"('sk', 'sk', 's')",desaɾsadesemos,desaɡɾadesemos
90L_10NL,3,90L_10NL_3_1,0,2625,"('sk', 'sk', 's')",desaɾsadesemos,desaɡɾadesemos
90L_10NL,3,90L_10NL_3_1,0,2625,"('sk', 'sk', 's')",desaɾɡadesemos,desaɡɾadesemos
90L_10NL,3,90L_10NL_3_1,0,2625,"('sk', 'sk', 's')",desaɾɡadesemos,desaɡɾadesemos
90L_10NL,3,90L_10NL_3_1,0,2625,"('sk', 'sk', 's')",desaɾɡadesemos,desaɡɾadesemos
90L_10NL,3,90L_10NL_3_1,0,2625,"('sk', 'sk', 's')",desaɾɡadesemos,desaɡɾadesemos
90L_10NL,3,90L_10NL_3_1,0,2625,"('sk', 'sk', 's')",desaɾɡadesemos,desaɡɾadesemos
90L_10NL,3,90L_10NL_3_1,0,2625,"('sk', 'sk', 's')",desaɾsadesemos,desaɡɾadesemos
90L_10NL,3,90L_10NL_3_1,0,2625,"('sk', 'sk', 's')",desaɾsadesemos,desaɡɾadesemos
90L_10NL,3,90L_10NL_3_1,0,2625,"('sk', 'sk', 's')",desaɾsadesemos,desaɡɾadesemos
90L_10NL,3,90L_10NL_3_1,0,2625,"('sk', 'sk', 's')",desaɾsadesemos,desaɡɾadesemos
90L_10NL,3,90L_10NL_3_1,0,2625,"('sk', 'sk', 's')",desaɾsadesemos,desaɡɾadesemos
90L_10NL,3,90L_10NL_3_1,0,2625,"('sk', 'sk', 's')",desaɾsadesemos,desaɡɾadesemos
90L_10NL,3,90L_10NL_3_1,0,2625,"('sk', 'sk', 's')",desaɾsadesemos,desaɡɾadesemos
90L_10NL,3,90L_10NL_3_1,0,2625,"('sk', 'sk', 's')",desaɾsadesemos,desaɡɾadesemos
90L_10NL,3,90L_10NL_3_1,0,2625,"('sk', 'sk', 's')",desaɾsadesemos,desaɡɾadesemos
90L_10NL,3,90L_10NL_3_1,0,2625,"('sk', 'sk', 's')",desaɾsadesemos,desaɡɾadesemos
90L_10NL,3,90L_10NL_3_1,0,2625,"('sk', 'sk', 's')",desaɾsadesen,desaɡɾadesemos
90L_10NL,3,90L_10NL_3_1,0,2625,"('sk', 'sk', 's')",desaɾsadesen,desaɡɾadesemos
90L_10NL,3,90L_10NL_3_1,0,2625,"('sk', 'sk', 's')",desaɾsadesen,desaɡɾadesemos
90L_10NL,3,90L_10NL_3_1,0,2625,"('sk', 'sk', 's')",desaɾsadesen,desaɡɾadesemos
90L_10NL,3,90L_10NL_3_1,0,1085,"('s', 's', 's')",desaɾsadesen,desaɡɾadesen
90L_10NL,3,90L_10NL_3_1,0,1085,"('s', 's', 's')",desaɾsadesen,desaɡɾadesen
90L_10NL,3,90L_10NL_3_1,0,1085,"('s', 's', 's')",desaɾsadesen,desaɡɾadesen
90L_10NL,3,90L_10NL_3_1,0,3500,"('s', 'sk', 's')",desaɾsadesen,desaɡɾadesen
90L_10NL,3,90L_10NL_3_1,0,3500,"('s', 'sk', 's')",desaɾsadesen,desaɡɾadesen
90L_10NL,3,90L_10NL_3_1,0,3500,"('s', 'sk', 's')",desaɾsadesen,desaɡɾadesen
90L_10NL,3,90L_10NL_3_1,0,3500,"('s', 'sk', 's')",desaɾsadesen,desaɡɾadesen
90L_10NL,3,90L_10NL_3_1,0,3500,"('s', 'sk', 's')",desaɾsadesen,desaɡɾadesen
90L_10NL,3,90L_10NL_3_1,0,3500,"('s', 'sk', 's')",desaɾsadesen,desaɡɾadesen
90L_10NL,3,90L_10NL_3_1,0,3500,"('s', 'sk', 's')",desaɾsadesen,desaɡɾadesen
90L_10NL,3,90L_10NL_3_1,0,1085,"('s', 's', 's')",desaɾsadesen,desaɡɾadesen
90L_10NL,3,90L_10NL_3_1,0,1085,"('s', 's', 's')",desaɾsadesen,desaɡɾadesen
90L_10NL,3,90L_10NL_3_1,0,3500,"('s', 'sk', 's')",desaɾsadesen,desaɡɾadesen
90L_10NL,3,90L_10NL_3_1,0,3500,"('s', 'sk', 's')",desaɾsadesen,desaɡɾadesen
90L_10NL,3,90L_10NL_3_1,0,3500,"('s', 'sk', 's')",desaɾsadesen,desaɡɾadesen
90L_10NL,3,90L_10NL_3_1,0,3500,"('s', 'sk', 's')",desaɾsadesen,desaɡɾadesen
90L_10NL,3,90L_10NL_3_1,0,3500,"('s', 'sk', 's')",desaɾsadesen,desaɡɾadesen
90L_10NL,3,90L_10NL_3_1,0,3500,"('s', 'sk', 's')",desaɾsadesen,desaɡɾadesen
90L_10NL,3,90L_10NL_3_1,0,3500,"('s', 'sk', 's')",desaɾsadesen,desaɡɾadesen
90L_10NL,3,90L_10NL_3_1,0,1085,"('s', 's', 's')",desaɾsadesen,desaɡɾadesen
90L_10NL,3,90L_10NL_3_1,0,3500,"('s', 'sk', 's')",desaɾsadesen,desaɡɾadesen
90L_10NL,3,90L_10NL_3_1,0,3500,"('s', 'sk', 's')",desaɾsadesen,desaɡɾadesen
90L_10NL,3,90L_10NL_3_1,0,3500,"('s', 'sk', 's')",desaɾsadesen,desaɡɾadesen
90L_10NL,3,90L_10NL_3_1,0,3500,"('s', 'sk', 's')",desaɾsadesen,desaɡɾadesen
90L_10NL,3,90L_10NL_3_1,0,3500,"('s', 'sk', 's')",desaɾsadesen,desaɡɾadesen
90L_10NL,3,90L_10NL_3_1,0,3500,"('s', 'sk', 's')",desaɾsadesen,desaɡɾadesen
90L_10NL,3,90L_10NL_3_1,0,3500,"('s', 'sk', 's')",desaɾsadesen,desaɡɾadesen
90L_10NL,3,90L_10NL_3_1,0,3500,"('s', 'sk', 's')",desaɾsadesen,desaɡɾadesen
90L_10NL,3,90L_10NL_3_1,0,3500,"('s', 'sk', 's')",desaɾsadesen,desaɡɾadesen
90L_10NL,3,90L_10NL_3_1,0,3500,"('s', 'sk', 's')",desaɾsadesen,desaɡɾadesen
90L_10NL,3,90L_10NL_3_1,0,3500,"('s', 'sk', 's')",desaɾsadesen,desaɡɾadesen
90L_10NL,3,90L_10NL_3_1,0,3500,"('s', 'sk', 's')",desaɾsadesen,desaɡɾadesen
90L_10NL,3,90L_10NL_3_1,0,3500,"('s', 'sk', 's')",desaɾsadesen,desaɡɾadesen
90L_10NL,3,90L_10NL_3_1,0,3500,"('s', 'sk', 's')",desaɾsadesen,desaɡɾadesen
90L_10NL,3,90L_10NL_3_1,0,2625,"('sk', 'sk', 's')",desaɾsadesen,desaɡɾadesen
90L_10NL,3,90L_10NL_3_1,0,2625,"('sk', 'sk', 's')",desaɾsadesen,desaɡɾadesen
90L_10NL,3,90L_10NL_3_1,0,2625,"('sk', 'sk', 's')",desaɾsadesen,desaɡɾadesen
90L_10NL,3,90L_10NL_3_1,0,2625,"('sk', 'sk', 's')",desaɾsadesen,desaɡɾadesen
90L_10NL,3,90L_10NL_3_1,0,2625,"('sk', 'sk', 's')",desaɾsadesen,desaɡɾadesen
90L_10NL,3,90L_10NL_3_1,0,2625,"('sk', 'sk', 's')",desaɾsadesen,desaɡɾadesen
90L_10NL,3,90L_10NL_3_1,0,2625,"('sk', 'sk', 's')",desaɾsadesen,desaɡɾadesen
90L_10NL,3,90L_10NL_3_1,0,2625,"('sk', 'sk', 's')",desaɾsadesen,desaɡɾadesen
90L_10NL,3,90L_10NL_3_1,0,2625,"('sk', 'sk', 's')",desaɾsadesen,desaɡɾadesen
90L_10NL,3,90L_10NL_3_1,0,2625,"('sk', 'sk', 's')",desaɾsadesen,desaɡɾadesen
90L_10NL,3,90L_10NL_3_1,0,2625,"('sk', 'sk', 's')",desaɾsadesen,desaɡɾadesen
90L_10NL,3,90L_10NL_3_1,0,2625,"('sk', 'sk', 's')",desaɾsadesen,desaɡɾadesen
90L_10NL,3,90L_10NL_3_1,0,2625,"('sk', 'sk', 's')",desaɾsadesen,desaɡɾadesen
90L_10NL,3,90L_10NL_3_1,0,2625,"('sk', 'sk', 's')",desaɾsadesen,desaɡɾadesen
90L_10NL,3,90L_10NL_3_1,0,2625,"('sk', 'sk', 's')",desaɾsadesen,desaɡɾadesen
90L_10NL,3,90L_10NL_3_1,0,2625,"('sk', 'sk', 's')",desaɾsadesen,desaɡɾadesen
90L_10NL,3,90L_10NL_3_1,0,2625,"('sk', 'sk', 's')",desaɾsadesen,desaɡɾadesen
90L_10NL,3,90L_10NL_3_1,0,2625,"('sk', 'sk', 's')",desaɾsadeses,desaɡɾadesen
90L_10NL,3,90L_10NL_3_1,0,2625,"('sk', 'sk', 's')",desaɾsadeses,desaɡɾadesen
90L_10NL,3,90L_10NL_3_1,0,2625,"('sk', 'sk', 's')",desaɾsadeses,desaɡɾadesen
90L_10NL,3,90L_10NL_3_1,0,2625,"('sk', 'sk', 's')",desaɾsadeses,desaɡɾadesen
90L_10NL,3,90L_10NL_3_1,0,1085,"('s', 's', 's')",desaɾsadeses,desaɡɾadeses
90L_10NL,3,90L_10NL_3_1,0,1085,"('s', 's', 's')",desaɾsadeses,desaɡɾadeses
90L_10NL,3,90L_10NL_3_1,0,1085,"('s', 's', 's')",desaɾsadeses,desaɡɾadeses
90L_10NL,3,90L_10NL_3_1,0,3500,"('s', 'sk', 's')",desaɾsadeses,desaɡɾadeses
90L_10NL,3,90L_10NL_3_1,0,3500,"('s', 'sk', 's')",desaɾsadeses,desaɡɾadeses
90L_10NL,3,90L_10NL_3_1,0,3500,"('s', 'sk', 's')",desaɾsadeses,desaɡɾadeses
90L_10NL,3,90L_10NL_3_1,0,3500,"('s', 'sk', 's')",desaɾsadeses,desaɡɾadeses
90L_10NL,3,90L_10NL_3_1,0,3500,"('s', 'sk', 's')",desaɾsadeses,desaɡɾadeses
90L_10NL,3,90L_10NL_3_1,0,3500,"('s', 'sk', 's')",desaɾsadeses,desaɡɾadeses
90L_10NL,3,90L_10NL_3_1,0,3500,"('s', 'sk', 's')",desaɾsadeses,desaɡɾadeses
90L_10NL,3,90L_10NL_3_1,0,1085,"('s', 's', 's')",desaɾsadeses,desaɡɾadeses
90L_10NL,3,90L_10NL_3_1,0,1085,"('s', 's', 's')",desaɾsadeses,desaɡɾadeses
90L_10NL,3,90L_10NL_3_1,0,3500,"('s', 'sk', 's')",desaɾsadeses,desaɡɾadeses
90L_10NL,3,90L_10NL_3_1,0,3500,"('s', 'sk', 's')",desaɾsadeses,desaɡɾadeses
90L_10NL,3,90L_10NL_3_1,0,3500,"('s', 'sk', 's')",desaɾsadeses,desaɡɾadeses
90L_10NL,3,90L_10NL_3_1,0,3500,"('s', 'sk', 's')",desaɾsadeses,desaɡɾadeses
90L_10NL,3,90L_10NL_3_1,0,3500,"('s', 'sk', 's')",desaɾsadeses,desaɡɾadeses
90L_10NL,3,90L_10NL_3_1,0,3500,"('s', 'sk', 's')",desaɾsadeses,desaɡɾadeses
90L_10NL,3,90L_10NL_3_1,0,3500,"('s', 'sk', 's')",desaɾsadeses,desaɡɾadeses
90L_10NL,3,90L_10NL_3_1,0,1085,"('s', 's', 's')",desaɾsadeses,desaɡɾadeses
90L_10NL,3,90L_10NL_3_1,0,3500,"('s', 'sk', 's')",desaɾsadeses,desaɡɾadeses
90L_10NL,3,90L_10NL_3_1,0,3500,"('s', 'sk', 's')",desaɾsadeses,desaɡɾadeses
90L_10NL,3,90L_10NL_3_1,0,3500,"('s', 'sk', 's')",desaɾsadeses,desaɡɾadeses
90L_10NL,3,90L_10NL_3_1,0,3500,"('s', 'sk', 's')",desaɾsadeses,desaɡɾadeses
90L_10NL,3,90L_10NL_3_1,0,3500,"('s', 'sk', 's')",desaɾsadeses,desaɡɾadeses
90L_10NL,3,90L_10NL_3_1,0,3500,"('s', 'sk', 's')",desaɾsadeses,desaɡɾadeses
90L_10NL,3,90L_10NL_3_1,0,3500,"('s', 'sk', 's')",desaɾsadeses,desaɡɾadeses
90L_10NL,3,90L_10NL_3_1,0,3500,"('s', 'sk', 's')",desaɾsadeses,desaɡɾadeses
90L_10NL,3,90L_10NL_3_1,0,3500,"('s', 'sk', 's')",desaɾsadeses,desaɡɾadeses
90L_10NL,3,90L_10NL_3_1,0,3500,"('s', 'sk', 's')",desaɾsadeses,desaɡɾadeses
90L_10NL,3,90L_10NL_3_1,0,3500,"('s', 'sk', 's')",desaɾsadeses,desaɡɾadeses
90L_10NL,3,90L_10NL_3_1,0,3500,"('s', 'sk', 's')",desaɾsadeses,desaɡɾadeses
90L_10NL,3,90L_10NL_3_1,0,3500,"('s', 'sk', 's')",desaɾsadeses,desaɡɾadeses
90L_10NL,3,90L_10NL_3_1,0,3500,"('s', 'sk', 's')",desaɾsadeses,desaɡɾadeses
90L_10NL,3,90L_10NL_3_1,0,2625,"('sk', 'sk', 's')",desaɾsadeses,desaɡɾadeses
90L_10NL,3,90L_10NL_3_1,0,2625,"('sk', 'sk', 's')",desaɾsadeses,desaɡɾadeses
90L_10NL,3,90L_10NL_3_1,0,2625,"('sk', 'sk', 's')",desaɾsadeses,desaɡɾadeses
90L_10NL,3,90L_10NL_3_1,0,2625,"('sk', 'sk', 's')",desaɾsadeses,desaɡɾadeses
90L_10NL,3,90L_10NL_3_1,0,2625,"('sk', 'sk', 's')",desaɾsadeses,desaɡɾadeses
90L_10NL,3,90L_10NL_3_1,0,2625,"('sk', 'sk', 's')",desaɾsadeses,desaɡɾadeses
90L_10NL,3,90L_10NL_3_1,0,2625,"('sk', 'sk', 's')",desaɾsadeses,desaɡɾadeses
90L_10NL,3,90L_10NL_3_1,0,2625,"('sk', 'sk', 's')",desaɾsadeses,desaɡɾadeses
90L_10NL,3,90L_10NL_3_1,0,2625,"('sk', 'sk', 's')",desaɾsadeses,desaɡɾadeses
90L_10NL,3,90L_10NL_3_1,0,2625,"('sk', 'sk', 's')",desaɾsadeses,desaɡɾadeses
90L_10NL,3,90L_10NL_3_1,0,2625,"('sk', 'sk', 's')",desaɾsadeses,desaɡɾadeses
90L_10NL,3,90L_10NL_3_1,0,2625,"('sk', 'sk', 's')",desaɾsadeses,desaɡɾadeses
90L_10NL,3,90L_10NL_3_1,0,2625,"('sk', 'sk', 's')",desaɾsadeses,desaɡɾadeses
90L_10NL,3,90L_10NL_3_1,0,2625,"('sk', 'sk', 's')",desaɾsadeses,desaɡɾadeses
90L_10NL,3,90L_10NL_3_1,0,2625,"('sk', 'sk', 's')",desaɾsadeses,desaɡɾadeses
90L_10NL,3,90L_10NL_3_1,0,2625,"('sk', 'sk', 's')",desaɾsadeses,desaɡɾadeses
90L_10NL,3,90L_10NL_3_1,0,2625,"('sk', 'sk', 's')",desaɾsadeses,desaɡɾadeses
90L_10NL,3,90L_10NL_3_1,0,2625,"('sk', 'sk', 's')",desaɾsadese,desaɡɾadeses
90L_10NL,3,90L_10NL_3_1,0,2625,"('sk', 'sk', 's')",desaɾsadese,desaɡɾadeses
90L_10NL,3,90L_10NL_3_1,0,2625,"('sk', 'sk', 's')",desaɾsadese,desaɡɾadeses
90L_10NL,3,90L_10NL_3_1,0,2625,"('sk', 'sk', 's')",desaɾsadese,desaɡɾadeses
90L_10NL,3,90L_10NL_3_1,0,1085,"('s', 's', 's')",desaɾsadese,desaɡɾadese
90L_10NL,3,90L_10NL_3_1,0,1085,"('s', 's', 's')",desaɾsadese,desaɡɾadese
90L_10NL,3,90L_10NL_3_1,0,1085,"('s', 's', 's')",desaɾsadese,desaɡɾadese
90L_10NL,3,90L_10NL_3_1,0,3500,"('s', 'sk', 's')",desaɾsadese,desaɡɾadese
90L_10NL,3,90L_10NL_3_1,0,3500,"('s', 'sk', 's')",desaɾsadese,desaɡɾadese
90L_10NL,3,90L_10NL_3_1,0,3500,"('s', 'sk', 's')",desaɾsadese,desaɡɾadese
90L_10NL,3,90L_10NL_3_1,0,3500,"('s', 'sk', 's')",desaɾsadese,desaɡɾadese
90L_10NL,3,90L_10NL_3_1,0,3500,"('s', 'sk', 's')",desaɾsadese,desaɡɾadese
90L_10NL,3,90L_10NL_3_1,0,3500,"('s', 'sk', 's')",desaɾsadese,desaɡɾadese
90L_10NL,3,90L_10NL_3_1,0,3500,"('s', 'sk', 's')",desaɾsadese,desaɡɾadese
90L_10NL,3,90L_10NL_3_1,0,1085,"('s', 's', 's')",desaɾsadese,desaɡɾadese
90L_10NL,3,90L_10NL_3_1,0,1085,"('s', 's', 's')",desaɾsadese,desaɡɾadese
90L_10NL,3,90L_10NL_3_1,0,3500,"('s', 'sk', 's')",desaɾsadese,desaɡɾadese
90L_10NL,3,90L_10NL_3_1,0,3500,"('s', 'sk', 's')",desaɾsadese,desaɡɾadese
90L_10NL,3,90L_10NL_3_1,0,3500,"('s', 'sk', 's')",desaɾsadese,desaɡɾadese
90L_10NL,3,90L_10NL_3_1,0,3500,"('s', 'sk', 's')",desaɾsadese,desaɡɾadese
90L_10NL,3,90L_10NL_3_1,0,3500,"('s', 'sk', 's')",desaɾsadese,desaɡɾadese
90L_10NL,3,90L_10NL_3_1,0,3500,"('s', 'sk', 's')",desaɾsadese,desaɡɾadese
90L_10NL,3,90L_10NL_3_1,0,3500,"('s', 'sk', 's')",desaɾsadese,desaɡɾadese
90L_10NL,3,90L_10NL_3_1,0,1085,"('s', 's', 's')",desaɾsadese,desaɡɾadese
90L_10NL,3,90L_10NL_3_1,0,3500,"('s', 'sk', 's')",desaɾsadese,desaɡɾadese
90L_10NL,3,90L_10NL_3_1,0,3500,"('s', 'sk', 's')",desaɾsadese,desaɡɾadese
90L_10NL,3,90L_10NL_3_1,0,3500,"('s', 'sk', 's')",desaɾsadese,desaɡɾadese
90L_10NL,3,90L_10NL_3_1,0,3500,"('s', 'sk', 's')",desaɾsadese,desaɡɾadese
90L_10NL,3,90L_10NL_3_1,0,3500,"('s', 'sk', 's')",desaɾsadese,desaɡɾadese
90L_10NL,3,90L_10NL_3_1,0,3500,"('s', 'sk', 's')",desaɾsadese,desaɡɾadese
90L_10NL,3,90L_10NL_3_1,0,3500,"('s', 'sk', 's')",desaɾsadese,desaɡɾadese
90L_10NL,3,90L_10NL_3_1,0,3500,"('s', 'sk', 's')",desaɾsadese,desaɡɾadese
90L_10NL,3,90L_10NL_3_1,0,3500,"('s', 'sk', 's')",desaɾsadese,desaɡɾadese
90L_10NL,3,90L_10NL_3_1,0,3500,"('s', 'sk', 's')",desaɾsadese,desaɡɾadese
90L_10NL,3,90L_10NL_3_1,0,3500,"('s', 'sk', 's')",desaɾsadese,desaɡɾadese
90L_10NL,3,90L_10NL_3_1,0,3500,"('s', 'sk', 's')",desaɾsadese,desaɡɾadese
90L_10NL,3,90L_10NL_3_1,0,3500,"('s', 'sk', 's')",desaɾsadese,desaɡɾadese
90L_10NL,3,90L_10NL_3_1,0,3500,"('s', 'sk', 's')",desaɾsadese,desaɡɾadese
90L_10NL,3,90L_10NL_3_1,0,2625,"('sk', 'sk', 's')",desaɾsadese,desaɡɾadese
90L_10NL,3,90L_10NL_3_1,0,2625,"('sk', 'sk', 's')",desaɾsadese,desaɡɾadese
90L_10NL,3,90L_10NL_3_1,0,2625,"('sk', 'sk', 's')",desaɾsadese,desaɡɾadese
90L_10NL,3,90L_10NL_3_1,0,2625,"('sk', 'sk', 's')",desaɾsadese,desaɡɾadese
90L_10NL,3,90L_10NL_3_1,0,2625,"('sk', 'sk', 's')",desaɾsadese,desaɡɾadese
90L_10NL,3,90L_10NL_3_1,0,2625,"('sk', 'sk', 's')",desaɾsadese,desaɡɾadese
90L_10NL,3,90L_10NL_3_1,0,2625,"('sk', 'sk', 's')",desaɾsadese,desaɡɾadese
90L_10NL,3,90L_10NL_3_1,0,2625,"('sk', 'sk', 's')",desaɾsadese,desaɡɾadese
90L_10NL,3,90L_10NL_3_1,0,2625,"('sk', 'sk', 's')",desaɾsadese,desaɡɾadese
90L_10NL,3,90L_10NL_3_1,0,2625,"('sk', 'sk', 's')",desaɾsadese,desaɡɾadese
90L_10NL,3,90L_10NL_3_1,0,2625,"('sk', 'sk', 's')",desaɾsadese,desaɡɾadese
90L_10NL,3,90L_10NL_3_1,0,2625,"('sk', 'sk', 's')",desaɾsadese,desaɡɾadese
90L_10NL,3,90L_10NL_3_1,0,2625,"('sk', 'sk', 's')",desaɾsadese,desaɡɾadese
90L_10NL,3,90L_10NL_3_1,0,2625,"('sk', 'sk', 's')",desaɾsadese,desaɡɾadese
90L_10NL,3,90L_10NL_3_1,0,2625,"('sk', 'sk', 's')",desaɾsadese,desaɡɾadese
90L_10NL,3,90L_10NL_3_1,0,2625,"('sk', 'sk', 's')",desaɾsadese,desaɡɾadese
90L_10NL,3,90L_10NL_3_1,0,2625,"('sk', 'sk', 's')",desaɾsadese,desaɡɾadese
90L_10NL,3,90L_10NL_3_1,0,2625,"('sk', 'sk', 's')",desaɾsadeskajs,desaɡɾadese
90L_10NL,3,90L_10NL_3_1,0,2625,"('sk', 'sk', 's')",desaɾsadeskajs,desaɡɾadese
90L_10NL,3,90L_10NL_3_1,0,2625,"('sk', 'sk', 's')",desaɾsadeskajs,desaɡɾadese
90L_10NL,3,90L_10NL_3_1,0,2625,"('sk', 'sk', 's')",desaɾsadeskajs,desaɡɾadese
90L_10NL,3,90L_10NL_3_1,0,1750,"('s', 's', 'sk')",desaɾɡadeskajs,desaɡɾadeskajs
90L_10NL,3,90L_10NL_3_1,0,1750,"('s', 's', 'sk')",desaɾsadeskajs,desaɡɾadeskajs
90L_10NL,3,90L_10NL_3_1,0,1750,"('s', 's', 'sk')",desaɾsadeskajs,desaɡɾadeskajs
90L_10NL,3,90L_10NL_3_1,0,1750,"('s', 's', 'sk')",desaɾsadeskajs,desaɡɾadeskajs
90L_10NL,3,90L_10NL_3_1,0,5250,"('s', 'sk', 'sk')",desaɾsadeskajs,desaɡɾadeskajs
90L_10NL,3,90L_10NL_3_1,0,5250,"('s', 'sk', 'sk')",desaɾsadeskajs,desaɡɾadeskajs
90L_10NL,3,90L_10NL_3_1,0,5250,"('s', 'sk', 'sk')",desaɾsadeskajs,desaɡɾadeskajs
90L_10NL,3,90L_10NL_3_1,0,5250,"('s', 'sk', 'sk')",desaɾsadeskajs,desaɡɾadeskajs
90L_10NL,3,90L_10NL_3_1,0,5250,"('s', 'sk', 'sk')",desaɾsadeskajs,desaɡɾadeskajs
90L_10NL,3,90L_10NL_3_1,0,5250,"('s', 'sk', 'sk')",desaɾɡadeskajs,desaɡɾadeskajs
90L_10NL,3,90L_10NL_3_1,0,1750,"('s', 's', 'sk')",desaɾsadeskajs,desaɡɾadeskajs
90L_10NL,3,90L_10NL_3_1,0,1750,"('s', 's', 'sk')",desaɾsadeskajs,desaɡɾadeskajs
90L_10NL,3,90L_10NL_3_1,0,1750,"('s', 's', 'sk')",desaɾsadeskajs,desaɡɾadeskajs
90L_10NL,3,90L_10NL_3_1,0,5250,"('s', 'sk', 'sk')",desaɾsadeskajs,desaɡɾadeskajs
90L_10NL,3,90L_10NL_3_1,0,5250,"('s', 'sk', 'sk')",desaɾsadeskajs,desaɡɾadeskajs
90L_10NL,3,90L_10NL_3_1,0,5250,"('s', 'sk', 'sk')",desaɾsadeskajs,desaɡɾadeskajs
90L_10NL,3,90L_10NL_3_1,0,5250,"('s', 'sk', 'sk')",desaɾsadeskajs,desaɡɾadeskajs
90L_10NL,3,90L_10NL_3_1,0,5250,"('s', 'sk', 'sk')",desaɾɡadeskajs,desaɡɾadeskajs
90L_10NL,3,90L_10NL_3_1,0,5250,"('s', 'sk', 'sk')",desaɾsadeskajs,desaɡɾadeskajs
90L_10NL,3,90L_10NL_3_1,0,1750,"('s', 's', 'sk')",desaɾsadeskajs,desaɡɾadeskajs
90L_10NL,3,90L_10NL_3_1,0,1750,"('s', 's', 'sk')",desaɾsadeskajs,desaɡɾadeskajs
90L_10NL,3,90L_10NL_3_1,0,5250,"('s', 'sk', 'sk')",desaɾsadeskajs,desaɡɾadeskajs
90L_10NL,3,90L_10NL_3_1,0,5250,"('s', 'sk', 'sk')",desaɾsadeskajs,desaɡɾadeskajs
90L_10NL,3,90L_10NL_3_1,0,5250,"('s', 'sk', 'sk')",desaɾsadeskajs,desaɡɾadeskajs
90L_10NL,3,90L_10NL_3_1,0,5250,"('s', 'sk', 'sk')",desaɾɡadeskajs,desaɡɾadeskajs
90L_10NL,3,90L_10NL_3_1,0,5250,"('s', 'sk', 'sk')",desaɾsadeskajs,desaɡɾadeskajs
90L_10NL,3,90L_10NL_3_1,0,5250,"('s', 'sk', 'sk')",desaɾsadeskajs,desaɡɾadeskajs
90L_10NL,3,90L_10NL_3_1,0,1750,"('s', 's', 'sk')",desaɾsadeskajs,desaɡɾadeskajs
90L_10NL,3,90L_10NL_3_1,0,5250,"('s', 'sk', 'sk')",desaɾsadeskajs,desaɡɾadeskajs
90L_10NL,3,90L_10NL_3_1,0,5250,"('s', 'sk', 'sk')",desaɾsadeskajs,desaɡɾadeskajs
90L_10NL,3,90L_10NL_3_1,0,5250,"('s', 'sk', 'sk')",desaɾsadeskajs,desaɡɾadeskajs
90L_10NL,3,90L_10NL_3_1,0,5250,"('s', 'sk', 'sk')",desaɾsadeskajs,desaɡɾadeskajs
90L_10NL,3,90L_10NL_3_1,0,5250,"('s', 'sk', 'sk')",desaɾsadeskajs,desaɡɾadeskajs
90L_10NL,3,90L_10NL_3_1,0,5250,"('s', 'sk', 'sk')",desaɾsadeskajs,desaɡɾadeskajs
90L_10NL,3,90L_10NL_3_1,0,5250,"('s', 'sk', 'sk')",desaɾsadeskajs,desaɡɾadeskajs
90L_10NL,3,90L_10NL_3_1,0,5250,"('s', 'sk', 'sk')",desaɾsadeskajs,desaɡɾadeskajs
90L_10NL,3,90L_10NL_3_1,0,5250,"('s', 'sk', 'sk')",desaɾɡadeskajs,desaɡɾadeskajs
90L_10NL,3,90L_10NL_3_1,0,5250,"('s', 'sk', 'sk')",desaɾɡadeskajs,desaɡɾadeskajs
90L_10NL,3,90L_10NL_3_1,0,5250,"('s', 'sk', 'sk')",desaɾɡadeskajs,desaɡɾadeskajs
90L_10NL,3,90L_10NL_3_1,0,5250,"('s', 'sk', 'sk')",desaɾɡadeskajs,desaɡɾadeskajs
90L_10NL,3,90L_10NL_3_1,0,2625,"('sk', 'sk', 'sk')",desaɾɡadeskajs,desaɡɾadeskajs
90L_10NL,3,90L_10NL_3_1,0,2625,"('sk', 'sk', 'sk')",desaɾsadeskajs,desaɡɾadeskajs
90L_10NL,3,90L_10NL_3_1,0,2625,"('sk', 'sk', 'sk')",desaɾsadeskajs,desaɡɾadeskajs
90L_10NL,3,90L_10NL_3_1,0,2625,"('sk', 'sk', 'sk')",desaɾsadeskajs,desaɡɾadeskajs
90L_10NL,3,90L_10NL_3_1,0,2625,"('sk', 'sk', 'sk')",desaɾsadeskajs,desaɡɾadeskajs
90L_10NL,3,90L_10NL_3_1,0,2625,"('sk', 'sk', 'sk')",desaɾsadeskajs,desaɡɾadeskajs
90L_10NL,3,90L_10NL_3_1,0,2625,"('sk', 'sk', 'sk')",desaɾsadeskajs,desaɡɾadeskajs
90L_10NL,3,90L_10NL_3_1,0,2625,"('sk', 'sk', 'sk')",desaɾsadeskajs,desaɡɾadeskajs
90L_10NL,3,90L_10NL_3_1,0,2625,"('sk', 'sk', 'sk')",desaɾsadeskajs,desaɡɾadeskajs
90L_10NL,3,90L_10NL_3_1,0,2625,"('sk', 'sk', 'sk')",desaɾsadeskajs,desaɡɾadeskajs
90L_10NL,3,90L_10NL_3_1,0,2625,"('sk', 'sk', 'sk')",desaɾsadeskajs,desaɡɾadeskajs
90L_10NL,3,90L_10NL_3_1,0,2625,"('sk', 'sk', 'sk')",desaɾsadesejs,desaɡɾadeskajs
90L_10NL,3,90L_10NL_3_1,0,2625,"('sk', 'sk', 'sk')",desaɾsadeskamos,desaɡɾadeskajs
90L_10NL,3,90L_10NL_3_1,0,2625,"('sk', 'sk', 'sk')",desaɾsadeskamos,desaɡɾadeskajs
90L_10NL,3,90L_10NL_3_1,0,2625,"('sk', 'sk', 'sk')",desaɾsadeskamos,desaɡɾadeskajs
90L_10NL,3,90L_10NL_3_1,0,1750,"('s', 's', 'sk')",desaɾsadeskamos,desaɡɾadeskamos
90L_10NL,3,90L_10NL_3_1,0,1750,"('s', 's', 'sk')",desaɾsadeskamos,desaɡɾadeskamos
90L_10NL,3,90L_10NL_3_1,0,1750,"('s', 's', 'sk')",desaɾsadeskamos,desaɡɾadeskamos
90L_10NL,3,90L_10NL_3_1,0,1750,"('s', 's', 'sk')",desaɾsadeskamos,desaɡɾadeskamos
90L_10NL,3,90L_10NL_3_1,0,5250,"('s', 'sk', 'sk')",desaɾsadeskamos,desaɡɾadeskamos
90L_10NL,3,90L_10NL_3_1,0,5250,"('s', 'sk', 'sk')",desaɾsadeskamos,desaɡɾadeskamos
90L_10NL,3,90L_10NL_3_1,0,5250,"('s', 'sk', 'sk')",desaɾsadeskamos,desaɡɾadeskamos
90L_10NL,3,90L_10NL_3_1,0,5250,"('s', 'sk', 'sk')",desaɾsadeskamos,desaɡɾadeskamos
90L_10NL,3,90L_10NL_3_1,0,5250,"('s', 'sk', 'sk')",desaɾsadeskamos,desaɡɾadeskamos
90L_10NL,3,90L_10NL_3_1,0,5250,"('s', 'sk', 'sk')",desaɾsadeskamos,desaɡɾadeskamos
90L_10NL,3,90L_10NL_3_1,0,1750,"('s', 's', 'sk')",desaɾsadeskamos,desaɡɾadeskamos
90L_10NL,3,90L_10NL_3_1,0,1750,"('s', 's', 'sk')",desaɾsadeskamos,desaɡɾadeskamos
90L_10NL,3,90L_10NL_3_1,0,1750,"('s', 's', 'sk')",desaɾsadeskamos,desaɡɾadeskamos
90L_10NL,3,90L_10NL_3_1,0,5250,"('s', 'sk', 'sk')",desaɾsadeskamos,desaɡɾadeskamos
90L_10NL,3,90L_10NL_3_1,0,5250,"('s', 'sk', 'sk')",desaɾsadeskamos,desaɡɾadeskamos
90L_10NL,3,90L_10NL_3_1,0,5250,"('s', 'sk', 'sk')",desaɾsadeskamos,desaɡɾadeskamos
90L_10NL,3,90L_10NL_3_1,0,5250,"('s', 'sk', 'sk')",desaɾsadeskamos,desaɡɾadeskamos
90L_10NL,3,90L_10NL_3_1,0,5250,"('s', 'sk', 'sk')",desaɾsadeskamos,desaɡɾadeskamos
90L_10NL,3,90L_10NL_3_1,0,5250,"('s', 'sk', 'sk')",desaɾsadeskamos,desaɡɾadeskamos
90L_10NL,3,90L_10NL_3_1,0,1750,"('s', 's', 'sk')",desaɾsadeskamos,desaɡɾadeskamos
90L_10NL,3,90L_10NL_3_1,0,1750,"('s', 's', 'sk')",desaɾsadeskamos,desaɡɾadeskamos
90L_10NL,3,90L_10NL_3_1,0,5250,"('s', 'sk', 'sk')",desaɾsadeskamos,desaɡɾadeskamos
90L_10NL,3,90L_10NL_3_1,0,5250,"('s', 'sk', 'sk')",desaɾsadeskamos,desaɡɾadeskamos
90L_10NL,3,90L_10NL_3_1,0,5250,"('s', 'sk', 'sk')",desaɾsadeskamos,desaɡɾadeskamos
90L_10NL,3,90L_10NL_3_1,0,5250,"('s', 'sk', 'sk')",desaɾsadeskamos,desaɡɾadeskamos
90L_10NL,3,90L_10NL_3_1,0,5250,"('s', 'sk', 'sk')",desaɾsadeskamos,desaɡɾadeskamos
90L_10NL,3,90L_10NL_3_1,0,5250,"('s', 'sk', 'sk')",desaɾsadeskamos,desaɡɾadeskamos
90L_10NL,3,90L_10NL_3_1,0,1750,"('s', 's', 'sk')",desaɾsadeskamos,desaɡɾadeskamos
90L_10NL,3,90L_10NL_3_1,0,5250,"('s', 'sk', 'sk')",desaɾsadeskamos,desaɡɾadeskamos
90L_10NL,3,90L_10NL_3_1,0,5250,"('s', 'sk', 'sk')",desaɾsadeskamos,desaɡɾadeskamos
90L_10NL,3,90L_10NL_3_1,0,5250,"('s', 'sk', 'sk')",desaɾsadeskamos,desaɡɾadeskamos
90L_10NL,3,90L_10NL_3_1,0,5250,"('s', 'sk', 'sk')",desaɾsadeskamos,desaɡɾadeskamos
90L_10NL,3,90L_10NL_3_1,0,5250,"('s', 'sk', 'sk')",desaɾsadeskamos,desaɡɾadeskamos
90L_10NL,3,90L_10NL_3_1,0,5250,"('s', 'sk', 'sk')",desaɾsadeskamos,desaɡɾadeskamos
90L_10NL,3,90L_10NL_3_1,0,5250,"('s', 'sk', 'sk')",desaɾsadeskamos,desaɡɾadeskamos
90L_10NL,3,90L_10NL_3_1,0,5250,"('s', 'sk', 'sk')",desaɾsadeskamos,desaɡɾadeskamos
90L_10NL,3,90L_10NL_3_1,0,5250,"('s', 'sk', 'sk')",desaɾsadeskamos,desaɡɾadeskamos
90L_10NL,3,90L_10NL_3_1,0,5250,"('s', 'sk', 'sk')",desaɾsadeskamos,desaɡɾadeskamos
90L_10NL,3,90L_10NL_3_1,0,5250,"('s', 'sk', 'sk')",desaɾsadeskamos,desaɡɾadeskamos
90L_10NL,3,90L_10NL_3_1,0,5250,"('s', 'sk', 'sk')",desaɾsadeskamos,desaɡɾadeskamos
90L_10NL,3,90L_10NL_3_1,0,2625,"('sk', 'sk', 'sk')",desaɾsadeskamos,desaɡɾadeskamos
90L_10NL,3,90L_10NL_3_1,0,2625,"('sk', 'sk', 'sk')",desaɾsadeskamos,desaɡɾadeskamos
90L_10NL,3,90L_10NL_3_1,0,2625,"('sk', 'sk', 'sk')",desaɾsadeskamos,desaɡɾadeskamos
90L_10NL,3,90L_10NL_3_1,0,2625,"('sk', 'sk', 'sk')",desaɾsadeskamos,desaɡɾadeskamos
90L_10NL,3,90L_10NL_3_1,0,2625,"('sk', 'sk', 'sk')",desaɾsadeskamos,desaɡɾadeskamos
90L_10NL,3,90L_10NL_3_1,0,2625,"('sk', 'sk', 'sk')",desaɾsadeskamos,desaɡɾadeskamos
90L_10NL,3,90L_10NL_3_1,0,2625,"('sk', 'sk', 'sk')",desaɾsadeskamos,desaɡɾadeskamos
90L_10NL,3,90L_10NL_3_1,0,2625,"('sk', 'sk', 'sk')",desaɾsadeskamos,desaɡɾadeskamos
90L_10NL,3,90L_10NL_3_1,0,2625,"('sk', 'sk', 'sk')",desaɾsadeskamos,desaɡɾadeskamos
90L_10NL,3,90L_10NL_3_1,0,2625,"('sk', 'sk', 'sk')",desaɾsadeskamos,desaɡɾadeskamos
90L_10NL,3,90L_10NL_3_1,0,2625,"('sk', 'sk', 'sk')",desaɾsadeskamos,desaɡɾadeskamos
90L_10NL,3,90L_10NL_3_1,0,2625,"('sk', 'sk', 'sk')",desaɾsadeskan,desaɡɾadeskamos
90L_10NL,3,90L_10NL_3_1,0,2625,"('sk', 'sk', 'sk')",desaɾsadeskan,desaɡɾadeskamos
90L_10NL,3,90L_10NL_3_1,0,2625,"('sk', 'sk', 'sk')",desaɾsadeskan,desaɡɾadeskamos
90L_10NL,3,90L_10NL_3_1,0,2625,"('sk', 'sk', 'sk')",desaɾsadeskan,desaɡɾadeskamos
90L_10NL,3,90L_10NL_3_1,0,1750,"('s', 's', 'sk')",desaɾsadeskan,desaɡɾadeskan
90L_10NL,3,90L_10NL_3_1,0,1750,"('s', 's', 'sk')",desaɾsadeskan,desaɡɾadeskan
90L_10NL,3,90L_10NL_3_1,0,1750,"('s', 's', 'sk')",desaɾsadeskan,desaɡɾadeskan
90L_10NL,3,90L_10NL_3_1,0,1750,"('s', 's', 'sk')",desaɾsadeskan,desaɡɾadeskan
90L_10NL,3,90L_10NL_3_1,0,5250,"('s', 'sk', 'sk')",desaɾsadeskan,desaɡɾadeskan
90L_10NL,3,90L_10NL_3_1,0,5250,"('s', 'sk', 'sk')",desaɾsadeskan,desaɡɾadeskan
90L_10NL,3,90L_10NL_3_1,0,5250,"('s', 'sk', 'sk')",desaɾsadeskan,desaɡɾadeskan
90L_10NL,3,90L_10NL_3_1,0,5250,"('s', 'sk', 'sk')",desaɾsadeskan,desaɡɾadeskan
90L_10NL,3,90L_10NL_3_1,0,5250,"('s', 'sk', 'sk')",desaɾsadeskan,desaɡɾadeskan
90L_10NL,3,90L_10NL_3_1,0,5250,"('s', 'sk', 'sk')",desaɾsadeskan,desaɡɾadeskan
90L_10NL,3,90L_10NL_3_1,0,1750,"('s', 's', 'sk')",desaɾsadeskan,desaɡɾadeskan
90L_10NL,3,90L_10NL_3_1,0,1750,"('s', 's', 'sk')",desaɾsadeskan,desaɡɾadeskan
90L_10NL,3,90L_10NL_3_1,0,1750,"('s', 's', 'sk')",desaɾsadeskan,desaɡɾadeskan
90L_10NL,3,90L_10NL_3_1,0,5250,"('s', 'sk', 'sk')",desaɾsadeskan,desaɡɾadeskan
90L_10NL,3,90L_10NL_3_1,0,5250,"('s', 'sk', 'sk')",desaɾsadeskan,desaɡɾadeskan
90L_10NL,3,90L_10NL_3_1,0,5250,"('s', 'sk', 'sk')",desaɾsadeskan,desaɡɾadeskan
90L_10NL,3,90L_10NL_3_1,0,5250,"('s', 'sk', 'sk')",desaɾsadeskan,desaɡɾadeskan
90L_10NL,3,90L_10NL_3_1,0,5250,"('s', 'sk', 'sk')",desaɾsadeskan,desaɡɾadeskan
90L_10NL,3,90L_10NL_3_1,0,5250,"('s', 'sk', 'sk')",desaɾsadeskan,desaɡɾadeskan
90L_10NL,3,90L_10NL_3_1,0,1750,"('s', 's', 'sk')",desaɾsadeskan,desaɡɾadeskan
90L_10NL,3,90L_10NL_3_1,0,1750,"('s', 's', 'sk')",desaɾsadeskan,desaɡɾadeskan
90L_10NL,3,90L_10NL_3_1,0,5250,"('s', 'sk', 'sk')",desaɾsadeskan,desaɡɾadeskan
90L_10NL,3,90L_10NL_3_1,0,5250,"('s', 'sk', 'sk')",desaɾsadeskan,desaɡɾadeskan
90L_10NL,3,90L_10NL_3_1,0,5250,"('s', 'sk', 'sk')",desaɾsadeskan,desaɡɾadeskan
90L_10NL,3,90L_10NL_3_1,0,5250,"('s', 'sk', 'sk')",desaɾsadeskan,desaɡɾadeskan
90L_10NL,3,90L_10NL_3_1,0,5250,"('s', 'sk', 'sk')",desaɾsadeskan,desaɡɾadeskan
90L_10NL,3,90L_10NL_3_1,0,5250,"('s', 'sk', 'sk')",desaɾsadeskan,desaɡɾadeskan
90L_10NL,3,90L_10NL_3_1,0,1750,"('s', 's', 'sk')",desaɾsadeskan,desaɡɾadeskan
90L_10NL,3,90L_10NL_3_1,0,5250,"('s', 'sk', 'sk')",desaɾsadeskan,desaɡɾadeskan
90L_10NL,3,90L_10NL_3_1,0,5250,"('s', 'sk', 'sk')",desaɾsadeskan,desaɡɾadeskan
90L_10NL,3,90L_10NL_3_1,0,5250,"('s', 'sk', 'sk')",desaɾsadeskan,desaɡɾadeskan
90L_10NL,3,90L_10NL_3_1,0,5250,"('s', 'sk', 'sk')",desaɾsadeskan,desaɡɾadeskan
90L_10NL,3,90L_10NL_3_1,0,5250,"('s', 'sk', 'sk')",desaɾsadeskan,desaɡɾadeskan
90L_10NL,3,90L_10NL_3_1,0,5250,"('s', 'sk', 'sk')",desaɾsadeskan,desaɡɾadeskan
90L_10NL,3,90L_10NL_3_1,0,5250,"('s', 'sk', 'sk')",desaɾsadeskan,desaɡɾadeskan
90L_10NL,3,90L_10NL_3_1,0,5250,"('s', 'sk', 'sk')",desaɾsadeskan,desaɡɾadeskan
90L_10NL,3,90L_10NL_3_1,0,5250,"('s', 'sk', 'sk')",desaɾsadeskan,desaɡɾadeskan
90L_10NL,3,90L_10NL_3_1,0,5250,"('s', 'sk', 'sk')",desaɾsadeskan,desaɡɾadeskan
90L_10NL,3,90L_10NL_3_1,0,5250,"('s', 'sk', 'sk')",desaɾsadeskan,desaɡɾadeskan
90L_10NL,3,90L_10NL_3_1,0,5250,"('s', 'sk', 'sk')",desaɾsadeskan,desaɡɾadeskan
90L_10NL,3,90L_10NL_3_1,0,2625,"('sk', 'sk', 'sk')",desaɾsadeskan,desaɡɾadeskan
90L_10NL,3,90L_10NL_3_1,0,2625,"('sk', 'sk', 'sk')",desaɾsadeskan,desaɡɾadeskan
90L_10NL,3,90L_10NL_3_1,0,2625,"('sk', 'sk', 'sk')",desaɾsadeskan,desaɡɾadeskan
90L_10NL,3,90L_10NL_3_1,0,2625,"('sk', 'sk', 'sk')",desaɾsadeskan,desaɡɾadeskan
90L_10NL,3,90L_10NL_3_1,0,2625,"('sk', 'sk', 'sk')",desaɾsadeskan,desaɡɾadeskan
90L_10NL,3,90L_10NL_3_1,0,2625,"('sk', 'sk', 'sk')",desaɾsadeskan,desaɡɾadeskan
90L_10NL,3,90L_10NL_3_1,0,2625,"('sk', 'sk', 'sk')",desaɾsadeskan,desaɡɾadeskan
90L_10NL,3,90L_10NL_3_1,0,2625,"('sk', 'sk', 'sk')",desaɾsadeskan,desaɡɾadeskan
90L_10NL,3,90L_10NL_3_1,0,2625,"('sk', 'sk', 'sk')",desaɾsadeskan,desaɡɾadeskan
90L_10NL,3,90L_10NL_3_1,0,2625,"('sk', 'sk', 'sk')",desaɾsadeskan,desaɡɾadeskan
90L_10NL,3,90L_10NL_3_1,0,2625,"('sk', 'sk', 'sk')",desaɾsadeskan,desaɡɾadeskan
90L_10NL,3,90L_10NL_3_1,0,2625,"('sk', 'sk', 'sk')",desaɾsadeskas,desaɡɾadeskan
90L_10NL,3,90L_10NL_3_1,0,2625,"('sk', 'sk', 'sk')",desaɾsadeskas,desaɡɾadeskan
90L_10NL,3,90L_10NL_3_1,0,2625,"('sk', 'sk', 'sk')",desaɾsadeskas,desaɡɾadeskan
90L_10NL,3,90L_10NL_3_1,0,2625,"('sk', 'sk', 'sk')",desaɾsadeskas,desaɡɾadeskan
90L_10NL,3,90L_10NL_3_1,0,1750,"('s', 's', 'sk')",desaɾsadeskas,desaɡɾadeskas
90L_10NL,3,90L_10NL_3_1,0,1750,"('s', 's', 'sk')",desaɾsadeskas,desaɡɾadeskas
90L_10NL,3,90L_10NL_3_1,0,1750,"('s', 's', 'sk')",desaɾsadeskas,desaɡɾadeskas
90L_10NL,3,90L_10NL_3_1,0,1750,"('s', 's', 'sk')",desaɾsadeskas,desaɡɾadeskas
90L_10NL,3,90L_10NL_3_1,0,5250,"('s', 'sk', 'sk')",desaɾsadeskas,desaɡɾadeskas
90L_10NL,3,90L_10NL_3_1,0,5250,"('s', 'sk', 'sk')",desaɾsadeskas,desaɡɾadeskas
90L_10NL,3,90L_10NL_3_1,0,5250,"('s', 'sk', 'sk')",desaɾsadeskas,desaɡɾadeskas
90L_10NL,3,90L_10NL_3_1,0,5250,"('s', 'sk', 'sk')",desaɾsadeskas,desaɡɾadeskas
90L_10NL,3,90L_10NL_3_1,0,5250,"('s', 'sk', 'sk')",desaɾsadeskas,desaɡɾadeskas
90L_10NL,3,90L_10NL_3_1,0,5250,"('s', 'sk', 'sk')",desaɾsadeskas,desaɡɾadeskas
90L_10NL,3,90L_10NL_3_1,0,1750,"('s', 's', 'sk')",desaɾsadeskas,desaɡɾadeskas
90L_10NL,3,90L_10NL_3_1,0,1750,"('s', 's', 'sk')",desaɾsadeskas,desaɡɾadeskas
90L_10NL,3,90L_10NL_3_1,0,1750,"('s', 's', 'sk')",desaɾsadeskas,desaɡɾadeskas
90L_10NL,3,90L_10NL_3_1,0,5250,"('s', 'sk', 'sk')",desaɾsadeskas,desaɡɾadeskas
90L_10NL,3,90L_10NL_3_1,0,5250,"('s', 'sk', 'sk')",desaɾsadeskas,desaɡɾadeskas
90L_10NL,3,90L_10NL_3_1,0,5250,"('s', 'sk', 'sk')",desaɾsadeskas,desaɡɾadeskas
90L_10NL,3,90L_10NL_3_1,0,5250,"('s', 'sk', 'sk')",desaɾsadeskas,desaɡɾadeskas
90L_10NL,3,90L_10NL_3_1,0,5250,"('s', 'sk', 'sk')",desaɾsadeskas,desaɡɾadeskas
90L_10NL,3,90L_10NL_3_1,0,5250,"('s', 'sk', 'sk')",desaɾsadeskas,desaɡɾadeskas
90L_10NL,3,90L_10NL_3_1,0,1750,"('s', 's', 'sk')",desaɾsadeskas,desaɡɾadeskas
90L_10NL,3,90L_10NL_3_1,0,1750,"('s', 's', 'sk')",desaɾsadeskas,desaɡɾadeskas
90L_10NL,3,90L_10NL_3_1,0,5250,"('s', 'sk', 'sk')",desaɾsadeskas,desaɡɾadeskas
90L_10NL,3,90L_10NL_3_1,0,5250,"('s', 'sk', 'sk')",desaɾsadeskas,desaɡɾadeskas
90L_10NL,3,90L_10NL_3_1,0,5250,"('s', 'sk', 'sk')",desaɾsadeskas,desaɡɾadeskas
90L_10NL,3,90L_10NL_3_1,0,5250,"('s', 'sk', 'sk')",desaɾsadeskas,desaɡɾadeskas
90L_10NL,3,90L_10NL_3_1,0,5250,"('s', 'sk', 'sk')",desaɾsadeskas,desaɡɾadeskas
90L_10NL,3,90L_10NL_3_1,0,5250,"('s', 'sk', 'sk')",desaɾsadeskas,desaɡɾadeskas
90L_10NL,3,90L_10NL_3_1,0,1750,"('s', 's', 'sk')",desaɾsadeskas,desaɡɾadeskas
90L_10NL,3,90L_10NL_3_1,0,5250,"('s', 'sk', 'sk')",desaɾsadeskas,desaɡɾadeskas
90L_10NL,3,90L_10NL_3_1,0,5250,"('s', 'sk', 'sk')",desaɾsadeskas,desaɡɾadeskas
90L_10NL,3,90L_10NL_3_1,0,5250,"('s', 'sk', 'sk')",desaɾsadeskas,desaɡɾadeskas
90L_10NL,3,90L_10NL_3_1,0,5250,"('s', 'sk', 'sk')",desaɾdasdeskas,desaɡɾadeskas
90L_10NL,3,90L_10NL_3_1,0,5250,"('s', 'sk', 'sk')",desaɾsadeskas,desaɡɾadeskas
90L_10NL,3,90L_10NL_3_1,0,5250,"('s', 'sk', 'sk')",desaɾsadeskas,desaɡɾadeskas
90L_10NL,3,90L_10NL_3_1,0,5250,"('s', 'sk', 'sk')",desaɾsadeskas,desaɡɾadeskas
90L_10NL,3,90L_10NL_3_1,0,5250,"('s', 'sk', 'sk')",desaɾsadeskas,desaɡɾadeskas
90L_10NL,3,90L_10NL_3_1,0,5250,"('s', 'sk', 'sk')",desaɾsadeskas,desaɡɾadeskas
90L_10NL,3,90L_10NL_3_1,0,5250,"('s', 'sk', 'sk')",desaɾsadeskas,desaɡɾadeskas
90L_10NL,3,90L_10NL_3_1,0,5250,"('s', 'sk', 'sk')",desaɾsadeskas,desaɡɾadeskas
90L_10NL,3,90L_10NL_3_1,0,5250,"('s', 'sk', 'sk')",desaɾsadeskas,desaɡɾadeskas
90L_10NL,3,90L_10NL_3_1,0,2625,"('sk', 'sk', 'sk')",desaɾsadeskas,desaɡɾadeskas
90L_10NL,3,90L_10NL_3_1,0,2625,"('sk', 'sk', 'sk')",desaɾsadeskas,desaɡɾadeskas
90L_10NL,3,90L_10NL_3_1,0,2625,"('sk', 'sk', 'sk')",desaɾsadeskas,desaɡɾadeskas
90L_10NL,3,90L_10NL_3_1,0,2625,"('sk', 'sk', 'sk')",desaɾsadeskas,desaɡɾadeskas
90L_10NL,3,90L_10NL_3_1,0,2625,"('sk', 'sk', 'sk')",desaɾsadeskas,desaɡɾadeskas
90L_10NL,3,90L_10NL_3_1,0,2625,"('sk', 'sk', 'sk')",desaɾsadeskas,desaɡɾadeskas
90L_10NL,3,90L_10NL_3_1,0,2625,"('sk', 'sk', 'sk')",desaɾsadeskas,desaɡɾadeskas
90L_10NL,3,90L_10NL_3_1,0,2625,"('sk', 'sk', 'sk')",desaɾsadeskas,desaɡɾadeskas
90L_10NL,3,90L_10NL_3_1,0,2625,"('sk', 'sk', 'sk')",desaɾsadeskas,desaɡɾadeskas
90L_10NL,3,90L_10NL_3_1,0,2625,"('sk', 'sk', 'sk')",desaɾsadeskas,desaɡɾadeskas
90L_10NL,3,90L_10NL_3_1,0,2625,"('sk', 'sk', 'sk')",desaɾsadeskas,desaɡɾadeskas
90L_10NL,3,90L_10NL_3_1,0,2625,"('sk', 'sk', 'sk')",desaɾsadeska,desaɡɾadeskas
90L_10NL,3,90L_10NL_3_1,0,2625,"('sk', 'sk', 'sk')",desaɾsadeska,desaɡɾadeskas
90L_10NL,3,90L_10NL_3_1,0,2625,"('sk', 'sk', 'sk')",desaɾsadeska,desaɡɾadeskas
90L_10NL,3,90L_10NL_3_1,0,2625,"('sk', 'sk', 'sk')",desaɾsadeska,desaɡɾadeskas
90L_10NL,3,90L_10NL_3_1,0,1750,"('s', 's', 'sk')",desaɾsadeska,desaɡɾadeska
90L_10NL,3,90L_10NL_3_1,0,1750,"('s', 's', 'sk')",desaɾsadeska,desaɡɾadeska
90L_10NL,3,90L_10NL_3_1,0,1750,"('s', 's', 'sk')",desaɾsadeska,desaɡɾadeska
90L_10NL,3,90L_10NL_3_1,0,1750,"('s', 's', 'sk')",desaɾsadeska,desaɡɾadeska
90L_10NL,3,90L_10NL_3_1,0,5250,"('s', 'sk', 'sk')",desaɾsadeska,desaɡɾadeska
90L_10NL,3,90L_10NL_3_1,0,5250,"('s', 'sk', 'sk')",desaɾsadeska,desaɡɾadeska
90L_10NL,3,90L_10NL_3_1,0,5250,"('s', 'sk', 'sk')",desaɾsadeska,desaɡɾadeska
90L_10NL,3,90L_10NL_3_1,0,5250,"('s', 'sk', 'sk')",desaɾsadeska,desaɡɾadeska
90L_10NL,3,90L_10NL_3_1,0,5250,"('s', 'sk', 'sk')",desaɾsadeska,desaɡɾadeska
90L_10NL,3,90L_10NL_3_1,0,5250,"('s', 'sk', 'sk')",desaɾsadeska,desaɡɾadeska
90L_10NL,3,90L_10NL_3_1,0,1750,"('s', 's', 'sk')",desaɾsadeska,desaɡɾadeska
90L_10NL,3,90L_10NL_3_1,0,1750,"('s', 's', 'sk')",desaɾsadeska,desaɡɾadeska
90L_10NL,3,90L_10NL_3_1,0,1750,"('s', 's', 'sk')",desaɾsadeska,desaɡɾadeska
90L_10NL,3,90L_10NL_3_1,0,5250,"('s', 'sk', 'sk')",desaɾsadeska,desaɡɾadeska
90L_10NL,3,90L_10NL_3_1,0,5250,"('s', 'sk', 'sk')",desaɾsadeska,desaɡɾadeska
90L_10NL,3,90L_10NL_3_1,0,5250,"('s', 'sk', 'sk')",desaɾsadeska,desaɡɾadeska
90L_10NL,3,90L_10NL_3_1,0,5250,"('s', 'sk', 'sk')",desaɾsadeska,desaɡɾadeska
90L_10NL,3,90L_10NL_3_1,0,5250,"('s', 'sk', 'sk')",desaɾsadeska,desaɡɾadeska
90L_10NL,3,90L_10NL_3_1,0,5250,"('s', 'sk', 'sk')",desaɾsadeska,desaɡɾadeska
90L_10NL,3,90L_10NL_3_1,0,1750,"('s', 's', 'sk')",desaɾsadeska,desaɡɾadeska
90L_10NL,3,90L_10NL_3_1,0,1750,"('s', 's', 'sk')",desaɾsadeska,desaɡɾadeska
90L_10NL,3,90L_10NL_3_1,0,5250,"('s', 'sk', 'sk')",desaɾsadeska,desaɡɾadeska
90L_10NL,3,90L_10NL_3_1,0,5250,"('s', 'sk', 'sk')",desaɾsadeska,desaɡɾadeska
90L_10NL,3,90L_10NL_3_1,0,5250,"('s', 'sk', 'sk')",desaɾsadeska,desaɡɾadeska
90L_10NL,3,90L_10NL_3_1,0,5250,"('s', 'sk', 'sk')",desaɾsadeska,desaɡɾadeska
90L_10NL,3,90L_10NL_3_1,0,5250,"('s', 'sk', 'sk')",desaɾsadeska,desaɡɾadeska
90L_10NL,3,90L_10NL_3_1,0,5250,"('s', 'sk', 'sk')",desaɾsadeska,desaɡɾadeska
90L_10NL,3,90L_10NL_3_1,0,1750,"('s', 's', 'sk')",desaɾsadeska,desaɡɾadeska
90L_10NL,3,90L_10NL_3_1,0,5250,"('s', 'sk', 'sk')",desaɾsadeska,desaɡɾadeska
90L_10NL,3,90L_10NL_3_1,0,5250,"('s', 'sk', 'sk')",desaɾsadeska,desaɡɾadeska
90L_10NL,3,90L_10NL_3_1,0,5250,"('s', 'sk', 'sk')",desaɾsadeska,desaɡɾadeska
90L_10NL,3,90L_10NL_3_1,0,5250,"('s', 'sk', 'sk')",desaɾdasdeska,desaɡɾadeska
90L_10NL,3,90L_10NL_3_1,0,5250,"('s', 'sk', 'sk')",desaɾsadeska,desaɡɾadeska
90L_10NL,3,90L_10NL_3_1,0,5250,"('s', 'sk', 'sk')",desaɾsadeska,desaɡɾadeska
90L_10NL,3,90L_10NL_3_1,0,5250,"('s', 'sk', 'sk')",desaɾsadeska,desaɡɾadeska
90L_10NL,3,90L_10NL_3_1,0,5250,"('s', 'sk', 'sk')",desaɾsadeska,desaɡɾadeska
90L_10NL,3,90L_10NL_3_1,0,5250,"('s', 'sk', 'sk')",desaɾsadeska,desaɡɾadeska
90L_10NL,3,90L_10NL_3_1,0,5250,"('s', 'sk', 'sk')",desaɾsadeska,desaɡɾadeska
90L_10NL,3,90L_10NL_3_1,0,5250,"('s', 'sk', 'sk')",desaɾsadeska,desaɡɾadeska
90L_10NL,3,90L_10NL_3_1,0,5250,"('s', 'sk', 'sk')",desaɾsadeska,desaɡɾadeska
90L_10NL,3,90L_10NL_3_1,0,2625,"('sk', 'sk', 'sk')",desaɾsadeska,desaɡɾadeska
90L_10NL,3,90L_10NL_3_1,0,2625,"('sk', 'sk', 'sk')",desaɾsadeska,desaɡɾadeska
90L_10NL,3,90L_10NL_3_1,0,2625,"('sk', 'sk', 'sk')",desaɾsadeska,desaɡɾadeska
90L_10NL,3,90L_10NL_3_1,0,2625,"('sk', 'sk', 'sk')",desaɾsadeska,desaɡɾadeska
90L_10NL,3,90L_10NL_3_1,0,2625,"('sk', 'sk', 'sk')",desaɾsadeska,desaɡɾadeska
90L_10NL,3,90L_10NL_3_1,0,2625,"('sk', 'sk', 'sk')",desaɾsadeska,desaɡɾadeska
90L_10NL,3,90L_10NL_3_1,0,2625,"('sk', 'sk', 'sk')",desaɾsadeska,desaɡɾadeska
90L_10NL,3,90L_10NL_3_1,0,2625,"('sk', 'sk', 'sk')",desaɾsadeska,desaɡɾadeska
90L_10NL,3,90L_10NL_3_1,0,2625,"('sk', 'sk', 'sk')",desaɾsadeska,desaɡɾadeska
90L_10NL,3,90L_10NL_3_1,0,2625,"('sk', 'sk', 'sk')",desaɾsadeska,desaɡɾadeska
90L_10NL,3,90L_10NL_3_1,0,2625,"('sk', 'sk', 'sk')",desaɾsadeska,desaɡɾadeska
90L_10NL,3,90L_10NL_3_1,0,2625,"('sk', 'sk', 'sk')",desaɾsadeska,desaɡɾadeska
90L_10NL,3,90L_10NL_3_1,0,2625,"('sk', 'sk', 'sk')",desaɾsadeska,desaɡɾadeska
90L_10NL,3,90L_10NL_3_1,0,2625,"('sk', 'sk', 'sk')",desaɾsadeska,desaɡɾadeska
90L_10NL,3,90L_10NL_3_1,0,2625,"('sk', 'sk', 'sk')",desaɾsadeska,desaɡɾadeska
90L_10NL,3,90L_10NL_3_1,0,1750,"('s', 's', 'sk')",desaɾsadeska,desaɡɾadeska
90L_10NL,3,90L_10NL_3_1,0,1750,"('s', 's', 'sk')",desaɾsadeska,desaɡɾadeska
90L_10NL,3,90L_10NL_3_1,0,1750,"('s', 's', 'sk')",desaɾsadeska,desaɡɾadeska
90L_10NL,3,90L_10NL_3_1,0,1750,"('s', 's', 'sk')",desaɾsadeska,desaɡɾadeska
90L_10NL,3,90L_10NL_3_1,0,5250,"('s', 'sk', 'sk')",desaɾsadeska,desaɡɾadeska
90L_10NL,3,90L_10NL_3_1,0,5250,"('s', 'sk', 'sk')",desaɾsadeska,desaɡɾadeska
90L_10NL,3,90L_10NL_3_1,0,5250,"('s', 'sk', 'sk')",desaɾsadeska,desaɡɾadeska
90L_10NL,3,90L_10NL_3_1,0,5250,"('s', 'sk', 'sk')",desaɾsadeska,desaɡɾadeska
90L_10NL,3,90L_10NL_3_1,0,5250,"('s', 'sk', 'sk')",desaɾsadeska,desaɡɾadeska
90L_10NL,3,90L_10NL_3_1,0,5250,"('s', 'sk', 'sk')",desaɾsadeska,desaɡɾadeska
90L_10NL,3,90L_10NL_3_1,0,1750,"('s', 's', 'sk')",desaɾsadeska,desaɡɾadeska
90L_10NL,3,90L_10NL_3_1,0,1750,"('s', 's', 'sk')",desaɾsadeska,desaɡɾadeska
90L_10NL,3,90L_10NL_3_1,0,1750,"('s', 's', 'sk')",desaɾsadeska,desaɡɾadeska
90L_10NL,3,90L_10NL_3_1,0,5250,"('s', 'sk', 'sk')",desaɾsadeska,desaɡɾadeska
90L_10NL,3,90L_10NL_3_1,0,5250,"('s', 'sk', 'sk')",desaɾsadeska,desaɡɾadeska
90L_10NL,3,90L_10NL_3_1,0,5250,"('s', 'sk', 'sk')",desaɾsadeska,desaɡɾadeska
90L_10NL,3,90L_10NL_3_1,0,5250,"('s', 'sk', 'sk')",desaɾsadeska,desaɡɾadeska
90L_10NL,3,90L_10NL_3_1,0,5250,"('s', 'sk', 'sk')",desaɾsadeska,desaɡɾadeska
90L_10NL,3,90L_10NL_3_1,0,5250,"('s', 'sk', 'sk')",desaɾsadeska,desaɡɾadeska
90L_10NL,3,90L_10NL_3_1,0,1750,"('s', 's', 'sk')",desaɾsadeska,desaɡɾadeska
90L_10NL,3,90L_10NL_3_1,0,1750,"('s', 's', 'sk')",desaɾsadeska,desaɡɾadeska
90L_10NL,3,90L_10NL_3_1,0,5250,"('s', 'sk', 'sk')",desaɾsadeska,desaɡɾadeska
90L_10NL,3,90L_10NL_3_1,0,5250,"('s', 'sk', 'sk')",desaɾsadeska,desaɡɾadeska
90L_10NL,3,90L_10NL_3_1,0,5250,"('s', 'sk', 'sk')",desaɾsadeska,desaɡɾadeska
90L_10NL,3,90L_10NL_3_1,0,5250,"('s', 'sk', 'sk')",desaɾsadeska,desaɡɾadeska
90L_10NL,3,90L_10NL_3_1,0,5250,"('s', 'sk', 'sk')",desaɾsadeska,desaɡɾadeska
90L_10NL,3,90L_10NL_3_1,0,5250,"('s', 'sk', 'sk')",desaɾsadeska,desaɡɾadeska
90L_10NL,3,90L_10NL_3_1,0,1750,"('s', 's', 'sk')",desaɾsadeska,desaɡɾadeska
90L_10NL,3,90L_10NL_3_1,0,5250,"('s', 'sk', 'sk')",desaɾsadeska,desaɡɾadeska
90L_10NL,3,90L_10NL_3_1,0,5250,"('s', 'sk', 'sk')",desaɾsadeska,desaɡɾadeska
90L_10NL,3,90L_10NL_3_1,0,5250,"('s', 'sk', 'sk')",desaɾsadeska,desaɡɾadeska
90L_10NL,3,90L_10NL_3_1,0,5250,"('s', 'sk', 'sk')",desaɾdasdeska,desaɡɾadeska
90L_10NL,3,90L_10NL_3_1,0,5250,"('s', 'sk', 'sk')",desaɾsadeska,desaɡɾadeska
90L_10NL,3,90L_10NL_3_1,0,5250,"('s', 'sk', 'sk')",desaɾsadeska,desaɡɾadeska
90L_10NL,3,90L_10NL_3_1,0,5250,"('s', 'sk', 'sk')",desaɾsadeska,desaɡɾadeska
90L_10NL,3,90L_10NL_3_1,0,5250,"('s', 'sk', 'sk')",desaɾsadeska,desaɡɾadeska
90L_10NL,3,90L_10NL_3_1,0,5250,"('s', 'sk', 'sk')",desaɾsadeska,desaɡɾadeska
90L_10NL,3,90L_10NL_3_1,0,5250,"('s', 'sk', 'sk')",desaɾsadeska,desaɡɾadeska
90L_10NL,3,90L_10NL_3_1,0,5250,"('s', 'sk', 'sk')",desaɾsadeska,desaɡɾadeska
90L_10NL,3,90L_10NL_3_1,0,5250,"('s', 'sk', 'sk')",desaɾsadeska,desaɡɾadeska
90L_10NL,3,90L_10NL_3_1,0,2625,"('sk', 'sk', 'sk')",desaɾsadeska,desaɡɾadeska
90L_10NL,3,90L_10NL_3_1,0,2625,"('sk', 'sk', 'sk')",desaɾsadeska,desaɡɾadeska
90L_10NL,3,90L_10NL_3_1,0,2625,"('sk', 'sk', 'sk')",desaɾsadeska,desaɡɾadeska
90L_10NL,3,90L_10NL_3_1,0,2625,"('sk', 'sk', 'sk')",desaɾsadeska,desaɡɾadeska
90L_10NL,3,90L_10NL_3_1,0,2625,"('sk', 'sk', 'sk')",desaɾsadeska,desaɡɾadeska
90L_10NL,3,90L_10NL_3_1,0,2625,"('sk', 'sk', 'sk')",desaɾsadeska,desaɡɾadeska
90L_10NL,3,90L_10NL_3_1,0,2625,"('sk', 'sk', 'sk')",desaɾsadeska,desaɡɾadeska
90L_10NL,3,90L_10NL_3_1,0,2625,"('sk', 'sk', 'sk')",desaɾsadeska,desaɡɾadeska
90L_10NL,3,90L_10NL_3_1,0,2625,"('sk', 'sk', 'sk')",desaɾsadeska,desaɡɾadeska
90L_10NL,3,90L_10NL_3_1,0,2625,"('sk', 'sk', 'sk')",desaɾsadeska,desaɡɾadeska
90L_10NL,3,90L_10NL_3_1,0,2625,"('sk', 'sk', 'sk')",desaɾsadeska,desaɡɾadeska
90L_10NL,3,90L_10NL_3_1,0,2625,"('sk', 'sk', 'sk')",desaɾsadesko,desaɡɾadeska
90L_10NL,3,90L_10NL_3_1,0,2625,"('sk', 'sk', 'sk')",desaɾsadesko,desaɡɾadeska
90L_10NL,3,90L_10NL_3_1,0,2625,"('sk', 'sk', 'sk')",desaɾsadesko,desaɡɾadeska
90L_10NL,3,90L_10NL_3_1,0,2625,"('sk', 'sk', 'sk')",desaɾsadesko,desaɡɾadeska
90L_10NL,3,90L_10NL_3_1,0,1750,"('s', 's', 'sk')",desaɾsadesko,desaɡɾadesko
90L_10NL,3,90L_10NL_3_1,0,1750,"('s', 's', 'sk')",desaɾsadesko,desaɡɾadesko
90L_10NL,3,90L_10NL_3_1,0,1750,"('s', 's', 'sk')",desaɾsadesko,desaɡɾadesko
90L_10NL,3,90L_10NL_3_1,0,1750,"('s', 's', 'sk')",desaɾsadesko,desaɡɾadesko
90L_10NL,3,90L_10NL_3_1,0,5250,"('s', 'sk', 'sk')",desaɾsadesko,desaɡɾadesko
90L_10NL,3,90L_10NL_3_1,0,5250,"('s', 'sk', 'sk')",desaɾsadesko,desaɡɾadesko
90L_10NL,3,90L_10NL_3_1,0,5250,"('s', 'sk', 'sk')",desaɾsadesko,desaɡɾadesko
90L_10NL,3,90L_10NL_3_1,0,5250,"('s', 'sk', 'sk')",desaɾsadesko,desaɡɾadesko
90L_10NL,3,90L_10NL_3_1,0,5250,"('s', 'sk', 'sk')",desaɾsadesko,desaɡɾadesko
90L_10NL,3,90L_10NL_3_1,0,5250,"('s', 'sk', 'sk')",desaɾsadesko,desaɡɾadesko
90L_10NL,3,90L_10NL_3_1,0,1750,"('s', 's', 'sk')",desaɾsadesko,desaɡɾadesko
90L_10NL,3,90L_10NL_3_1,0,1750,"('s', 's', 'sk')",desaɾsadesko,desaɡɾadesko
90L_10NL,3,90L_10NL_3_1,0,1750,"('s', 's', 'sk')",desaɾsadesko,desaɡɾadesko
90L_10NL,3,90L_10NL_3_1,0,5250,"('s', 'sk', 'sk')",desaɾsadesko,desaɡɾadesko
90L_10NL,3,90L_10NL_3_1,0,5250,"('s', 'sk', 'sk')",desaɾsadesko,desaɡɾadesko
90L_10NL,3,90L_10NL_3_1,0,5250,"('s', 'sk', 'sk')",desaɾsadesko,desaɡɾadesko
90L_10NL,3,90L_10NL_3_1,0,5250,"('s', 'sk', 'sk')",desaɾsadesko,desaɡɾadesko
90L_10NL,3,90L_10NL_3_1,0,5250,"('s', 'sk', 'sk')",desaɾsadesko,desaɡɾadesko
90L_10NL,3,90L_10NL_3_1,0,5250,"('s', 'sk', 'sk')",desaɾsadesko,desaɡɾadesko
90L_10NL,3,90L_10NL_3_1,0,1750,"('s', 's', 'sk')",desaɾsadesko,desaɡɾadesko
90L_10NL,3,90L_10NL_3_1,0,1750,"('s', 's', 'sk')",desaɾsadesko,desaɡɾadesko
90L_10NL,3,90L_10NL_3_1,0,5250,"('s', 'sk', 'sk')",desaɾsadesko,desaɡɾadesko
90L_10NL,3,90L_10NL_3_1,0,5250,"('s', 'sk', 'sk')",desaɾsadesko,desaɡɾadesko
90L_10NL,3,90L_10NL_3_1,0,5250,"('s', 'sk', 'sk')",desaɾsadesko,desaɡɾadesko
90L_10NL,3,90L_10NL_3_1,0,5250,"('s', 'sk', 'sk')",desaɾsadesko,desaɡɾadesko
90L_10NL,3,90L_10NL_3_1,0,5250,"('s', 'sk', 'sk')",desaɾsadesko,desaɡɾadesko
90L_10NL,3,90L_10NL_3_1,0,5250,"('s', 'sk', 'sk')",desaɾsadesko,desaɡɾadesko
90L_10NL,3,90L_10NL_3_1,0,1750,"('s', 's', 'sk')",desaɾsadesko,desaɡɾadesko
90L_10NL,3,90L_10NL_3_1,0,5250,"('s', 'sk', 'sk')",desaɾsadesko,desaɡɾadesko
90L_10NL,3,90L_10NL_3_1,0,5250,"('s', 'sk', 'sk')",desaɾsadesko,desaɡɾadesko
90L_10NL,3,90L_10NL_3_1,0,5250,"('s', 'sk', 'sk')",desaɾsadesko,desaɡɾadesko
90L_10NL,3,90L_10NL_3_1,0,5250,"('s', 'sk', 'sk')",desaɾsadesko,desaɡɾadesko
90L_10NL,3,90L_10NL_3_1,0,5250,"('s', 'sk', 'sk')",desaɾsadesko,desaɡɾadesko
90L_10NL,3,90L_10NL_3_1,0,5250,"('s', 'sk', 'sk')",desaɾsadesko,desaɡɾadesko
90L_10NL,3,90L_10NL_3_1,0,5250,"('s', 'sk', 'sk')",desaɾsadesko,desaɡɾadesko
90L_10NL,3,90L_10NL_3_1,0,5250,"('s', 'sk', 'sk')",desaɾsadesko,desaɡɾadesko
90L_10NL,3,90L_10NL_3_1,0,5250,"('s', 'sk', 'sk')",desaɾsadesko,desaɡɾadesko
90L_10NL,3,90L_10NL_3_1,0,5250,"('s', 'sk', 'sk')",desaɾsadesko,desaɡɾadesko
90L_10NL,3,90L_10NL_3_1,0,5250,"('s', 'sk', 'sk')",desaɾsadesko,desaɡɾadesko
90L_10NL,3,90L_10NL_3_1,0,5250,"('s', 'sk', 'sk')",desaɾsadesko,desaɡɾadesko
90L_10NL,3,90L_10NL_3_1,0,2625,"('sk', 'sk', 'sk')",desaɾsadesko,desaɡɾadesko
90L_10NL,3,90L_10NL_3_1,0,2625,"('sk', 'sk', 'sk')",desaɾsadesko,desaɡɾadesko
90L_10NL,3,90L_10NL_3_1,0,2625,"('sk', 'sk', 'sk')",desaɾsadesko,desaɡɾadesko
90L_10NL,3,90L_10NL_3_1,0,2625,"('sk', 'sk', 'sk')",desaɾsadesko,desaɡɾadesko
90L_10NL,3,90L_10NL_3_1,0,2625,"('sk', 'sk', 'sk')",desaɾsadesko,desaɡɾadesko
90L_10NL,3,90L_10NL_3_1,0,2625,"('sk', 'sk', 'sk')",desaɾsadesko,desaɡɾadesko
90L_10NL,3,90L_10NL_3_1,0,2625,"('sk', 'sk', 'sk')",desaɾsadesko,desaɡɾadesko
90L_10NL,3,90L_10NL_3_1,0,2625,"('sk', 'sk', 'sk')",desaɾsadesko,desaɡɾadesko
90L_10NL,3,90L_10NL_3_1,0,2625,"('sk', 'sk', 'sk')",desaɾsadesko,desaɡɾadesko
90L_10NL,3,90L_10NL_3_1,0,2625,"('sk', 'sk', 'sk')",desaɾsadesko,desaɡɾadesko
90L_10NL,3,90L_10NL_3_1,0,2625,"('sk', 'sk', 'sk')",desaɾsadesko,desaɡɾadesko
90L_10NL,3,90L_10NL_3_1,0,2625,"('sk', 'sk', 'sk')",ɾestɾinçen,desaɡɾadesko
90L_10NL,3,90L_10NL_3_1,0,2625,"('sk', 'sk', 'sk')",ɾestɾinçen,desaɡɾadesko
90L_10NL,3,90L_10NL_3_1,0,2625,"('sk', 'sk', 'sk')",ɾestɾinçen,desaɡɾadesko
90L_10NL,3,90L_10NL_3_1,0,2625,"('sk', 'sk', 'sk')",ɾestɾinçen,desaɡɾadesko
90L_10NL,3,90L_10NL_3_1,1,120,"('nç', 'nç', 'nç')",ɾestɾinçen,ɾestɾinçen
90L_10NL,3,90L_10NL_3_1,1,120,"('nç', 'nç', 'nç')",ɾestɾinçen,ɾestɾinçen
90L_10NL,3,90L_10NL_3_1,1,120,"('nç', 'nç', 'nç')",ɾestɾinçen,ɾestɾinçen
90L_10NL,3,90L_10NL_3_1,1,560,"('nç', 'nx', 'nç')",ɾestɾinçen,ɾestɾinçen
90L_10NL,3,90L_10NL_3_1,1,560,"('nç', 'nx', 'nç')",ɾestɾinçen,ɾestɾinçen
90L_10NL,3,90L_10NL_3_1,1,560,"('nç', 'nx', 'nç')",ɾestɾinçen,ɾestɾinçen
90L_10NL,3,90L_10NL_3_1,1,560,"('nç', 'nx', 'nç')",ɾestɾinçen,ɾestɾinçen
90L_10NL,3,90L_10NL_3_1,1,560,"('nç', 'nx', 'nç')",ɾestɾinçen,ɾestɾinçen
90L_10NL,3,90L_10NL_3_1,1,560,"('nç', 'nx', 'nç')",ɾestɾinçen,ɾestɾinçen
90L_10NL,3,90L_10NL_3_1,1,560,"('nç', 'nx', 'nç')",ɾestɾinçen,ɾestɾinçen
90L_10NL,3,90L_10NL_3_1,1,120,"('nç', 'nç', 'nç')",ɾestɾinçen,ɾestɾinçen
90L_10NL,3,90L_10NL_3_1,1,120,"('nç', 'nç', 'nç')",ɾestɾinçen,ɾestɾinçen
90L_10NL,3,90L_10NL_3_1,1,560,"('nç', 'nx', 'nç')",ɾestɾinçen,ɾestɾinçen
90L_10NL,3,90L_10NL_3_1,1,560,"('nç', 'nx', 'nç')",ɾestɾinçen,ɾestɾinçen
90L_10NL,3,90L_10NL_3_1,1,560,"('nç', 'nx', 'nç')",ɾestɾinçen,ɾestɾinçen
90L_10NL,3,90L_10NL_3_1,1,560,"('nç', 'nx', 'nç')",ɾestɾinçen,ɾestɾinçen
90L_10NL,3,90L_10NL_3_1,1,560,"('nç', 'nx', 'nç')",ɾestɾinçen,ɾestɾinçen
90L_10NL,3,90L_10NL_3_1,1,560,"('nç', 'nx', 'nç')",ɾestɾinçen,ɾestɾinçen
90L_10NL,3,90L_10NL_3_1,1,560,"('nç', 'nx', 'nç')",ɾestɾinçen,ɾestɾinçen
90L_10NL,3,90L_10NL_3_1,1,120,"('nç', 'nç', 'nç')",ɾestɾinçen,ɾestɾinçen
90L_10NL,3,90L_10NL_3_1,1,560,"('nç', 'nx', 'nç')",ɾestɾinçen,ɾestɾinçen
90L_10NL,3,90L_10NL_3_1,1,560,"('nç', 'nx', 'nç')",ɾestɾinçen,ɾestɾinçen
90L_10NL,3,90L_10NL_3_1,1,560,"('nç', 'nx', 'nç')",ɾestɾinçen,ɾestɾinçen
90L_10NL,3,90L_10NL_3_1,1,560,"('nç', 'nx', 'nç')",ɾestɾinçen,ɾestɾinçen
90L_10NL,3,90L_10NL_3_1,1,560,"('nç', 'nx', 'nç')",ɾestɾinçen,ɾestɾinçen
90L_10NL,3,90L_10NL_3_1,1,560,"('nç', 'nx', 'nç')",ɾestɾinçen,ɾestɾinçen
90L_10NL,3,90L_10NL_3_1,1,560,"('nç', 'nx', 'nç')",ɾestɾinçen,ɾestɾinçen
90L_10NL,3,90L_10NL_3_1,1,560,"('nç', 'nx', 'nç')",ɾestɾinçen,ɾestɾinçen
90L_10NL,3,90L_10NL_3_1,1,560,"('nç', 'nx', 'nç')",ɾestɾinçen,ɾestɾinçen
90L_10NL,3,90L_10NL_3_1,1,560,"('nç', 'nx', 'nç')",ɾestɾinçen,ɾestɾinçen
90L_10NL,3,90L_10NL_3_1,1,560,"('nç', 'nx', 'nç')",ɾestɾinçen,ɾestɾinçen
90L_10NL,3,90L_10NL_3_1,1,560,"('nç', 'nx', 'nç')",ɾestɾinçen,ɾestɾinçen
90L_10NL,3,90L_10NL_3_1,1,560,"('nç', 'nx', 'nç')",ɾestɾinçen,ɾestɾinçen
90L_10NL,3,90L_10NL_3_1,1,560,"('nç', 'nx', 'nç')",ɾestɾinçen,ɾestɾinçen
90L_10NL,3,90L_10NL_3_1,1,420,"('nx', 'nx', 'nç')",ɾestɾinçen,ɾestɾinçen
90L_10NL,3,90L_10NL_3_1,1,420,"('nx', 'nx', 'nç')",ɾestɾinçen,ɾestɾinçen
90L_10NL,3,90L_10NL_3_1,1,420,"('nx', 'nx', 'nç')",ɾestɾinçen,ɾestɾinçen
90L_10NL,3,90L_10NL_3_1,1,420,"('nx', 'nx', 'nç')",ɾestɾinçen,ɾestɾinçen
90L_10NL,3,90L_10NL_3_1,1,420,"('nx', 'nx', 'nç')",ɾestɾinçen,ɾestɾinçen
90L_10NL,3,90L_10NL_3_1,1,420,"('nx', 'nx', 'nç')",ɾestɾinçen,ɾestɾinçen
90L_10NL,3,90L_10NL_3_1,1,420,"('nx', 'nx', 'nç')",ɾestɾinçen,ɾestɾinçen
90L_10NL,3,90L_10NL_3_1,1,420,"('nx', 'nx', 'nç')",ɾestɾinçen,ɾestɾinçen
90L_10NL,3,90L_10NL_3_1,1,420,"('nx', 'nx', 'nç')",ɾestɾinçen,ɾestɾinçen
90L_10NL,3,90L_10NL_3_1,1,420,"('nx', 'nx', 'nç')",ɾestɾinçen,ɾestɾinçen
90L_10NL,3,90L_10NL_3_1,1,420,"('nx', 'nx', 'nç')",ɾestɾinçen,ɾestɾinçen
90L_10NL,3,90L_10NL_3_1,1,420,"('nx', 'nx', 'nç')",ɾestɾinçen,ɾestɾinçen
90L_10NL,3,90L_10NL_3_1,1,420,"('nx', 'nx', 'nç')",ɾestɾinçen,ɾestɾinçen
90L_10NL,3,90L_10NL_3_1,1,420,"('nx', 'nx', 'nç')",ɾestɾinçen,ɾestɾinçen
90L_10NL,3,90L_10NL_3_1,1,420,"('nx', 'nx', 'nç')",ɾestɾinçen,ɾestɾinçen
90L_10NL,3,90L_10NL_3_1,1,420,"('nx', 'nx', 'nç')",ɾestɾinçen,ɾestɾinçen
90L_10NL,3,90L_10NL_3_1,1,420,"('nx', 'nx', 'nç')",ɾestɾinçen,ɾestɾinçen
90L_10NL,3,90L_10NL_3_1,0,420,"('nx', 'nx', 'nç')",ɾestɾinçes,ɾestɾinçen
90L_10NL,3,90L_10NL_3_1,0,420,"('nx', 'nx', 'nç')",ɾestɾinçes,ɾestɾinçen
90L_10NL,3,90L_10NL_3_1,0,420,"('nx', 'nx', 'nç')",ɾestɾinçes,ɾestɾinçen
90L_10NL,3,90L_10NL_3_1,0,420,"('nx', 'nx', 'nç')",ɾestɾinçes,ɾestɾinçen
90L_10NL,3,90L_10NL_3_1,1,120,"('nç', 'nç', 'nç')",ɾestɾinçes,ɾestɾinçes
90L_10NL,3,90L_10NL_3_1,1,120,"('nç', 'nç', 'nç')",ɾestɾinçes,ɾestɾinçes
90L_10NL,3,90L_10NL_3_1,1,120,"('nç', 'nç', 'nç')",ɾestɾinçes,ɾestɾinçes
90L_10NL,3,90L_10NL_3_1,1,560,"('nç', 'nx', 'nç')",ɾestɾinçes,ɾestɾinçes
90L_10NL,3,90L_10NL_3_1,1,560,"('nç', 'nx', 'nç')",ɾestɾinçes,ɾestɾinçes
90L_10NL,3,90L_10NL_3_1,1,560,"('nç', 'nx', 'nç')",ɾestɾinçes,ɾestɾinçes
90L_10NL,3,90L_10NL_3_1,1,560,"('nç', 'nx', 'nç')",ɾestɾinçes,ɾestɾinçes
90L_10NL,3,90L_10NL_3_1,1,560,"('nç', 'nx', 'nç')",ɾestɾinçes,ɾestɾinçes
90L_10NL,3,90L_10NL_3_1,1,560,"('nç', 'nx', 'nç')",ɾestɾinçes,ɾestɾinçes
90L_10NL,3,90L_10NL_3_1,1,560,"('nç', 'nx', 'nç')",ɾestɾinçes,ɾestɾinçes
90L_10NL,3,90L_10NL_3_1,1,120,"('nç', 'nç', 'nç')",ɾestɾinçes,ɾestɾinçes
90L_10NL,3,90L_10NL_3_1,1,120,"('nç', 'nç', 'nç')",ɾestɾinçes,ɾestɾinçes
90L_10NL,3,90L_10NL_3_1,1,560,"('nç', 'nx', 'nç')",ɾestɾinçes,ɾestɾinçes
90L_10NL,3,90L_10NL_3_1,1,560,"('nç', 'nx', 'nç')",ɾestɾinçes,ɾestɾinçes
90L_10NL,3,90L_10NL_3_1,1,560,"('nç', 'nx', 'nç')",ɾestɾinçes,ɾestɾinçes
90L_10NL,3,90L_10NL_3_1,1,560,"('nç', 'nx', 'nç')",ɾestɾinçes,ɾestɾinçes
90L_10NL,3,90L_10NL_3_1,1,560,"('nç', 'nx', 'nç')",ɾestɾinçes,ɾestɾinçes
90L_10NL,3,90L_10NL_3_1,1,560,"('nç', 'nx', 'nç')",ɾestɾinçes,ɾestɾinçes
90L_10NL,3,90L_10NL_3_1,1,560,"('nç', 'nx', 'nç')",ɾestɾinçes,ɾestɾinçes
90L_10NL,3,90L_10NL_3_1,1,120,"('nç', 'nç', 'nç')",ɾestɾinçes,ɾestɾinçes
90L_10NL,3,90L_10NL_3_1,1,560,"('nç', 'nx', 'nç')",ɾestɾinçes,ɾestɾinçes
90L_10NL,3,90L_10NL_3_1,1,560,"('nç', 'nx', 'nç')",ɾestɾinçes,ɾestɾinçes
90L_10NL,3,90L_10NL_3_1,1,560,"('nç', 'nx', 'nç')",ɾestɾinçes,ɾestɾinçes
90L_10NL,3,90L_10NL_3_1,1,560,"('nç', 'nx', 'nç')",ɾestɾinçes,ɾestɾinçes
90L_10NL,3,90L_10NL_3_1,1,560,"('nç', 'nx', 'nç')",ɾestɾinçes,ɾestɾinçes
90L_10NL,3,90L_10NL_3_1,1,560,"('nç', 'nx', 'nç')",ɾestɾinçes,ɾestɾinçes
90L_10NL,3,90L_10NL_3_1,1,560,"('nç', 'nx', 'nç')",ɾestɾinçes,ɾestɾinçes
90L_10NL,3,90L_10NL_3_1,1,560,"('nç', 'nx', 'nç')",ɾestɾinçes,ɾestɾinçes
90L_10NL,3,90L_10NL_3_1,1,560,"('nç', 'nx', 'nç')",ɾestɾinçes,ɾestɾinçes
90L_10NL,3,90L_10NL_3_1,1,560,"('nç', 'nx', 'nç')",ɾestɾinçes,ɾestɾinçes
90L_10NL,3,90L_10NL_3_1,1,560,"('nç', 'nx', 'nç')",ɾestɾinçes,ɾestɾinçes
90L_10NL,3,90L_10NL_3_1,1,560,"('nç', 'nx', 'nç')",ɾestɾinçes,ɾestɾinçes
90L_10NL,3,90L_10NL_3_1,1,560,"('nç', 'nx', 'nç')",ɾestɾinçes,ɾestɾinçes
90L_10NL,3,90L_10NL_3_1,1,560,"('nç', 'nx', 'nç')",ɾestɾinçes,ɾestɾinçes
90L_10NL,3,90L_10NL_3_1,1,420,"('nx', 'nx', 'nç')",ɾestɾinçes,ɾestɾinçes
90L_10NL,3,90L_10NL_3_1,1,420,"('nx', 'nx', 'nç')",ɾestɾinçes,ɾestɾinçes
90L_10NL,3,90L_10NL_3_1,1,420,"('nx', 'nx', 'nç')",ɾestɾinçes,ɾestɾinçes
90L_10NL,3,90L_10NL_3_1,1,420,"('nx', 'nx', 'nç')",ɾestɾinçes,ɾestɾinçes
90L_10NL,3,90L_10NL_3_1,1,420,"('nx', 'nx', 'nç')",ɾestɾinçes,ɾestɾinçes
90L_10NL,3,90L_10NL_3_1,1,420,"('nx', 'nx', 'nç')",ɾestɾinçes,ɾestɾinçes
90L_10NL,3,90L_10NL_3_1,1,420,"('nx', 'nx', 'nç')",ɾestɾinçes,ɾestɾinçes
90L_10NL,3,90L_10NL_3_1,1,420,"('nx', 'nx', 'nç')",ɾestɾinçes,ɾestɾinçes
90L_10NL,3,90L_10NL_3_1,1,420,"('nx', 'nx', 'nç')",ɾestɾinçes,ɾestɾinçes
90L_10NL,3,90L_10NL_3_1,1,420,"('nx', 'nx', 'nç')",ɾestɾinçes,ɾestɾinçes
90L_10NL,3,90L_10NL_3_1,1,420,"('nx', 'nx', 'nç')",ɾestɾinçes,ɾestɾinçes
90L_10NL,3,90L_10NL_3_1,1,420,"('nx', 'nx', 'nç')",ɾestɾinçes,ɾestɾinçes
90L_10NL,3,90L_10NL_3_1,1,420,"('nx', 'nx', 'nç')",ɾestɾinçes,ɾestɾinçes
90L_10NL,3,90L_10NL_3_1,1,420,"('nx', 'nx', 'nç')",ɾestɾinçes,ɾestɾinçes
90L_10NL,3,90L_10NL_3_1,1,420,"('nx', 'nx', 'nç')",ɾestɾinçes,ɾestɾinçes
90L_10NL,3,90L_10NL_3_1,1,420,"('nx', 'nx', 'nç')",ɾestɾinçes,ɾestɾinçes
90L_10NL,3,90L_10NL_3_1,1,420,"('nx', 'nx', 'nç')",ɾestɾinçes,ɾestɾinçes
90L_10NL,3,90L_10NL_3_1,0,420,"('nx', 'nx', 'nç')",ɾestɾinçe,ɾestɾinçes
90L_10NL,3,90L_10NL_3_1,0,420,"('nx', 'nx', 'nç')",ɾestɾinçe,ɾestɾinçes
90L_10NL,3,90L_10NL_3_1,0,420,"('nx', 'nx', 'nç')",ɾestɾinçe,ɾestɾinçes
90L_10NL,3,90L_10NL_3_1,0,420,"('nx', 'nx', 'nç')",ɾestɾinçe,ɾestɾinçes
90L_10NL,3,90L_10NL_3_1,1,120,"('nç', 'nç', 'nç')",ɾestɾinçe,ɾestɾinçe
90L_10NL,3,90L_10NL_3_1,1,120,"('nç', 'nç', 'nç')",ɾestɾinçe,ɾestɾinçe
90L_10NL,3,90L_10NL_3_1,1,120,"('nç', 'nç', 'nç')",ɾestɾinçe,ɾestɾinçe
90L_10NL,3,90L_10NL_3_1,1,560,"('nç', 'nx', 'nç')",ɾestɾinçe,ɾestɾinçe
90L_10NL,3,90L_10NL_3_1,1,560,"('nç', 'nx', 'nç')",ɾestɾinçe,ɾestɾinçe
90L_10NL,3,90L_10NL_3_1,1,560,"('nç', 'nx', 'nç')",ɾestɾinçe,ɾestɾinçe
90L_10NL,3,90L_10NL_3_1,1,560,"('nç', 'nx', 'nç')",ɾestɾinçe,ɾestɾinçe
90L_10NL,3,90L_10NL_3_1,1,560,"('nç', 'nx', 'nç')",ɾestɾinçe,ɾestɾinçe
90L_10NL,3,90L_10NL_3_1,1,560,"('nç', 'nx', 'nç')",ɾestɾinçe,ɾestɾinçe
90L_10NL,3,90L_10NL_3_1,1,560,"('nç', 'nx', 'nç')",ɾestɾinçe,ɾestɾinçe
90L_10NL,3,90L_10NL_3_1,1,120,"('nç', 'nç', 'nç')",ɾestɾinçe,ɾestɾinçe
90L_10NL,3,90L_10NL_3_1,1,120,"('nç', 'nç', 'nç')",ɾestɾinçe,ɾestɾinçe
90L_10NL,3,90L_10NL_3_1,1,560,"('nç', 'nx', 'nç')",ɾestɾinçe,ɾestɾinçe
90L_10NL,3,90L_10NL_3_1,1,560,"('nç', 'nx', 'nç')",ɾestɾinçe,ɾestɾinçe
90L_10NL,3,90L_10NL_3_1,1,560,"('nç', 'nx', 'nç')",ɾestɾinçe,ɾestɾinçe
90L_10NL,3,90L_10NL_3_1,1,560,"('nç', 'nx', 'nç')",ɾestɾinçe,ɾestɾinçe
90L_10NL,3,90L_10NL_3_1,1,560,"('nç', 'nx', 'nç')",ɾestɾinçe,ɾestɾinçe
90L_10NL,3,90L_10NL_3_1,1,560,"('nç', 'nx', 'nç')",ɾestɾinçe,ɾestɾinçe
90L_10NL,3,90L_10NL_3_1,1,560,"('nç', 'nx', 'nç')",ɾestɾinçe,ɾestɾinçe
90L_10NL,3,90L_10NL_3_1,1,120,"('nç', 'nç', 'nç')",ɾestɾinçe,ɾestɾinçe
90L_10NL,3,90L_10NL_3_1,1,560,"('nç', 'nx', 'nç')",ɾestɾinçe,ɾestɾinçe
90L_10NL,3,90L_10NL_3_1,1,560,"('nç', 'nx', 'nç')",ɾestɾinçe,ɾestɾinçe
90L_10NL,3,90L_10NL_3_1,1,560,"('nç', 'nx', 'nç')",ɾestɾinçe,ɾestɾinçe
90L_10NL,3,90L_10NL_3_1,1,560,"('nç', 'nx', 'nç')",ɾestɾinçe,ɾestɾinçe
90L_10NL,3,90L_10NL_3_1,1,560,"('nç', 'nx', 'nç')",ɾestɾinçe,ɾestɾinçe
90L_10NL,3,90L_10NL_3_1,1,560,"('nç', 'nx', 'nç')",ɾestɾinçe,ɾestɾinçe
90L_10NL,3,90L_10NL_3_1,1,560,"('nç', 'nx', 'nç')",ɾestɾinçe,ɾestɾinçe
90L_10NL,3,90L_10NL_3_1,1,560,"('nç', 'nx', 'nç')",ɾestɾinçe,ɾestɾinçe
90L_10NL,3,90L_10NL_3_1,1,560,"('nç', 'nx', 'nç')",ɾestɾinçe,ɾestɾinçe
90L_10NL,3,90L_10NL_3_1,1,560,"('nç', 'nx', 'nç')",ɾestɾinçe,ɾestɾinçe
90L_10NL,3,90L_10NL_3_1,1,560,"('nç', 'nx', 'nç')",ɾestɾinçe,ɾestɾinçe
90L_10NL,3,90L_10NL_3_1,1,560,"('nç', 'nx', 'nç')",ɾestɾinçe,ɾestɾinçe
90L_10NL,3,90L_10NL_3_1,1,560,"('nç', 'nx', 'nç')",ɾestɾinçe,ɾestɾinçe
90L_10NL,3,90L_10NL_3_1,1,560,"('nç', 'nx', 'nç')",ɾestɾinçe,ɾestɾinçe
90L_10NL,3,90L_10NL_3_1,1,420,"('nx', 'nx', 'nç')",ɾestɾinçe,ɾestɾinçe
90L_10NL,3,90L_10NL_3_1,1,420,"('nx', 'nx', 'nç')",ɾestɾinçe,ɾestɾinçe
90L_10NL,3,90L_10NL_3_1,1,420,"('nx', 'nx', 'nç')",ɾestɾinçe,ɾestɾinçe
90L_10NL,3,90L_10NL_3_1,1,420,"('nx', 'nx', 'nç')",ɾestɾinçe,ɾestɾinçe
90L_10NL,3,90L_10NL_3_1,1,420,"('nx', 'nx', 'nç')",ɾestɾinçe,ɾestɾinçe
90L_10NL,3,90L_10NL_3_1,1,420,"('nx', 'nx', 'nç')",ɾestɾinçe,ɾestɾinçe
90L_10NL,3,90L_10NL_3_1,1,420,"('nx', 'nx', 'nç')",ɾestɾinçe,ɾestɾinçe
90L_10NL,3,90L_10NL_3_1,1,420,"('nx', 'nx', 'nç')",ɾestɾinçe,ɾestɾinçe
90L_10NL,3,90L_10NL_3_1,1,420,"('nx', 'nx', 'nç')",ɾestɾinçe,ɾestɾinçe
90L_10NL,3,90L_10NL_3_1,1,420,"('nx', 'nx', 'nç')",ɾestɾinçe,ɾestɾinçe
90L_10NL,3,90L_10NL_3_1,1,420,"('nx', 'nx', 'nç')",ɾestɾinçe,ɾestɾinçe
90L_10NL,3,90L_10NL_3_1,1,420,"('nx', 'nx', 'nç')",ɾestɾinçe,ɾestɾinçe
90L_10NL,3,90L_10NL_3_1,1,420,"('nx', 'nx', 'nç')",ɾestɾinçe,ɾestɾinçe
90L_10NL,3,90L_10NL_3_1,1,420,"('nx', 'nx', 'nç')",ɾestɾinçe,ɾestɾinçe
90L_10NL,3,90L_10NL_3_1,1,420,"('nx', 'nx', 'nç')",ɾestɾinçe,ɾestɾinçe
90L_10NL,3,90L_10NL_3_1,1,420,"('nx', 'nx', 'nç')",ɾestɾinçe,ɾestɾinçe
90L_10NL,3,90L_10NL_3_1,1,420,"('nx', 'nx', 'nç')",ɾestɾinçe,ɾestɾinçe
90L_10NL,3,90L_10NL_3_1,0,420,"('nx', 'nx', 'nç')",ɾestɾinçimos,ɾestɾinçe
90L_10NL,3,90L_10NL_3_1,0,420,"('nx', 'nx', 'nç')",ɾestɾinçimos,ɾestɾinçe
90L_10NL,3,90L_10NL_3_1,0,420,"('nx', 'nx', 'nç')",ɾestɾinçimos,ɾestɾinçe
90L_10NL,3,90L_10NL_3_1,0,420,"('nx', 'nx', 'nç')",ɾestɾinçimos,ɾestɾinçe
90L_10NL,3,90L_10NL_3_1,1,120,"('nç', 'nç', 'nç')",ɾestɾinçimos,ɾestɾinçimos
90L_10NL,3,90L_10NL_3_1,1,120,"('nç', 'nç', 'nç')",ɾestɾinçimos,ɾestɾinçimos
90L_10NL,3,90L_10NL_3_1,1,120,"('nç', 'nç', 'nç')",ɾestɾinçimos,ɾestɾinçimos
90L_10NL,3,90L_10NL_3_1,1,560,"('nç', 'nx', 'nç')",ɾestɾinçimos,ɾestɾinçimos
90L_10NL,3,90L_10NL_3_1,1,560,"('nç', 'nx', 'nç')",ɾestɾinçimos,ɾestɾinçimos
90L_10NL,3,90L_10NL_3_1,1,560,"('nç', 'nx', 'nç')",ɾestɾinçimos,ɾestɾinçimos
90L_10NL,3,90L_10NL_3_1,1,560,"('nç', 'nx', 'nç')",ɾestɾinçimos,ɾestɾinçimos
90L_10NL,3,90L_10NL_3_1,1,560,"('nç', 'nx', 'nç')",ɾestɾinçimos,ɾestɾinçimos
90L_10NL,3,90L_10NL_3_1,1,560,"('nç', 'nx', 'nç')",ɾestɾinçimos,ɾestɾinçimos
90L_10NL,3,90L_10NL_3_1,1,560,"('nç', 'nx', 'nç')",ɾestɾinçimos,ɾestɾinçimos
90L_10NL,3,90L_10NL_3_1,1,120,"('nç', 'nç', 'nç')",ɾestɾinçimos,ɾestɾinçimos
90L_10NL,3,90L_10NL_3_1,1,120,"('nç', 'nç', 'nç')",ɾestɾinçimos,ɾestɾinçimos
90L_10NL,3,90L_10NL_3_1,1,560,"('nç', 'nx', 'nç')",ɾestɾinçimos,ɾestɾinçimos
90L_10NL,3,90L_10NL_3_1,1,560,"('nç', 'nx', 'nç')",ɾestɾinçimos,ɾestɾinçimos
90L_10NL,3,90L_10NL_3_1,1,560,"('nç', 'nx', 'nç')",ɾestɾinçimos,ɾestɾinçimos
90L_10NL,3,90L_10NL_3_1,1,560,"('nç', 'nx', 'nç')",ɾestɾinçimos,ɾestɾinçimos
90L_10NL,3,90L_10NL_3_1,1,560,"('nç', 'nx', 'nç')",ɾestɾinçimos,ɾestɾinçimos
90L_10NL,3,90L_10NL_3_1,1,560,"('nç', 'nx', 'nç')",ɾestɾinçimos,ɾestɾinçimos
90L_10NL,3,90L_10NL_3_1,1,560,"('nç', 'nx', 'nç')",ɾestɾinçimos,ɾestɾinçimos
90L_10NL,3,90L_10NL_3_1,1,120,"('nç', 'nç', 'nç')",ɾestɾinçimos,ɾestɾinçimos
90L_10NL,3,90L_10NL_3_1,1,560,"('nç', 'nx', 'nç')",ɾestɾinçimos,ɾestɾinçimos
90L_10NL,3,90L_10NL_3_1,1,560,"('nç', 'nx', 'nç')",ɾestɾinçimos,ɾestɾinçimos
90L_10NL,3,90L_10NL_3_1,1,560,"('nç', 'nx', 'nç')",ɾestɾinçimos,ɾestɾinçimos
90L_10NL,3,90L_10NL_3_1,1,560,"('nç', 'nx', 'nç')",ɾestɾinçimos,ɾestɾinçimos
90L_10NL,3,90L_10NL_3_1,1,560,"('nç', 'nx', 'nç')",ɾestɾinçimos,ɾestɾinçimos
90L_10NL,3,90L_10NL_3_1,1,560,"('nç', 'nx', 'nç')",ɾestɾinçimos,ɾestɾinçimos
90L_10NL,3,90L_10NL_3_1,1,560,"('nç', 'nx', 'nç')",ɾestɾinçimos,ɾestɾinçimos
90L_10NL,3,90L_10NL_3_1,1,560,"('nç', 'nx', 'nç')",ɾestɾinçimos,ɾestɾinçimos
90L_10NL,3,90L_10NL_3_1,1,560,"('nç', 'nx', 'nç')",ɾestɾinçimos,ɾestɾinçimos
90L_10NL,3,90L_10NL_3_1,1,560,"('nç', 'nx', 'nç')",ɾestɾinçimos,ɾestɾinçimos
90L_10NL,3,90L_10NL_3_1,1,560,"('nç', 'nx', 'nç')",ɾestɾinçimos,ɾestɾinçimos
90L_10NL,3,90L_10NL_3_1,1,560,"('nç', 'nx', 'nç')",ɾestɾinçimos,ɾestɾinçimos
90L_10NL,3,90L_10NL_3_1,1,560,"('nç', 'nx', 'nç')",ɾestɾinçimos,ɾestɾinçimos
90L_10NL,3,90L_10NL_3_1,1,560,"('nç', 'nx', 'nç')",ɾestɾinçimos,ɾestɾinçimos
90L_10NL,3,90L_10NL_3_1,1,420,"('nx', 'nx', 'nç')",ɾestɾinçimos,ɾestɾinçimos
90L_10NL,3,90L_10NL_3_1,1,420,"('nx', 'nx', 'nç')",ɾestɾinçimos,ɾestɾinçimos
90L_10NL,3,90L_10NL_3_1,1,420,"('nx', 'nx', 'nç')",ɾestɾinçimos,ɾestɾinçimos
90L_10NL,3,90L_10NL_3_1,1,420,"('nx', 'nx', 'nç')",ɾestɾinçimos,ɾestɾinçimos
90L_10NL,3,90L_10NL_3_1,1,420,"('nx', 'nx', 'nç')",ɾestɾinçimos,ɾestɾinçimos
90L_10NL,3,90L_10NL_3_1,1,420,"('nx', 'nx', 'nç')",ɾestɾinçimos,ɾestɾinçimos
90L_10NL,3,90L_10NL_3_1,1,420,"('nx', 'nx', 'nç')",ɾestɾinçimos,ɾestɾinçimos
90L_10NL,3,90L_10NL_3_1,1,420,"('nx', 'nx', 'nç')",ɾestɾinçimos,ɾestɾinçimos
90L_10NL,3,90L_10NL_3_1,1,420,"('nx', 'nx', 'nç')",ɾestɾinçimos,ɾestɾinçimos
90L_10NL,3,90L_10NL_3_1,1,420,"('nx', 'nx', 'nç')",ɾestɾinçimos,ɾestɾinçimos
90L_10NL,3,90L_10NL_3_1,1,420,"('nx', 'nx', 'nç')",ɾestɾinçimos,ɾestɾinçimos
90L_10NL,3,90L_10NL_3_1,1,420,"('nx', 'nx', 'nç')",ɾestɾinçimos,ɾestɾinçimos
90L_10NL,3,90L_10NL_3_1,1,420,"('nx', 'nx', 'nç')",ɾestɾinçimos,ɾestɾinçimos
90L_10NL,3,90L_10NL_3_1,1,420,"('nx', 'nx', 'nç')",ɾestɾinçimos,ɾestɾinçimos
90L_10NL,3,90L_10NL_3_1,1,420,"('nx', 'nx', 'nç')",ɾestɾinçimos,ɾestɾinçimos
90L_10NL,3,90L_10NL_3_1,1,420,"('nx', 'nx', 'nç')",ɾestɾinçimos,ɾestɾinçimos
90L_10NL,3,90L_10NL_3_1,1,420,"('nx', 'nx', 'nç')",ɾestɾinçimos,ɾestɾinçimos
90L_10NL,3,90L_10NL_3_1,0,420,"('nx', 'nx', 'nç')",ɾestɾinçis,ɾestɾinçimos
90L_10NL,3,90L_10NL_3_1,0,420,"('nx', 'nx', 'nç')",ɾestɾinçis,ɾestɾinçimos
90L_10NL,3,90L_10NL_3_1,0,420,"('nx', 'nx', 'nç')",ɾestɾinçis,ɾestɾinçimos
90L_10NL,3,90L_10NL_3_1,0,420,"('nx', 'nx', 'nç')",ɾestɾinçis,ɾestɾinçimos
90L_10NL,3,90L_10NL_3_1,1,120,"('nç', 'nç', 'nç')",ɾestɾinçis,ɾestɾinçis
90L_10NL,3,90L_10NL_3_1,1,120,"('nç', 'nç', 'nç')",ɾestɾinçis,ɾestɾinçis
90L_10NL,3,90L_10NL_3_1,1,120,"('nç', 'nç', 'nç')",ɾestɾinçis,ɾestɾinçis
90L_10NL,3,90L_10NL_3_1,1,560,"('nç', 'nx', 'nç')",ɾestɾinçis,ɾestɾinçis
90L_10NL,3,90L_10NL_3_1,1,560,"('nç', 'nx', 'nç')",ɾestɾinçis,ɾestɾinçis
90L_10NL,3,90L_10NL_3_1,1,560,"('nç', 'nx', 'nç')",ɾestɾinçis,ɾestɾinçis
90L_10NL,3,90L_10NL_3_1,1,560,"('nç', 'nx', 'nç')",ɾestɾinçis,ɾestɾinçis
90L_10NL,3,90L_10NL_3_1,1,560,"('nç', 'nx', 'nç')",ɾestɾinçis,ɾestɾinçis
90L_10NL,3,90L_10NL_3_1,1,560,"('nç', 'nx', 'nç')",ɾestɾinçis,ɾestɾinçis
90L_10NL,3,90L_10NL_3_1,1,560,"('nç', 'nx', 'nç')",ɾestɾinçis,ɾestɾinçis
90L_10NL,3,90L_10NL_3_1,1,120,"('nç', 'nç', 'nç')",ɾestɾinçis,ɾestɾinçis
90L_10NL,3,90L_10NL_3_1,1,120,"('nç', 'nç', 'nç')",ɾestɾinçis,ɾestɾinçis
90L_10NL,3,90L_10NL_3_1,1,560,"('nç', 'nx', 'nç')",ɾestɾinçis,ɾestɾinçis
90L_10NL,3,90L_10NL_3_1,1,560,"('nç', 'nx', 'nç')",ɾestɾinçis,ɾestɾinçis
90L_10NL,3,90L_10NL_3_1,1,560,"('nç', 'nx', 'nç')",ɾestɾinçis,ɾestɾinçis
90L_10NL,3,90L_10NL_3_1,1,560,"('nç', 'nx', 'nç')",ɾestɾinçis,ɾestɾinçis
90L_10NL,3,90L_10NL_3_1,1,560,"('nç', 'nx', 'nç')",ɾestɾinçis,ɾestɾinçis
90L_10NL,3,90L_10NL_3_1,1,560,"('nç', 'nx', 'nç')",ɾestɾinçis,ɾestɾinçis
90L_10NL,3,90L_10NL_3_1,1,560,"('nç', 'nx', 'nç')",ɾestɾinçis,ɾestɾinçis
90L_10NL,3,90L_10NL_3_1,1,120,"('nç', 'nç', 'nç')",ɾestɾinçis,ɾestɾinçis
90L_10NL,3,90L_10NL_3_1,1,560,"('nç', 'nx', 'nç')",ɾestɾinçis,ɾestɾinçis
90L_10NL,3,90L_10NL_3_1,1,560,"('nç', 'nx', 'nç')",ɾestɾinçis,ɾestɾinçis
90L_10NL,3,90L_10NL_3_1,1,560,"('nç', 'nx', 'nç')",ɾestɾinçis,ɾestɾinçis
90L_10NL,3,90L_10NL_3_1,1,560,"('nç', 'nx', 'nç')",ɾestɾinçis,ɾestɾinçis
90L_10NL,3,90L_10NL_3_1,1,560,"('nç', 'nx', 'nç')",ɾestɾinçis,ɾestɾinçis
90L_10NL,3,90L_10NL_3_1,1,560,"('nç', 'nx', 'nç')",ɾestɾinçis,ɾestɾinçis
90L_10NL,3,90L_10NL_3_1,1,560,"('nç', 'nx', 'nç')",ɾestɾinçis,ɾestɾinçis
90L_10NL,3,90L_10NL_3_1,1,560,"('nç', 'nx', 'nç')",ɾestɾinçis,ɾestɾinçis
90L_10NL,3,90L_10NL_3_1,1,560,"('nç', 'nx', 'nç')",ɾestɾinçis,ɾestɾinçis
90L_10NL,3,90L_10NL_3_1,1,560,"('nç', 'nx', 'nç')",ɾestɾinçis,ɾestɾinçis
90L_10NL,3,90L_10NL_3_1,1,560,"('nç', 'nx', 'nç')",ɾestɾinçis,ɾestɾinçis
90L_10NL,3,90L_10NL_3_1,1,560,"('nç', 'nx', 'nç')",ɾestɾinçis,ɾestɾinçis
90L_10NL,3,90L_10NL_3_1,1,560,"('nç', 'nx', 'nç')",ɾestɾinçis,ɾestɾinçis
90L_10NL,3,90L_10NL_3_1,1,560,"('nç', 'nx', 'nç')",ɾestɾinçis,ɾestɾinçis
90L_10NL,3,90L_10NL_3_1,1,420,"('nx', 'nx', 'nç')",ɾestɾinçis,ɾestɾinçis
90L_10NL,3,90L_10NL_3_1,1,420,"('nx', 'nx', 'nç')",ɾestɾinçis,ɾestɾinçis
90L_10NL,3,90L_10NL_3_1,1,420,"('nx', 'nx', 'nç')",ɾestɾinçis,ɾestɾinçis
90L_10NL,3,90L_10NL_3_1,1,420,"('nx', 'nx', 'nç')",ɾestɾinçis,ɾestɾinçis
90L_10NL,3,90L_10NL_3_1,1,420,"('nx', 'nx', 'nç')",ɾestɾinçis,ɾestɾinçis
90L_10NL,3,90L_10NL_3_1,1,420,"('nx', 'nx', 'nç')",ɾestɾinçis,ɾestɾinçis
90L_10NL,3,90L_10NL_3_1,1,420,"('nx', 'nx', 'nç')",ɾestɾinçis,ɾestɾinçis
90L_10NL,3,90L_10NL_3_1,1,420,"('nx', 'nx', 'nç')",ɾestɾinçis,ɾestɾinçis
90L_10NL,3,90L_10NL_3_1,1,420,"('nx', 'nx', 'nç')",ɾestɾinçis,ɾestɾinçis
90L_10NL,3,90L_10NL_3_1,1,420,"('nx', 'nx', 'nç')",ɾestɾinçis,ɾestɾinçis
90L_10NL,3,90L_10NL_3_1,1,420,"('nx', 'nx', 'nç')",ɾestɾinçis,ɾestɾinçis
90L_10NL,3,90L_10NL_3_1,1,420,"('nx', 'nx', 'nç')",ɾestɾinçis,ɾestɾinçis
90L_10NL,3,90L_10NL_3_1,1,420,"('nx', 'nx', 'nç')",ɾestɾinçis,ɾestɾinçis
90L_10NL,3,90L_10NL_3_1,1,420,"('nx', 'nx', 'nç')",ɾestɾinçis,ɾestɾinçis
90L_10NL,3,90L_10NL_3_1,1,420,"('nx', 'nx', 'nç')",ɾestɾinçis,ɾestɾinçis
90L_10NL,3,90L_10NL_3_1,1,420,"('nx', 'nx', 'nç')",ɾestɾinçis,ɾestɾinçis
90L_10NL,3,90L_10NL_3_1,1,420,"('nx', 'nx', 'nç')",ɾestɾinçis,ɾestɾinçis
90L_10NL,3,90L_10NL_3_1,0,420,"('nx', 'nx', 'nç')",ɾestɾinxajs,ɾestɾinçis
90L_10NL,3,90L_10NL_3_1,0,420,"('nx', 'nx', 'nç')",ɾestɾinxajs,ɾestɾinçis
90L_10NL,3,90L_10NL_3_1,0,420,"('nx', 'nx', 'nç')",ɾestɾinxajs,ɾestɾinçis
90L_10NL,3,90L_10NL_3_1,0,420,"('nx', 'nx', 'nç')",ɾestɾinxajs,ɾestɾinçis
90L_10NL,3,90L_10NL_3_1,1,280,"('nç', 'nç', 'nx')",ɾestɾinxajs,ɾestɾinxajs
90L_10NL,3,90L_10NL_3_1,1,280,"('nç', 'nç', 'nx')",ɾestɾinxajs,ɾestɾinxajs
90L_10NL,3,90L_10NL_3_1,1,280,"('nç', 'nç', 'nx')",ɾestɾinxajs,ɾestɾinxajs
90L_10NL,3,90L_10NL_3_1,1,280,"('nç', 'nç', 'nx')",ɾestɾinxajs,ɾestɾinxajs
90L_10NL,3,90L_10NL_3_1,1,840,"('nç', 'nx', 'nx')",ɾestɾinxajs,ɾestɾinxajs
90L_10NL,3,90L_10NL_3_1,1,840,"('nç', 'nx', 'nx')",ɾestɾinxajs,ɾestɾinxajs
90L_10NL,3,90L_10NL_3_1,1,840,"('nç', 'nx', 'nx')",ɾestɾinxajs,ɾestɾinxajs
90L_10NL,3,90L_10NL_3_1,1,840,"('nç', 'nx', 'nx')",ɾestɾinxajs,ɾestɾinxajs
90L_10NL,3,90L_10NL_3_1,1,840,"('nç', 'nx', 'nx')",ɾestɾinxajs,ɾestɾinxajs
90L_10NL,3,90L_10NL_3_1,1,840,"('nç', 'nx', 'nx')",ɾestɾinxajs,ɾestɾinxajs
90L_10NL,3,90L_10NL_3_1,1,280,"('nç', 'nç', 'nx')",ɾestɾinxajs,ɾestɾinxajs
90L_10NL,3,90L_10NL_3_1,1,280,"('nç', 'nç', 'nx')",ɾestɾinxajs,ɾestɾinxajs
90L_10NL,3,90L_10NL_3_1,1,280,"('nç', 'nç', 'nx')",ɾestɾinxajs,ɾestɾinxajs
90L_10NL,3,90L_10NL_3_1,1,840,"('nç', 'nx', 'nx')",ɾestɾinxajs,ɾestɾinxajs
90L_10NL,3,90L_10NL_3_1,1,840,"('nç', 'nx', 'nx')",ɾestɾinxajs,ɾestɾinxajs
90L_10NL,3,90L_10NL_3_1,1,840,"('nç', 'nx', 'nx')",ɾestɾinxajs,ɾestɾinxajs
90L_10NL,3,90L_10NL_3_1,1,840,"('nç', 'nx', 'nx')",ɾestɾinxajs,ɾestɾinxajs
90L_10NL,3,90L_10NL_3_1,1,840,"('nç', 'nx', 'nx')",ɾestɾinxajs,ɾestɾinxajs
90L_10NL,3,90L_10NL_3_1,1,840,"('nç', 'nx', 'nx')",ɾestɾinxajs,ɾestɾinxajs
90L_10NL,3,90L_10NL_3_1,1,280,"('nç', 'nç', 'nx')",ɾestɾinxajs,ɾestɾinxajs
90L_10NL,3,90L_10NL_3_1,1,280,"('nç', 'nç', 'nx')",ɾestɾinxajs,ɾestɾinxajs
90L_10NL,3,90L_10NL_3_1,1,840,"('nç', 'nx', 'nx')",ɾestɾinxajs,ɾestɾinxajs
90L_10NL,3,90L_10NL_3_1,1,840,"('nç', 'nx', 'nx')",ɾestɾinxajs,ɾestɾinxajs
90L_10NL,3,90L_10NL_3_1,1,840,"('nç', 'nx', 'nx')",ɾestɾinxajs,ɾestɾinxajs
90L_10NL,3,90L_10NL_3_1,1,840,"('nç', 'nx', 'nx')",ɾestɾinxajs,ɾestɾinxajs
90L_10NL,3,90L_10NL_3_1,1,840,"('nç', 'nx', 'nx')",ɾestɾinxajs,ɾestɾinxajs
90L_10NL,3,90L_10NL_3_1,1,840,"('nç', 'nx', 'nx')",ɾestɾinxajs,ɾestɾinxajs
90L_10NL,3,90L_10NL_3_1,1,280,"('nç', 'nç', 'nx')",ɾestɾinxajs,ɾestɾinxajs
90L_10NL,3,90L_10NL_3_1,1,840,"('nç', 'nx', 'nx')",ɾestɾinxajs,ɾestɾinxajs
90L_10NL,3,90L_10NL_3_1,1,840,"('nç', 'nx', 'nx')",ɾestɾinxajs,ɾestɾinxajs
90L_10NL,3,90L_10NL_3_1,1,840,"('nç', 'nx', 'nx')",ɾestɾinxajs,ɾestɾinxajs
90L_10NL,3,90L_10NL_3_1,1,840,"('nç', 'nx', 'nx')",ɾestɾinxajs,ɾestɾinxajs
90L_10NL,3,90L_10NL_3_1,1,840,"('nç', 'nx', 'nx')",ɾestɾinxajs,ɾestɾinxajs
90L_10NL,3,90L_10NL_3_1,1,840,"('nç', 'nx', 'nx')",ɾestɾinxajs,ɾestɾinxajs
90L_10NL,3,90L_10NL_3_1,1,840,"('nç', 'nx', 'nx')",ɾestɾinxajs,ɾestɾinxajs
90L_10NL,3,90L_10NL_3_1,1,840,"('nç', 'nx', 'nx')",ɾestɾinxajs,ɾestɾinxajs
90L_10NL,3,90L_10NL_3_1,1,840,"('nç', 'nx', 'nx')",ɾestɾinxajs,ɾestɾinxajs
90L_10NL,3,90L_10NL_3_1,1,840,"('nç', 'nx', 'nx')",ɾestɾinxajs,ɾestɾinxajs
90L_10NL,3,90L_10NL_3_1,1,840,"('nç', 'nx', 'nx')",ɾestɾinxajs,ɾestɾinxajs
90L_10NL,3,90L_10NL_3_1,1,840,"('nç', 'nx', 'nx')",ɾestɾinxajs,ɾestɾinxajs
90L_10NL,3,90L_10NL_3_1,1,420,"('nx', 'nx', 'nx')",ɾestɾinxajs,ɾestɾinxajs
90L_10NL,3,90L_10NL_3_1,1,420,"('nx', 'nx', 'nx')",ɾestɾinxajs,ɾestɾinxajs
90L_10NL,3,90L_10NL_3_1,1,420,"('nx', 'nx', 'nx')",ɾestɾinxajs,ɾestɾinxajs
90L_10NL,3,90L_10NL_3_1,1,420,"('nx', 'nx', 'nx')",ɾestɾinxajs,ɾestɾinxajs
90L_10NL,3,90L_10NL_3_1,1,420,"('nx', 'nx', 'nx')",ɾestɾinxajs,ɾestɾinxajs
90L_10NL,3,90L_10NL_3_1,1,420,"('nx', 'nx', 'nx')",ɾestɾinxajs,ɾestɾinxajs
90L_10NL,3,90L_10NL_3_1,1,420,"('nx', 'nx', 'nx')",ɾestɾinxajs,ɾestɾinxajs
90L_10NL,3,90L_10NL_3_1,1,420,"('nx', 'nx', 'nx')",ɾestɾinxajs,ɾestɾinxajs
90L_10NL,3,90L_10NL_3_1,1,420,"('nx', 'nx', 'nx')",ɾestɾinxajs,ɾestɾinxajs
90L_10NL,3,90L_10NL_3_1,1,420,"('nx', 'nx', 'nx')",ɾestɾinxajs,ɾestɾinxajs
90L_10NL,3,90L_10NL_3_1,1,420,"('nx', 'nx', 'nx')",ɾestɾinxajs,ɾestɾinxajs
90L_10NL,3,90L_10NL_3_1,0,420,"('nx', 'nx', 'nx')",ɾestɾinxamos,ɾestɾinxajs
90L_10NL,3,90L_10NL_3_1,0,420,"('nx', 'nx', 'nx')",ɾestɾinxamos,ɾestɾinxajs
90L_10NL,3,90L_10NL_3_1,0,420,"('nx', 'nx', 'nx')",ɾestɾinxamos,ɾestɾinxajs
90L_10NL,3,90L_10NL_3_1,0,420,"('nx', 'nx', 'nx')",ɾestɾinxamos,ɾestɾinxajs
90L_10NL,3,90L_10NL_3_1,1,280,"('nç', 'nç', 'nx')",ɾestɾinxamos,ɾestɾinxamos
90L_10NL,3,90L_10NL_3_1,1,280,"('nç', 'nç', 'nx')",ɾestɾinxamos,ɾestɾinxamos
90L_10NL,3,90L_10NL_3_1,1,280,"('nç', 'nç', 'nx')",ɾestɾinxamos,ɾestɾinxamos
90L_10NL,3,90L_10NL_3_1,1,280,"('nç', 'nç', 'nx')",ɾestɾinxamos,ɾestɾinxamos
90L_10NL,3,90L_10NL_3_1,1,840,"('nç', 'nx', 'nx')",ɾestɾinxamos,ɾestɾinxamos
90L_10NL,3,90L_10NL_3_1,1,840,"('nç', 'nx', 'nx')",ɾestɾinxamos,ɾestɾinxamos
90L_10NL,3,90L_10NL_3_1,1,840,"('nç', 'nx', 'nx')",ɾestɾinxamos,ɾestɾinxamos
90L_10NL,3,90L_10NL_3_1,1,840,"('nç', 'nx', 'nx')",ɾestɾinxamos,ɾestɾinxamos
90L_10NL,3,90L_10NL_3_1,1,840,"('nç', 'nx', 'nx')",ɾestɾinxamos,ɾestɾinxamos
90L_10NL,3,90L_10NL_3_1,1,840,"('nç', 'nx', 'nx')",ɾestɾinxamos,ɾestɾinxamos
90L_10NL,3,90L_10NL_3_1,1,280,"('nç', 'nç', 'nx')",ɾestɾinxamos,ɾestɾinxamos
90L_10NL,3,90L_10NL_3_1,1,280,"('nç', 'nç', 'nx')",ɾestɾinxamos,ɾestɾinxamos
90L_10NL,3,90L_10NL_3_1,1,280,"('nç', 'nç', 'nx')",ɾestɾinxamos,ɾestɾinxamos
90L_10NL,3,90L_10NL_3_1,1,840,"('nç', 'nx', 'nx')",ɾestɾinxamos,ɾestɾinxamos
90L_10NL,3,90L_10NL_3_1,1,840,"('nç', 'nx', 'nx')",ɾestɾinxamos,ɾestɾinxamos
90L_10NL,3,90L_10NL_3_1,1,840,"('nç', 'nx', 'nx')",ɾestɾinxamos,ɾestɾinxamos
90L_10NL,3,90L_10NL_3_1,1,840,"('nç', 'nx', 'nx')",ɾestɾinxamos,ɾestɾinxamos
90L_10NL,3,90L_10NL_3_1,1,840,"('nç', 'nx', 'nx')",ɾestɾinxamos,ɾestɾinxamos
90L_10NL,3,90L_10NL_3_1,1,840,"('nç', 'nx', 'nx')",ɾestɾinxamos,ɾestɾinxamos
90L_10NL,3,90L_10NL_3_1,1,280,"('nç', 'nç', 'nx')",ɾestɾinxamos,ɾestɾinxamos
90L_10NL,3,90L_10NL_3_1,1,280,"('nç', 'nç', 'nx')",ɾestɾinxamos,ɾestɾinxamos
90L_10NL,3,90L_10NL_3_1,1,840,"('nç', 'nx', 'nx')",ɾestɾinxamos,ɾestɾinxamos
90L_10NL,3,90L_10NL_3_1,1,840,"('nç', 'nx', 'nx')",ɾestɾinxamos,ɾestɾinxamos
90L_10NL,3,90L_10NL_3_1,1,840,"('nç', 'nx', 'nx')",ɾestɾinxamos,ɾestɾinxamos
90L_10NL,3,90L_10NL_3_1,1,840,"('nç', 'nx', 'nx')",ɾestɾinxamos,ɾestɾinxamos
90L_10NL,3,90L_10NL_3_1,1,840,"('nç', 'nx', 'nx')",ɾestɾinxamos,ɾestɾinxamos
90L_10NL,3,90L_10NL_3_1,1,840,"('nç', 'nx', 'nx')",ɾestɾinxamos,ɾestɾinxamos
90L_10NL,3,90L_10NL_3_1,1,280,"('nç', 'nç', 'nx')",ɾestɾinxamos,ɾestɾinxamos
90L_10NL,3,90L_10NL_3_1,1,840,"('nç', 'nx', 'nx')",ɾestɾinxamos,ɾestɾinxamos
90L_10NL,3,90L_10NL_3_1,1,840,"('nç', 'nx', 'nx')",ɾestɾinxamos,ɾestɾinxamos
90L_10NL,3,90L_10NL_3_1,1,840,"('nç', 'nx', 'nx')",ɾestɾinxamos,ɾestɾinxamos
90L_10NL,3,90L_10NL_3_1,1,840,"('nç', 'nx', 'nx')",ɾestɾinxamos,ɾestɾinxamos
90L_10NL,3,90L_10NL_3_1,1,840,"('nç', 'nx', 'nx')",ɾestɾinxamos,ɾestɾinxamos
90L_10NL,3,90L_10NL_3_1,1,840,"('nç', 'nx', 'nx')",ɾestɾinxamos,ɾestɾinxamos
90L_10NL,3,90L_10NL_3_1,1,840,"('nç', 'nx', 'nx')",ɾestɾinxamos,ɾestɾinxamos
90L_10NL,3,90L_10NL_3_1,1,840,"('nç', 'nx', 'nx')",ɾestɾinxamos,ɾestɾinxamos
90L_10NL,3,90L_10NL_3_1,1,840,"('nç', 'nx', 'nx')",ɾestɾinxamos,ɾestɾinxamos
90L_10NL,3,90L_10NL_3_1,1,840,"('nç', 'nx', 'nx')",ɾestɾinxamos,ɾestɾinxamos
90L_10NL,3,90L_10NL_3_1,1,840,"('nç', 'nx', 'nx')",ɾestɾinxamos,ɾestɾinxamos
90L_10NL,3,90L_10NL_3_1,1,840,"('nç', 'nx', 'nx')",ɾestɾinxamos,ɾestɾinxamos
90L_10NL,3,90L_10NL_3_1,1,420,"('nx', 'nx', 'nx')",ɾestɾinxamos,ɾestɾinxamos
90L_10NL,3,90L_10NL_3_1,1,420,"('nx', 'nx', 'nx')",ɾestɾinxamos,ɾestɾinxamos
90L_10NL,3,90L_10NL_3_1,1,420,"('nx', 'nx', 'nx')",ɾestɾinxamos,ɾestɾinxamos
90L_10NL,3,90L_10NL_3_1,1,420,"('nx', 'nx', 'nx')",ɾestɾinxamos,ɾestɾinxamos
90L_10NL,3,90L_10NL_3_1,1,420,"('nx', 'nx', 'nx')",ɾestɾinxamos,ɾestɾinxamos
90L_10NL,3,90L_10NL_3_1,1,420,"('nx', 'nx', 'nx')",ɾestɾinxamos,ɾestɾinxamos
90L_10NL,3,90L_10NL_3_1,1,420,"('nx', 'nx', 'nx')",ɾestɾinxamos,ɾestɾinxamos
90L_10NL,3,90L_10NL_3_1,1,420,"('nx', 'nx', 'nx')",ɾestɾinxamos,ɾestɾinxamos
90L_10NL,3,90L_10NL_3_1,1,420,"('nx', 'nx', 'nx')",ɾestɾinxamos,ɾestɾinxamos
90L_10NL,3,90L_10NL_3_1,1,420,"('nx', 'nx', 'nx')",ɾestɾinxamos,ɾestɾinxamos
90L_10NL,3,90L_10NL_3_1,1,420,"('nx', 'nx', 'nx')",ɾestɾinxamos,ɾestɾinxamos
90L_10NL,3,90L_10NL_3_1,0,420,"('nx', 'nx', 'nx')",ɾestɾinxan,ɾestɾinxamos
90L_10NL,3,90L_10NL_3_1,0,420,"('nx', 'nx', 'nx')",ɾestɾinxan,ɾestɾinxamos
90L_10NL,3,90L_10NL_3_1,0,420,"('nx', 'nx', 'nx')",ɾestɾinxan,ɾestɾinxamos
90L_10NL,3,90L_10NL_3_1,0,420,"('nx', 'nx', 'nx')",ɾestɾinxan,ɾestɾinxamos
90L_10NL,3,90L_10NL_3_1,1,280,"('nç', 'nç', 'nx')",ɾestɾinxan,ɾestɾinxan
90L_10NL,3,90L_10NL_3_1,1,280,"('nç', 'nç', 'nx')",ɾestɾinxan,ɾestɾinxan
90L_10NL,3,90L_10NL_3_1,1,280,"('nç', 'nç', 'nx')",ɾestɾinxan,ɾestɾinxan
90L_10NL,3,90L_10NL_3_1,1,280,"('nç', 'nç', 'nx')",ɾestɾinxan,ɾestɾinxan
90L_10NL,3,90L_10NL_3_1,1,840,"('nç', 'nx', 'nx')",ɾestɾinxan,ɾestɾinxan
90L_10NL,3,90L_10NL_3_1,1,840,"('nç', 'nx', 'nx')",ɾestɾinxan,ɾestɾinxan
90L_10NL,3,90L_10NL_3_1,1,840,"('nç', 'nx', 'nx')",ɾestɾinxan,ɾestɾinxan
90L_10NL,3,90L_10NL_3_1,1,840,"('nç', 'nx', 'nx')",ɾestɾinxan,ɾestɾinxan
90L_10NL,3,90L_10NL_3_1,1,840,"('nç', 'nx', 'nx')",ɾestɾinxan,ɾestɾinxan
90L_10NL,3,90L_10NL_3_1,1,840,"('nç', 'nx', 'nx')",ɾestɾinxan,ɾestɾinxan
90L_10NL,3,90L_10NL_3_1,1,280,"('nç', 'nç', 'nx')",ɾestɾinxan,ɾestɾinxan
90L_10NL,3,90L_10NL_3_1,1,280,"('nç', 'nç', 'nx')",ɾestɾinxan,ɾestɾinxan
90L_10NL,3,90L_10NL_3_1,1,280,"('nç', 'nç', 'nx')",ɾestɾinxan,ɾestɾinxan
90L_10NL,3,90L_10NL_3_1,1,840,"('nç', 'nx', 'nx')",ɾestɾinxan,ɾestɾinxan
90L_10NL,3,90L_10NL_3_1,1,840,"('nç', 'nx', 'nx')",ɾestɾinxan,ɾestɾinxan
90L_10NL,3,90L_10NL_3_1,1,840,"('nç', 'nx', 'nx')",ɾestɾinxan,ɾestɾinxan
90L_10NL,3,90L_10NL_3_1,1,840,"('nç', 'nx', 'nx')",ɾestɾinxan,ɾestɾinxan
90L_10NL,3,90L_10NL_3_1,1,840,"('nç', 'nx', 'nx')",ɾestɾinxan,ɾestɾinxan
90L_10NL,3,90L_10NL_3_1,1,840,"('nç', 'nx', 'nx')",ɾestɾinxan,ɾestɾinxan
90L_10NL,3,90L_10NL_3_1,1,280,"('nç', 'nç', 'nx')",ɾestɾinxan,ɾestɾinxan
90L_10NL,3,90L_10NL_3_1,1,280,"('nç', 'nç', 'nx')",ɾestɾinxan,ɾestɾinxan
90L_10NL,3,90L_10NL_3_1,1,840,"('nç', 'nx', 'nx')",ɾestɾinxan,ɾestɾinxan
90L_10NL,3,90L_10NL_3_1,1,840,"('nç', 'nx', 'nx')",ɾestɾinxan,ɾestɾinxan
90L_10NL,3,90L_10NL_3_1,1,840,"('nç', 'nx', 'nx')",ɾestɾinxan,ɾestɾinxan
90L_10NL,3,90L_10NL_3_1,1,840,"('nç', 'nx', 'nx')",ɾestɾinxan,ɾestɾinxan
90L_10NL,3,90L_10NL_3_1,1,840,"('nç', 'nx', 'nx')",ɾestɾinxan,ɾestɾinxan
90L_10NL,3,90L_10NL_3_1,1,840,"('nç', 'nx', 'nx')",ɾestɾinxan,ɾestɾinxan
90L_10NL,3,90L_10NL_3_1,1,280,"('nç', 'nç', 'nx')",ɾestɾinxan,ɾestɾinxan
90L_10NL,3,90L_10NL_3_1,1,840,"('nç', 'nx', 'nx')",ɾestɾinxan,ɾestɾinxan
90L_10NL,3,90L_10NL_3_1,1,840,"('nç', 'nx', 'nx')",ɾestɾinxan,ɾestɾinxan
90L_10NL,3,90L_10NL_3_1,1,840,"('nç', 'nx', 'nx')",ɾestɾinxan,ɾestɾinxan
90L_10NL,3,90L_10NL_3_1,1,840,"('nç', 'nx', 'nx')",ɾestɾinxan,ɾestɾinxan
90L_10NL,3,90L_10NL_3_1,1,840,"('nç', 'nx', 'nx')",ɾestɾinxan,ɾestɾinxan
90L_10NL,3,90L_10NL_3_1,1,840,"('nç', 'nx', 'nx')",ɾestɾinxan,ɾestɾinxan
90L_10NL,3,90L_10NL_3_1,1,840,"('nç', 'nx', 'nx')",ɾestɾinxan,ɾestɾinxan
90L_10NL,3,90L_10NL_3_1,1,840,"('nç', 'nx', 'nx')",ɾestɾinxan,ɾestɾinxan
90L_10NL,3,90L_10NL_3_1,1,840,"('nç', 'nx', 'nx')",ɾestɾinxan,ɾestɾinxan
90L_10NL,3,90L_10NL_3_1,1,840,"('nç', 'nx', 'nx')",ɾestɾinxan,ɾestɾinxan
90L_10NL,3,90L_10NL_3_1,1,840,"('nç', 'nx', 'nx')",ɾestɾinxan,ɾestɾinxan
90L_10NL,3,90L_10NL_3_1,1,840,"('nç', 'nx', 'nx')",ɾestɾinxan,ɾestɾinxan
90L_10NL,3,90L_10NL_3_1,1,420,"('nx', 'nx', 'nx')",ɾestɾinxan,ɾestɾinxan
90L_10NL,3,90L_10NL_3_1,1,420,"('nx', 'nx', 'nx')",ɾestɾinxan,ɾestɾinxan
90L_10NL,3,90L_10NL_3_1,1,420,"('nx', 'nx', 'nx')",ɾestɾinxan,ɾestɾinxan
90L_10NL,3,90L_10NL_3_1,1,420,"('nx', 'nx', 'nx')",ɾestɾinxan,ɾestɾinxan
90L_10NL,3,90L_10NL_3_1,1,420,"('nx', 'nx', 'nx')",ɾestɾinxan,ɾestɾinxan
90L_10NL,3,90L_10NL_3_1,1,420,"('nx', 'nx', 'nx')",ɾestɾinxan,ɾestɾinxan
90L_10NL,3,90L_10NL_3_1,1,420,"('nx', 'nx', 'nx')",ɾestɾinxan,ɾestɾinxan
90L_10NL,3,90L_10NL_3_1,1,420,"('nx', 'nx', 'nx')",ɾestɾinxan,ɾestɾinxan
90L_10NL,3,90L_10NL_3_1,1,420,"('nx', 'nx', 'nx')",ɾestɾinxan,ɾestɾinxan
90L_10NL,3,90L_10NL_3_1,1,420,"('nx', 'nx', 'nx')",ɾestɾinxan,ɾestɾinxan
90L_10NL,3,90L_10NL_3_1,1,420,"('nx', 'nx', 'nx')",ɾestɾinxan,ɾestɾinxan
90L_10NL,3,90L_10NL_3_1,0,420,"('nx', 'nx', 'nx')",ɾestɾinxas,ɾestɾinxan
90L_10NL,3,90L_10NL_3_1,0,420,"('nx', 'nx', 'nx')",ɾestɾinxas,ɾestɾinxan
90L_10NL,3,90L_10NL_3_1,0,420,"('nx', 'nx', 'nx')",ɾestɾinxas,ɾestɾinxan
90L_10NL,3,90L_10NL_3_1,0,420,"('nx', 'nx', 'nx')",ɾestɾinxas,ɾestɾinxan
90L_10NL,3,90L_10NL_3_1,1,280,"('nç', 'nç', 'nx')",ɾestɾinxas,ɾestɾinxas
90L_10NL,3,90L_10NL_3_1,1,280,"('nç', 'nç', 'nx')",ɾestɾinxas,ɾestɾinxas
90L_10NL,3,90L_10NL_3_1,1,280,"('nç', 'nç', 'nx')",ɾestɾinxas,ɾestɾinxas
90L_10NL,3,90L_10NL_3_1,1,280,"('nç', 'nç', 'nx')",ɾestɾinxas,ɾestɾinxas
90L_10NL,3,90L_10NL_3_1,1,840,"('nç', 'nx', 'nx')",ɾestɾinxas,ɾestɾinxas
90L_10NL,3,90L_10NL_3_1,1,840,"('nç', 'nx', 'nx')",ɾestɾinxas,ɾestɾinxas
90L_10NL,3,90L_10NL_3_1,1,840,"('nç', 'nx', 'nx')",ɾestɾinxas,ɾestɾinxas
90L_10NL,3,90L_10NL_3_1,1,840,"('nç', 'nx', 'nx')",ɾestɾinxas,ɾestɾinxas
90L_10NL,3,90L_10NL_3_1,1,840,"('nç', 'nx', 'nx')",ɾestɾinxas,ɾestɾinxas
90L_10NL,3,90L_10NL_3_1,1,840,"('nç', 'nx', 'nx')",ɾestɾinxas,ɾestɾinxas
90L_10NL,3,90L_10NL_3_1,1,280,"('nç', 'nç', 'nx')",ɾestɾinxas,ɾestɾinxas
90L_10NL,3,90L_10NL_3_1,1,280,"('nç', 'nç', 'nx')",ɾestɾinxas,ɾestɾinxas
90L_10NL,3,90L_10NL_3_1,1,280,"('nç', 'nç', 'nx')",ɾestɾinxas,ɾestɾinxas
90L_10NL,3,90L_10NL_3_1,1,840,"('nç', 'nx', 'nx')",ɾestɾinxas,ɾestɾinxas
90L_10NL,3,90L_10NL_3_1,1,840,"('nç', 'nx', 'nx')",ɾestɾinxas,ɾestɾinxas
90L_10NL,3,90L_10NL_3_1,1,840,"('nç', 'nx', 'nx')",ɾestɾinxas,ɾestɾinxas
90L_10NL,3,90L_10NL_3_1,1,840,"('nç', 'nx', 'nx')",ɾestɾinxas,ɾestɾinxas
90L_10NL,3,90L_10NL_3_1,1,840,"('nç', 'nx', 'nx')",ɾestɾinxas,ɾestɾinxas
90L_10NL,3,90L_10NL_3_1,1,840,"('nç', 'nx', 'nx')",ɾestɾinxas,ɾestɾinxas
90L_10NL,3,90L_10NL_3_1,1,280,"('nç', 'nç', 'nx')",ɾestɾinxas,ɾestɾinxas
90L_10NL,3,90L_10NL_3_1,1,280,"('nç', 'nç', 'nx')",ɾestɾinxas,ɾestɾinxas
90L_10NL,3,90L_10NL_3_1,1,840,"('nç', 'nx', 'nx')",ɾestɾinxas,ɾestɾinxas
90L_10NL,3,90L_10NL_3_1,1,840,"('nç', 'nx', 'nx')",ɾestɾinxas,ɾestɾinxas
90L_10NL,3,90L_10NL_3_1,1,840,"('nç', 'nx', 'nx')",ɾestɾinxas,ɾestɾinxas
90L_10NL,3,90L_10NL_3_1,1,840,"('nç', 'nx', 'nx')",ɾestɾinxas,ɾestɾinxas
90L_10NL,3,90L_10NL_3_1,1,840,"('nç', 'nx', 'nx')",ɾestɾinxas,ɾestɾinxas
90L_10NL,3,90L_10NL_3_1,1,840,"('nç', 'nx', 'nx')",ɾestɾinxas,ɾestɾinxas
90L_10NL,3,90L_10NL_3_1,1,280,"('nç', 'nç', 'nx')",ɾestɾinxas,ɾestɾinxas
90L_10NL,3,90L_10NL_3_1,1,840,"('nç', 'nx', 'nx')",ɾestɾinxas,ɾestɾinxas
90L_10NL,3,90L_10NL_3_1,1,840,"('nç', 'nx', 'nx')",ɾestɾinxas,ɾestɾinxas
90L_10NL,3,90L_10NL_3_1,1,840,"('nç', 'nx', 'nx')",ɾestɾinxas,ɾestɾinxas
90L_10NL,3,90L_10NL_3_1,1,840,"('nç', 'nx', 'nx')",ɾestɾinxas,ɾestɾinxas
90L_10NL,3,90L_10NL_3_1,1,840,"('nç', 'nx', 'nx')",ɾestɾinxas,ɾestɾinxas
90L_10NL,3,90L_10NL_3_1,1,840,"('nç', 'nx', 'nx')",ɾestɾinxas,ɾestɾinxas
90L_10NL,3,90L_10NL_3_1,1,840,"('nç', 'nx', 'nx')",ɾestɾinxas,ɾestɾinxas
90L_10NL,3,90L_10NL_3_1,1,840,"('nç', 'nx', 'nx')",ɾestɾinxas,ɾestɾinxas
90L_10NL,3,90L_10NL_3_1,1,840,"('nç', 'nx', 'nx')",ɾestɾinxas,ɾestɾinxas
90L_10NL,3,90L_10NL_3_1,1,840,"('nç', 'nx', 'nx')",ɾestɾinxas,ɾestɾinxas
90L_10NL,3,90L_10NL_3_1,1,840,"('nç', 'nx', 'nx')",ɾestɾinxas,ɾestɾinxas
90L_10NL,3,90L_10NL_3_1,1,840,"('nç', 'nx', 'nx')",ɾestɾinxas,ɾestɾinxas
90L_10NL,3,90L_10NL_3_1,1,420,"('nx', 'nx', 'nx')",ɾestɾinxas,ɾestɾinxas
90L_10NL,3,90L_10NL_3_1,1,420,"('nx', 'nx', 'nx')",ɾestɾinxas,ɾestɾinxas
90L_10NL,3,90L_10NL_3_1,1,420,"('nx', 'nx', 'nx')",ɾestɾinxas,ɾestɾinxas
90L_10NL,3,90L_10NL_3_1,1,420,"('nx', 'nx', 'nx')",ɾestɾinxas,ɾestɾinxas
90L_10NL,3,90L_10NL_3_1,1,420,"('nx', 'nx', 'nx')",ɾestɾinxas,ɾestɾinxas
90L_10NL,3,90L_10NL_3_1,1,420,"('nx', 'nx', 'nx')",ɾestɾinxas,ɾestɾinxas
90L_10NL,3,90L_10NL_3_1,1,420,"('nx', 'nx', 'nx')",ɾestɾinxas,ɾestɾinxas
90L_10NL,3,90L_10NL_3_1,1,420,"('nx', 'nx', 'nx')",ɾestɾinxas,ɾestɾinxas
90L_10NL,3,90L_10NL_3_1,1,420,"('nx', 'nx', 'nx')",ɾestɾinxas,ɾestɾinxas
90L_10NL,3,90L_10NL_3_1,1,420,"('nx', 'nx', 'nx')",ɾestɾinxas,ɾestɾinxas
90L_10NL,3,90L_10NL_3_1,1,420,"('nx', 'nx', 'nx')",ɾestɾinxas,ɾestɾinxas
90L_10NL,3,90L_10NL_3_1,0,420,"('nx', 'nx', 'nx')",ɾestɾinxa,ɾestɾinxas
90L_10NL,3,90L_10NL_3_1,0,420,"('nx', 'nx', 'nx')",ɾestɾinxa,ɾestɾinxas
90L_10NL,3,90L_10NL_3_1,0,420,"('nx', 'nx', 'nx')",ɾestɾinxa,ɾestɾinxas
90L_10NL,3,90L_10NL_3_1,0,420,"('nx', 'nx', 'nx')",ɾestɾinxa,ɾestɾinxas
90L_10NL,3,90L_10NL_3_1,1,280,"('nç', 'nç', 'nx')",ɾestɾinxa,ɾestɾinxa
90L_10NL,3,90L_10NL_3_1,1,280,"('nç', 'nç', 'nx')",ɾestɾinxa,ɾestɾinxa
90L_10NL,3,90L_10NL_3_1,1,280,"('nç', 'nç', 'nx')",ɾestɾinxa,ɾestɾinxa
90L_10NL,3,90L_10NL_3_1,1,280,"('nç', 'nç', 'nx')",ɾestɾinxa,ɾestɾinxa
90L_10NL,3,90L_10NL_3_1,1,840,"('nç', 'nx', 'nx')",ɾestɾinxa,ɾestɾinxa
90L_10NL,3,90L_10NL_3_1,1,840,"('nç', 'nx', 'nx')",ɾestɾinxa,ɾestɾinxa
90L_10NL,3,90L_10NL_3_1,1,840,"('nç', 'nx', 'nx')",ɾestɾinxa,ɾestɾinxa
90L_10NL,3,90L_10NL_3_1,1,840,"('nç', 'nx', 'nx')",ɾestɾinxa,ɾestɾinxa
90L_10NL,3,90L_10NL_3_1,1,840,"('nç', 'nx', 'nx')",ɾestɾinxa,ɾestɾinxa
90L_10NL,3,90L_10NL_3_1,1,840,"('nç', 'nx', 'nx')",ɾestɾinxa,ɾestɾinxa
90L_10NL,3,90L_10NL_3_1,1,280,"('nç', 'nç', 'nx')",ɾestɾinxa,ɾestɾinxa
90L_10NL,3,90L_10NL_3_1,1,280,"('nç', 'nç', 'nx')",ɾestɾinxa,ɾestɾinxa
90L_10NL,3,90L_10NL_3_1,1,280,"('nç', 'nç', 'nx')",ɾestɾinxa,ɾestɾinxa
90L_10NL,3,90L_10NL_3_1,1,840,"('nç', 'nx', 'nx')",ɾestɾinxa,ɾestɾinxa
90L_10NL,3,90L_10NL_3_1,1,840,"('nç', 'nx', 'nx')",ɾestɾinxa,ɾestɾinxa
90L_10NL,3,90L_10NL_3_1,1,840,"('nç', 'nx', 'nx')",ɾestɾinxa,ɾestɾinxa
90L_10NL,3,90L_10NL_3_1,1,840,"('nç', 'nx', 'nx')",ɾestɾinxa,ɾestɾinxa
90L_10NL,3,90L_10NL_3_1,1,840,"('nç', 'nx', 'nx')",ɾestɾinxa,ɾestɾinxa
90L_10NL,3,90L_10NL_3_1,1,840,"('nç', 'nx', 'nx')",ɾestɾinxa,ɾestɾinxa
90L_10NL,3,90L_10NL_3_1,1,280,"('nç', 'nç', 'nx')",ɾestɾinxa,ɾestɾinxa
90L_10NL,3,90L_10NL_3_1,1,280,"('nç', 'nç', 'nx')",ɾestɾinxa,ɾestɾinxa
90L_10NL,3,90L_10NL_3_1,1,840,"('nç', 'nx', 'nx')",ɾestɾinxa,ɾestɾinxa
90L_10NL,3,90L_10NL_3_1,1,840,"('nç', 'nx', 'nx')",ɾestɾinxa,ɾestɾinxa
90L_10NL,3,90L_10NL_3_1,1,840,"('nç', 'nx', 'nx')",ɾestɾinxa,ɾestɾinxa
90L_10NL,3,90L_10NL_3_1,1,840,"('nç', 'nx', 'nx')",ɾestɾinxa,ɾestɾinxa
90L_10NL,3,90L_10NL_3_1,1,840,"('nç', 'nx', 'nx')",ɾestɾinxa,ɾestɾinxa
90L_10NL,3,90L_10NL_3_1,1,840,"('nç', 'nx', 'nx')",ɾestɾinxa,ɾestɾinxa
90L_10NL,3,90L_10NL_3_1,1,280,"('nç', 'nç', 'nx')",ɾestɾinxa,ɾestɾinxa
90L_10NL,3,90L_10NL_3_1,1,840,"('nç', 'nx', 'nx')",ɾestɾinxa,ɾestɾinxa
90L_10NL,3,90L_10NL_3_1,1,840,"('nç', 'nx', 'nx')",ɾestɾinxa,ɾestɾinxa
90L_10NL,3,90L_10NL_3_1,1,840,"('nç', 'nx', 'nx')",ɾestɾinxa,ɾestɾinxa
90L_10NL,3,90L_10NL_3_1,1,840,"('nç', 'nx', 'nx')",ɾestɾinxa,ɾestɾinxa
90L_10NL,3,90L_10NL_3_1,1,840,"('nç', 'nx', 'nx')",ɾestɾinxa,ɾestɾinxa
90L_10NL,3,90L_10NL_3_1,1,840,"('nç', 'nx', 'nx')",ɾestɾinxa,ɾestɾinxa
90L_10NL,3,90L_10NL_3_1,1,840,"('nç', 'nx', 'nx')",ɾestɾinxa,ɾestɾinxa
90L_10NL,3,90L_10NL_3_1,1,840,"('nç', 'nx', 'nx')",ɾestɾinxa,ɾestɾinxa
90L_10NL,3,90L_10NL_3_1,1,840,"('nç', 'nx', 'nx')",ɾestɾinxa,ɾestɾinxa
90L_10NL,3,90L_10NL_3_1,1,840,"('nç', 'nx', 'nx')",ɾestɾinxa,ɾestɾinxa
90L_10NL,3,90L_10NL_3_1,1,840,"('nç', 'nx', 'nx')",ɾestɾinxa,ɾestɾinxa
90L_10NL,3,90L_10NL_3_1,1,840,"('nç', 'nx', 'nx')",ɾestɾinxa,ɾestɾinxa
90L_10NL,3,90L_10NL_3_1,1,420,"('nx', 'nx', 'nx')",ɾestɾinxa,ɾestɾinxa
90L_10NL,3,90L_10NL_3_1,1,420,"('nx', 'nx', 'nx')",ɾestɾinxa,ɾestɾinxa
90L_10NL,3,90L_10NL_3_1,1,420,"('nx', 'nx', 'nx')",ɾestɾinxa,ɾestɾinxa
90L_10NL,3,90L_10NL_3_1,1,420,"('nx', 'nx', 'nx')",ɾestɾinxa,ɾestɾinxa
90L_10NL,3,90L_10NL_3_1,1,420,"('nx', 'nx', 'nx')",ɾestɾinxa,ɾestɾinxa
90L_10NL,3,90L_10NL_3_1,1,420,"('nx', 'nx', 'nx')",ɾestɾinxa,ɾestɾinxa
90L_10NL,3,90L_10NL_3_1,1,420,"('nx', 'nx', 'nx')",ɾestɾinxa,ɾestɾinxa
90L_10NL,3,90L_10NL_3_1,1,420,"('nx', 'nx', 'nx')",ɾestɾinxa,ɾestɾinxa
90L_10NL,3,90L_10NL_3_1,1,420,"('nx', 'nx', 'nx')",ɾestɾinxa,ɾestɾinxa
90L_10NL,3,90L_10NL_3_1,1,420,"('nx', 'nx', 'nx')",ɾestɾinxa,ɾestɾinxa
90L_10NL,3,90L_10NL_3_1,1,420,"('nx', 'nx', 'nx')",ɾestɾinxa,ɾestɾinxa
90L_10NL,3,90L_10NL_3_1,1,420,"('nx', 'nx', 'nx')",ɾestɾinxa,ɾestɾinxa
90L_10NL,3,90L_10NL_3_1,1,420,"('nx', 'nx', 'nx')",ɾestɾinxa,ɾestɾinxa
90L_10NL,3,90L_10NL_3_1,1,420,"('nx', 'nx', 'nx')",ɾestɾinxa,ɾestɾinxa
90L_10NL,3,90L_10NL_3_1,1,420,"('nx', 'nx', 'nx')",ɾestɾinxa,ɾestɾinxa
90L_10NL,3,90L_10NL_3_1,1,280,"('nç', 'nç', 'nx')",ɾestɾinxa,ɾestɾinxa
90L_10NL,3,90L_10NL_3_1,1,280,"('nç', 'nç', 'nx')",ɾestɾinxa,ɾestɾinxa
90L_10NL,3,90L_10NL_3_1,1,280,"('nç', 'nç', 'nx')",ɾestɾinxa,ɾestɾinxa
90L_10NL,3,90L_10NL_3_1,1,280,"('nç', 'nç', 'nx')",ɾestɾinxa,ɾestɾinxa
90L_10NL,3,90L_10NL_3_1,1,840,"('nç', 'nx', 'nx')",ɾestɾinxa,ɾestɾinxa
90L_10NL,3,90L_10NL_3_1,1,840,"('nç', 'nx', 'nx')",ɾestɾinxa,ɾestɾinxa
90L_10NL,3,90L_10NL_3_1,1,840,"('nç', 'nx', 'nx')",ɾestɾinxa,ɾestɾinxa
90L_10NL,3,90L_10NL_3_1,1,840,"('nç', 'nx', 'nx')",ɾestɾinxa,ɾestɾinxa
90L_10NL,3,90L_10NL_3_1,1,840,"('nç', 'nx', 'nx')",ɾestɾinxa,ɾestɾinxa
90L_10NL,3,90L_10NL_3_1,1,840,"('nç', 'nx', 'nx')",ɾestɾinxa,ɾestɾinxa
90L_10NL,3,90L_10NL_3_1,1,280,"('nç', 'nç', 'nx')",ɾestɾinxa,ɾestɾinxa
90L_10NL,3,90L_10NL_3_1,1,280,"('nç', 'nç', 'nx')",ɾestɾinxa,ɾestɾinxa
90L_10NL,3,90L_10NL_3_1,1,280,"('nç', 'nç', 'nx')",ɾestɾinxa,ɾestɾinxa
90L_10NL,3,90L_10NL_3_1,1,840,"('nç', 'nx', 'nx')",ɾestɾinxa,ɾestɾinxa
90L_10NL,3,90L_10NL_3_1,1,840,"('nç', 'nx', 'nx')",ɾestɾinxa,ɾestɾinxa
90L_10NL,3,90L_10NL_3_1,1,840,"('nç', 'nx', 'nx')",ɾestɾinxa,ɾestɾinxa
90L_10NL,3,90L_10NL_3_1,1,840,"('nç', 'nx', 'nx')",ɾestɾinxa,ɾestɾinxa
90L_10NL,3,90L_10NL_3_1,1,840,"('nç', 'nx', 'nx')",ɾestɾinxa,ɾestɾinxa
90L_10NL,3,90L_10NL_3_1,1,840,"('nç', 'nx', 'nx')",ɾestɾinxa,ɾestɾinxa
90L_10NL,3,90L_10NL_3_1,1,280,"('nç', 'nç', 'nx')",ɾestɾinxa,ɾestɾinxa
90L_10NL,3,90L_10NL_3_1,1,280,"('nç', 'nç', 'nx')",ɾestɾinxa,ɾestɾinxa
90L_10NL,3,90L_10NL_3_1,1,840,"('nç', 'nx', 'nx')",ɾestɾinxa,ɾestɾinxa
90L_10NL,3,90L_10NL_3_1,1,840,"('nç', 'nx', 'nx')",ɾestɾinxa,ɾestɾinxa
90L_10NL,3,90L_10NL_3_1,1,840,"('nç', 'nx', 'nx')",ɾestɾinxa,ɾestɾinxa
90L_10NL,3,90L_10NL_3_1,1,840,"('nç', 'nx', 'nx')",ɾestɾinxa,ɾestɾinxa
90L_10NL,3,90L_10NL_3_1,1,840,"('nç', 'nx', 'nx')",ɾestɾinxa,ɾestɾinxa
90L_10NL,3,90L_10NL_3_1,1,840,"('nç', 'nx', 'nx')",ɾestɾinxa,ɾestɾinxa
90L_10NL,3,90L_10NL_3_1,1,280,"('nç', 'nç', 'nx')",ɾestɾinxa,ɾestɾinxa
90L_10NL,3,90L_10NL_3_1,1,840,"('nç', 'nx', 'nx')",ɾestɾinxa,ɾestɾinxa
90L_10NL,3,90L_10NL_3_1,1,840,"('nç', 'nx', 'nx')",ɾestɾinxa,ɾestɾinxa
90L_10NL,3,90L_10NL_3_1,1,840,"('nç', 'nx', 'nx')",ɾestɾinxa,ɾestɾinxa
90L_10NL,3,90L_10NL_3_1,1,840,"('nç', 'nx', 'nx')",ɾestɾinxa,ɾestɾinxa
90L_10NL,3,90L_10NL_3_1,1,840,"('nç', 'nx', 'nx')",ɾestɾinxa,ɾestɾinxa
90L_10NL,3,90L_10NL_3_1,1,840,"('nç', 'nx', 'nx')",ɾestɾinxa,ɾestɾinxa
90L_10NL,3,90L_10NL_3_1,1,840,"('nç', 'nx', 'nx')",ɾestɾinxa,ɾestɾinxa
90L_10NL,3,90L_10NL_3_1,1,840,"('nç', 'nx', 'nx')",ɾestɾinxa,ɾestɾinxa
90L_10NL,3,90L_10NL_3_1,1,840,"('nç', 'nx', 'nx')",ɾestɾinxa,ɾestɾinxa
90L_10NL,3,90L_10NL_3_1,1,840,"('nç', 'nx', 'nx')",ɾestɾinxa,ɾestɾinxa
90L_10NL,3,90L_10NL_3_1,1,840,"('nç', 'nx', 'nx')",ɾestɾinxa,ɾestɾinxa
90L_10NL,3,90L_10NL_3_1,1,840,"('nç', 'nx', 'nx')",ɾestɾinxa,ɾestɾinxa
90L_10NL,3,90L_10NL_3_1,1,420,"('nx', 'nx', 'nx')",ɾestɾinxa,ɾestɾinxa
90L_10NL,3,90L_10NL_3_1,1,420,"('nx', 'nx', 'nx')",ɾestɾinxa,ɾestɾinxa
90L_10NL,3,90L_10NL_3_1,1,420,"('nx', 'nx', 'nx')",ɾestɾinxa,ɾestɾinxa
90L_10NL,3,90L_10NL_3_1,1,420,"('nx', 'nx', 'nx')",ɾestɾinxa,ɾestɾinxa
90L_10NL,3,90L_10NL_3_1,1,420,"('nx', 'nx', 'nx')",ɾestɾinxa,ɾestɾinxa
90L_10NL,3,90L_10NL_3_1,1,420,"('nx', 'nx', 'nx')",ɾestɾinxa,ɾestɾinxa
90L_10NL,3,90L_10NL_3_1,1,420,"('nx', 'nx', 'nx')",ɾestɾinxa,ɾestɾinxa
90L_10NL,3,90L_10NL_3_1,1,420,"('nx', 'nx', 'nx')",ɾestɾinxa,ɾestɾinxa
90L_10NL,3,90L_10NL_3_1,1,420,"('nx', 'nx', 'nx')",ɾestɾinxa,ɾestɾinxa
90L_10NL,3,90L_10NL_3_1,1,420,"('nx', 'nx', 'nx')",ɾestɾinxa,ɾestɾinxa
90L_10NL,3,90L_10NL_3_1,1,420,"('nx', 'nx', 'nx')",ɾestɾinxa,ɾestɾinxa
90L_10NL,3,90L_10NL_3_1,0,420,"('nx', 'nx', 'nx')",ɾestɾinxo,ɾestɾinxa
90L_10NL,3,90L_10NL_3_1,0,420,"('nx', 'nx', 'nx')",ɾestɾinxo,ɾestɾinxa
90L_10NL,3,90L_10NL_3_1,0,420,"('nx', 'nx', 'nx')",ɾestɾinxo,ɾestɾinxa
90L_10NL,3,90L_10NL_3_1,0,420,"('nx', 'nx', 'nx')",ɾestɾinxo,ɾestɾinxa
90L_10NL,3,90L_10NL_3_1,1,280,"('nç', 'nç', 'nx')",ɾestɾinxo,ɾestɾinxo
90L_10NL,3,90L_10NL_3_1,1,280,"('nç', 'nç', 'nx')",ɾestɾinxo,ɾestɾinxo
90L_10NL,3,90L_10NL_3_1,1,280,"('nç', 'nç', 'nx')",ɾestɾinxo,ɾestɾinxo
90L_10NL,3,90L_10NL_3_1,1,280,"('nç', 'nç', 'nx')",ɾestɾinxo,ɾestɾinxo
90L_10NL,3,90L_10NL_3_1,1,840,"('nç', 'nx', 'nx')",ɾestɾinxo,ɾestɾinxo
90L_10NL,3,90L_10NL_3_1,1,840,"('nç', 'nx', 'nx')",ɾestɾinxo,ɾestɾinxo
90L_10NL,3,90L_10NL_3_1,1,840,"('nç', 'nx', 'nx')",ɾestɾinxo,ɾestɾinxo
90L_10NL,3,90L_10NL_3_1,1,840,"('nç', 'nx', 'nx')",ɾestɾinxo,ɾestɾinxo
90L_10NL,3,90L_10NL_3_1,1,840,"('nç', 'nx', 'nx')",ɾestɾinxo,ɾestɾinxo
90L_10NL,3,90L_10NL_3_1,1,840,"('nç', 'nx', 'nx')",ɾestɾinxo,ɾestɾinxo
90L_10NL,3,90L_10NL_3_1,1,280,"('nç', 'nç', 'nx')",ɾestɾinxo,ɾestɾinxo
90L_10NL,3,90L_10NL_3_1,1,280,"('nç', 'nç', 'nx')",ɾestɾinxo,ɾestɾinxo
90L_10NL,3,90L_10NL_3_1,1,280,"('nç', 'nç', 'nx')",ɾestɾinxo,ɾestɾinxo
90L_10NL,3,90L_10NL_3_1,1,840,"('nç', 'nx', 'nx')",ɾestɾinxo,ɾestɾinxo
90L_10NL,3,90L_10NL_3_1,1,840,"('nç', 'nx', 'nx')",ɾestɾinxo,ɾestɾinxo
90L_10NL,3,90L_10NL_3_1,1,840,"('nç', 'nx', 'nx')",ɾestɾinxo,ɾestɾinxo
90L_10NL,3,90L_10NL_3_1,1,840,"('nç', 'nx', 'nx')",ɾestɾinxo,ɾestɾinxo
90L_10NL,3,90L_10NL_3_1,1,840,"('nç', 'nx', 'nx')",ɾestɾinxo,ɾestɾinxo
90L_10NL,3,90L_10NL_3_1,1,840,"('nç', 'nx', 'nx')",ɾestɾinxo,ɾestɾinxo
90L_10NL,3,90L_10NL_3_1,1,280,"('nç', 'nç', 'nx')",ɾestɾinxo,ɾestɾinxo
90L_10NL,3,90L_10NL_3_1,1,280,"('nç', 'nç', 'nx')",ɾestɾinxo,ɾestɾinxo
90L_10NL,3,90L_10NL_3_1,1,840,"('nç', 'nx', 'nx')",ɾestɾinxo,ɾestɾinxo
90L_10NL,3,90L_10NL_3_1,1,840,"('nç', 'nx', 'nx')",ɾestɾinxo,ɾestɾinxo
90L_10NL,3,90L_10NL_3_1,1,840,"('nç', 'nx', 'nx')",ɾestɾinxo,ɾestɾinxo
90L_10NL,3,90L_10NL_3_1,1,840,"('nç', 'nx', 'nx')",ɾestɾinxo,ɾestɾinxo
90L_10NL,3,90L_10NL_3_1,1,840,"('nç', 'nx', 'nx')",ɾestɾinxo,ɾestɾinxo
90L_10NL,3,90L_10NL_3_1,1,840,"('nç', 'nx', 'nx')",ɾestɾinxo,ɾestɾinxo
90L_10NL,3,90L_10NL_3_1,1,280,"('nç', 'nç', 'nx')",ɾestɾinxo,ɾestɾinxo
90L_10NL,3,90L_10NL_3_1,1,840,"('nç', 'nx', 'nx')",ɾestɾinxo,ɾestɾinxo
90L_10NL,3,90L_10NL_3_1,1,840,"('nç', 'nx', 'nx')",ɾestɾinxo,ɾestɾinxo
90L_10NL,3,90L_10NL_3_1,1,840,"('nç', 'nx', 'nx')",ɾestɾinxo,ɾestɾinxo
90L_10NL,3,90L_10NL_3_1,1,840,"('nç', 'nx', 'nx')",ɾestɾinxo,ɾestɾinxo
90L_10NL,3,90L_10NL_3_1,1,840,"('nç', 'nx', 'nx')",ɾestɾinxo,ɾestɾinxo
90L_10NL,3,90L_10NL_3_1,1,840,"('nç', 'nx', 'nx')",ɾestɾinxo,ɾestɾinxo
90L_10NL,3,90L_10NL_3_1,1,840,"('nç', 'nx', 'nx')",ɾestɾinxo,ɾestɾinxo
90L_10NL,3,90L_10NL_3_1,1,840,"('nç', 'nx', 'nx')",ɾestɾinxo,ɾestɾinxo
90L_10NL,3,90L_10NL_3_1,1,840,"('nç', 'nx', 'nx')",ɾestɾinxo,ɾestɾinxo
90L_10NL,3,90L_10NL_3_1,1,840,"('nç', 'nx', 'nx')",ɾestɾinxo,ɾestɾinxo
90L_10NL,3,90L_10NL_3_1,1,840,"('nç', 'nx', 'nx')",ɾestɾinxo,ɾestɾinxo
90L_10NL,3,90L_10NL_3_1,1,840,"('nç', 'nx', 'nx')",ɾestɾinxo,ɾestɾinxo
90L_10NL,3,90L_10NL_3_1,1,420,"('nx', 'nx', 'nx')",ɾestɾinxo,ɾestɾinxo
90L_10NL,3,90L_10NL_3_1,1,420,"('nx', 'nx', 'nx')",ɾestɾinxo,ɾestɾinxo
90L_10NL,3,90L_10NL_3_1,1,420,"('nx', 'nx', 'nx')",ɾestɾinxo,ɾestɾinxo
90L_10NL,3,90L_10NL_3_1,1,420,"('nx', 'nx', 'nx')",ɾestɾinxo,ɾestɾinxo
90L_10NL,3,90L_10NL_3_1,1,420,"('nx', 'nx', 'nx')",ɾestɾinxo,ɾestɾinxo
90L_10NL,3,90L_10NL_3_1,1,420,"('nx', 'nx', 'nx')",ɾestɾinxo,ɾestɾinxo
90L_10NL,3,90L_10NL_3_1,1,420,"('nx', 'nx', 'nx')",ɾestɾinxo,ɾestɾinxo
90L_10NL,3,90L_10NL_3_1,1,420,"('nx', 'nx', 'nx')",ɾestɾinxo,ɾestɾinxo
90L_10NL,3,90L_10NL_3_1,1,420,"('nx', 'nx', 'nx')",ɾestɾinxo,ɾestɾinxo
90L_10NL,3,90L_10NL_3_1,1,420,"('nx', 'nx', 'nx')",ɾestɾinxo,ɾestɾinxo
90L_10NL,3,90L_10NL_3_1,1,420,"('nx', 'nx', 'nx')",ɾestɾinxo,ɾestɾinxo
90L_10NL,3,90L_10NL_3_1,0,420,"('nx', 'nx', 'nx')",baleajs,ɾestɾinxo
90L_10NL,3,90L_10NL_3_1,0,420,"('nx', 'nx', 'nx')",balesis,ɾestɾinxo
90L_10NL,3,90L_10NL_3_1,0,420,"('nx', 'nx', 'nx')",baleajs,ɾestɾinxo
90L_10NL,3,90L_10NL_3_1,0,420,"('nx', 'nx', 'nx')",balis,ɾestɾinxo
90L_10NL,3,90L_10NL_3_1,0,60,"('l', 'l', 'l')",balis,balejs
90L_10NL,3,90L_10NL_3_1,0,60,"('l', 'l', 'l')",balis,balejs
90L_10NL,3,90L_10NL_3_1,0,60,"('l', 'l', 'l')",balis,balejs
90L_10NL,3,90L_10NL_3_1,0,224,"('l', 'lɡ', 'l')",balis,balejs
90L_10NL,3,90L_10NL_3_1,0,224,"('l', 'lɡ', 'l')",balis,balejs
90L_10NL,3,90L_10NL_3_1,0,224,"('l', 'lɡ', 'l')",balis,balejs
90L_10NL,3,90L_10NL_3_1,0,224,"('l', 'lɡ', 'l')",balesis,balejs
90L_10NL,3,90L_10NL_3_1,0,224,"('l', 'lɡ', 'l')",baleajs,balejs
90L_10NL,3,90L_10NL_3_1,0,224,"('l', 'lɡ', 'l')",balis,balejs
90L_10NL,3,90L_10NL_3_1,0,224,"('l', 'lɡ', 'l')",balis,balejs
90L_10NL,3,90L_10NL_3_1,0,60,"('l', 'l', 'l')",balis,balejs
90L_10NL,3,90L_10NL_3_1,0,60,"('l', 'l', 'l')",balis,balejs
90L_10NL,3,90L_10NL_3_1,0,224,"('l', 'lɡ', 'l')",balis,balejs
90L_10NL,3,90L_10NL_3_1,0,224,"('l', 'lɡ', 'l')",balis,balejs
90L_10NL,3,90L_10NL_3_1,0,224,"('l', 'lɡ', 'l')",balis,balejs
90L_10NL,3,90L_10NL_3_1,0,224,"('l', 'lɡ', 'l')",baleajs,balejs
90L_10NL,3,90L_10NL_3_1,0,224,"('l', 'lɡ', 'l')",balis,balejs
90L_10NL,3,90L_10NL_3_1,0,224,"('l', 'lɡ', 'l')",balis,balejs
90L_10NL,3,90L_10NL_3_1,0,224,"('l', 'lɡ', 'l')",balis,balejs
90L_10NL,3,90L_10NL_3_1,0,60,"('l', 'l', 'l')",balis,balejs
90L_10NL,3,90L_10NL_3_1,0,224,"('l', 'lɡ', 'l')",balis,balejs
90L_10NL,3,90L_10NL_3_1,0,224,"('l', 'lɡ', 'l')",balis,balejs
90L_10NL,3,90L_10NL_3_1,0,224,"('l', 'lɡ', 'l')",balis,balejs
90L_10NL,3,90L_10NL_3_1,0,224,"('l', 'lɡ', 'l')",balis,balejs
90L_10NL,3,90L_10NL_3_1,0,224,"('l', 'lɡ', 'l')",balis,balejs
90L_10NL,3,90L_10NL_3_1,0,224,"('l', 'lɡ', 'l')",balis,balejs
90L_10NL,3,90L_10NL_3_1,0,224,"('l', 'lɡ', 'l')",balis,balejs
90L_10NL,3,90L_10NL_3_1,0,224,"('l', 'lɡ', 'l')",balis,balejs
90L_10NL,3,90L_10NL_3_1,0,224,"('l', 'lɡ', 'l')",balis,balejs
90L_10NL,3,90L_10NL_3_1,0,224,"('l', 'lɡ', 'l')",balis,balejs
90L_10NL,3,90L_10NL_3_1,0,224,"('l', 'lɡ', 'l')",balis,balejs
90L_10NL,3,90L_10NL_3_1,0,224,"('l', 'lɡ', 'l')",balis,balejs
90L_10NL,3,90L_10NL_3_1,0,224,"('l', 'lɡ', 'l')",balis,balejs
90L_10NL,3,90L_10NL_3_1,0,224,"('l', 'lɡ', 'l')",balis,balejs
90L_10NL,3,90L_10NL_3_1,0,210,"('lɡ', 'lɡ', 'l')",balis,balejs
90L_10NL,3,90L_10NL_3_1,0,210,"('lɡ', 'lɡ', 'l')",balis,balejs
90L_10NL,3,90L_10NL_3_1,0,210,"('lɡ', 'lɡ', 'l')",balis,balejs
90L_10NL,3,90L_10NL_3_1,0,210,"('lɡ', 'lɡ', 'l')",balis,balejs
90L_10NL,3,90L_10NL_3_1,0,210,"('lɡ', 'lɡ', 'l')",balis,balejs
90L_10NL,3,90L_10NL_3_1,0,210,"('lɡ', 'lɡ', 'l')",balis,balejs
90L_10NL,3,90L_10NL_3_1,0,210,"('lɡ', 'lɡ', 'l')",balis,balejs
90L_10NL,3,90L_10NL_3_1,0,210,"('lɡ', 'lɡ', 'l')",balis,balejs
90L_10NL,3,90L_10NL_3_1,0,210,"('lɡ', 'lɡ', 'l')",balis,balejs
90L_10NL,3,90L_10NL_3_1,0,210,"('lɡ', 'lɡ', 'l')",balis,balejs
90L_10NL,3,90L_10NL_3_1,0,210,"('lɡ', 'lɡ', 'l')",balis,balejs
90L_10NL,3,90L_10NL_3_1,0,210,"('lɡ', 'lɡ', 'l')",balis,balejs
90L_10NL,3,90L_10NL_3_1,0,210,"('lɡ', 'lɡ', 'l')",balis,balejs
90L_10NL,3,90L_10NL_3_1,0,210,"('lɡ', 'lɡ', 'l')",balis,balejs
90L_10NL,3,90L_10NL_3_1,0,210,"('lɡ', 'lɡ', 'l')",balis,balejs
90L_10NL,3,90L_10NL_3_1,0,210,"('lɡ', 'lɡ', 'l')",balis,balejs
90L_10NL,3,90L_10NL_3_1,0,210,"('lɡ', 'lɡ', 'l')",balis,balejs
90L_10NL,3,90L_10NL_3_1,0,210,"('lɡ', 'lɡ', 'l')",baleimos,balejs
90L_10NL,3,90L_10NL_3_1,0,210,"('lɡ', 'lɡ', 'l')",balesimos,balejs
90L_10NL,3,90L_10NL_3_1,0,210,"('lɡ', 'lɡ', 'l')",baleamos,balejs
90L_10NL,3,90L_10NL_3_1,0,210,"('lɡ', 'lɡ', 'l')",balimos,balejs
90L_10NL,3,90L_10NL_3_1,0,60,"('l', 'l', 'l')",balimos,balemos
90L_10NL,3,90L_10NL_3_1,0,60,"('l', 'l', 'l')",balimos,balemos
90L_10NL,3,90L_10NL_3_1,0,60,"('l', 'l', 'l')",balimos,balemos
90L_10NL,3,90L_10NL_3_1,0,224,"('l', 'lɡ', 'l')",balimos,balemos
90L_10NL,3,90L_10NL_3_1,0,224,"('l', 'lɡ', 'l')",balimos,balemos
90L_10NL,3,90L_10NL_3_1,0,224,"('l', 'lɡ', 'l')",balimos,balemos
90L_10NL,3,90L_10NL_3_1,0,224,"('l', 'lɡ', 'l')",baleamos,balemos
90L_10NL,3,90L_10NL_3_1,0,224,"('l', 'lɡ', 'l')",baleamos,balemos
90L_10NL,3,90L_10NL_3_1,0,224,"('l', 'lɡ', 'l')",balimos,balemos
90L_10NL,3,90L_10NL_3_1,0,224,"('l', 'lɡ', 'l')",balis,balemos
90L_10NL,3,90L_10NL_3_1,0,60,"('l', 'l', 'l')",balimos,balemos
90L_10NL,3,90L_10NL_3_1,0,60,"('l', 'l', 'l')",balimos,balemos
90L_10NL,3,90L_10NL_3_1,0,224,"('l', 'lɡ', 'l')",balimos,balemos
90L_10NL,3,90L_10NL_3_1,0,224,"('l', 'lɡ', 'l')",balimos,balemos
90L_10NL,3,90L_10NL_3_1,0,224,"('l', 'lɡ', 'l')",balimos,balemos
90L_10NL,3,90L_10NL_3_1,0,224,"('l', 'lɡ', 'l')",baleamos,balemos
90L_10NL,3,90L_10NL_3_1,0,224,"('l', 'lɡ', 'l')",balis,balemos
90L_10NL,3,90L_10NL_3_1,0,224,"('l', 'lɡ', 'l')",balis,balemos
90L_10NL,3,90L_10NL_3_1,0,224,"('l', 'lɡ', 'l')",balimos,balemos
90L_10NL,3,90L_10NL_3_1,0,60,"('l', 'l', 'l')",balis,balemos
90L_10NL,3,90L_10NL_3_1,0,224,"('l', 'lɡ', 'l')",balimos,balemos
90L_10NL,3,90L_10NL_3_1,0,224,"('l', 'lɡ', 'l')",balimos,balemos
90L_10NL,3,90L_10NL_3_1,0,224,"('l', 'lɡ', 'l')",balimos,balemos
90L_10NL,3,90L_10NL_3_1,0,224,"('l', 'lɡ', 'l')",balimos,balemos
90L_10NL,3,90L_10NL_3_1,0,224,"('l', 'lɡ', 'l')",balbamos,balemos
90L_10NL,3,90L_10NL_3_1,0,224,"('l', 'lɡ', 'l')",balis,balemos
90L_10NL,3,90L_10NL_3_1,0,224,"('l', 'lɡ', 'l')",balis,balemos
90L_10NL,3,90L_10NL_3_1,0,224,"('l', 'lɡ', 'l')",balimos,balemos
90L_10NL,3,90L_10NL_3_1,0,224,"('l', 'lɡ', 'l')",balimos,balemos
90L_10NL,3,90L_10NL_3_1,0,224,"('l', 'lɡ', 'l')",balimos,balemos
90L_10NL,3,90L_10NL_3_1,0,224,"('l', 'lɡ', 'l')",balis,balemos
90L_10NL,3,90L_10NL_3_1,0,224,"('l', 'lɡ', 'l')",balimos,balemos
90L_10NL,3,90L_10NL_3_1,0,224,"('l', 'lɡ', 'l')",balis,balemos
90L_10NL,3,90L_10NL_3_1,0,224,"('l', 'lɡ', 'l')",balimos,balemos
90L_10NL,3,90L_10NL_3_1,0,210,"('lɡ', 'lɡ', 'l')",balimos,balemos
90L_10NL,3,90L_10NL_3_1,0,210,"('lɡ', 'lɡ', 'l')",balimos,balemos
90L_10NL,3,90L_10NL_3_1,0,210,"('lɡ', 'lɡ', 'l')",balɡimos,balemos
90L_10NL,3,90L_10NL_3_1,0,210,"('lɡ', 'lɡ', 'l')",balɡimos,balemos
90L_10NL,3,90L_10NL_3_1,0,210,"('lɡ', 'lɡ', 'l')",balimos,balemos
90L_10NL,3,90L_10NL_3_1,0,210,"('lɡ', 'lɡ', 'l')",balimos,balemos
90L_10NL,3,90L_10NL_3_1,0,210,"('lɡ', 'lɡ', 'l')",balimos,balemos
90L_10NL,3,90L_10NL_3_1,0,210,"('lɡ', 'lɡ', 'l')",balis,balemos
90L_10NL,3,90L_10NL_3_1,0,210,"('lɡ', 'lɡ', 'l')",balimos,balemos
90L_10NL,3,90L_10NL_3_1,0,210,"('lɡ', 'lɡ', 'l')",balimos,balemos
90L_10NL,3,90L_10NL_3_1,0,210,"('lɡ', 'lɡ', 'l')",balimos,balemos
90L_10NL,3,90L_10NL_3_1,0,210,"('lɡ', 'lɡ', 'l')",balimos,balemos
90L_10NL,3,90L_10NL_3_1,0,210,"('lɡ', 'lɡ', 'l')",balimos,balemos
90L_10NL,3,90L_10NL_3_1,0,210,"('lɡ', 'lɡ', 'l')",balimos,balemos
90L_10NL,3,90L_10NL_3_1,0,210,"('lɡ', 'lɡ', 'l')",balimos,balemos
90L_10NL,3,90L_10NL_3_1,0,210,"('lɡ', 'lɡ', 'l')",balimos,balemos
90L_10NL,3,90L_10NL_3_1,0,210,"('lɡ', 'lɡ', 'l')",balimos,balemos
90L_10NL,3,90L_10NL_3_1,0,210,"('lɡ', 'lɡ', 'l')",balealban,balemos
90L_10NL,3,90L_10NL_3_1,0,210,"('lɡ', 'lɡ', 'l')",balesen,balemos
90L_10NL,3,90L_10NL_3_1,0,210,"('lɡ', 'lɡ', 'l')",balean,balemos
90L_10NL,3,90L_10NL_3_1,0,210,"('lɡ', 'lɡ', 'l')",balealen,balemos
90L_10NL,3,90L_10NL_3_1,0,60,"('l', 'l', 'l')",balban,balen
90L_10NL,3,90L_10NL_3_1,1,60,"('l', 'l', 'l')",balen,balen
90L_10NL,3,90L_10NL_3_1,0,60,"('l', 'l', 'l')",balean,balen
90L_10NL,3,90L_10NL_3_1,0,224,"('l', 'lɡ', 'l')",balean,balen
90L_10NL,3,90L_10NL_3_1,0,224,"('l', 'lɡ', 'l')",balean,balen
90L_10NL,3,90L_10NL_3_1,0,224,"('l', 'lɡ', 'l')",balean,balen
90L_10NL,3,90L_10NL_3_1,0,224,"('l', 'lɡ', 'l')",balealban,balen
90L_10NL,3,90L_10NL_3_1,0,224,"('l', 'lɡ', 'l')",balealban,balen
90L_10NL,3,90L_10NL_3_1,0,224,"('l', 'lɡ', 'l')",balealen,balen
90L_10NL,3,90L_10NL_3_1,0,224,"('l', 'lɡ', 'l')",balealen,balen
90L_10NL,3,90L_10NL_3_1,1,60,"('l', 'l', 'l')",balen,balen
90L_10NL,3,90L_10NL_3_1,0,60,"('l', 'l', 'l')",balean,balen
90L_10NL,3,90L_10NL_3_1,0,224,"('l', 'lɡ', 'l')",balean,balen
90L_10NL,3,90L_10NL_3_1,0,224,"('l', 'lɡ', 'l')",balean,balen
90L_10NL,3,90L_10NL_3_1,0,224,"('l', 'lɡ', 'l')",balean,balen
90L_10NL,3,90L_10NL_3_1,0,224,"('l', 'lɡ', 'l')",balban,balen
90L_10NL,3,90L_10NL_3_1,0,224,"('l', 'lɡ', 'l')",balsen,balen
90L_10NL,3,90L_10NL_3_1,0,224,"('l', 'lɡ', 'l')",balsen,balen
90L_10NL,3,90L_10NL_3_1,0,224,"('l', 'lɡ', 'l')",balean,balen
90L_10NL,3,90L_10NL_3_1,0,60,"('l', 'l', 'l')",balsen,balen
90L_10NL,3,90L_10NL_3_1,0,224,"('l', 'lɡ', 'l')",balean,balen
90L_10NL,3,90L_10NL_3_1,0,224,"('l', 'lɡ', 'l')",balean,balen
90L_10NL,3,90L_10NL_3_1,0,224,"('l', 'lɡ', 'l')",balean,balen
90L_10NL,3,90L_10NL_3_1,0,224,"('l', 'lɡ', 'l')",balban,balen
90L_10NL,3,90L_10NL_3_1,0,224,"('l', 'lɡ', 'l')",balban,balen
90L_10NL,3,90L_10NL_3_1,0,224,"('l', 'lɡ', 'l')",balban,balen
90L_10NL,3,90L_10NL_3_1,0,224,"('l', 'lɡ', 'l')",balban,balen
90L_10NL,3,90L_10NL_3_1,0,224,"('l', 'lɡ', 'l')",balban,balen
90L_10NL,3,90L_10NL_3_1,0,224,"('l', 'lɡ', 'l')",balban,balen
90L_10NL,3,90L_10NL_3_1,0,224,"('l', 'lɡ', 'l')",balban,balen
90L_10NL,3,90L_10NL_3_1,0,224,"('l', 'lɡ', 'l')",balisen,balen
90L_10NL,3,90L_10NL_3_1,0,224,"('l', 'lɡ', 'l')",balisen,balen
90L_10NL,3,90L_10NL_3_1,1,224,"('l', 'lɡ', 'l')",balen,balen
90L_10NL,3,90L_10NL_3_1,1,224,"('l', 'lɡ', 'l')",balen,balen
90L_10NL,3,90L_10NL_3_1,1,210,"('lɡ', 'lɡ', 'l')",balen,balen
90L_10NL,3,90L_10NL_3_1,0,210,"('lɡ', 'lɡ', 'l')",balisen,balen
90L_10NL,3,90L_10NL_3_1,1,210,"('lɡ', 'lɡ', 'l')",balen,balen
90L_10NL,3,90L_10NL_3_1,1,210,"('lɡ', 'lɡ', 'l')",balen,balen
90L_10NL,3,90L_10NL_3_1,1,210,"('lɡ', 'lɡ', 'l')",balen,balen
90L_10NL,3,90L_10NL_3_1,1,210,"('lɡ', 'lɡ', 'l')",balen,balen
90L_10NL,3,90L_10NL_3_1,1,210,"('lɡ', 'lɡ', 'l')",balen,balen
90L_10NL,3,90L_10NL_3_1,0,210,"('lɡ', 'lɡ', 'l')",balean,balen
90L_10NL,3,90L_10NL_3_1,0,210,"('lɡ', 'lɡ', 'l')",balean,balen
90L_10NL,3,90L_10NL_3_1,0,210,"('lɡ', 'lɡ', 'l')",balean,balen
90L_10NL,3,90L_10NL_3_1,0,210,"('lɡ', 'lɡ', 'l')",balean,balen
90L_10NL,3,90L_10NL_3_1,0,210,"('lɡ', 'lɡ', 'l')",balean,balen
90L_10NL,3,90L_10NL_3_1,0,210,"('lɡ', 'lɡ', 'l')",balean,balen
90L_10NL,3,90L_10NL_3_1,0,210,"('lɡ', 'lɡ', 'l')",balean,balen
90L_10NL,3,90L_10NL_3_1,0,210,"('lɡ', 'lɡ', 'l')",balean,balen
90L_10NL,3,90L_10NL_3_1,0,210,"('lɡ', 'lɡ', 'l')",balean,balen
90L_10NL,3,90L_10NL_3_1,0,210,"('lɡ', 'lɡ', 'l')",balean,balen
90L_10NL,3,90L_10NL_3_1,0,210,"('lɡ', 'lɡ', 'l')",baleas,balen
90L_10NL,3,90L_10NL_3_1,0,210,"('lɡ', 'lɡ', 'l')",balealbas,balen
90L_10NL,3,90L_10NL_3_1,0,210,"('lɡ', 'lɡ', 'l')",baleas,balen
90L_10NL,3,90L_10NL_3_1,0,210,"('lɡ', 'lɡ', 'l')",balealbas,balen
90L_10NL,3,90L_10NL_3_1,0,60,"('l', 'l', 'l')",balbeas,bales
90L_10NL,3,90L_10NL_3_1,0,60,"('l', 'l', 'l')",balbas,bales
90L_10NL,3,90L_10NL_3_1,0,60,"('l', 'l', 'l')",baleas,bales
90L_10NL,3,90L_10NL_3_1,0,224,"('l', 'lɡ', 'l')",baleas,bales
90L_10NL,3,90L_10NL_3_1,0,224,"('l', 'lɡ', 'l')",baleas,bales
90L_10NL,3,90L_10NL_3_1,0,224,"('l', 'lɡ', 'l')",balbas,bales
90L_10NL,3,90L_10NL_3_1,0,224,"('l', 'lɡ', 'l')",baleales,bales
90L_10NL,3,90L_10NL_3_1,0,224,"('l', 'lɡ', 'l')",balealbas,bales
90L_10NL,3,90L_10NL_3_1,0,224,"('l', 'lɡ', 'l')",baleales,bales
90L_10NL,3,90L_10NL_3_1,0,224,"('l', 'lɡ', 'l')",balbeses,bales
90L_10NL,3,90L_10NL_3_1,0,60,"('l', 'l', 'l')",baleas,bales
90L_10NL,3,90L_10NL_3_1,0,60,"('l', 'l', 'l')",baleas,bales
90L_10NL,3,90L_10NL_3_1,0,224,"('l', 'lɡ', 'l')",baleas,bales
90L_10NL,3,90L_10NL_3_1,0,224,"('l', 'lɡ', 'l')",baleas,bales
90L_10NL,3,90L_10NL_3_1,0,224,"('l', 'lɡ', 'l')",baleas,bales
90L_10NL,3,90L_10NL_3_1,0,224,"('l', 'lɡ', 'l')",balbas,bales
90L_10NL,3,90L_10NL_3_1,0,224,"('l', 'lɡ', 'l')",balbas,bales
90L_10NL,3,90L_10NL_3_1,0,224,"('l', 'lɡ', 'l')",balbas,bales
90L_10NL,3,90L_10NL_3_1,0,224,"('l', 'lɡ', 'l')",baleas,bales
90L_10NL,3,90L_10NL_3_1,0,60,"('l', 'l', 'l')",baleas,bales
90L_10NL,3,90L_10NL_3_1,0,224,"('l', 'lɡ', 'l')",baleas,bales
90L_10NL,3,90L_10NL_3_1,0,224,"('l', 'lɡ', 'l')",baleas,bales
90L_10NL,3,90L_10NL_3_1,0,224,"('l', 'lɡ', 'l')",baleas,bales
90L_10NL,3,90L_10NL_3_1,0,224,"('l', 'lɡ', 'l')",balbas,bales
90L_10NL,3,90L_10NL_3_1,0,224,"('l', 'lɡ', 'l')",balbas,bales
90L_10NL,3,90L_10NL_3_1,0,224,"('l', 'lɡ', 'l')",balbas,bales
90L_10NL,3,90L_10NL_3_1,0,224,"('l', 'lɡ', 'l')",balbas,bales
90L_10NL,3,90L_10NL_3_1,0,224,"('l', 'lɡ', 'l')",balbas,bales
90L_10NL,3,90L_10NL_3_1,0,224,"('l', 'lɡ', 'l')",balbas,bales
90L_10NL,3,90L_10NL_3_1,0,224,"('l', 'lɡ', 'l')",balbas,bales
90L_10NL,3,90L_10NL_3_1,0,224,"('l', 'lɡ', 'l')",balises,bales
90L_10NL,3,90L_10NL_3_1,1,224,"('l', 'lɡ', 'l')",bales,bales
90L_10NL,3,90L_10NL_3_1,1,224,"('l', 'lɡ', 'l')",bales,bales
90L_10NL,3,90L_10NL_3_1,1,224,"('l', 'lɡ', 'l')",bales,bales
90L_10NL,3,90L_10NL_3_1,1,210,"('lɡ', 'lɡ', 'l')",bales,bales
90L_10NL,3,90L_10NL_3_1,0,210,"('lɡ', 'lɡ', 'l')",balises,bales
90L_10NL,3,90L_10NL_3_1,1,210,"('lɡ', 'lɡ', 'l')",bales,bales
90L_10NL,3,90L_10NL_3_1,1,210,"('lɡ', 'lɡ', 'l')",bales,bales
90L_10NL,3,90L_10NL_3_1,1,210,"('lɡ', 'lɡ', 'l')",bales,bales
90L_10NL,3,90L_10NL_3_1,1,210,"('lɡ', 'lɡ', 'l')",bales,bales
90L_10NL,3,90L_10NL_3_1,1,210,"('lɡ', 'lɡ', 'l')",bales,bales
90L_10NL,3,90L_10NL_3_1,0,210,"('lɡ', 'lɡ', 'l')",baleas,bales
90L_10NL,3,90L_10NL_3_1,0,210,"('lɡ', 'lɡ', 'l')",baleas,bales
90L_10NL,3,90L_10NL_3_1,0,210,"('lɡ', 'lɡ', 'l')",baleas,bales
90L_10NL,3,90L_10NL_3_1,1,210,"('lɡ', 'lɡ', 'l')",bales,bales
90L_10NL,3,90L_10NL_3_1,0,210,"('lɡ', 'lɡ', 'l')",baleas,bales
90L_10NL,3,90L_10NL_3_1,0,210,"('lɡ', 'lɡ', 'l')",baleas,bales
90L_10NL,3,90L_10NL_3_1,1,210,"('lɡ', 'lɡ', 'l')",bales,bales
90L_10NL,3,90L_10NL_3_1,0,210,"('lɡ', 'lɡ', 'l')",baleas,bales
90L_10NL,3,90L_10NL_3_1,0,210,"('lɡ', 'lɡ', 'l')",baleas,bales
90L_10NL,3,90L_10NL_3_1,0,210,"('lɡ', 'lɡ', 'l')",baleas,bales
90L_10NL,3,90L_10NL_3_1,0,210,"('lɡ', 'lɡ', 'l')",baleale,bales
90L_10NL,3,90L_10NL_3_1,0,210,"('lɡ', 'lɡ', 'l')",baleale,bales
90L_10NL,3,90L_10NL_3_1,0,210,"('lɡ', 'lɡ', 'l')",balese,bales
90L_10NL,3,90L_10NL_3_1,0,210,"('lɡ', 'lɡ', 'l')",baleale,bales
90L_10NL,3,90L_10NL_3_1,0,60,"('l', 'l', 'l')",balba,bale
90L_10NL,3,90L_10NL_3_1,0,60,"('l', 'l', 'l')",balba,bale
90L_10NL,3,90L_10NL_3_1,0,60,"('l', 'l', 'l')",balea,bale
90L_10NL,3,90L_10NL_3_1,0,224,"('l', 'lɡ', 'l')",balba,bale
90L_10NL,3,90L_10NL_3_1,0,224,"('l', 'lɡ', 'l')",balba,bale
90L_10NL,3,90L_10NL_3_1,0,224,"('l', 'lɡ', 'l')",balea,bale
90L_10NL,3,90L_10NL_3_1,0,224,"('l', 'lɡ', 'l')",baleale,bale
90L_10NL,3,90L_10NL_3_1,0,224,"('l', 'lɡ', 'l')",balealba,bale
90L_10NL,3,90L_10NL_3_1,0,224,"('l', 'lɡ', 'l')",baleale,bale
90L_10NL,3,90L_10NL_3_1,0,224,"('l', 'lɡ', 'l')",balbea,bale
90L_10NL,3,90L_10NL_3_1,0,60,"('l', 'l', 'l')",balea,bale
90L_10NL,3,90L_10NL_3_1,0,60,"('l', 'l', 'l')",balea,bale
90L_10NL,3,90L_10NL_3_1,0,224,"('l', 'lɡ', 'l')",balea,bale
90L_10NL,3,90L_10NL_3_1,0,224,"('l', 'lɡ', 'l')",balea,bale
90L_10NL,3,90L_10NL_3_1,0,224,"('l', 'lɡ', 'l')",balea,bale
90L_10NL,3,90L_10NL_3_1,0,224,"('l', 'lɡ', 'l')",balea,bale
90L_10NL,3,90L_10NL_3_1,0,224,"('l', 'lɡ', 'l')",balba,bale
90L_10NL,3,90L_10NL_3_1,0,224,"('l', 'lɡ', 'l')",balba,bale
90L_10NL,3,90L_10NL_3_1,0,224,"('l', 'lɡ', 'l')",balba,bale
90L_10NL,3,90L_10NL_3_1,0,60,"('l', 'l', 'l')",balea,bale
90L_10NL,3,90L_10NL_3_1,0,224,"('l', 'lɡ', 'l')",balba,bale
90L_10NL,3,90L_10NL_3_1,0,224,"('l', 'lɡ', 'l')",balba,bale
90L_10NL,3,90L_10NL_3_1,0,224,"('l', 'lɡ', 'l')",balea,bale
90L_10NL,3,90L_10NL_3_1,0,224,"('l', 'lɡ', 'l')",balse,bale
90L_10NL,3,90L_10NL_3_1,0,224,"('l', 'lɡ', 'l')",balse,bale
90L_10NL,3,90L_10NL_3_1,0,224,"('l', 'lɡ', 'l')",balse,bale
90L_10NL,3,90L_10NL_3_1,0,224,"('l', 'lɡ', 'l')",balse,bale
90L_10NL,3,90L_10NL_3_1,0,224,"('l', 'lɡ', 'l')",balea,bale
90L_10NL,3,90L_10NL_3_1,0,224,"('l', 'lɡ', 'l')",balea,bale
90L_10NL,3,90L_10NL_3_1,0,224,"('l', 'lɡ', 'l')",balea,bale
90L_10NL,3,90L_10NL_3_1,0,224,"('l', 'lɡ', 'l')",balise,bale
90L_10NL,3,90L_10NL_3_1,0,224,"('l', 'lɡ', 'l')",balea,bale
90L_10NL,3,90L_10NL_3_1,0,224,"('l', 'lɡ', 'l')",balea,bale
90L_10NL,3,90L_10NL_3_1,0,224,"('l', 'lɡ', 'l')",balea,bale
90L_10NL,3,90L_10NL_3_1,0,210,"('lɡ', 'lɡ', 'l')",balea,bale
90L_10NL,3,90L_10NL_3_1,0,210,"('lɡ', 'lɡ', 'l')",balea,bale
90L_10NL,3,90L_10NL_3_1,0,210,"('lɡ', 'lɡ', 'l')",balea,bale
90L_10NL,3,90L_10NL_3_1,0,210,"('lɡ', 'lɡ', 'l')",balea,bale
90L_10NL,3,90L_10NL_3_1,0,210,"('lɡ', 'lɡ', 'l')",balea,bale
90L_10NL,3,90L_10NL_3_1,0,210,"('lɡ', 'lɡ', 'l')",balea,bale
90L_10NL,3,90L_10NL_3_1,0,210,"('lɡ', 'lɡ', 'l')",balea,bale
90L_10NL,3,90L_10NL_3_1,0,210,"('lɡ', 'lɡ', 'l')",balea,bale
90L_10NL,3,90L_10NL_3_1,0,210,"('lɡ', 'lɡ', 'l')",balea,bale
90L_10NL,3,90L_10NL_3_1,0,210,"('lɡ', 'lɡ', 'l')",balea,bale
90L_10NL,3,90L_10NL_3_1,0,210,"('lɡ', 'lɡ', 'l')",balea,bale
90L_10NL,3,90L_10NL_3_1,0,210,"('lɡ', 'lɡ', 'l')",balea,bale
90L_10NL,3,90L_10NL_3_1,0,210,"('lɡ', 'lɡ', 'l')",balea,bale
90L_10NL,3,90L_10NL_3_1,0,210,"('lɡ', 'lɡ', 'l')",balea,bale
90L_10NL,3,90L_10NL_3_1,0,210,"('lɡ', 'lɡ', 'l')",balea,bale
90L_10NL,3,90L_10NL_3_1,0,210,"('lɡ', 'lɡ', 'l')",balea,bale
90L_10NL,3,90L_10NL_3_1,0,210,"('lɡ', 'lɡ', 'l')",balea,bale
90L_10NL,3,90L_10NL_3_1,0,210,"('lɡ', 'lɡ', 'l')",baleejs,bale
90L_10NL,3,90L_10NL_3_1,0,210,"('lɡ', 'lɡ', 'l')",baleejs,bale
90L_10NL,3,90L_10NL_3_1,0,210,"('lɡ', 'lɡ', 'l')",baleskajs,bale
90L_10NL,3,90L_10NL_3_1,0,210,"('lɡ', 'lɡ', 'l')",baleejs,bale
90L_10NL,3,90L_10NL_3_1,1,140,"('l', 'l', 'lɡ')",balɡajs,balɡajs
90L_10NL,3,90L_10NL_3_1,1,140,"('l', 'l', 'lɡ')",balɡajs,balɡajs
90L_10NL,3,90L_10NL_3_1,1,140,"('l', 'l', 'lɡ')",balɡajs,balɡajs
90L_10NL,3,90L_10NL_3_1,1,140,"('l', 'l', 'lɡ')",balɡajs,balɡajs
90L_10NL,3,90L_10NL_3_1,1,336,"('l', 'lɡ', 'lɡ')",balɡajs,balɡajs
90L_10NL,3,90L_10NL_3_1,1,336,"('l', 'lɡ', 'lɡ')",balɡajs,balɡajs
90L_10NL,3,90L_10NL_3_1,0,336,"('l', 'lɡ', 'lɡ')",baleejs,balɡajs
90L_10NL,3,90L_10NL_3_1,0,336,"('l', 'lɡ', 'lɡ')",baleskajs,balɡajs
90L_10NL,3,90L_10NL_3_1,0,336,"('l', 'lɡ', 'lɡ')",baleejs,balɡajs
90L_10NL,3,90L_10NL_3_1,1,336,"('l', 'lɡ', 'lɡ')",balɡajs,balɡajs
90L_10NL,3,90L_10NL_3_1,1,140,"('l', 'l', 'lɡ')",balɡajs,balɡajs
90L_10NL,3,90L_10NL_3_1,1,140,"('l', 'l', 'lɡ')",balɡajs,balɡajs
90L_10NL,3,90L_10NL_3_1,1,140,"('l', 'l', 'lɡ')",balɡajs,balɡajs
90L_10NL,3,90L_10NL_3_1,1,336,"('l', 'lɡ', 'lɡ')",balɡajs,balɡajs
90L_10NL,3,90L_10NL_3_1,1,336,"('l', 'lɡ', 'lɡ')",balɡajs,balɡajs
90L_10NL,3,90L_10NL_3_1,0,336,"('l', 'lɡ', 'lɡ')",baleejs,balɡajs
90L_10NL,3,90L_10NL_3_1,0,336,"('l', 'lɡ', 'lɡ')",baleejs,balɡajs
90L_10NL,3,90L_10NL_3_1,1,336,"('l', 'lɡ', 'lɡ')",balɡajs,balɡajs
90L_10NL,3,90L_10NL_3_1,1,336,"('l', 'lɡ', 'lɡ')",balɡajs,balɡajs
90L_10NL,3,90L_10NL_3_1,1,140,"('l', 'l', 'lɡ')",balɡajs,balɡajs
90L_10NL,3,90L_10NL_3_1,1,140,"('l', 'l', 'lɡ')",balɡajs,balɡajs
90L_10NL,3,90L_10NL_3_1,1,336,"('l', 'lɡ', 'lɡ')",balɡajs,balɡajs
90L_10NL,3,90L_10NL_3_1,1,336,"('l', 'lɡ', 'lɡ')",balɡajs,balɡajs
90L_10NL,3,90L_10NL_3_1,0,336,"('l', 'lɡ', 'lɡ')",baleejs,balɡajs
90L_10NL,3,90L_10NL_3_1,1,336,"('l', 'lɡ', 'lɡ')",balɡajs,balɡajs
90L_10NL,3,90L_10NL_3_1,1,336,"('l', 'lɡ', 'lɡ')",balɡajs,balɡajs
90L_10NL,3,90L_10NL_3_1,1,336,"('l', 'lɡ', 'lɡ')",balɡajs,balɡajs
90L_10NL,3,90L_10NL_3_1,1,140,"('l', 'l', 'lɡ')",balɡajs,balɡajs
90L_10NL,3,90L_10NL_3_1,1,336,"('l', 'lɡ', 'lɡ')",balɡajs,balɡajs
90L_10NL,3,90L_10NL_3_1,1,336,"('l', 'lɡ', 'lɡ')",balɡajs,balɡajs
90L_10NL,3,90L_10NL_3_1,1,336,"('l', 'lɡ', 'lɡ')",balɡajs,balɡajs
90L_10NL,3,90L_10NL_3_1,1,336,"('l', 'lɡ', 'lɡ')",balɡajs,balɡajs
90L_10NL,3,90L_10NL_3_1,1,336,"('l', 'lɡ', 'lɡ')",balɡajs,balɡajs
90L_10NL,3,90L_10NL_3_1,1,336,"('l', 'lɡ', 'lɡ')",balɡajs,balɡajs
90L_10NL,3,90L_10NL_3_1,1,336,"('l', 'lɡ', 'lɡ')",balɡajs,balɡajs
90L_10NL,3,90L_10NL_3_1,1,336,"('l', 'lɡ', 'lɡ')",balɡajs,balɡajs
90L_10NL,3,90L_10NL_3_1,1,336,"('l', 'lɡ', 'lɡ')",balɡajs,balɡajs
90L_10NL,3,90L_10NL_3_1,1,336,"('l', 'lɡ', 'lɡ')",balɡajs,balɡajs
90L_10NL,3,90L_10NL_3_1,1,336,"('l', 'lɡ', 'lɡ')",balɡajs,balɡajs
90L_10NL,3,90L_10NL_3_1,1,336,"('l', 'lɡ', 'lɡ')",balɡajs,balɡajs
90L_10NL,3,90L_10NL_3_1,1,210,"('lɡ', 'lɡ', 'lɡ')",balɡajs,balɡajs
90L_10NL,3,90L_10NL_3_1,1,210,"('lɡ', 'lɡ', 'lɡ')",balɡajs,balɡajs
90L_10NL,3,90L_10NL_3_1,1,210,"('lɡ', 'lɡ', 'lɡ')",balɡajs,balɡajs
90L_10NL,3,90L_10NL_3_1,1,210,"('lɡ', 'lɡ', 'lɡ')",balɡajs,balɡajs
90L_10NL,3,90L_10NL_3_1,1,210,"('lɡ', 'lɡ', 'lɡ')",balɡajs,balɡajs
90L_10NL,3,90L_10NL_3_1,1,210,"('lɡ', 'lɡ', 'lɡ')",balɡajs,balɡajs
90L_10NL,3,90L_10NL_3_1,1,210,"('lɡ', 'lɡ', 'lɡ')",balɡajs,balɡajs
90L_10NL,3,90L_10NL_3_1,1,210,"('lɡ', 'lɡ', 'lɡ')",balɡajs,balɡajs
90L_10NL,3,90L_10NL_3_1,1,210,"('lɡ', 'lɡ', 'lɡ')",balɡajs,balɡajs
90L_10NL,3,90L_10NL_3_1,1,210,"('lɡ', 'lɡ', 'lɡ')",balɡajs,balɡajs
90L_10NL,3,90L_10NL_3_1,1,210,"('lɡ', 'lɡ', 'lɡ')",balɡajs,balɡajs
90L_10NL,3,90L_10NL_3_1,0,210,"('lɡ', 'lɡ', 'lɡ')",baleemos,balɡajs
90L_10NL,3,90L_10NL_3_1,0,210,"('lɡ', 'lɡ', 'lɡ')",baleemos,balɡajs
90L_10NL,3,90L_10NL_3_1,0,210,"('lɡ', 'lɡ', 'lɡ')",baleskamos,balɡajs
90L_10NL,3,90L_10NL_3_1,0,210,"('lɡ', 'lɡ', 'lɡ')",baleemos,balɡajs
90L_10NL,3,90L_10NL_3_1,1,140,"('l', 'l', 'lɡ')",balɡamos,balɡamos
90L_10NL,3,90L_10NL_3_1,1,140,"('l', 'l', 'lɡ')",balɡamos,balɡamos
90L_10NL,3,90L_10NL_3_1,1,140,"('l', 'l', 'lɡ')",balɡamos,balɡamos
90L_10NL,3,90L_10NL_3_1,1,140,"('l', 'l', 'lɡ')",balɡamos,balɡamos
90L_10NL,3,90L_10NL_3_1,1,336,"('l', 'lɡ', 'lɡ')",balɡamos,balɡamos
90L_10NL,3,90L_10NL_3_1,1,336,"('l', 'lɡ', 'lɡ')",balɡamos,balɡamos
90L_10NL,3,90L_10NL_3_1,0,336,"('l', 'lɡ', 'lɡ')",baleemos,balɡamos
90L_10NL,3,90L_10NL_3_1,0,336,"('l', 'lɡ', 'lɡ')",baleemos,balɡamos
90L_10NL,3,90L_10NL_3_1,0,336,"('l', 'lɡ', 'lɡ')",baleemos,balɡamos
90L_10NL,3,90L_10NL_3_1,1,336,"('l', 'lɡ', 'lɡ')",balɡamos,balɡamos
90L_10NL,3,90L_10NL_3_1,1,140,"('l', 'l', 'lɡ')",balɡamos,balɡamos
90L_10NL,3,90L_10NL_3_1,1,140,"('l', 'l', 'lɡ')",balɡamos,balɡamos
90L_10NL,3,90L_10NL_3_1,1,140,"('l', 'l', 'lɡ')",balɡamos,balɡamos
90L_10NL,3,90L_10NL_3_1,1,336,"('l', 'lɡ', 'lɡ')",balɡamos,balɡamos
90L_10NL,3,90L_10NL_3_1,1,336,"('l', 'lɡ', 'lɡ')",balɡamos,balɡamos
90L_10NL,3,90L_10NL_3_1,0,336,"('l', 'lɡ', 'lɡ')",baleskamos,balɡamos
90L_10NL,3,90L_10NL_3_1,0,336,"('l', 'lɡ', 'lɡ')",baleemos,balɡamos
90L_10NL,3,90L_10NL_3_1,1,336,"('l', 'lɡ', 'lɡ')",balɡamos,balɡamos
90L_10NL,3,90L_10NL_3_1,1,336,"('l', 'lɡ', 'lɡ')",balɡamos,balɡamos
90L_10NL,3,90L_10NL_3_1,1,140,"('l', 'l', 'lɡ')",balɡamos,balɡamos
90L_10NL,3,90L_10NL_3_1,1,140,"('l', 'l', 'lɡ')",balɡamos,balɡamos
90L_10NL,3,90L_10NL_3_1,1,336,"('l', 'lɡ', 'lɡ')",balɡamos,balɡamos
90L_10NL,3,90L_10NL_3_1,1,336,"('l', 'lɡ', 'lɡ')",balɡamos,balɡamos
90L_10NL,3,90L_10NL_3_1,0,336,"('l', 'lɡ', 'lɡ')",baleemos,balɡamos
90L_10NL,3,90L_10NL_3_1,1,336,"('l', 'lɡ', 'lɡ')",balɡamos,balɡamos
90L_10NL,3,90L_10NL_3_1,1,336,"('l', 'lɡ', 'lɡ')",balɡamos,balɡamos
90L_10NL,3,90L_10NL_3_1,1,336,"('l', 'lɡ', 'lɡ')",balɡamos,balɡamos
90L_10NL,3,90L_10NL_3_1,1,140,"('l', 'l', 'lɡ')",balɡamos,balɡamos
90L_10NL,3,90L_10NL_3_1,1,336,"('l', 'lɡ', 'lɡ')",balɡamos,balɡamos
90L_10NL,3,90L_10NL_3_1,1,336,"('l', 'lɡ', 'lɡ')",balɡamos,balɡamos
90L_10NL,3,90L_10NL_3_1,1,336,"('l', 'lɡ', 'lɡ')",balɡamos,balɡamos
90L_10NL,3,90L_10NL_3_1,1,336,"('l', 'lɡ', 'lɡ')",balɡamos,balɡamos
90L_10NL,3,90L_10NL_3_1,1,336,"('l', 'lɡ', 'lɡ')",balɡamos,balɡamos
90L_10NL,3,90L_10NL_3_1,1,336,"('l', 'lɡ', 'lɡ')",balɡamos,balɡamos
90L_10NL,3,90L_10NL_3_1,1,336,"('l', 'lɡ', 'lɡ')",balɡamos,balɡamos
90L_10NL,3,90L_10NL_3_1,1,336,"('l', 'lɡ', 'lɡ')",balɡamos,balɡamos
90L_10NL,3,90L_10NL_3_1,1,336,"('l', 'lɡ', 'lɡ')",balɡamos,balɡamos
90L_10NL,3,90L_10NL_3_1,1,336,"('l', 'lɡ', 'lɡ')",balɡamos,balɡamos
90L_10NL,3,90L_10NL_3_1,1,336,"('l', 'lɡ', 'lɡ')",balɡamos,balɡamos
90L_10NL,3,90L_10NL_3_1,1,336,"('l', 'lɡ', 'lɡ')",balɡamos,balɡamos
90L_10NL,3,90L_10NL_3_1,1,210,"('lɡ', 'lɡ', 'lɡ')",balɡamos,balɡamos
90L_10NL,3,90L_10NL_3_1,1,210,"('lɡ', 'lɡ', 'lɡ')",balɡamos,balɡamos
90L_10NL,3,90L_10NL_3_1,1,210,"('lɡ', 'lɡ', 'lɡ')",balɡamos,balɡamos
90L_10NL,3,90L_10NL_3_1,1,210,"('lɡ', 'lɡ', 'lɡ')",balɡamos,balɡamos
90L_10NL,3,90L_10NL_3_1,1,210,"('lɡ', 'lɡ', 'lɡ')",balɡamos,balɡamos
90L_10NL,3,90L_10NL_3_1,1,210,"('lɡ', 'lɡ', 'lɡ')",balɡamos,balɡamos
90L_10NL,3,90L_10NL_3_1,1,210,"('lɡ', 'lɡ', 'lɡ')",balɡamos,balɡamos
90L_10NL,3,90L_10NL_3_1,1,210,"('lɡ', 'lɡ', 'lɡ')",balɡamos,balɡamos
90L_10NL,3,90L_10NL_3_1,1,210,"('lɡ', 'lɡ', 'lɡ')",balɡamos,balɡamos
90L_10NL,3,90L_10NL_3_1,1,210,"('lɡ', 'lɡ', 'lɡ')",balɡamos,balɡamos
90L_10NL,3,90L_10NL_3_1,1,210,"('lɡ', 'lɡ', 'lɡ')",balɡamos,balɡamos
90L_10NL,3,90L_10NL_3_1,0,210,"('lɡ', 'lɡ', 'lɡ')",baleen,balɡamos
90L_10NL,3,90L_10NL_3_1,0,210,"('lɡ', 'lɡ', 'lɡ')",balbenɡan,balɡamos
90L_10NL,3,90L_10NL_3_1,0,210,"('lɡ', 'lɡ', 'lɡ')",baleskan,balɡamos
90L_10NL,3,90L_10NL_3_1,0,210,"('lɡ', 'lɡ', 'lɡ')",balben,balɡamos
90L_10NL,3,90L_10NL_3_1,0,140,"('l', 'l', 'lɡ')",balbenɡan,balɡan
90L_10NL,3,90L_10NL_3_1,0,140,"('l', 'l', 'lɡ')",baleen,balɡan
90L_10NL,3,90L_10NL_3_1,0,140,"('l', 'l', 'lɡ')",balben,balɡan
90L_10NL,3,90L_10NL_3_1,0,140,"('l', 'l', 'lɡ')",balben,balɡan
90L_10NL,3,90L_10NL_3_1,0,336,"('l', 'lɡ', 'lɡ')",balben,balɡan
90L_10NL,3,90L_10NL_3_1,0,336,"('l', 'lɡ', 'lɡ')",balben,balɡan
90L_10NL,3,90L_10NL_3_1,0,336,"('l', 'lɡ', 'lɡ')",baleen,balɡan
90L_10NL,3,90L_10NL_3_1,0,336,"('l', 'lɡ', 'lɡ')",baleen,balɡan
90L_10NL,3,90L_10NL_3_1,0,336,"('l', 'lɡ', 'lɡ')",balbenɡan,balɡan
90L_10NL,3,90L_10NL_3_1,0,336,"('l', 'lɡ', 'lɡ')",baleen,balɡan
90L_10NL,3,90L_10NL_3_1,0,140,"('l', 'l', 'lɡ')",balbenɡan,balɡan
90L_10NL,3,90L_10NL_3_1,1,140,"('l', 'l', 'lɡ')",balɡan,balɡan
90L_10NL,3,90L_10NL_3_1,1,140,"('l', 'l', 'lɡ')",balɡan,balɡan
90L_10NL,3,90L_10NL_3_1,1,336,"('l', 'lɡ', 'lɡ')",balɡan,balɡan
90L_10NL,3,90L_10NL_3_1,1,336,"('l', 'lɡ', 'lɡ')",balɡan,balɡan
90L_10NL,3,90L_10NL_3_1,0,336,"('l', 'lɡ', 'lɡ')",balben,balɡan
90L_10NL,3,90L_10NL_3_1,0,336,"('l', 'lɡ', 'lɡ')",balben,balɡan
90L_10NL,3,90L_10NL_3_1,0,336,"('l', 'lɡ', 'lɡ')",balben,balɡan
90L_10NL,3,90L_10NL_3_1,0,336,"('l', 'lɡ', 'lɡ')",balben,balɡan
90L_10NL,3,90L_10NL_3_1,0,140,"('l', 'l', 'lɡ')",balben,balɡan
90L_10NL,3,90L_10NL_3_1,0,140,"('l', 'l', 'lɡ')",balben,balɡan
90L_10NL,3,90L_10NL_3_1,0,336,"('l', 'lɡ', 'lɡ')",balben,balɡan
90L_10NL,3,90L_10NL_3_1,0,336,"('l', 'lɡ', 'lɡ')",balben,balɡan
90L_10NL,3,90L_10NL_3_1,0,336,"('l', 'lɡ', 'lɡ')",balben,balɡan
90L_10NL,3,90L_10NL_3_1,0,336,"('l', 'lɡ', 'lɡ')",balsan,balɡan
90L_10NL,3,90L_10NL_3_1,0,336,"('l', 'lɡ', 'lɡ')",balskan,balɡan
90L_10NL,3,90L_10NL_3_1,0,336,"('l', 'lɡ', 'lɡ')",balsan,balɡan
90L_10NL,3,90L_10NL_3_1,0,140,"('l', 'l', 'lɡ')",balben,balɡan
90L_10NL,3,90L_10NL_3_1,0,336,"('l', 'lɡ', 'lɡ')",balben,balɡan
90L_10NL,3,90L_10NL_3_1,0,336,"('l', 'lɡ', 'lɡ')",balben,balɡan
90L_10NL,3,90L_10NL_3_1,0,336,"('l', 'lɡ', 'lɡ')",balben,balɡan
90L_10NL,3,90L_10NL_3_1,0,336,"('l', 'lɡ', 'lɡ')",balben,balɡan
90L_10NL,3,90L_10NL_3_1,0,336,"('l', 'lɡ', 'lɡ')",balben,balɡan
90L_10NL,3,90L_10NL_3_1,0,336,"('l', 'lɡ', 'lɡ')",balben,balɡan
90L_10NL,3,90L_10NL_3_1,0,336,"('l', 'lɡ', 'lɡ')",balben,balɡan
90L_10NL,3,90L_10NL_3_1,0,336,"('l', 'lɡ', 'lɡ')",balben,balɡan
90L_10NL,3,90L_10NL_3_1,1,336,"('l', 'lɡ', 'lɡ')",balɡan,balɡan
90L_10NL,3,90L_10NL_3_1,1,336,"('l', 'lɡ', 'lɡ')",balɡan,balɡan
90L_10NL,3,90L_10NL_3_1,1,336,"('l', 'lɡ', 'lɡ')",balɡan,balɡan
90L_10NL,3,90L_10NL_3_1,1,336,"('l', 'lɡ', 'lɡ')",balɡan,balɡan
90L_10NL,3,90L_10NL_3_1,1,210,"('lɡ', 'lɡ', 'lɡ')",balɡan,balɡan
90L_10NL,3,90L_10NL_3_1,1,210,"('lɡ', 'lɡ', 'lɡ')",balɡan,balɡan
90L_10NL,3,90L_10NL_3_1,1,210,"('lɡ', 'lɡ', 'lɡ')",balɡan,balɡan
90L_10NL,3,90L_10NL_3_1,1,210,"('lɡ', 'lɡ', 'lɡ')",balɡan,balɡan
90L_10NL,3,90L_10NL_3_1,1,210,"('lɡ', 'lɡ', 'lɡ')",balɡan,balɡan
90L_10NL,3,90L_10NL_3_1,1,210,"('lɡ', 'lɡ', 'lɡ')",balɡan,balɡan
90L_10NL,3,90L_10NL_3_1,1,210,"('lɡ', 'lɡ', 'lɡ')",balɡan,balɡan
90L_10NL,3,90L_10NL_3_1,1,210,"('lɡ', 'lɡ', 'lɡ')",balɡan,balɡan
90L_10NL,3,90L_10NL_3_1,1,210,"('lɡ', 'lɡ', 'lɡ')",balɡan,balɡan
90L_10NL,3,90L_10NL_3_1,1,210,"('lɡ', 'lɡ', 'lɡ')",balɡan,balɡan
90L_10NL,3,90L_10NL_3_1,1,210,"('lɡ', 'lɡ', 'lɡ')",balɡan,balɡan
90L_10NL,3,90L_10NL_3_1,0,210,"('lɡ', 'lɡ', 'lɡ')",balees,balɡan
90L_10NL,3,90L_10NL_3_1,0,210,"('lɡ', 'lɡ', 'lɡ')",balees,balɡan
90L_10NL,3,90L_10NL_3_1,0,210,"('lɡ', 'lɡ', 'lɡ')",baleskas,balɡan
90L_10NL,3,90L_10NL_3_1,0,210,"('lɡ', 'lɡ', 'lɡ')",balbes,balɡan
90L_10NL,3,90L_10NL_3_1,0,140,"('l', 'l', 'lɡ')",balees,balɡas
90L_10NL,3,90L_10NL_3_1,0,140,"('l', 'l', 'lɡ')",balbejɡas,balɡas
90L_10NL,3,90L_10NL_3_1,0,140,"('l', 'l', 'lɡ')",balbes,balɡas
90L_10NL,3,90L_10NL_3_1,0,140,"('l', 'l', 'lɡ')",balbes,balɡas
90L_10NL,3,90L_10NL_3_1,0,336,"('l', 'lɡ', 'lɡ')",balbes,balɡas
90L_10NL,3,90L_10NL_3_1,0,336,"('l', 'lɡ', 'lɡ')",balbes,balɡas
90L_10NL,3,90L_10NL_3_1,0,336,"('l', 'lɡ', 'lɡ')",balees,balɡas
90L_10NL,3,90L_10NL_3_1,0,336,"('l', 'lɡ', 'lɡ')",baleskas,balɡas
90L_10NL,3,90L_10NL_3_1,0,336,"('l', 'lɡ', 'lɡ')",balbeskas,balɡas
90L_10NL,3,90L_10NL_3_1,0,336,"('l', 'lɡ', 'lɡ')",balees,balɡas
90L_10NL,3,90L_10NL_3_1,0,140,"('l', 'l', 'lɡ')",balbeskas,balɡas
90L_10NL,3,90L_10NL_3_1,1,140,"('l', 'l', 'lɡ')",balɡas,balɡas
90L_10NL,3,90L_10NL_3_1,1,140,"('l', 'l', 'lɡ')",balɡas,balɡas
90L_10NL,3,90L_10NL_3_1,1,336,"('l', 'lɡ', 'lɡ')",balɡas,balɡas
90L_10NL,3,90L_10NL_3_1,1,336,"('l', 'lɡ', 'lɡ')",balɡas,balɡas
90L_10NL,3,90L_10NL_3_1,0,336,"('l', 'lɡ', 'lɡ')",balbes,balɡas
90L_10NL,3,90L_10NL_3_1,0,336,"('l', 'lɡ', 'lɡ')",balbes,balɡas
90L_10NL,3,90L_10NL_3_1,0,336,"('l', 'lɡ', 'lɡ')",balbes,balɡas
90L_10NL,3,90L_10NL_3_1,0,336,"('l', 'lɡ', 'lɡ')",balbes,balɡas
90L_10NL,3,90L_10NL_3_1,0,140,"('l', 'l', 'lɡ')",balbes,balɡas
90L_10NL,3,90L_10NL_3_1,0,140,"('l', 'l', 'lɡ')",balbes,balɡas
90L_10NL,3,90L_10NL_3_1,0,336,"('l', 'lɡ', 'lɡ')",balbes,balɡas
90L_10NL,3,90L_10NL_3_1,0,336,"('l', 'lɡ', 'lɡ')",balbes,balɡas
90L_10NL,3,90L_10NL_3_1,0,336,"('l', 'lɡ', 'lɡ')",balbes,balɡas
90L_10NL,3,90L_10NL_3_1,0,336,"('l', 'lɡ', 'lɡ')",balsas,balɡas
90L_10NL,3,90L_10NL_3_1,0,336,"('l', 'lɡ', 'lɡ')",balsas,balɡas
90L_10NL,3,90L_10NL_3_1,0,336,"('l', 'lɡ', 'lɡ')",balbes,balɡas
90L_10NL,3,90L_10NL_3_1,0,140,"('l', 'l', 'lɡ')",balbes,balɡas
90L_10NL,3,90L_10NL_3_1,0,336,"('l', 'lɡ', 'lɡ')",balbes,balɡas
90L_10NL,3,90L_10NL_3_1,0,336,"('l', 'lɡ', 'lɡ')",balbes,balɡas
90L_10NL,3,90L_10NL_3_1,0,336,"('l', 'lɡ', 'lɡ')",balbes,balɡas
90L_10NL,3,90L_10NL_3_1,0,336,"('l', 'lɡ', 'lɡ')",balbes,balɡas
90L_10NL,3,90L_10NL_3_1,0,336,"('l', 'lɡ', 'lɡ')",balbes,balɡas
90L_10NL,3,90L_10NL_3_1,0,336,"('l', 'lɡ', 'lɡ')",balbes,balɡas
90L_10NL,3,90L_10NL_3_1,0,336,"('l', 'lɡ', 'lɡ')",balbes,balɡas
90L_10NL,3,90L_10NL_3_1,0,336,"('l', 'lɡ', 'lɡ')",balbes,balɡas
90L_10NL,3,90L_10NL_3_1,1,336,"('l', 'lɡ', 'lɡ')",balɡas,balɡas
90L_10NL,3,90L_10NL_3_1,1,336,"('l', 'lɡ', 'lɡ')",balɡas,balɡas
90L_10NL,3,90L_10NL_3_1,1,336,"('l', 'lɡ', 'lɡ')",balɡas,balɡas
90L_10NL,3,90L_10NL_3_1,1,336,"('l', 'lɡ', 'lɡ')",balɡas,balɡas
90L_10NL,3,90L_10NL_3_1,1,210,"('lɡ', 'lɡ', 'lɡ')",balɡas,balɡas
90L_10NL,3,90L_10NL_3_1,1,210,"('lɡ', 'lɡ', 'lɡ')",balɡas,balɡas
90L_10NL,3,90L_10NL_3_1,1,210,"('lɡ', 'lɡ', 'lɡ')",balɡas,balɡas
90L_10NL,3,90L_10NL_3_1,1,210,"('lɡ', 'lɡ', 'lɡ')",balɡas,balɡas
90L_10NL,3,90L_10NL_3_1,1,210,"('lɡ', 'lɡ', 'lɡ')",balɡas,balɡas
90L_10NL,3,90L_10NL_3_1,1,210,"('lɡ', 'lɡ', 'lɡ')",balɡas,balɡas
90L_10NL,3,90L_10NL_3_1,1,210,"('lɡ', 'lɡ', 'lɡ')",balɡas,balɡas
90L_10NL,3,90L_10NL_3_1,1,210,"('lɡ', 'lɡ', 'lɡ')",balɡas,balɡas
90L_10NL,3,90L_10NL_3_1,1,210,"('lɡ', 'lɡ', 'lɡ')",balɡas,balɡas
90L_10NL,3,90L_10NL_3_1,1,210,"('lɡ', 'lɡ', 'lɡ')",balɡas,balɡas
90L_10NL,3,90L_10NL_3_1,1,210,"('lɡ', 'lɡ', 'lɡ')",balɡas,balɡas
90L_10NL,3,90L_10NL_3_1,0,210,"('lɡ', 'lɡ', 'lɡ')",balee,balɡas
90L_10NL,3,90L_10NL_3_1,0,210,"('lɡ', 'lɡ', 'lɡ')",balbe,balɡas
90L_10NL,3,90L_10NL_3_1,0,210,"('lɡ', 'lɡ', 'lɡ')",baleska,balɡas
90L_10NL,3,90L_10NL_3_1,0,210,"('lɡ', 'lɡ', 'lɡ')",balbe,balɡas
90L_10NL,3,90L_10NL_3_1,0,140,"('l', 'l', 'lɡ')",balbe,balɡa
90L_10NL,3,90L_10NL_3_1,0,140,"('l', 'l', 'lɡ')",balbe,balɡa
90L_10NL,3,90L_10NL_3_1,0,140,"('l', 'l', 'lɡ')",balbe,balɡa
90L_10NL,3,90L_10NL_3_1,0,140,"('l', 'l', 'lɡ')",balbe,balɡa
90L_10NL,3,90L_10NL_3_1,0,336,"('l', 'lɡ', 'lɡ')",balbe,balɡa
90L_10NL,3,90L_10NL_3_1,0,336,"('l', 'lɡ', 'lɡ')",balbe,balɡa
90L_10NL,3,90L_10NL_3_1,0,336,"('l', 'lɡ', 'lɡ')",balbenɡa,balɡa
90L_10NL,3,90L_10NL_3_1,0,336,"('l', 'lɡ', 'lɡ')",balee,balɡa
90L_10NL,3,90L_10NL_3_1,0,336,"('l', 'lɡ', 'lɡ')",balbenɡa,balɡa
90L_10NL,3,90L_10NL_3_1,0,336,"('l', 'lɡ', 'lɡ')",balbe,balɡa
90L_10NL,3,90L_10NL_3_1,0,140,"('l', 'l', 'lɡ')",balbemos,balɡa
90L_10NL,3,90L_10NL_3_1,1,140,"('l', 'l', 'lɡ')",balɡa,balɡa
90L_10NL,3,90L_10NL_3_1,1,140,"('l', 'l', 'lɡ')",balɡa,balɡa
90L_10NL,3,90L_10NL_3_1,1,336,"('l', 'lɡ', 'lɡ')",balɡa,balɡa
90L_10NL,3,90L_10NL_3_1,1,336,"('l', 'lɡ', 'lɡ')",balɡa,balɡa
90L_10NL,3,90L_10NL_3_1,0,336,"('l', 'lɡ', 'lɡ')",balbe,balɡa
90L_10NL,3,90L_10NL_3_1,0,336,"('l', 'lɡ', 'lɡ')",balbe,balɡa
90L_10NL,3,90L_10NL_3_1,0,336,"('l', 'lɡ', 'lɡ')",balbe,balɡa
90L_10NL,3,90L_10NL_3_1,0,336,"('l', 'lɡ', 'lɡ')",balbe,balɡa
90L_10NL,3,90L_10NL_3_1,0,140,"('l', 'l', 'lɡ')",balbe,balɡa
90L_10NL,3,90L_10NL_3_1,0,140,"('l', 'l', 'lɡ')",balsa,balɡa
90L_10NL,3,90L_10NL_3_1,0,336,"('l', 'lɡ', 'lɡ')",balbe,balɡa
90L_10NL,3,90L_10NL_3_1,0,336,"('l', 'lɡ', 'lɡ')",balbe,balɡa
90L_10NL,3,90L_10NL_3_1,0,336,"('l', 'lɡ', 'lɡ')",balbe,balɡa
90L_10NL,3,90L_10NL_3_1,0,336,"('l', 'lɡ', 'lɡ')",balsa,balɡa
90L_10NL,3,90L_10NL_3_1,0,336,"('l', 'lɡ', 'lɡ')",balsa,balɡa
90L_10NL,3,90L_10NL_3_1,0,336,"('l', 'lɡ', 'lɡ')",balbe,balɡa
90L_10NL,3,90L_10NL_3_1,0,140,"('l', 'l', 'lɡ')",balsa,balɡa
90L_10NL,3,90L_10NL_3_1,0,336,"('l', 'lɡ', 'lɡ')",balbe,balɡa
90L_10NL,3,90L_10NL_3_1,0,336,"('l', 'lɡ', 'lɡ')",balbe,balɡa
90L_10NL,3,90L_10NL_3_1,0,336,"('l', 'lɡ', 'lɡ')",balbe,balɡa
90L_10NL,3,90L_10NL_3_1,0,336,"('l', 'lɡ', 'lɡ')",balbe,balɡa
90L_10NL,3,90L_10NL_3_1,0,336,"('l', 'lɡ', 'lɡ')",balbe,balɡa
90L_10NL,3,90L_10NL_3_1,0,336,"('l', 'lɡ', 'lɡ')",balbe,balɡa
90L_10NL,3,90L_10NL_3_1,0,336,"('l', 'lɡ', 'lɡ')",balbe,balɡa
90L_10NL,3,90L_10NL_3_1,0,336,"('l', 'lɡ', 'lɡ')",balbe,balɡa
90L_10NL,3,90L_10NL_3_1,1,336,"('l', 'lɡ', 'lɡ')",balɡa,balɡa
90L_10NL,3,90L_10NL_3_1,1,336,"('l', 'lɡ', 'lɡ')",balɡa,balɡa
90L_10NL,3,90L_10NL_3_1,1,336,"('l', 'lɡ', 'lɡ')",balɡa,balɡa
90L_10NL,3,90L_10NL_3_1,1,336,"('l', 'lɡ', 'lɡ')",balɡa,balɡa
90L_10NL,3,90L_10NL_3_1,1,210,"('lɡ', 'lɡ', 'lɡ')",balɡa,balɡa
90L_10NL,3,90L_10NL_3_1,1,210,"('lɡ', 'lɡ', 'lɡ')",balɡa,balɡa
90L_10NL,3,90L_10NL_3_1,1,210,"('lɡ', 'lɡ', 'lɡ')",balɡa,balɡa
90L_10NL,3,90L_10NL_3_1,1,210,"('lɡ', 'lɡ', 'lɡ')",balɡa,balɡa
90L_10NL,3,90L_10NL_3_1,1,210,"('lɡ', 'lɡ', 'lɡ')",balɡa,balɡa
90L_10NL,3,90L_10NL_3_1,1,210,"('lɡ', 'lɡ', 'lɡ')",balɡa,balɡa
90L_10NL,3,90L_10NL_3_1,1,210,"('lɡ', 'lɡ', 'lɡ')",balɡa,balɡa
90L_10NL,3,90L_10NL_3_1,1,210,"('lɡ', 'lɡ', 'lɡ')",balɡa,balɡa
90L_10NL,3,90L_10NL_3_1,1,210,"('lɡ', 'lɡ', 'lɡ')",balɡa,balɡa
90L_10NL,3,90L_10NL_3_1,1,210,"('lɡ', 'lɡ', 'lɡ')",balɡa,balɡa
90L_10NL,3,90L_10NL_3_1,1,210,"('lɡ', 'lɡ', 'lɡ')",balɡa,balɡa
90L_10NL,3,90L_10NL_3_1,0,210,"('lɡ', 'lɡ', 'lɡ')",balee,balɡa
90L_10NL,3,90L_10NL_3_1,0,210,"('lɡ', 'lɡ', 'lɡ')",balbe,balɡa
90L_10NL,3,90L_10NL_3_1,0,210,"('lɡ', 'lɡ', 'lɡ')",baleska,balɡa
90L_10NL,3,90L_10NL_3_1,0,210,"('lɡ', 'lɡ', 'lɡ')",balbe,balɡa
90L_10NL,3,90L_10NL_3_1,0,140,"('l', 'l', 'lɡ')",balee,balɡa
90L_10NL,3,90L_10NL_3_1,0,140,"('l', 'l', 'lɡ')",balbe,balɡa
90L_10NL,3,90L_10NL_3_1,0,140,"('l', 'l', 'lɡ')",balbe,balɡa
90L_10NL,3,90L_10NL_3_1,0,140,"('l', 'l', 'lɡ')",balbe,balɡa
90L_10NL,3,90L_10NL_3_1,0,336,"('l', 'lɡ', 'lɡ')",balbe,balɡa
90L_10NL,3,90L_10NL_3_1,0,336,"('l', 'lɡ', 'lɡ')",balbe,balɡa
90L_10NL,3,90L_10NL_3_1,0,336,"('l', 'lɡ', 'lɡ')",balee,balɡa
90L_10NL,3,90L_10NL_3_1,0,336,"('l', 'lɡ', 'lɡ')",balee,balɡa
90L_10NL,3,90L_10NL_3_1,0,336,"('l', 'lɡ', 'lɡ')",balbenɡa,balɡa
90L_10NL,3,90L_10NL_3_1,0,336,"('l', 'lɡ', 'lɡ')",balbe,balɡa
90L_10NL,3,90L_10NL_3_1,0,140,"('l', 'l', 'lɡ')",balbe,balɡa
90L_10NL,3,90L_10NL_3_1,1,140,"('l', 'l', 'lɡ')",balɡa,balɡa
90L_10NL,3,90L_10NL_3_1,1,140,"('l', 'l', 'lɡ')",balɡa,balɡa
90L_10NL,3,90L_10NL_3_1,1,336,"('l', 'lɡ', 'lɡ')",balɡa,balɡa
90L_10NL,3,90L_10NL_3_1,1,336,"('l', 'lɡ', 'lɡ')",balɡa,balɡa
90L_10NL,3,90L_10NL_3_1,0,336,"('l', 'lɡ', 'lɡ')",balbe,balɡa
90L_10NL,3,90L_10NL_3_1,0,336,"('l', 'lɡ', 'lɡ')",balbe,balɡa
90L_10NL,3,90L_10NL_3_1,0,336,"('l', 'lɡ', 'lɡ')",balbe,balɡa
90L_10NL,3,90L_10NL_3_1,0,336,"('l', 'lɡ', 'lɡ')",balbe,balɡa
90L_10NL,3,90L_10NL_3_1,0,140,"('l', 'l', 'lɡ')",balbe,balɡa
90L_10NL,3,90L_10NL_3_1,0,140,"('l', 'l', 'lɡ')",balsa,balɡa
90L_10NL,3,90L_10NL_3_1,0,336,"('l', 'lɡ', 'lɡ')",balbe,balɡa
90L_10NL,3,90L_10NL_3_1,0,336,"('l', 'lɡ', 'lɡ')",balbe,balɡa
90L_10NL,3,90L_10NL_3_1,0,336,"('l', 'lɡ', 'lɡ')",balbe,balɡa
90L_10NL,3,90L_10NL_3_1,0,336,"('l', 'lɡ', 'lɡ')",balsa,balɡa
90L_10NL,3,90L_10NL_3_1,0,336,"('l', 'lɡ', 'lɡ')",balsa,balɡa
90L_10NL,3,90L_10NL_3_1,0,336,"('l', 'lɡ', 'lɡ')",balbe,balɡa
90L_10NL,3,90L_10NL_3_1,0,140,"('l', 'l', 'lɡ')",balsa,balɡa
90L_10NL,3,90L_10NL_3_1,0,336,"('l', 'lɡ', 'lɡ')",balbe,balɡa
90L_10NL,3,90L_10NL_3_1,0,336,"('l', 'lɡ', 'lɡ')",balbe,balɡa
90L_10NL,3,90L_10NL_3_1,0,336,"('l', 'lɡ', 'lɡ')",balbe,balɡa
90L_10NL,3,90L_10NL_3_1,0,336,"('l', 'lɡ', 'lɡ')",balbe,balɡa
90L_10NL,3,90L_10NL_3_1,0,336,"('l', 'lɡ', 'lɡ')",balbe,balɡa
90L_10NL,3,90L_10NL_3_1,0,336,"('l', 'lɡ', 'lɡ')",balbe,balɡa
90L_10NL,3,90L_10NL_3_1,0,336,"('l', 'lɡ', 'lɡ')",balbe,balɡa
90L_10NL,3,90L_10NL_3_1,0,336,"('l', 'lɡ', 'lɡ')",balbe,balɡa
90L_10NL,3,90L_10NL_3_1,1,336,"('l', 'lɡ', 'lɡ')",balɡa,balɡa
90L_10NL,3,90L_10NL_3_1,1,336,"('l', 'lɡ', 'lɡ')",balɡa,balɡa
90L_10NL,3,90L_10NL_3_1,1,336,"('l', 'lɡ', 'lɡ')",balɡa,balɡa
90L_10NL,3,90L_10NL_3_1,1,336,"('l', 'lɡ', 'lɡ')",balɡa,balɡa
90L_10NL,3,90L_10NL_3_1,1,210,"('lɡ', 'lɡ', 'lɡ')",balɡa,balɡa
90L_10NL,3,90L_10NL_3_1,1,210,"('lɡ', 'lɡ', 'lɡ')",balɡa,balɡa
90L_10NL,3,90L_10NL_3_1,1,210,"('lɡ', 'lɡ', 'lɡ')",balɡa,balɡa
90L_10NL,3,90L_10NL_3_1,1,210,"('lɡ', 'lɡ', 'lɡ')",balɡa,balɡa
90L_10NL,3,90L_10NL_3_1,1,210,"('lɡ', 'lɡ', 'lɡ')",balɡa,balɡa
90L_10NL,3,90L_10NL_3_1,1,210,"('lɡ', 'lɡ', 'lɡ')",balɡa,balɡa
90L_10NL,3,90L_10NL_3_1,1,210,"('lɡ', 'lɡ', 'lɡ')",balɡa,balɡa
90L_10NL,3,90L_10NL_3_1,1,210,"('lɡ', 'lɡ', 'lɡ')",balɡa,balɡa
90L_10NL,3,90L_10NL_3_1,1,210,"('lɡ', 'lɡ', 'lɡ')",balɡa,balɡa
90L_10NL,3,90L_10NL_3_1,1,210,"('lɡ', 'lɡ', 'lɡ')",balɡa,balɡa
90L_10NL,3,90L_10NL_3_1,1,210,"('lɡ', 'lɡ', 'lɡ')",balɡa,balɡa
90L_10NL,3,90L_10NL_3_1,0,210,"('lɡ', 'lɡ', 'lɡ')",baleo,balɡa
90L_10NL,3,90L_10NL_3_1,0,210,"('lɡ', 'lɡ', 'lɡ')",balbo,balɡa
90L_10NL,3,90L_10NL_3_1,0,210,"('lɡ', 'lɡ', 'lɡ')",balbo,balɡa
90L_10NL,3,90L_10NL_3_1,0,210,"('lɡ', 'lɡ', 'lɡ')",balbo,balɡa
90L_10NL,3,90L_10NL_3_1,0,140,"('l', 'l', 'lɡ')",balbo,balɡo
90L_10NL,3,90L_10NL_3_1,0,140,"('l', 'l', 'lɡ')",balbo,balɡo
90L_10NL,3,90L_10NL_3_1,0,140,"('l', 'l', 'lɡ')",balbo,balɡo
90L_10NL,3,90L_10NL_3_1,0,140,"('l', 'l', 'lɡ')",balbo,balɡo
90L_10NL,3,90L_10NL_3_1,0,336,"('l', 'lɡ', 'lɡ')",balbo,balɡo
90L_10NL,3,90L_10NL_3_1,0,336,"('l', 'lɡ', 'lɡ')",balbo,balɡo
90L_10NL,3,90L_10NL_3_1,0,336,"('l', 'lɡ', 'lɡ')",baleo,balɡo
90L_10NL,3,90L_10NL_3_1,0,336,"('l', 'lɡ', 'lɡ')",baleo,balɡo
90L_10NL,3,90L_10NL_3_1,0,336,"('l', 'lɡ', 'lɡ')",balbo,balɡo
90L_10NL,3,90L_10NL_3_1,0,336,"('l', 'lɡ', 'lɡ')",balbo,balɡo
90L_10NL,3,90L_10NL_3_1,0,140,"('l', 'l', 'lɡ')",balbo,balɡo
90L_10NL,3,90L_10NL_3_1,1,140,"('l', 'l', 'lɡ')",balɡo,balɡo
90L_10NL,3,90L_10NL_3_1,1,140,"('l', 'l', 'lɡ')",balɡo,balɡo
90L_10NL,3,90L_10NL_3_1,1,336,"('l', 'lɡ', 'lɡ')",balɡo,balɡo
90L_10NL,3,90L_10NL_3_1,1,336,"('l', 'lɡ', 'lɡ')",balɡo,balɡo
90L_10NL,3,90L_10NL_3_1,0,336,"('l', 'lɡ', 'lɡ')",balbo,balɡo
90L_10NL,3,90L_10NL_3_1,0,336,"('l', 'lɡ', 'lɡ')",balbo,balɡo
90L_10NL,3,90L_10NL_3_1,0,336,"('l', 'lɡ', 'lɡ')",balbo,balɡo
90L_10NL,3,90L_10NL_3_1,0,336,"('l', 'lɡ', 'lɡ')",balbo,balɡo
90L_10NL,3,90L_10NL_3_1,0,140,"('l', 'l', 'lɡ')",balbo,balɡo
90L_10NL,3,90L_10NL_3_1,0,140,"('l', 'l', 'lɡ')",balbo,balɡo
90L_10NL,3,90L_10NL_3_1,0,336,"('l', 'lɡ', 'lɡ')",balbo,balɡo
90L_10NL,3,90L_10NL_3_1,0,336,"('l', 'lɡ', 'lɡ')",balbo,balɡo
90L_10NL,3,90L_10NL_3_1,0,336,"('l', 'lɡ', 'lɡ')",balbo,balɡo
90L_10NL,3,90L_10NL_3_1,0,336,"('l', 'lɡ', 'lɡ')",balso,balɡo
90L_10NL,3,90L_10NL_3_1,0,336,"('l', 'lɡ', 'lɡ')",balso,balɡo
90L_10NL,3,90L_10NL_3_1,0,336,"('l', 'lɡ', 'lɡ')",balbo,balɡo
90L_10NL,3,90L_10NL_3_1,0,140,"('l', 'l', 'lɡ')",balso,balɡo
90L_10NL,3,90L_10NL_3_1,0,336,"('l', 'lɡ', 'lɡ')",balbo,balɡo
90L_10NL,3,90L_10NL_3_1,0,336,"('l', 'lɡ', 'lɡ')",balbo,balɡo
90L_10NL,3,90L_10NL_3_1,0,336,"('l', 'lɡ', 'lɡ')",balbo,balɡo
90L_10NL,3,90L_10NL_3_1,0,336,"('l', 'lɡ', 'lɡ')",balbo,balɡo
90L_10NL,3,90L_10NL_3_1,0,336,"('l', 'lɡ', 'lɡ')",balbo,balɡo
90L_10NL,3,90L_10NL_3_1,0,336,"('l', 'lɡ', 'lɡ')",balbo,balɡo
90L_10NL,3,90L_10NL_3_1,0,336,"('l', 'lɡ', 'lɡ')",balbo,balɡo
90L_10NL,3,90L_10NL_3_1,0,336,"('l', 'lɡ', 'lɡ')",balbo,balɡo
90L_10NL,3,90L_10NL_3_1,1,336,"('l', 'lɡ', 'lɡ')",balɡo,balɡo
90L_10NL,3,90L_10NL_3_1,1,336,"('l', 'lɡ', 'lɡ')",balɡo,balɡo
90L_10NL,3,90L_10NL_3_1,1,336,"('l', 'lɡ', 'lɡ')",balɡo,balɡo
90L_10NL,3,90L_10NL_3_1,1,336,"('l', 'lɡ', 'lɡ')",balɡo,balɡo
90L_10NL,3,90L_10NL_3_1,1,210,"('lɡ', 'lɡ', 'lɡ')",balɡo,balɡo
90L_10NL,3,90L_10NL_3_1,1,210,"('lɡ', 'lɡ', 'lɡ')",balɡo,balɡo
90L_10NL,3,90L_10NL_3_1,1,210,"('lɡ', 'lɡ', 'lɡ')",balɡo,balɡo
90L_10NL,3,90L_10NL_3_1,1,210,"('lɡ', 'lɡ', 'lɡ')",balɡo,balɡo
90L_10NL,3,90L_10NL_3_1,1,210,"('lɡ', 'lɡ', 'lɡ')",balɡo,balɡo
90L_10NL,3,90L_10NL_3_1,1,210,"('lɡ', 'lɡ', 'lɡ')",balɡo,balɡo
90L_10NL,3,90L_10NL_3_1,1,210,"('lɡ', 'lɡ', 'lɡ')",balɡo,balɡo
90L_10NL,3,90L_10NL_3_1,1,210,"('lɡ', 'lɡ', 'lɡ')",balɡo,balɡo
90L_10NL,3,90L_10NL_3_1,1,210,"('lɡ', 'lɡ', 'lɡ')",balɡo,balɡo
90L_10NL,3,90L_10NL_3_1,1,210,"('lɡ', 'lɡ', 'lɡ')",balɡo,balɡo
90L_10NL,3,90L_10NL_3_1,1,210,"('lɡ', 'lɡ', 'lɡ')",balɡo,balɡo
90L_10NL,3,90L_10NL_3_1,0,210,"('lɡ', 'lɡ', 'lɡ')",pɾoponejs,balɡo
90L_10NL,3,90L_10NL_3_1,0,210,"('lɡ', 'lɡ', 'lɡ')",pɾoponejs,balɡo
90L_10NL,3,90L_10NL_3_1,0,210,"('lɡ', 'lɡ', 'lɡ')",pɾoponejs,balɡo
90L_10NL,3,90L_10NL_3_1,0,210,"('lɡ', 'lɡ', 'lɡ')",pɾoponejs,balɡo
90L_10NL,3,90L_10NL_3_1,1,300,"('n', 'n', 'n')",pɾoponejs,pɾoponejs
90L_10NL,3,90L_10NL_3_1,1,300,"('n', 'n', 'n')",pɾoponejs,pɾoponejs
90L_10NL,3,90L_10NL_3_1,1,300,"('n', 'n', 'n')",pɾoponejs,pɾoponejs
90L_10NL,3,90L_10NL_3_1,1,672,"('n', 'nɡ', 'n')",pɾoponejs,pɾoponejs
90L_10NL,3,90L_10NL_3_1,1,672,"('n', 'nɡ', 'n')",pɾoponejs,pɾoponejs
90L_10NL,3,90L_10NL_3_1,1,672,"('n', 'nɡ', 'n')",pɾoponejs,pɾoponejs
90L_10NL,3,90L_10NL_3_1,1,672,"('n', 'nɡ', 'n')",pɾoponejs,pɾoponejs
90L_10NL,3,90L_10NL_3_1,1,672,"('n', 'nɡ', 'n')",pɾoponejs,pɾoponejs
90L_10NL,3,90L_10NL_3_1,1,672,"('n', 'nɡ', 'n')",pɾoponejs,pɾoponejs
90L_10NL,3,90L_10NL_3_1,1,672,"('n', 'nɡ', 'n')",pɾoponejs,pɾoponejs
90L_10NL,3,90L_10NL_3_1,1,300,"('n', 'n', 'n')",pɾoponejs,pɾoponejs
90L_10NL,3,90L_10NL_3_1,1,300,"('n', 'n', 'n')",pɾoponejs,pɾoponejs
90L_10NL,3,90L_10NL_3_1,1,672,"('n', 'nɡ', 'n')",pɾoponejs,pɾoponejs
90L_10NL,3,90L_10NL_3_1,1,672,"('n', 'nɡ', 'n')",pɾoponejs,pɾoponejs
90L_10NL,3,90L_10NL_3_1,1,672,"('n', 'nɡ', 'n')",pɾoponejs,pɾoponejs
90L_10NL,3,90L_10NL_3_1,1,672,"('n', 'nɡ', 'n')",pɾoponejs,pɾoponejs
90L_10NL,3,90L_10NL_3_1,1,672,"('n', 'nɡ', 'n')",pɾoponejs,pɾoponejs
90L_10NL,3,90L_10NL_3_1,1,672,"('n', 'nɡ', 'n')",pɾoponejs,pɾoponejs
90L_10NL,3,90L_10NL_3_1,1,672,"('n', 'nɡ', 'n')",pɾoponejs,pɾoponejs
90L_10NL,3,90L_10NL_3_1,1,300,"('n', 'n', 'n')",pɾoponejs,pɾoponejs
90L_10NL,3,90L_10NL_3_1,1,672,"('n', 'nɡ', 'n')",pɾoponejs,pɾoponejs
90L_10NL,3,90L_10NL_3_1,1,672,"('n', 'nɡ', 'n')",pɾoponejs,pɾoponejs
90L_10NL,3,90L_10NL_3_1,1,672,"('n', 'nɡ', 'n')",pɾoponejs,pɾoponejs
90L_10NL,3,90L_10NL_3_1,1,672,"('n', 'nɡ', 'n')",pɾoponejs,pɾoponejs
90L_10NL,3,90L_10NL_3_1,1,672,"('n', 'nɡ', 'n')",pɾoponejs,pɾoponejs
90L_10NL,3,90L_10NL_3_1,1,672,"('n', 'nɡ', 'n')",pɾoponejs,pɾoponejs
90L_10NL,3,90L_10NL_3_1,1,672,"('n', 'nɡ', 'n')",pɾoponejs,pɾoponejs
90L_10NL,3,90L_10NL_3_1,1,672,"('n', 'nɡ', 'n')",pɾoponejs,pɾoponejs
90L_10NL,3,90L_10NL_3_1,1,672,"('n', 'nɡ', 'n')",pɾoponejs,pɾoponejs
90L_10NL,3,90L_10NL_3_1,1,672,"('n', 'nɡ', 'n')",pɾoponejs,pɾoponejs
90L_10NL,3,90L_10NL_3_1,1,672,"('n', 'nɡ', 'n')",pɾoponejs,pɾoponejs
90L_10NL,3,90L_10NL_3_1,1,672,"('n', 'nɡ', 'n')",pɾoponejs,pɾoponejs
90L_10NL,3,90L_10NL_3_1,1,672,"('n', 'nɡ', 'n')",pɾoponejs,pɾoponejs
90L_10NL,3,90L_10NL_3_1,1,672,"('n', 'nɡ', 'n')",pɾoponejs,pɾoponejs
90L_10NL,3,90L_10NL_3_1,1,1050,"('nɡ', 'nɡ', 'n')",pɾoponejs,pɾoponejs
90L_10NL,3,90L_10NL_3_1,1,1050,"('nɡ', 'nɡ', 'n')",pɾoponejs,pɾoponejs
90L_10NL,3,90L_10NL_3_1,1,1050,"('nɡ', 'nɡ', 'n')",pɾoponejs,pɾoponejs
90L_10NL,3,90L_10NL_3_1,1,1050,"('nɡ', 'nɡ', 'n')",pɾoponejs,pɾoponejs
90L_10NL,3,90L_10NL_3_1,1,1050,"('nɡ', 'nɡ', 'n')",pɾoponejs,pɾoponejs
90L_10NL,3,90L_10NL_3_1,1,1050,"('nɡ', 'nɡ', 'n')",pɾoponejs,pɾoponejs
90L_10NL,3,90L_10NL_3_1,1,1050,"('nɡ', 'nɡ', 'n')",pɾoponejs,pɾoponejs
90L_10NL,3,90L_10NL_3_1,1,1050,"('nɡ', 'nɡ', 'n')",pɾoponejs,pɾoponejs
90L_10NL,3,90L_10NL_3_1,1,1050,"('nɡ', 'nɡ', 'n')",pɾoponejs,pɾoponejs
90L_10NL,3,90L_10NL_3_1,1,1050,"('nɡ', 'nɡ', 'n')",pɾoponejs,pɾoponejs
90L_10NL,3,90L_10NL_3_1,1,1050,"('nɡ', 'nɡ', 'n')",pɾoponejs,pɾoponejs
90L_10NL,3,90L_10NL_3_1,1,1050,"('nɡ', 'nɡ', 'n')",pɾoponejs,pɾoponejs
90L_10NL,3,90L_10NL_3_1,1,1050,"('nɡ', 'nɡ', 'n')",pɾoponejs,pɾoponejs
90L_10NL,3,90L_10NL_3_1,1,1050,"('nɡ', 'nɡ', 'n')",pɾoponejs,pɾoponejs
90L_10NL,3,90L_10NL_3_1,1,1050,"('nɡ', 'nɡ', 'n')",pɾoponejs,pɾoponejs
90L_10NL,3,90L_10NL_3_1,1,1050,"('nɡ', 'nɡ', 'n')",pɾoponejs,pɾoponejs
90L_10NL,3,90L_10NL_3_1,1,1050,"('nɡ', 'nɡ', 'n')",pɾoponejs,pɾoponejs
90L_10NL,3,90L_10NL_3_1,0,1050,"('nɡ', 'nɡ', 'n')",pɾoponemos,pɾoponejs
90L_10NL,3,90L_10NL_3_1,0,1050,"('nɡ', 'nɡ', 'n')",pɾoponemos,pɾoponejs
90L_10NL,3,90L_10NL_3_1,0,1050,"('nɡ', 'nɡ', 'n')",pɾoponemos,pɾoponejs
90L_10NL,3,90L_10NL_3_1,0,1050,"('nɡ', 'nɡ', 'n')",pɾoponemos,pɾoponejs
90L_10NL,3,90L_10NL_3_1,1,300,"('n', 'n', 'n')",pɾoponemos,pɾoponemos
90L_10NL,3,90L_10NL_3_1,1,300,"('n', 'n', 'n')",pɾoponemos,pɾoponemos
90L_10NL,3,90L_10NL_3_1,1,300,"('n', 'n', 'n')",pɾoponemos,pɾoponemos
90L_10NL,3,90L_10NL_3_1,1,672,"('n', 'nɡ', 'n')",pɾoponemos,pɾoponemos
90L_10NL,3,90L_10NL_3_1,1,672,"('n', 'nɡ', 'n')",pɾoponemos,pɾoponemos
90L_10NL,3,90L_10NL_3_1,1,672,"('n', 'nɡ', 'n')",pɾoponemos,pɾoponemos
90L_10NL,3,90L_10NL_3_1,1,672,"('n', 'nɡ', 'n')",pɾoponemos,pɾoponemos
90L_10NL,3,90L_10NL_3_1,1,672,"('n', 'nɡ', 'n')",pɾoponemos,pɾoponemos
90L_10NL,3,90L_10NL_3_1,1,672,"('n', 'nɡ', 'n')",pɾoponemos,pɾoponemos
90L_10NL,3,90L_10NL_3_1,1,672,"('n', 'nɡ', 'n')",pɾoponemos,pɾoponemos
90L_10NL,3,90L_10NL_3_1,1,300,"('n', 'n', 'n')",pɾoponemos,pɾoponemos
90L_10NL,3,90L_10NL_3_1,1,300,"('n', 'n', 'n')",pɾoponemos,pɾoponemos
90L_10NL,3,90L_10NL_3_1,1,672,"('n', 'nɡ', 'n')",pɾoponemos,pɾoponemos
90L_10NL,3,90L_10NL_3_1,1,672,"('n', 'nɡ', 'n')",pɾoponemos,pɾoponemos
90L_10NL,3,90L_10NL_3_1,1,672,"('n', 'nɡ', 'n')",pɾoponemos,pɾoponemos
90L_10NL,3,90L_10NL_3_1,1,672,"('n', 'nɡ', 'n')",pɾoponemos,pɾoponemos
90L_10NL,3,90L_10NL_3_1,1,672,"('n', 'nɡ', 'n')",pɾoponemos,pɾoponemos
90L_10NL,3,90L_10NL_3_1,1,672,"('n', 'nɡ', 'n')",pɾoponemos,pɾoponemos
90L_10NL,3,90L_10NL_3_1,1,672,"('n', 'nɡ', 'n')",pɾoponemos,pɾoponemos
90L_10NL,3,90L_10NL_3_1,1,300,"('n', 'n', 'n')",pɾoponemos,pɾoponemos
90L_10NL,3,90L_10NL_3_1,1,672,"('n', 'nɡ', 'n')",pɾoponemos,pɾoponemos
90L_10NL,3,90L_10NL_3_1,1,672,"('n', 'nɡ', 'n')",pɾoponemos,pɾoponemos
90L_10NL,3,90L_10NL_3_1,1,672,"('n', 'nɡ', 'n')",pɾoponemos,pɾoponemos
90L_10NL,3,90L_10NL_3_1,1,672,"('n', 'nɡ', 'n')",pɾoponemos,pɾoponemos
90L_10NL,3,90L_10NL_3_1,1,672,"('n', 'nɡ', 'n')",pɾoponemos,pɾoponemos
90L_10NL,3,90L_10NL_3_1,1,672,"('n', 'nɡ', 'n')",pɾoponemos,pɾoponemos
90L_10NL,3,90L_10NL_3_1,1,672,"('n', 'nɡ', 'n')",pɾoponemos,pɾoponemos
90L_10NL,3,90L_10NL_3_1,1,672,"('n', 'nɡ', 'n')",pɾoponemos,pɾoponemos
90L_10NL,3,90L_10NL_3_1,1,672,"('n', 'nɡ', 'n')",pɾoponemos,pɾoponemos
90L_10NL,3,90L_10NL_3_1,1,672,"('n', 'nɡ', 'n')",pɾoponemos,pɾoponemos
90L_10NL,3,90L_10NL_3_1,1,672,"('n', 'nɡ', 'n')",pɾoponemos,pɾoponemos
90L_10NL,3,90L_10NL_3_1,1,672,"('n', 'nɡ', 'n')",pɾoponemos,pɾoponemos
90L_10NL,3,90L_10NL_3_1,1,672,"('n', 'nɡ', 'n')",pɾoponemos,pɾoponemos
90L_10NL,3,90L_10NL_3_1,1,672,"('n', 'nɡ', 'n')",pɾoponemos,pɾoponemos
90L_10NL,3,90L_10NL_3_1,1,1050,"('nɡ', 'nɡ', 'n')",pɾoponemos,pɾoponemos
90L_10NL,3,90L_10NL_3_1,1,1050,"('nɡ', 'nɡ', 'n')",pɾoponemos,pɾoponemos
90L_10NL,3,90L_10NL_3_1,1,1050,"('nɡ', 'nɡ', 'n')",pɾoponemos,pɾoponemos
90L_10NL,3,90L_10NL_3_1,1,1050,"('nɡ', 'nɡ', 'n')",pɾoponemos,pɾoponemos
90L_10NL,3,90L_10NL_3_1,1,1050,"('nɡ', 'nɡ', 'n')",pɾoponemos,pɾoponemos
90L_10NL,3,90L_10NL_3_1,1,1050,"('nɡ', 'nɡ', 'n')",pɾoponemos,pɾoponemos
90L_10NL,3,90L_10NL_3_1,1,1050,"('nɡ', 'nɡ', 'n')",pɾoponemos,pɾoponemos
90L_10NL,3,90L_10NL_3_1,1,1050,"('nɡ', 'nɡ', 'n')",pɾoponemos,pɾoponemos
90L_10NL,3,90L_10NL_3_1,1,1050,"('nɡ', 'nɡ', 'n')",pɾoponemos,pɾoponemos
90L_10NL,3,90L_10NL_3_1,1,1050,"('nɡ', 'nɡ', 'n')",pɾoponemos,pɾoponemos
90L_10NL,3,90L_10NL_3_1,1,1050,"('nɡ', 'nɡ', 'n')",pɾoponemos,pɾoponemos
90L_10NL,3,90L_10NL_3_1,1,1050,"('nɡ', 'nɡ', 'n')",pɾoponemos,pɾoponemos
90L_10NL,3,90L_10NL_3_1,1,1050,"('nɡ', 'nɡ', 'n')",pɾoponemos,pɾoponemos
90L_10NL,3,90L_10NL_3_1,1,1050,"('nɡ', 'nɡ', 'n')",pɾoponemos,pɾoponemos
90L_10NL,3,90L_10NL_3_1,1,1050,"('nɡ', 'nɡ', 'n')",pɾoponemos,pɾoponemos
90L_10NL,3,90L_10NL_3_1,1,1050,"('nɡ', 'nɡ', 'n')",pɾoponemos,pɾoponemos
90L_10NL,3,90L_10NL_3_1,1,1050,"('nɡ', 'nɡ', 'n')",pɾoponemos,pɾoponemos
90L_10NL,3,90L_10NL_3_1,0,1050,"('nɡ', 'nɡ', 'n')",pɾoponen,pɾoponemos
90L_10NL,3,90L_10NL_3_1,0,1050,"('nɡ', 'nɡ', 'n')",pɾoponen,pɾoponemos
90L_10NL,3,90L_10NL_3_1,0,1050,"('nɡ', 'nɡ', 'n')",pɾoponen,pɾoponemos
90L_10NL,3,90L_10NL_3_1,0,1050,"('nɡ', 'nɡ', 'n')",pɾoponen,pɾoponemos
90L_10NL,3,90L_10NL_3_1,1,300,"('n', 'n', 'n')",pɾoponen,pɾoponen
90L_10NL,3,90L_10NL_3_1,1,300,"('n', 'n', 'n')",pɾoponen,pɾoponen
90L_10NL,3,90L_10NL_3_1,1,300,"('n', 'n', 'n')",pɾoponen,pɾoponen
90L_10NL,3,90L_10NL_3_1,1,672,"('n', 'nɡ', 'n')",pɾoponen,pɾoponen
90L_10NL,3,90L_10NL_3_1,1,672,"('n', 'nɡ', 'n')",pɾoponen,pɾoponen
90L_10NL,3,90L_10NL_3_1,1,672,"('n', 'nɡ', 'n')",pɾoponen,pɾoponen
90L_10NL,3,90L_10NL_3_1,1,672,"('n', 'nɡ', 'n')",pɾoponen,pɾoponen
90L_10NL,3,90L_10NL_3_1,1,672,"('n', 'nɡ', 'n')",pɾoponen,pɾoponen
90L_10NL,3,90L_10NL_3_1,1,672,"('n', 'nɡ', 'n')",pɾoponen,pɾoponen
90L_10NL,3,90L_10NL_3_1,1,672,"('n', 'nɡ', 'n')",pɾoponen,pɾoponen
90L_10NL,3,90L_10NL_3_1,1,300,"('n', 'n', 'n')",pɾoponen,pɾoponen
90L_10NL,3,90L_10NL_3_1,1,300,"('n', 'n', 'n')",pɾoponen,pɾoponen
90L_10NL,3,90L_10NL_3_1,1,672,"('n', 'nɡ', 'n')",pɾoponen,pɾoponen
90L_10NL,3,90L_10NL_3_1,1,672,"('n', 'nɡ', 'n')",pɾoponen,pɾoponen
90L_10NL,3,90L_10NL_3_1,1,672,"('n', 'nɡ', 'n')",pɾoponen,pɾoponen
90L_10NL,3,90L_10NL_3_1,1,672,"('n', 'nɡ', 'n')",pɾoponen,pɾoponen
90L_10NL,3,90L_10NL_3_1,1,672,"('n', 'nɡ', 'n')",pɾoponen,pɾoponen
90L_10NL,3,90L_10NL_3_1,1,672,"('n', 'nɡ', 'n')",pɾoponen,pɾoponen
90L_10NL,3,90L_10NL_3_1,1,672,"('n', 'nɡ', 'n')",pɾoponen,pɾoponen
90L_10NL,3,90L_10NL_3_1,1,300,"('n', 'n', 'n')",pɾoponen,pɾoponen
90L_10NL,3,90L_10NL_3_1,1,672,"('n', 'nɡ', 'n')",pɾoponen,pɾoponen
90L_10NL,3,90L_10NL_3_1,1,672,"('n', 'nɡ', 'n')",pɾoponen,pɾoponen
90L_10NL,3,90L_10NL_3_1,1,672,"('n', 'nɡ', 'n')",pɾoponen,pɾoponen
90L_10NL,3,90L_10NL_3_1,1,672,"('n', 'nɡ', 'n')",pɾoponen,pɾoponen
90L_10NL,3,90L_10NL_3_1,1,672,"('n', 'nɡ', 'n')",pɾoponen,pɾoponen
90L_10NL,3,90L_10NL_3_1,1,672,"('n', 'nɡ', 'n')",pɾoponen,pɾoponen
90L_10NL,3,90L_10NL_3_1,1,672,"('n', 'nɡ', 'n')",pɾoponen,pɾoponen
90L_10NL,3,90L_10NL_3_1,1,672,"('n', 'nɡ', 'n')",pɾoponen,pɾoponen
90L_10NL,3,90L_10NL_3_1,1,672,"('n', 'nɡ', 'n')",pɾoponen,pɾoponen
90L_10NL,3,90L_10NL_3_1,1,672,"('n', 'nɡ', 'n')",pɾoponen,pɾoponen
90L_10NL,3,90L_10NL_3_1,1,672,"('n', 'nɡ', 'n')",pɾoponen,pɾoponen
90L_10NL,3,90L_10NL_3_1,1,672,"('n', 'nɡ', 'n')",pɾoponen,pɾoponen
90L_10NL,3,90L_10NL_3_1,1,672,"('n', 'nɡ', 'n')",pɾoponen,pɾoponen
90L_10NL,3,90L_10NL_3_1,1,672,"('n', 'nɡ', 'n')",pɾoponen,pɾoponen
90L_10NL,3,90L_10NL_3_1,1,1050,"('nɡ', 'nɡ', 'n')",pɾoponen,pɾoponen
90L_10NL,3,90L_10NL_3_1,1,1050,"('nɡ', 'nɡ', 'n')",pɾoponen,pɾoponen
90L_10NL,3,90L_10NL_3_1,1,1050,"('nɡ', 'nɡ', 'n')",pɾoponen,pɾoponen
90L_10NL,3,90L_10NL_3_1,1,1050,"('nɡ', 'nɡ', 'n')",pɾoponen,pɾoponen
90L_10NL,3,90L_10NL_3_1,1,1050,"('nɡ', 'nɡ', 'n')",pɾoponen,pɾoponen
90L_10NL,3,90L_10NL_3_1,1,1050,"('nɡ', 'nɡ', 'n')",pɾoponen,pɾoponen
90L_10NL,3,90L_10NL_3_1,1,1050,"('nɡ', 'nɡ', 'n')",pɾoponen,pɾoponen
90L_10NL,3,90L_10NL_3_1,1,1050,"('nɡ', 'nɡ', 'n')",pɾoponen,pɾoponen
90L_10NL,3,90L_10NL_3_1,1,1050,"('nɡ', 'nɡ', 'n')",pɾoponen,pɾoponen
90L_10NL,3,90L_10NL_3_1,1,1050,"('nɡ', 'nɡ', 'n')",pɾoponen,pɾoponen
90L_10NL,3,90L_10NL_3_1,1,1050,"('nɡ', 'nɡ', 'n')",pɾoponen,pɾoponen
90L_10NL,3,90L_10NL_3_1,1,1050,"('nɡ', 'nɡ', 'n')",pɾoponen,pɾoponen
90L_10NL,3,90L_10NL_3_1,1,1050,"('nɡ', 'nɡ', 'n')",pɾoponen,pɾoponen
90L_10NL,3,90L_10NL_3_1,1,1050,"('nɡ', 'nɡ', 'n')",pɾoponen,pɾoponen
90L_10NL,3,90L_10NL_3_1,1,1050,"('nɡ', 'nɡ', 'n')",pɾoponen,pɾoponen
90L_10NL,3,90L_10NL_3_1,1,1050,"('nɡ', 'nɡ', 'n')",pɾoponen,pɾoponen
90L_10NL,3,90L_10NL_3_1,1,1050,"('nɡ', 'nɡ', 'n')",pɾoponen,pɾoponen
90L_10NL,3,90L_10NL_3_1,0,1050,"('nɡ', 'nɡ', 'n')",pɾopones,pɾoponen
90L_10NL,3,90L_10NL_3_1,0,1050,"('nɡ', 'nɡ', 'n')",pɾopones,pɾoponen
90L_10NL,3,90L_10NL_3_1,0,1050,"('nɡ', 'nɡ', 'n')",pɾopones,pɾoponen
90L_10NL,3,90L_10NL_3_1,0,1050,"('nɡ', 'nɡ', 'n')",pɾopones,pɾoponen
90L_10NL,3,90L_10NL_3_1,1,300,"('n', 'n', 'n')",pɾopones,pɾopones
90L_10NL,3,90L_10NL_3_1,1,300,"('n', 'n', 'n')",pɾopones,pɾopones
90L_10NL,3,90L_10NL_3_1,1,300,"('n', 'n', 'n')",pɾopones,pɾopones
90L_10NL,3,90L_10NL_3_1,1,672,"('n', 'nɡ', 'n')",pɾopones,pɾopones
90L_10NL,3,90L_10NL_3_1,1,672,"('n', 'nɡ', 'n')",pɾopones,pɾopones
90L_10NL,3,90L_10NL_3_1,1,672,"('n', 'nɡ', 'n')",pɾopones,pɾopones
90L_10NL,3,90L_10NL_3_1,1,672,"('n', 'nɡ', 'n')",pɾopones,pɾopones
90L_10NL,3,90L_10NL_3_1,1,672,"('n', 'nɡ', 'n')",pɾopones,pɾopones
90L_10NL,3,90L_10NL_3_1,1,672,"('n', 'nɡ', 'n')",pɾopones,pɾopones
90L_10NL,3,90L_10NL_3_1,1,672,"('n', 'nɡ', 'n')",pɾopones,pɾopones
90L_10NL,3,90L_10NL_3_1,1,300,"('n', 'n', 'n')",pɾopones,pɾopones
90L_10NL,3,90L_10NL_3_1,1,300,"('n', 'n', 'n')",pɾopones,pɾopones
90L_10NL,3,90L_10NL_3_1,1,672,"('n', 'nɡ', 'n')",pɾopones,pɾopones
90L_10NL,3,90L_10NL_3_1,1,672,"('n', 'nɡ', 'n')",pɾopones,pɾopones
90L_10NL,3,90L_10NL_3_1,1,672,"('n', 'nɡ', 'n')",pɾopones,pɾopones
90L_10NL,3,90L_10NL_3_1,1,672,"('n', 'nɡ', 'n')",pɾopones,pɾopones
90L_10NL,3,90L_10NL_3_1,1,672,"('n', 'nɡ', 'n')",pɾopones,pɾopones
90L_10NL,3,90L_10NL_3_1,1,672,"('n', 'nɡ', 'n')",pɾopones,pɾopones
90L_10NL,3,90L_10NL_3_1,1,672,"('n', 'nɡ', 'n')",pɾopones,pɾopones
90L_10NL,3,90L_10NL_3_1,1,300,"('n', 'n', 'n')",pɾopones,pɾopones
90L_10NL,3,90L_10NL_3_1,1,672,"('n', 'nɡ', 'n')",pɾopones,pɾopones
90L_10NL,3,90L_10NL_3_1,1,672,"('n', 'nɡ', 'n')",pɾopones,pɾopones
90L_10NL,3,90L_10NL_3_1,1,672,"('n', 'nɡ', 'n')",pɾopones,pɾopones
90L_10NL,3,90L_10NL_3_1,1,672,"('n', 'nɡ', 'n')",pɾopones,pɾopones
90L_10NL,3,90L_10NL_3_1,1,672,"('n', 'nɡ', 'n')",pɾopones,pɾopones
90L_10NL,3,90L_10NL_3_1,1,672,"('n', 'nɡ', 'n')",pɾopones,pɾopones
90L_10NL,3,90L_10NL_3_1,1,672,"('n', 'nɡ', 'n')",pɾopones,pɾopones
90L_10NL,3,90L_10NL_3_1,1,672,"('n', 'nɡ', 'n')",pɾopones,pɾopones
90L_10NL,3,90L_10NL_3_1,1,672,"('n', 'nɡ', 'n')",pɾopones,pɾopones
90L_10NL,3,90L_10NL_3_1,1,672,"('n', 'nɡ', 'n')",pɾopones,pɾopones
90L_10NL,3,90L_10NL_3_1,1,672,"('n', 'nɡ', 'n')",pɾopones,pɾopones
90L_10NL,3,90L_10NL_3_1,1,672,"('n', 'nɡ', 'n')",pɾopones,pɾopones
90L_10NL,3,90L_10NL_3_1,1,672,"('n', 'nɡ', 'n')",pɾopones,pɾopones
90L_10NL,3,90L_10NL_3_1,1,672,"('n', 'nɡ', 'n')",pɾopones,pɾopones
90L_10NL,3,90L_10NL_3_1,1,1050,"('nɡ', 'nɡ', 'n')",pɾopones,pɾopones
90L_10NL,3,90L_10NL_3_1,1,1050,"('nɡ', 'nɡ', 'n')",pɾopones,pɾopones
90L_10NL,3,90L_10NL_3_1,1,1050,"('nɡ', 'nɡ', 'n')",pɾopones,pɾopones
90L_10NL,3,90L_10NL_3_1,1,1050,"('nɡ', 'nɡ', 'n')",pɾopones,pɾopones
90L_10NL,3,90L_10NL_3_1,1,1050,"('nɡ', 'nɡ', 'n')",pɾopones,pɾopones
90L_10NL,3,90L_10NL_3_1,1,1050,"('nɡ', 'nɡ', 'n')",pɾopones,pɾopones
90L_10NL,3,90L_10NL_3_1,1,1050,"('nɡ', 'nɡ', 'n')",pɾopones,pɾopones
90L_10NL,3,90L_10NL_3_1,1,1050,"('nɡ', 'nɡ', 'n')",pɾopones,pɾopones
90L_10NL,3,90L_10NL_3_1,1,1050,"('nɡ', 'nɡ', 'n')",pɾopones,pɾopones
90L_10NL,3,90L_10NL_3_1,1,1050,"('nɡ', 'nɡ', 'n')",pɾopones,pɾopones
90L_10NL,3,90L_10NL_3_1,1,1050,"('nɡ', 'nɡ', 'n')",pɾopones,pɾopones
90L_10NL,3,90L_10NL_3_1,1,1050,"('nɡ', 'nɡ', 'n')",pɾopones,pɾopones
90L_10NL,3,90L_10NL_3_1,1,1050,"('nɡ', 'nɡ', 'n')",pɾopones,pɾopones
90L_10NL,3,90L_10NL_3_1,1,1050,"('nɡ', 'nɡ', 'n')",pɾopones,pɾopones
90L_10NL,3,90L_10NL_3_1,1,1050,"('nɡ', 'nɡ', 'n')",pɾopones,pɾopones
90L_10NL,3,90L_10NL_3_1,1,1050,"('nɡ', 'nɡ', 'n')",pɾopones,pɾopones
90L_10NL,3,90L_10NL_3_1,1,1050,"('nɡ', 'nɡ', 'n')",pɾopones,pɾopones
90L_10NL,3,90L_10NL_3_1,0,1050,"('nɡ', 'nɡ', 'n')",pɾopone,pɾopones
90L_10NL,3,90L_10NL_3_1,0,1050,"('nɡ', 'nɡ', 'n')",pɾopone,pɾopones
90L_10NL,3,90L_10NL_3_1,0,1050,"('nɡ', 'nɡ', 'n')",pɾopone,pɾopones
90L_10NL,3,90L_10NL_3_1,0,1050,"('nɡ', 'nɡ', 'n')",pɾopone,pɾopones
90L_10NL,3,90L_10NL_3_1,1,300,"('n', 'n', 'n')",pɾopone,pɾopone
90L_10NL,3,90L_10NL_3_1,1,300,"('n', 'n', 'n')",pɾopone,pɾopone
90L_10NL,3,90L_10NL_3_1,1,300,"('n', 'n', 'n')",pɾopone,pɾopone
90L_10NL,3,90L_10NL_3_1,1,672,"('n', 'nɡ', 'n')",pɾopone,pɾopone
90L_10NL,3,90L_10NL_3_1,1,672,"('n', 'nɡ', 'n')",pɾopone,pɾopone
90L_10NL,3,90L_10NL_3_1,1,672,"('n', 'nɡ', 'n')",pɾopone,pɾopone
90L_10NL,3,90L_10NL_3_1,1,672,"('n', 'nɡ', 'n')",pɾopone,pɾopone
90L_10NL,3,90L_10NL_3_1,1,672,"('n', 'nɡ', 'n')",pɾopone,pɾopone
90L_10NL,3,90L_10NL_3_1,1,672,"('n', 'nɡ', 'n')",pɾopone,pɾopone
90L_10NL,3,90L_10NL_3_1,1,672,"('n', 'nɡ', 'n')",pɾopone,pɾopone
90L_10NL,3,90L_10NL_3_1,1,300,"('n', 'n', 'n')",pɾopone,pɾopone
90L_10NL,3,90L_10NL_3_1,1,300,"('n', 'n', 'n')",pɾopone,pɾopone
90L_10NL,3,90L_10NL_3_1,1,672,"('n', 'nɡ', 'n')",pɾopone,pɾopone
90L_10NL,3,90L_10NL_3_1,1,672,"('n', 'nɡ', 'n')",pɾopone,pɾopone
90L_10NL,3,90L_10NL_3_1,1,672,"('n', 'nɡ', 'n')",pɾopone,pɾopone
90L_10NL,3,90L_10NL_3_1,1,672,"('n', 'nɡ', 'n')",pɾopone,pɾopone
90L_10NL,3,90L_10NL_3_1,1,672,"('n', 'nɡ', 'n')",pɾopone,pɾopone
90L_10NL,3,90L_10NL_3_1,1,672,"('n', 'nɡ', 'n')",pɾopone,pɾopone
90L_10NL,3,90L_10NL_3_1,1,672,"('n', 'nɡ', 'n')",pɾopone,pɾopone
90L_10NL,3,90L_10NL_3_1,1,300,"('n', 'n', 'n')",pɾopone,pɾopone
90L_10NL,3,90L_10NL_3_1,1,672,"('n', 'nɡ', 'n')",pɾopone,pɾopone
90L_10NL,3,90L_10NL_3_1,1,672,"('n', 'nɡ', 'n')",pɾopone,pɾopone
90L_10NL,3,90L_10NL_3_1,1,672,"('n', 'nɡ', 'n')",pɾopone,pɾopone
90L_10NL,3,90L_10NL_3_1,1,672,"('n', 'nɡ', 'n')",pɾopone,pɾopone
90L_10NL,3,90L_10NL_3_1,1,672,"('n', 'nɡ', 'n')",pɾopone,pɾopone
90L_10NL,3,90L_10NL_3_1,1,672,"('n', 'nɡ', 'n')",pɾopone,pɾopone
90L_10NL,3,90L_10NL_3_1,1,672,"('n', 'nɡ', 'n')",pɾopone,pɾopone
90L_10NL,3,90L_10NL_3_1,1,672,"('n', 'nɡ', 'n')",pɾopone,pɾopone
90L_10NL,3,90L_10NL_3_1,1,672,"('n', 'nɡ', 'n')",pɾopone,pɾopone
90L_10NL,3,90L_10NL_3_1,1,672,"('n', 'nɡ', 'n')",pɾopone,pɾopone
90L_10NL,3,90L_10NL_3_1,1,672,"('n', 'nɡ', 'n')",pɾopone,pɾopone
90L_10NL,3,90L_10NL_3_1,1,672,"('n', 'nɡ', 'n')",pɾopone,pɾopone
90L_10NL,3,90L_10NL_3_1,1,672,"('n', 'nɡ', 'n')",pɾopone,pɾopone
90L_10NL,3,90L_10NL_3_1,1,672,"('n', 'nɡ', 'n')",pɾopone,pɾopone
90L_10NL,3,90L_10NL_3_1,1,1050,"('nɡ', 'nɡ', 'n')",pɾopone,pɾopone
90L_10NL,3,90L_10NL_3_1,1,1050,"('nɡ', 'nɡ', 'n')",pɾopone,pɾopone
90L_10NL,3,90L_10NL_3_1,1,1050,"('nɡ', 'nɡ', 'n')",pɾopone,pɾopone
90L_10NL,3,90L_10NL_3_1,1,1050,"('nɡ', 'nɡ', 'n')",pɾopone,pɾopone
90L_10NL,3,90L_10NL_3_1,1,1050,"('nɡ', 'nɡ', 'n')",pɾopone,pɾopone
90L_10NL,3,90L_10NL_3_1,1,1050,"('nɡ', 'nɡ', 'n')",pɾopone,pɾopone
90L_10NL,3,90L_10NL_3_1,1,1050,"('nɡ', 'nɡ', 'n')",pɾopone,pɾopone
90L_10NL,3,90L_10NL_3_1,1,1050,"('nɡ', 'nɡ', 'n')",pɾopone,pɾopone
90L_10NL,3,90L_10NL_3_1,1,1050,"('nɡ', 'nɡ', 'n')",pɾopone,pɾopone
90L_10NL,3,90L_10NL_3_1,1,1050,"('nɡ', 'nɡ', 'n')",pɾopone,pɾopone
90L_10NL,3,90L_10NL_3_1,1,1050,"('nɡ', 'nɡ', 'n')",pɾopone,pɾopone
90L_10NL,3,90L_10NL_3_1,1,1050,"('nɡ', 'nɡ', 'n')",pɾopone,pɾopone
90L_10NL,3,90L_10NL_3_1,1,1050,"('nɡ', 'nɡ', 'n')",pɾopone,pɾopone
90L_10NL,3,90L_10NL_3_1,1,1050,"('nɡ', 'nɡ', 'n')",pɾopone,pɾopone
90L_10NL,3,90L_10NL_3_1,1,1050,"('nɡ', 'nɡ', 'n')",pɾopone,pɾopone
90L_10NL,3,90L_10NL_3_1,1,1050,"('nɡ', 'nɡ', 'n')",pɾopone,pɾopone
90L_10NL,3,90L_10NL_3_1,1,1050,"('nɡ', 'nɡ', 'n')",pɾopone,pɾopone
90L_10NL,3,90L_10NL_3_1,0,1050,"('nɡ', 'nɡ', 'n')",pɾoponɡajs,pɾopone
90L_10NL,3,90L_10NL_3_1,0,1050,"('nɡ', 'nɡ', 'n')",pɾoponɡajs,pɾopone
90L_10NL,3,90L_10NL_3_1,0,1050,"('nɡ', 'nɡ', 'n')",pɾoponɡajs,pɾopone
90L_10NL,3,90L_10NL_3_1,0,1050,"('nɡ', 'nɡ', 'n')",pɾoponɡajs,pɾopone
90L_10NL,3,90L_10NL_3_1,1,700,"('n', 'n', 'nɡ')",pɾoponɡajs,pɾoponɡajs
90L_10NL,3,90L_10NL_3_1,1,700,"('n', 'n', 'nɡ')",pɾoponɡajs,pɾoponɡajs
90L_10NL,3,90L_10NL_3_1,1,700,"('n', 'n', 'nɡ')",pɾoponɡajs,pɾoponɡajs
90L_10NL,3,90L_10NL_3_1,1,700,"('n', 'n', 'nɡ')",pɾoponɡajs,pɾoponɡajs
90L_10NL,3,90L_10NL_3_1,1,1008,"('n', 'nɡ', 'nɡ')",pɾoponɡajs,pɾoponɡajs
90L_10NL,3,90L_10NL_3_1,1,1008,"('n', 'nɡ', 'nɡ')",pɾoponɡajs,pɾoponɡajs
90L_10NL,3,90L_10NL_3_1,1,1008,"('n', 'nɡ', 'nɡ')",pɾoponɡajs,pɾoponɡajs
90L_10NL,3,90L_10NL_3_1,1,1008,"('n', 'nɡ', 'nɡ')",pɾoponɡajs,pɾoponɡajs
90L_10NL,3,90L_10NL_3_1,1,1008,"('n', 'nɡ', 'nɡ')",pɾoponɡajs,pɾoponɡajs
90L_10NL,3,90L_10NL_3_1,1,1008,"('n', 'nɡ', 'nɡ')",pɾoponɡajs,pɾoponɡajs
90L_10NL,3,90L_10NL_3_1,1,700,"('n', 'n', 'nɡ')",pɾoponɡajs,pɾoponɡajs
90L_10NL,3,90L_10NL_3_1,1,700,"('n', 'n', 'nɡ')",pɾoponɡajs,pɾoponɡajs
90L_10NL,3,90L_10NL_3_1,1,700,"('n', 'n', 'nɡ')",pɾoponɡajs,pɾoponɡajs
90L_10NL,3,90L_10NL_3_1,1,1008,"('n', 'nɡ', 'nɡ')",pɾoponɡajs,pɾoponɡajs
90L_10NL,3,90L_10NL_3_1,1,1008,"('n', 'nɡ', 'nɡ')",pɾoponɡajs,pɾoponɡajs
90L_10NL,3,90L_10NL_3_1,1,1008,"('n', 'nɡ', 'nɡ')",pɾoponɡajs,pɾoponɡajs
90L_10NL,3,90L_10NL_3_1,1,1008,"('n', 'nɡ', 'nɡ')",pɾoponɡajs,pɾoponɡajs
90L_10NL,3,90L_10NL_3_1,1,1008,"('n', 'nɡ', 'nɡ')",pɾoponɡajs,pɾoponɡajs
90L_10NL,3,90L_10NL_3_1,1,1008,"('n', 'nɡ', 'nɡ')",pɾoponɡajs,pɾoponɡajs
90L_10NL,3,90L_10NL_3_1,1,700,"('n', 'n', 'nɡ')",pɾoponɡajs,pɾoponɡajs
90L_10NL,3,90L_10NL_3_1,1,700,"('n', 'n', 'nɡ')",pɾoponɡajs,pɾoponɡajs
90L_10NL,3,90L_10NL_3_1,1,1008,"('n', 'nɡ', 'nɡ')",pɾoponɡajs,pɾoponɡajs
90L_10NL,3,90L_10NL_3_1,1,1008,"('n', 'nɡ', 'nɡ')",pɾoponɡajs,pɾoponɡajs
90L_10NL,3,90L_10NL_3_1,1,1008,"('n', 'nɡ', 'nɡ')",pɾoponɡajs,pɾoponɡajs
90L_10NL,3,90L_10NL_3_1,1,1008,"('n', 'nɡ', 'nɡ')",pɾoponɡajs,pɾoponɡajs
90L_10NL,3,90L_10NL_3_1,1,1008,"('n', 'nɡ', 'nɡ')",pɾoponɡajs,pɾoponɡajs
90L_10NL,3,90L_10NL_3_1,1,1008,"('n', 'nɡ', 'nɡ')",pɾoponɡajs,pɾoponɡajs
90L_10NL,3,90L_10NL_3_1,1,700,"('n', 'n', 'nɡ')",pɾoponɡajs,pɾoponɡajs
90L_10NL,3,90L_10NL_3_1,1,1008,"('n', 'nɡ', 'nɡ')",pɾoponɡajs,pɾoponɡajs
90L_10NL,3,90L_10NL_3_1,1,1008,"('n', 'nɡ', 'nɡ')",pɾoponɡajs,pɾoponɡajs
90L_10NL,3,90L_10NL_3_1,1,1008,"('n', 'nɡ', 'nɡ')",pɾoponɡajs,pɾoponɡajs
90L_10NL,3,90L_10NL_3_1,1,1008,"('n', 'nɡ', 'nɡ')",pɾoponɡajs,pɾoponɡajs
90L_10NL,3,90L_10NL_3_1,1,1008,"('n', 'nɡ', 'nɡ')",pɾoponɡajs,pɾoponɡajs
90L_10NL,3,90L_10NL_3_1,1,1008,"('n', 'nɡ', 'nɡ')",pɾoponɡajs,pɾoponɡajs
90L_10NL,3,90L_10NL_3_1,1,1008,"('n', 'nɡ', 'nɡ')",pɾoponɡajs,pɾoponɡajs
90L_10NL,3,90L_10NL_3_1,1,1008,"('n', 'nɡ', 'nɡ')",pɾoponɡajs,pɾoponɡajs
90L_10NL,3,90L_10NL_3_1,1,1008,"('n', 'nɡ', 'nɡ')",pɾoponɡajs,pɾoponɡajs
90L_10NL,3,90L_10NL_3_1,1,1008,"('n', 'nɡ', 'nɡ')",pɾoponɡajs,pɾoponɡajs
90L_10NL,3,90L_10NL_3_1,1,1008,"('n', 'nɡ', 'nɡ')",pɾoponɡajs,pɾoponɡajs
90L_10NL,3,90L_10NL_3_1,1,1008,"('n', 'nɡ', 'nɡ')",pɾoponɡajs,pɾoponɡajs
90L_10NL,3,90L_10NL_3_1,1,1050,"('nɡ', 'nɡ', 'nɡ')",pɾoponɡajs,pɾoponɡajs
90L_10NL,3,90L_10NL_3_1,1,1050,"('nɡ', 'nɡ', 'nɡ')",pɾoponɡajs,pɾoponɡajs
90L_10NL,3,90L_10NL_3_1,1,1050,"('nɡ', 'nɡ', 'nɡ')",pɾoponɡajs,pɾoponɡajs
90L_10NL,3,90L_10NL_3_1,1,1050,"('nɡ', 'nɡ', 'nɡ')",pɾoponɡajs,pɾoponɡajs
90L_10NL,3,90L_10NL_3_1,1,1050,"('nɡ', 'nɡ', 'nɡ')",pɾoponɡajs,pɾoponɡajs
90L_10NL,3,90L_10NL_3_1,1,1050,"('nɡ', 'nɡ', 'nɡ')",pɾoponɡajs,pɾoponɡajs
90L_10NL,3,90L_10NL_3_1,1,1050,"('nɡ', 'nɡ', 'nɡ')",pɾoponɡajs,pɾoponɡajs
90L_10NL,3,90L_10NL_3_1,1,1050,"('nɡ', 'nɡ', 'nɡ')",pɾoponɡajs,pɾoponɡajs
90L_10NL,3,90L_10NL_3_1,1,1050,"('nɡ', 'nɡ', 'nɡ')",pɾoponɡajs,pɾoponɡajs
90L_10NL,3,90L_10NL_3_1,1,1050,"('nɡ', 'nɡ', 'nɡ')",pɾoponɡajs,pɾoponɡajs
90L_10NL,3,90L_10NL_3_1,1,1050,"('nɡ', 'nɡ', 'nɡ')",pɾoponɡajs,pɾoponɡajs
90L_10NL,3,90L_10NL_3_1,0,1050,"('nɡ', 'nɡ', 'nɡ')",pɾoponɡamos,pɾoponɡajs
90L_10NL,3,90L_10NL_3_1,0,1050,"('nɡ', 'nɡ', 'nɡ')",pɾoponɡamos,pɾoponɡajs
90L_10NL,3,90L_10NL_3_1,0,1050,"('nɡ', 'nɡ', 'nɡ')",pɾoponɡamos,pɾoponɡajs
90L_10NL,3,90L_10NL_3_1,0,1050,"('nɡ', 'nɡ', 'nɡ')",pɾoponɡamos,pɾoponɡajs
90L_10NL,3,90L_10NL_3_1,1,700,"('n', 'n', 'nɡ')",pɾoponɡamos,pɾoponɡamos
90L_10NL,3,90L_10NL_3_1,1,700,"('n', 'n', 'nɡ')",pɾoponɡamos,pɾoponɡamos
90L_10NL,3,90L_10NL_3_1,1,700,"('n', 'n', 'nɡ')",pɾoponɡamos,pɾoponɡamos
90L_10NL,3,90L_10NL_3_1,1,700,"('n', 'n', 'nɡ')",pɾoponɡamos,pɾoponɡamos
90L_10NL,3,90L_10NL_3_1,1,1008,"('n', 'nɡ', 'nɡ')",pɾoponɡamos,pɾoponɡamos
90L_10NL,3,90L_10NL_3_1,1,1008,"('n', 'nɡ', 'nɡ')",pɾoponɡamos,pɾoponɡamos
90L_10NL,3,90L_10NL_3_1,1,1008,"('n', 'nɡ', 'nɡ')",pɾoponɡamos,pɾoponɡamos
90L_10NL,3,90L_10NL_3_1,1,1008,"('n', 'nɡ', 'nɡ')",pɾoponɡamos,pɾoponɡamos
90L_10NL,3,90L_10NL_3_1,1,1008,"('n', 'nɡ', 'nɡ')",pɾoponɡamos,pɾoponɡamos
90L_10NL,3,90L_10NL_3_1,1,1008,"('n', 'nɡ', 'nɡ')",pɾoponɡamos,pɾoponɡamos
90L_10NL,3,90L_10NL_3_1,1,700,"('n', 'n', 'nɡ')",pɾoponɡamos,pɾoponɡamos
90L_10NL,3,90L_10NL_3_1,1,700,"('n', 'n', 'nɡ')",pɾoponɡamos,pɾoponɡamos
90L_10NL,3,90L_10NL_3_1,1,700,"('n', 'n', 'nɡ')",pɾoponɡamos,pɾoponɡamos
90L_10NL,3,90L_10NL_3_1,1,1008,"('n', 'nɡ', 'nɡ')",pɾoponɡamos,pɾoponɡamos
90L_10NL,3,90L_10NL_3_1,1,1008,"('n', 'nɡ', 'nɡ')",pɾoponɡamos,pɾoponɡamos
90L_10NL,3,90L_10NL_3_1,1,1008,"('n', 'nɡ', 'nɡ')",pɾoponɡamos,pɾoponɡamos
90L_10NL,3,90L_10NL_3_1,1,1008,"('n', 'nɡ', 'nɡ')",pɾoponɡamos,pɾoponɡamos
90L_10NL,3,90L_10NL_3_1,1,1008,"('n', 'nɡ', 'nɡ')",pɾoponɡamos,pɾoponɡamos
90L_10NL,3,90L_10NL_3_1,1,1008,"('n', 'nɡ', 'nɡ')",pɾoponɡamos,pɾoponɡamos
90L_10NL,3,90L_10NL_3_1,1,700,"('n', 'n', 'nɡ')",pɾoponɡamos,pɾoponɡamos
90L_10NL,3,90L_10NL_3_1,1,700,"('n', 'n', 'nɡ')",pɾoponɡamos,pɾoponɡamos
90L_10NL,3,90L_10NL_3_1,1,1008,"('n', 'nɡ', 'nɡ')",pɾoponɡamos,pɾoponɡamos
90L_10NL,3,90L_10NL_3_1,1,1008,"('n', 'nɡ', 'nɡ')",pɾoponɡamos,pɾoponɡamos
90L_10NL,3,90L_10NL_3_1,1,1008,"('n', 'nɡ', 'nɡ')",pɾoponɡamos,pɾoponɡamos
90L_10NL,3,90L_10NL_3_1,1,1008,"('n', 'nɡ', 'nɡ')",pɾoponɡamos,pɾoponɡamos
90L_10NL,3,90L_10NL_3_1,1,1008,"('n', 'nɡ', 'nɡ')",pɾoponɡamos,pɾoponɡamos
90L_10NL,3,90L_10NL_3_1,1,1008,"('n', 'nɡ', 'nɡ')",pɾoponɡamos,pɾoponɡamos
90L_10NL,3,90L_10NL_3_1,1,700,"('n', 'n', 'nɡ')",pɾoponɡamos,pɾoponɡamos
90L_10NL,3,90L_10NL_3_1,1,1008,"('n', 'nɡ', 'nɡ')",pɾoponɡamos,pɾoponɡamos
90L_10NL,3,90L_10NL_3_1,1,1008,"('n', 'nɡ', 'nɡ')",pɾoponɡamos,pɾoponɡamos
90L_10NL,3,90L_10NL_3_1,1,1008,"('n', 'nɡ', 'nɡ')",pɾoponɡamos,pɾoponɡamos
90L_10NL,3,90L_10NL_3_1,1,1008,"('n', 'nɡ', 'nɡ')",pɾoponɡamos,pɾoponɡamos
90L_10NL,3,90L_10NL_3_1,1,1008,"('n', 'nɡ', 'nɡ')",pɾoponɡamos,pɾoponɡamos
90L_10NL,3,90L_10NL_3_1,1,1008,"('n', 'nɡ', 'nɡ')",pɾoponɡamos,pɾoponɡamos
90L_10NL,3,90L_10NL_3_1,1,1008,"('n', 'nɡ', 'nɡ')",pɾoponɡamos,pɾoponɡamos
90L_10NL,3,90L_10NL_3_1,1,1008,"('n', 'nɡ', 'nɡ')",pɾoponɡamos,pɾoponɡamos
90L_10NL,3,90L_10NL_3_1,1,1008,"('n', 'nɡ', 'nɡ')",pɾoponɡamos,pɾoponɡamos
90L_10NL,3,90L_10NL_3_1,1,1008,"('n', 'nɡ', 'nɡ')",pɾoponɡamos,pɾoponɡamos
90L_10NL,3,90L_10NL_3_1,1,1008,"('n', 'nɡ', 'nɡ')",pɾoponɡamos,pɾoponɡamos
90L_10NL,3,90L_10NL_3_1,1,1008,"('n', 'nɡ', 'nɡ')",pɾoponɡamos,pɾoponɡamos
90L_10NL,3,90L_10NL_3_1,1,1050,"('nɡ', 'nɡ', 'nɡ')",pɾoponɡamos,pɾoponɡamos
90L_10NL,3,90L_10NL_3_1,1,1050,"('nɡ', 'nɡ', 'nɡ')",pɾoponɡamos,pɾoponɡamos
90L_10NL,3,90L_10NL_3_1,1,1050,"('nɡ', 'nɡ', 'nɡ')",pɾoponɡamos,pɾoponɡamos
90L_10NL,3,90L_10NL_3_1,1,1050,"('nɡ', 'nɡ', 'nɡ')",pɾoponɡamos,pɾoponɡamos
90L_10NL,3,90L_10NL_3_1,1,1050,"('nɡ', 'nɡ', 'nɡ')",pɾoponɡamos,pɾoponɡamos
90L_10NL,3,90L_10NL_3_1,1,1050,"('nɡ', 'nɡ', 'nɡ')",pɾoponɡamos,pɾoponɡamos
90L_10NL,3,90L_10NL_3_1,1,1050,"('nɡ', 'nɡ', 'nɡ')",pɾoponɡamos,pɾoponɡamos
90L_10NL,3,90L_10NL_3_1,1,1050,"('nɡ', 'nɡ', 'nɡ')",pɾoponɡamos,pɾoponɡamos
90L_10NL,3,90L_10NL_3_1,1,1050,"('nɡ', 'nɡ', 'nɡ')",pɾoponɡamos,pɾoponɡamos
90L_10NL,3,90L_10NL_3_1,1,1050,"('nɡ', 'nɡ', 'nɡ')",pɾoponɡamos,pɾoponɡamos
90L_10NL,3,90L_10NL_3_1,1,1050,"('nɡ', 'nɡ', 'nɡ')",pɾoponɡamos,pɾoponɡamos
90L_10NL,3,90L_10NL_3_1,0,1050,"('nɡ', 'nɡ', 'nɡ')",pɾoponɡan,pɾoponɡamos
90L_10NL,3,90L_10NL_3_1,0,1050,"('nɡ', 'nɡ', 'nɡ')",pɾoponɡan,pɾoponɡamos
90L_10NL,3,90L_10NL_3_1,0,1050,"('nɡ', 'nɡ', 'nɡ')",pɾoponɡan,pɾoponɡamos
90L_10NL,3,90L_10NL_3_1,0,1050,"('nɡ', 'nɡ', 'nɡ')",pɾoponɡan,pɾoponɡamos
90L_10NL,3,90L_10NL_3_1,1,700,"('n', 'n', 'nɡ')",pɾoponɡan,pɾoponɡan
90L_10NL,3,90L_10NL_3_1,1,700,"('n', 'n', 'nɡ')",pɾoponɡan,pɾoponɡan
90L_10NL,3,90L_10NL_3_1,1,700,"('n', 'n', 'nɡ')",pɾoponɡan,pɾoponɡan
90L_10NL,3,90L_10NL_3_1,1,700,"('n', 'n', 'nɡ')",pɾoponɡan,pɾoponɡan
90L_10NL,3,90L_10NL_3_1,1,1008,"('n', 'nɡ', 'nɡ')",pɾoponɡan,pɾoponɡan
90L_10NL,3,90L_10NL_3_1,1,1008,"('n', 'nɡ', 'nɡ')",pɾoponɡan,pɾoponɡan
90L_10NL,3,90L_10NL_3_1,1,1008,"('n', 'nɡ', 'nɡ')",pɾoponɡan,pɾoponɡan
90L_10NL,3,90L_10NL_3_1,1,1008,"('n', 'nɡ', 'nɡ')",pɾoponɡan,pɾoponɡan
90L_10NL,3,90L_10NL_3_1,1,1008,"('n', 'nɡ', 'nɡ')",pɾoponɡan,pɾoponɡan
90L_10NL,3,90L_10NL_3_1,1,1008,"('n', 'nɡ', 'nɡ')",pɾoponɡan,pɾoponɡan
90L_10NL,3,90L_10NL_3_1,1,700,"('n', 'n', 'nɡ')",pɾoponɡan,pɾoponɡan
90L_10NL,3,90L_10NL_3_1,1,700,"('n', 'n', 'nɡ')",pɾoponɡan,pɾoponɡan
90L_10NL,3,90L_10NL_3_1,1,700,"('n', 'n', 'nɡ')",pɾoponɡan,pɾoponɡan
90L_10NL,3,90L_10NL_3_1,1,1008,"('n', 'nɡ', 'nɡ')",pɾoponɡan,pɾoponɡan
90L_10NL,3,90L_10NL_3_1,1,1008,"('n', 'nɡ', 'nɡ')",pɾoponɡan,pɾoponɡan
90L_10NL,3,90L_10NL_3_1,1,1008,"('n', 'nɡ', 'nɡ')",pɾoponɡan,pɾoponɡan
90L_10NL,3,90L_10NL_3_1,1,1008,"('n', 'nɡ', 'nɡ')",pɾoponɡan,pɾoponɡan
90L_10NL,3,90L_10NL_3_1,1,1008,"('n', 'nɡ', 'nɡ')",pɾoponɡan,pɾoponɡan
90L_10NL,3,90L_10NL_3_1,1,1008,"('n', 'nɡ', 'nɡ')",pɾoponɡan,pɾoponɡan
90L_10NL,3,90L_10NL_3_1,1,700,"('n', 'n', 'nɡ')",pɾoponɡan,pɾoponɡan
90L_10NL,3,90L_10NL_3_1,1,700,"('n', 'n', 'nɡ')",pɾoponɡan,pɾoponɡan
90L_10NL,3,90L_10NL_3_1,1,1008,"('n', 'nɡ', 'nɡ')",pɾoponɡan,pɾoponɡan
90L_10NL,3,90L_10NL_3_1,1,1008,"('n', 'nɡ', 'nɡ')",pɾoponɡan,pɾoponɡan
90L_10NL,3,90L_10NL_3_1,1,1008,"('n', 'nɡ', 'nɡ')",pɾoponɡan,pɾoponɡan
90L_10NL,3,90L_10NL_3_1,1,1008,"('n', 'nɡ', 'nɡ')",pɾoponɡan,pɾoponɡan
90L_10NL,3,90L_10NL_3_1,1,1008,"('n', 'nɡ', 'nɡ')",pɾoponɡan,pɾoponɡan
90L_10NL,3,90L_10NL_3_1,1,1008,"('n', 'nɡ', 'nɡ')",pɾoponɡan,pɾoponɡan
90L_10NL,3,90L_10NL_3_1,1,700,"('n', 'n', 'nɡ')",pɾoponɡan,pɾoponɡan
90L_10NL,3,90L_10NL_3_1,1,1008,"('n', 'nɡ', 'nɡ')",pɾoponɡan,pɾoponɡan
90L_10NL,3,90L_10NL_3_1,1,1008,"('n', 'nɡ', 'nɡ')",pɾoponɡan,pɾoponɡan
90L_10NL,3,90L_10NL_3_1,1,1008,"('n', 'nɡ', 'nɡ')",pɾoponɡan,pɾoponɡan
90L_10NL,3,90L_10NL_3_1,1,1008,"('n', 'nɡ', 'nɡ')",pɾoponɡan,pɾoponɡan
90L_10NL,3,90L_10NL_3_1,1,1008,"('n', 'nɡ', 'nɡ')",pɾoponɡan,pɾoponɡan
90L_10NL,3,90L_10NL_3_1,1,1008,"('n', 'nɡ', 'nɡ')",pɾoponɡan,pɾoponɡan
90L_10NL,3,90L_10NL_3_1,1,1008,"('n', 'nɡ', 'nɡ')",pɾoponɡan,pɾoponɡan
90L_10NL,3,90L_10NL_3_1,1,1008,"('n', 'nɡ', 'nɡ')",pɾoponɡan,pɾoponɡan
90L_10NL,3,90L_10NL_3_1,1,1008,"('n', 'nɡ', 'nɡ')",pɾoponɡan,pɾoponɡan
90L_10NL,3,90L_10NL_3_1,1,1008,"('n', 'nɡ', 'nɡ')",pɾoponɡan,pɾoponɡan
90L_10NL,3,90L_10NL_3_1,1,1008,"('n', 'nɡ', 'nɡ')",pɾoponɡan,pɾoponɡan
90L_10NL,3,90L_10NL_3_1,1,1008,"('n', 'nɡ', 'nɡ')",pɾoponɡan,pɾoponɡan
90L_10NL,3,90L_10NL_3_1,1,1050,"('nɡ', 'nɡ', 'nɡ')",pɾoponɡan,pɾoponɡan
90L_10NL,3,90L_10NL_3_1,1,1050,"('nɡ', 'nɡ', 'nɡ')",pɾoponɡan,pɾoponɡan
90L_10NL,3,90L_10NL_3_1,1,1050,"('nɡ', 'nɡ', 'nɡ')",pɾoponɡan,pɾoponɡan
90L_10NL,3,90L_10NL_3_1,1,1050,"('nɡ', 'nɡ', 'nɡ')",pɾoponɡan,pɾoponɡan
90L_10NL,3,90L_10NL_3_1,1,1050,"('nɡ', 'nɡ', 'nɡ')",pɾoponɡan,pɾoponɡan
90L_10NL,3,90L_10NL_3_1,1,1050,"('nɡ', 'nɡ', 'nɡ')",pɾoponɡan,pɾoponɡan
90L_10NL,3,90L_10NL_3_1,1,1050,"('nɡ', 'nɡ', 'nɡ')",pɾoponɡan,pɾoponɡan
90L_10NL,3,90L_10NL_3_1,1,1050,"('nɡ', 'nɡ', 'nɡ')",pɾoponɡan,pɾoponɡan
90L_10NL,3,90L_10NL_3_1,1,1050,"('nɡ', 'nɡ', 'nɡ')",pɾoponɡan,pɾoponɡan
90L_10NL,3,90L_10NL_3_1,1,1050,"('nɡ', 'nɡ', 'nɡ')",pɾoponɡan,pɾoponɡan
90L_10NL,3,90L_10NL_3_1,1,1050,"('nɡ', 'nɡ', 'nɡ')",pɾoponɡan,pɾoponɡan
90L_10NL,3,90L_10NL_3_1,0,1050,"('nɡ', 'nɡ', 'nɡ')",pɾoponɡas,pɾoponɡan
90L_10NL,3,90L_10NL_3_1,0,1050,"('nɡ', 'nɡ', 'nɡ')",pɾoponɡas,pɾoponɡan
90L_10NL,3,90L_10NL_3_1,0,1050,"('nɡ', 'nɡ', 'nɡ')",pɾoponɡas,pɾoponɡan
90L_10NL,3,90L_10NL_3_1,0,1050,"('nɡ', 'nɡ', 'nɡ')",pɾoponɡas,pɾoponɡan
90L_10NL,3,90L_10NL_3_1,1,700,"('n', 'n', 'nɡ')",pɾoponɡas,pɾoponɡas
90L_10NL,3,90L_10NL_3_1,1,700,"('n', 'n', 'nɡ')",pɾoponɡas,pɾoponɡas
90L_10NL,3,90L_10NL_3_1,1,700,"('n', 'n', 'nɡ')",pɾoponɡas,pɾoponɡas
90L_10NL,3,90L_10NL_3_1,1,700,"('n', 'n', 'nɡ')",pɾoponɡas,pɾoponɡas
90L_10NL,3,90L_10NL_3_1,1,1008,"('n', 'nɡ', 'nɡ')",pɾoponɡas,pɾoponɡas
90L_10NL,3,90L_10NL_3_1,1,1008,"('n', 'nɡ', 'nɡ')",pɾoponɡas,pɾoponɡas
90L_10NL,3,90L_10NL_3_1,1,1008,"('n', 'nɡ', 'nɡ')",pɾoponɡas,pɾoponɡas
90L_10NL,3,90L_10NL_3_1,1,1008,"('n', 'nɡ', 'nɡ')",pɾoponɡas,pɾoponɡas
90L_10NL,3,90L_10NL_3_1,1,1008,"('n', 'nɡ', 'nɡ')",pɾoponɡas,pɾoponɡas
90L_10NL,3,90L_10NL_3_1,1,1008,"('n', 'nɡ', 'nɡ')",pɾoponɡas,pɾoponɡas
90L_10NL,3,90L_10NL_3_1,1,700,"('n', 'n', 'nɡ')",pɾoponɡas,pɾoponɡas
90L_10NL,3,90L_10NL_3_1,1,700,"('n', 'n', 'nɡ')",pɾoponɡas,pɾoponɡas
90L_10NL,3,90L_10NL_3_1,1,700,"('n', 'n', 'nɡ')",pɾoponɡas,pɾoponɡas
90L_10NL,3,90L_10NL_3_1,1,1008,"('n', 'nɡ', 'nɡ')",pɾoponɡas,pɾoponɡas
90L_10NL,3,90L_10NL_3_1,1,1008,"('n', 'nɡ', 'nɡ')",pɾoponɡas,pɾoponɡas
90L_10NL,3,90L_10NL_3_1,1,1008,"('n', 'nɡ', 'nɡ')",pɾoponɡas,pɾoponɡas
90L_10NL,3,90L_10NL_3_1,1,1008,"('n', 'nɡ', 'nɡ')",pɾoponɡas,pɾoponɡas
90L_10NL,3,90L_10NL_3_1,1,1008,"('n', 'nɡ', 'nɡ')",pɾoponɡas,pɾoponɡas
90L_10NL,3,90L_10NL_3_1,1,1008,"('n', 'nɡ', 'nɡ')",pɾoponɡas,pɾoponɡas
90L_10NL,3,90L_10NL_3_1,1,700,"('n', 'n', 'nɡ')",pɾoponɡas,pɾoponɡas
90L_10NL,3,90L_10NL_3_1,1,700,"('n', 'n', 'nɡ')",pɾoponɡas,pɾoponɡas
90L_10NL,3,90L_10NL_3_1,1,1008,"('n', 'nɡ', 'nɡ')",pɾoponɡas,pɾoponɡas
90L_10NL,3,90L_10NL_3_1,1,1008,"('n', 'nɡ', 'nɡ')",pɾoponɡas,pɾoponɡas
90L_10NL,3,90L_10NL_3_1,1,1008,"('n', 'nɡ', 'nɡ')",pɾoponɡas,pɾoponɡas
90L_10NL,3,90L_10NL_3_1,1,1008,"('n', 'nɡ', 'nɡ')",pɾoponɡas,pɾoponɡas
90L_10NL,3,90L_10NL_3_1,1,1008,"('n', 'nɡ', 'nɡ')",pɾoponɡas,pɾoponɡas
90L_10NL,3,90L_10NL_3_1,1,1008,"('n', 'nɡ', 'nɡ')",pɾoponɡas,pɾoponɡas
90L_10NL,3,90L_10NL_3_1,1,700,"('n', 'n', 'nɡ')",pɾoponɡas,pɾoponɡas
90L_10NL,3,90L_10NL_3_1,1,1008,"('n', 'nɡ', 'nɡ')",pɾoponɡas,pɾoponɡas
90L_10NL,3,90L_10NL_3_1,1,1008,"('n', 'nɡ', 'nɡ')",pɾoponɡas,pɾoponɡas
90L_10NL,3,90L_10NL_3_1,1,1008,"('n', 'nɡ', 'nɡ')",pɾoponɡas,pɾoponɡas
90L_10NL,3,90L_10NL_3_1,1,1008,"('n', 'nɡ', 'nɡ')",pɾoponɡas,pɾoponɡas
90L_10NL,3,90L_10NL_3_1,1,1008,"('n', 'nɡ', 'nɡ')",pɾoponɡas,pɾoponɡas
90L_10NL,3,90L_10NL_3_1,1,1008,"('n', 'nɡ', 'nɡ')",pɾoponɡas,pɾoponɡas
90L_10NL,3,90L_10NL_3_1,1,1008,"('n', 'nɡ', 'nɡ')",pɾoponɡas,pɾoponɡas
90L_10NL,3,90L_10NL_3_1,1,1008,"('n', 'nɡ', 'nɡ')",pɾoponɡas,pɾoponɡas
90L_10NL,3,90L_10NL_3_1,1,1008,"('n', 'nɡ', 'nɡ')",pɾoponɡas,pɾoponɡas
90L_10NL,3,90L_10NL_3_1,1,1008,"('n', 'nɡ', 'nɡ')",pɾoponɡas,pɾoponɡas
90L_10NL,3,90L_10NL_3_1,1,1008,"('n', 'nɡ', 'nɡ')",pɾoponɡas,pɾoponɡas
90L_10NL,3,90L_10NL_3_1,1,1008,"('n', 'nɡ', 'nɡ')",pɾoponɡas,pɾoponɡas
90L_10NL,3,90L_10NL_3_1,1,1050,"('nɡ', 'nɡ', 'nɡ')",pɾoponɡas,pɾoponɡas
90L_10NL,3,90L_10NL_3_1,1,1050,"('nɡ', 'nɡ', 'nɡ')",pɾoponɡas,pɾoponɡas
90L_10NL,3,90L_10NL_3_1,1,1050,"('nɡ', 'nɡ', 'nɡ')",pɾoponɡas,pɾoponɡas
90L_10NL,3,90L_10NL_3_1,1,1050,"('nɡ', 'nɡ', 'nɡ')",pɾoponɡas,pɾoponɡas
90L_10NL,3,90L_10NL_3_1,1,1050,"('nɡ', 'nɡ', 'nɡ')",pɾoponɡas,pɾoponɡas
90L_10NL,3,90L_10NL_3_1,1,1050,"('nɡ', 'nɡ', 'nɡ')",pɾoponɡas,pɾoponɡas
90L_10NL,3,90L_10NL_3_1,1,1050,"('nɡ', 'nɡ', 'nɡ')",pɾoponɡas,pɾoponɡas
90L_10NL,3,90L_10NL_3_1,1,1050,"('nɡ', 'nɡ', 'nɡ')",pɾoponɡas,pɾoponɡas
90L_10NL,3,90L_10NL_3_1,1,1050,"('nɡ', 'nɡ', 'nɡ')",pɾoponɡas,pɾoponɡas
90L_10NL,3,90L_10NL_3_1,1,1050,"('nɡ', 'nɡ', 'nɡ')",pɾoponɡas,pɾoponɡas
90L_10NL,3,90L_10NL_3_1,1,1050,"('nɡ', 'nɡ', 'nɡ')",pɾoponɡas,pɾoponɡas
90L_10NL,3,90L_10NL_3_1,0,1050,"('nɡ', 'nɡ', 'nɡ')",pɾoponɡa,pɾoponɡas
90L_10NL,3,90L_10NL_3_1,0,1050,"('nɡ', 'nɡ', 'nɡ')",pɾoponɡa,pɾoponɡas
90L_10NL,3,90L_10NL_3_1,0,1050,"('nɡ', 'nɡ', 'nɡ')",pɾoponɡa,pɾoponɡas
90L_10NL,3,90L_10NL_3_1,0,1050,"('nɡ', 'nɡ', 'nɡ')",pɾoponɡa,pɾoponɡas
90L_10NL,3,90L_10NL_3_1,1,700,"('n', 'n', 'nɡ')",pɾoponɡa,pɾoponɡa
90L_10NL,3,90L_10NL_3_1,1,700,"('n', 'n', 'nɡ')",pɾoponɡa,pɾoponɡa
90L_10NL,3,90L_10NL_3_1,1,700,"('n', 'n', 'nɡ')",pɾoponɡa,pɾoponɡa
90L_10NL,3,90L_10NL_3_1,1,700,"('n', 'n', 'nɡ')",pɾoponɡa,pɾoponɡa
90L_10NL,3,90L_10NL_3_1,1,1008,"('n', 'nɡ', 'nɡ')",pɾoponɡa,pɾoponɡa
90L_10NL,3,90L_10NL_3_1,1,1008,"('n', 'nɡ', 'nɡ')",pɾoponɡa,pɾoponɡa
90L_10NL,3,90L_10NL_3_1,1,1008,"('n', 'nɡ', 'nɡ')",pɾoponɡa,pɾoponɡa
90L_10NL,3,90L_10NL_3_1,1,1008,"('n', 'nɡ', 'nɡ')",pɾoponɡa,pɾoponɡa
90L_10NL,3,90L_10NL_3_1,1,1008,"('n', 'nɡ', 'nɡ')",pɾoponɡa,pɾoponɡa
90L_10NL,3,90L_10NL_3_1,1,1008,"('n', 'nɡ', 'nɡ')",pɾoponɡa,pɾoponɡa
90L_10NL,3,90L_10NL_3_1,1,700,"('n', 'n', 'nɡ')",pɾoponɡa,pɾoponɡa
90L_10NL,3,90L_10NL_3_1,1,700,"('n', 'n', 'nɡ')",pɾoponɡa,pɾoponɡa
90L_10NL,3,90L_10NL_3_1,1,700,"('n', 'n', 'nɡ')",pɾoponɡa,pɾoponɡa
90L_10NL,3,90L_10NL_3_1,1,1008,"('n', 'nɡ', 'nɡ')",pɾoponɡa,pɾoponɡa
90L_10NL,3,90L_10NL_3_1,1,1008,"('n', 'nɡ', 'nɡ')",pɾoponɡa,pɾoponɡa
90L_10NL,3,90L_10NL_3_1,1,1008,"('n', 'nɡ', 'nɡ')",pɾoponɡa,pɾoponɡa
90L_10NL,3,90L_10NL_3_1,1,1008,"('n', 'nɡ', 'nɡ')",pɾoponɡa,pɾoponɡa
90L_10NL,3,90L_10NL_3_1,1,1008,"('n', 'nɡ', 'nɡ')",pɾoponɡa,pɾoponɡa
90L_10NL,3,90L_10NL_3_1,1,1008,"('n', 'nɡ', 'nɡ')",pɾoponɡa,pɾoponɡa
90L_10NL,3,90L_10NL_3_1,1,700,"('n', 'n', 'nɡ')",pɾoponɡa,pɾoponɡa
90L_10NL,3,90L_10NL_3_1,1,700,"('n', 'n', 'nɡ')",pɾoponɡa,pɾoponɡa
90L_10NL,3,90L_10NL_3_1,1,1008,"('n', 'nɡ', 'nɡ')",pɾoponɡa,pɾoponɡa
90L_10NL,3,90L_10NL_3_1,1,1008,"('n', 'nɡ', 'nɡ')",pɾoponɡa,pɾoponɡa
90L_10NL,3,90L_10NL_3_1,1,1008,"('n', 'nɡ', 'nɡ')",pɾoponɡa,pɾoponɡa
90L_10NL,3,90L_10NL_3_1,1,1008,"('n', 'nɡ', 'nɡ')",pɾoponɡa,pɾoponɡa
90L_10NL,3,90L_10NL_3_1,1,1008,"('n', 'nɡ', 'nɡ')",pɾoponɡa,pɾoponɡa
90L_10NL,3,90L_10NL_3_1,1,1008,"('n', 'nɡ', 'nɡ')",pɾoponɡa,pɾoponɡa
90L_10NL,3,90L_10NL_3_1,1,700,"('n', 'n', 'nɡ')",pɾoponɡa,pɾoponɡa
90L_10NL,3,90L_10NL_3_1,1,1008,"('n', 'nɡ', 'nɡ')",pɾoponɡa,pɾoponɡa
90L_10NL,3,90L_10NL_3_1,1,1008,"('n', 'nɡ', 'nɡ')",pɾoponɡa,pɾoponɡa
90L_10NL,3,90L_10NL_3_1,1,1008,"('n', 'nɡ', 'nɡ')",pɾoponɡa,pɾoponɡa
90L_10NL,3,90L_10NL_3_1,1,1008,"('n', 'nɡ', 'nɡ')",pɾoponɡa,pɾoponɡa
90L_10NL,3,90L_10NL_3_1,1,1008,"('n', 'nɡ', 'nɡ')",pɾoponɡa,pɾoponɡa
90L_10NL,3,90L_10NL_3_1,1,1008,"('n', 'nɡ', 'nɡ')",pɾoponɡa,pɾoponɡa
90L_10NL,3,90L_10NL_3_1,1,1008,"('n', 'nɡ', 'nɡ')",pɾoponɡa,pɾoponɡa
90L_10NL,3,90L_10NL_3_1,1,1008,"('n', 'nɡ', 'nɡ')",pɾoponɡa,pɾoponɡa
90L_10NL,3,90L_10NL_3_1,1,1008,"('n', 'nɡ', 'nɡ')",pɾoponɡa,pɾoponɡa
90L_10NL,3,90L_10NL_3_1,1,1008,"('n', 'nɡ', 'nɡ')",pɾoponɡa,pɾoponɡa
90L_10NL,3,90L_10NL_3_1,1,1008,"('n', 'nɡ', 'nɡ')",pɾoponɡa,pɾoponɡa
90L_10NL,3,90L_10NL_3_1,1,1008,"('n', 'nɡ', 'nɡ')",pɾoponɡa,pɾoponɡa
90L_10NL,3,90L_10NL_3_1,1,1050,"('nɡ', 'nɡ', 'nɡ')",pɾoponɡa,pɾoponɡa
90L_10NL,3,90L_10NL_3_1,1,1050,"('nɡ', 'nɡ', 'nɡ')",pɾoponɡa,pɾoponɡa
90L_10NL,3,90L_10NL_3_1,1,1050,"('nɡ', 'nɡ', 'nɡ')",pɾoponɡa,pɾoponɡa
90L_10NL,3,90L_10NL_3_1,1,1050,"('nɡ', 'nɡ', 'nɡ')",pɾoponɡa,pɾoponɡa
90L_10NL,3,90L_10NL_3_1,1,1050,"('nɡ', 'nɡ', 'nɡ')",pɾoponɡa,pɾoponɡa
90L_10NL,3,90L_10NL_3_1,1,1050,"('nɡ', 'nɡ', 'nɡ')",pɾoponɡa,pɾoponɡa
90L_10NL,3,90L_10NL_3_1,1,1050,"('nɡ', 'nɡ', 'nɡ')",pɾoponɡa,pɾoponɡa
90L_10NL,3,90L_10NL_3_1,1,1050,"('nɡ', 'nɡ', 'nɡ')",pɾoponɡa,pɾoponɡa
90L_10NL,3,90L_10NL_3_1,1,1050,"('nɡ', 'nɡ', 'nɡ')",pɾoponɡa,pɾoponɡa
90L_10NL,3,90L_10NL_3_1,1,1050,"('nɡ', 'nɡ', 'nɡ')",pɾoponɡa,pɾoponɡa
90L_10NL,3,90L_10NL_3_1,1,1050,"('nɡ', 'nɡ', 'nɡ')",pɾoponɡa,pɾoponɡa
90L_10NL,3,90L_10NL_3_1,1,1050,"('nɡ', 'nɡ', 'nɡ')",pɾoponɡa,pɾoponɡa
90L_10NL,3,90L_10NL_3_1,1,1050,"('nɡ', 'nɡ', 'nɡ')",pɾoponɡa,pɾoponɡa
90L_10NL,3,90L_10NL_3_1,1,1050,"('nɡ', 'nɡ', 'nɡ')",pɾoponɡa,pɾoponɡa
90L_10NL,3,90L_10NL_3_1,1,1050,"('nɡ', 'nɡ', 'nɡ')",pɾoponɡa,pɾoponɡa
90L_10NL,3,90L_10NL_3_1,1,700,"('n', 'n', 'nɡ')",pɾoponɡa,pɾoponɡa
90L_10NL,3,90L_10NL_3_1,1,700,"('n', 'n', 'nɡ')",pɾoponɡa,pɾoponɡa
90L_10NL,3,90L_10NL_3_1,1,700,"('n', 'n', 'nɡ')",pɾoponɡa,pɾoponɡa
90L_10NL,3,90L_10NL_3_1,1,700,"('n', 'n', 'nɡ')",pɾoponɡa,pɾoponɡa
90L_10NL,3,90L_10NL_3_1,1,1008,"('n', 'nɡ', 'nɡ')",pɾoponɡa,pɾoponɡa
90L_10NL,3,90L_10NL_3_1,1,1008,"('n', 'nɡ', 'nɡ')",pɾoponɡa,pɾoponɡa
90L_10NL,3,90L_10NL_3_1,1,1008,"('n', 'nɡ', 'nɡ')",pɾoponɡa,pɾoponɡa
90L_10NL,3,90L_10NL_3_1,1,1008,"('n', 'nɡ', 'nɡ')",pɾoponɡa,pɾoponɡa
90L_10NL,3,90L_10NL_3_1,1,1008,"('n', 'nɡ', 'nɡ')",pɾoponɡa,pɾoponɡa
90L_10NL,3,90L_10NL_3_1,1,1008,"('n', 'nɡ', 'nɡ')",pɾoponɡa,pɾoponɡa
90L_10NL,3,90L_10NL_3_1,1,700,"('n', 'n', 'nɡ')",pɾoponɡa,pɾoponɡa
90L_10NL,3,90L_10NL_3_1,1,700,"('n', 'n', 'nɡ')",pɾoponɡa,pɾoponɡa
90L_10NL,3,90L_10NL_3_1,1,700,"('n', 'n', 'nɡ')",pɾoponɡa,pɾoponɡa
90L_10NL,3,90L_10NL_3_1,1,1008,"('n', 'nɡ', 'nɡ')",pɾoponɡa,pɾoponɡa
90L_10NL,3,90L_10NL_3_1,1,1008,"('n', 'nɡ', 'nɡ')",pɾoponɡa,pɾoponɡa
90L_10NL,3,90L_10NL_3_1,1,1008,"('n', 'nɡ', 'nɡ')",pɾoponɡa,pɾoponɡa
90L_10NL,3,90L_10NL_3_1,1,1008,"('n', 'nɡ', 'nɡ')",pɾoponɡa,pɾoponɡa
90L_10NL,3,90L_10NL_3_1,1,1008,"('n', 'nɡ', 'nɡ')",pɾoponɡa,pɾoponɡa
90L_10NL,3,90L_10NL_3_1,1,1008,"('n', 'nɡ', 'nɡ')",pɾoponɡa,pɾoponɡa
90L_10NL,3,90L_10NL_3_1,1,700,"('n', 'n', 'nɡ')",pɾoponɡa,pɾoponɡa
90L_10NL,3,90L_10NL_3_1,1,700,"('n', 'n', 'nɡ')",pɾoponɡa,pɾoponɡa
90L_10NL,3,90L_10NL_3_1,1,1008,"('n', 'nɡ', 'nɡ')",pɾoponɡa,pɾoponɡa
90L_10NL,3,90L_10NL_3_1,1,1008,"('n', 'nɡ', 'nɡ')",pɾoponɡa,pɾoponɡa
90L_10NL,3,90L_10NL_3_1,1,1008,"('n', 'nɡ', 'nɡ')",pɾoponɡa,pɾoponɡa
90L_10NL,3,90L_10NL_3_1,1,1008,"('n', 'nɡ', 'nɡ')",pɾoponɡa,pɾoponɡa
90L_10NL,3,90L_10NL_3_1,1,1008,"('n', 'nɡ', 'nɡ')",pɾoponɡa,pɾoponɡa
90L_10NL,3,90L_10NL_3_1,1,1008,"('n', 'nɡ', 'nɡ')",pɾoponɡa,pɾoponɡa
90L_10NL,3,90L_10NL_3_1,1,700,"('n', 'n', 'nɡ')",pɾoponɡa,pɾoponɡa
90L_10NL,3,90L_10NL_3_1,1,1008,"('n', 'nɡ', 'nɡ')",pɾoponɡa,pɾoponɡa
90L_10NL,3,90L_10NL_3_1,1,1008,"('n', 'nɡ', 'nɡ')",pɾoponɡa,pɾoponɡa
90L_10NL,3,90L_10NL_3_1,1,1008,"('n', 'nɡ', 'nɡ')",pɾoponɡa,pɾoponɡa
90L_10NL,3,90L_10NL_3_1,1,1008,"('n', 'nɡ', 'nɡ')",pɾoponɡa,pɾoponɡa
90L_10NL,3,90L_10NL_3_1,1,1008,"('n', 'nɡ', 'nɡ')",pɾoponɡa,pɾoponɡa
90L_10NL,3,90L_10NL_3_1,1,1008,"('n', 'nɡ', 'nɡ')",pɾoponɡa,pɾoponɡa
90L_10NL,3,90L_10NL_3_1,1,1008,"('n', 'nɡ', 'nɡ')",pɾoponɡa,pɾoponɡa
90L_10NL,3,90L_10NL_3_1,1,1008,"('n', 'nɡ', 'nɡ')",pɾoponɡa,pɾoponɡa
90L_10NL,3,90L_10NL_3_1,1,1008,"('n', 'nɡ', 'nɡ')",pɾoponɡa,pɾoponɡa
90L_10NL,3,90L_10NL_3_1,1,1008,"('n', 'nɡ', 'nɡ')",pɾoponɡa,pɾoponɡa
90L_10NL,3,90L_10NL_3_1,1,1008,"('n', 'nɡ', 'nɡ')",pɾoponɡa,pɾoponɡa
90L_10NL,3,90L_10NL_3_1,1,1008,"('n', 'nɡ', 'nɡ')",pɾoponɡa,pɾoponɡa
90L_10NL,3,90L_10NL_3_1,1,1050,"('nɡ', 'nɡ', 'nɡ')",pɾoponɡa,pɾoponɡa
90L_10NL,3,90L_10NL_3_1,1,1050,"('nɡ', 'nɡ', 'nɡ')",pɾoponɡa,pɾoponɡa
90L_10NL,3,90L_10NL_3_1,1,1050,"('nɡ', 'nɡ', 'nɡ')",pɾoponɡa,pɾoponɡa
90L_10NL,3,90L_10NL_3_1,1,1050,"('nɡ', 'nɡ', 'nɡ')",pɾoponɡa,pɾoponɡa
90L_10NL,3,90L_10NL_3_1,1,1050,"('nɡ', 'nɡ', 'nɡ')",pɾoponɡa,pɾoponɡa
90L_10NL,3,90L_10NL_3_1,1,1050,"('nɡ', 'nɡ', 'nɡ')",pɾoponɡa,pɾoponɡa
90L_10NL,3,90L_10NL_3_1,1,1050,"('nɡ', 'nɡ', 'nɡ')",pɾoponɡa,pɾoponɡa
90L_10NL,3,90L_10NL_3_1,1,1050,"('nɡ', 'nɡ', 'nɡ')",pɾoponɡa,pɾoponɡa
90L_10NL,3,90L_10NL_3_1,1,1050,"('nɡ', 'nɡ', 'nɡ')",pɾoponɡa,pɾoponɡa
90L_10NL,3,90L_10NL_3_1,1,1050,"('nɡ', 'nɡ', 'nɡ')",pɾoponɡa,pɾoponɡa
90L_10NL,3,90L_10NL_3_1,1,1050,"('nɡ', 'nɡ', 'nɡ')",pɾoponɡa,pɾoponɡa
90L_10NL,3,90L_10NL_3_1,0,1050,"('nɡ', 'nɡ', 'nɡ')",pɾoponɡo,pɾoponɡa
90L_10NL,3,90L_10NL_3_1,0,1050,"('nɡ', 'nɡ', 'nɡ')",pɾoponɡo,pɾoponɡa
90L_10NL,3,90L_10NL_3_1,0,1050,"('nɡ', 'nɡ', 'nɡ')",pɾoponɡo,pɾoponɡa
90L_10NL,3,90L_10NL_3_1,0,1050,"('nɡ', 'nɡ', 'nɡ')",pɾoponɡo,pɾoponɡa
90L_10NL,3,90L_10NL_3_1,1,700,"('n', 'n', 'nɡ')",pɾoponɡo,pɾoponɡo
90L_10NL,3,90L_10NL_3_1,1,700,"('n', 'n', 'nɡ')",pɾoponɡo,pɾoponɡo
90L_10NL,3,90L_10NL_3_1,1,700,"('n', 'n', 'nɡ')",pɾoponɡo,pɾoponɡo
90L_10NL,3,90L_10NL_3_1,1,700,"('n', 'n', 'nɡ')",pɾoponɡo,pɾoponɡo
90L_10NL,3,90L_10NL_3_1,1,1008,"('n', 'nɡ', 'nɡ')",pɾoponɡo,pɾoponɡo
90L_10NL,3,90L_10NL_3_1,1,1008,"('n', 'nɡ', 'nɡ')",pɾoponɡo,pɾoponɡo
90L_10NL,3,90L_10NL_3_1,1,1008,"('n', 'nɡ', 'nɡ')",pɾoponɡo,pɾoponɡo
90L_10NL,3,90L_10NL_3_1,1,1008,"('n', 'nɡ', 'nɡ')",pɾoponɡo,pɾoponɡo
90L_10NL,3,90L_10NL_3_1,1,1008,"('n', 'nɡ', 'nɡ')",pɾoponɡo,pɾoponɡo
90L_10NL,3,90L_10NL_3_1,1,1008,"('n', 'nɡ', 'nɡ')",pɾoponɡo,pɾoponɡo
90L_10NL,3,90L_10NL_3_1,1,700,"('n', 'n', 'nɡ')",pɾoponɡo,pɾoponɡo
90L_10NL,3,90L_10NL_3_1,1,700,"('n', 'n', 'nɡ')",pɾoponɡo,pɾoponɡo
90L_10NL,3,90L_10NL_3_1,1,700,"('n', 'n', 'nɡ')",pɾoponɡo,pɾoponɡo
90L_10NL,3,90L_10NL_3_1,1,1008,"('n', 'nɡ', 'nɡ')",pɾoponɡo,pɾoponɡo
90L_10NL,3,90L_10NL_3_1,1,1008,"('n', 'nɡ', 'nɡ')",pɾoponɡo,pɾoponɡo
90L_10NL,3,90L_10NL_3_1,1,1008,"('n', 'nɡ', 'nɡ')",pɾoponɡo,pɾoponɡo
90L_10NL,3,90L_10NL_3_1,1,1008,"('n', 'nɡ', 'nɡ')",pɾoponɡo,pɾoponɡo
90L_10NL,3,90L_10NL_3_1,1,1008,"('n', 'nɡ', 'nɡ')",pɾoponɡo,pɾoponɡo
90L_10NL,3,90L_10NL_3_1,1,1008,"('n', 'nɡ', 'nɡ')",pɾoponɡo,pɾoponɡo
90L_10NL,3,90L_10NL_3_1,1,700,"('n', 'n', 'nɡ')",pɾoponɡo,pɾoponɡo
90L_10NL,3,90L_10NL_3_1,1,700,"('n', 'n', 'nɡ')",pɾoponɡo,pɾoponɡo
90L_10NL,3,90L_10NL_3_1,1,1008,"('n', 'nɡ', 'nɡ')",pɾoponɡo,pɾoponɡo
90L_10NL,3,90L_10NL_3_1,1,1008,"('n', 'nɡ', 'nɡ')",pɾoponɡo,pɾoponɡo
90L_10NL,3,90L_10NL_3_1,1,1008,"('n', 'nɡ', 'nɡ')",pɾoponɡo,pɾoponɡo
90L_10NL,3,90L_10NL_3_1,1,1008,"('n', 'nɡ', 'nɡ')",pɾoponɡo,pɾoponɡo
90L_10NL,3,90L_10NL_3_1,1,1008,"('n', 'nɡ', 'nɡ')",pɾoponɡo,pɾoponɡo
90L_10NL,3,90L_10NL_3_1,1,1008,"('n', 'nɡ', 'nɡ')",pɾoponɡo,pɾoponɡo
90L_10NL,3,90L_10NL_3_1,1,700,"('n', 'n', 'nɡ')",pɾoponɡo,pɾoponɡo
90L_10NL,3,90L_10NL_3_1,1,1008,"('n', 'nɡ', 'nɡ')",pɾoponɡo,pɾoponɡo
90L_10NL,3,90L_10NL_3_1,1,1008,"('n', 'nɡ', 'nɡ')",pɾoponɡo,pɾoponɡo
90L_10NL,3,90L_10NL_3_1,1,1008,"('n', 'nɡ', 'nɡ')",pɾoponɡo,pɾoponɡo
90L_10NL,3,90L_10NL_3_1,1,1008,"('n', 'nɡ', 'nɡ')",pɾoponɡo,pɾoponɡo
90L_10NL,3,90L_10NL_3_1,1,1008,"('n', 'nɡ', 'nɡ')",pɾoponɡo,pɾoponɡo
90L_10NL,3,90L_10NL_3_1,1,1008,"('n', 'nɡ', 'nɡ')",pɾoponɡo,pɾoponɡo
90L_10NL,3,90L_10NL_3_1,1,1008,"('n', 'nɡ', 'nɡ')",pɾoponɡo,pɾoponɡo
90L_10NL,3,90L_10NL_3_1,1,1008,"('n', 'nɡ', 'nɡ')",pɾoponɡo,pɾoponɡo
90L_10NL,3,90L_10NL_3_1,1,1008,"('n', 'nɡ', 'nɡ')",pɾoponɡo,pɾoponɡo
90L_10NL,3,90L_10NL_3_1,1,1008,"('n', 'nɡ', 'nɡ')",pɾoponɡo,pɾoponɡo
90L_10NL,3,90L_10NL_3_1,1,1008,"('n', 'nɡ', 'nɡ')",pɾoponɡo,pɾoponɡo
90L_10NL,3,90L_10NL_3_1,1,1008,"('n', 'nɡ', 'nɡ')",pɾoponɡo,pɾoponɡo
90L_10NL,3,90L_10NL_3_1,1,1050,"('nɡ', 'nɡ', 'nɡ')",pɾoponɡo,pɾoponɡo
90L_10NL,3,90L_10NL_3_1,1,1050,"('nɡ', 'nɡ', 'nɡ')",pɾoponɡo,pɾoponɡo
90L_10NL,3,90L_10NL_3_1,1,1050,"('nɡ', 'nɡ', 'nɡ')",pɾoponɡo,pɾoponɡo
90L_10NL,3,90L_10NL_3_1,1,1050,"('nɡ', 'nɡ', 'nɡ')",pɾoponɡo,pɾoponɡo
90L_10NL,3,90L_10NL_3_1,1,1050,"('nɡ', 'nɡ', 'nɡ')",pɾoponɡo,pɾoponɡo
90L_10NL,3,90L_10NL_3_1,1,1050,"('nɡ', 'nɡ', 'nɡ')",pɾoponɡo,pɾoponɡo
90L_10NL,3,90L_10NL_3_1,1,1050,"('nɡ', 'nɡ', 'nɡ')",pɾoponɡo,pɾoponɡo
90L_10NL,3,90L_10NL_3_1,1,1050,"('nɡ', 'nɡ', 'nɡ')",pɾoponɡo,pɾoponɡo
90L_10NL,3,90L_10NL_3_1,1,1050,"('nɡ', 'nɡ', 'nɡ')",pɾoponɡo,pɾoponɡo
90L_10NL,3,90L_10NL_3_1,1,1050,"('nɡ', 'nɡ', 'nɡ')",pɾoponɡo,pɾoponɡo
90L_10NL,3,90L_10NL_3_1,1,1050,"('nɡ', 'nɡ', 'nɡ')",pɾoponɡo,pɾoponɡo
90L_10NL,3,90L_10NL_3_1,0,1050,"('nɡ', 'nɡ', 'nɡ')",pɾobenɡajs,pɾoponɡo
90L_10NL,3,90L_10NL_3_1,0,1050,"('nɡ', 'nɡ', 'nɡ')",pɾobenɡajs,pɾoponɡo
90L_10NL,3,90L_10NL_3_1,0,1050,"('nɡ', 'nɡ', 'nɡ')",pɾobenɡajs,pɾoponɡo
90L_10NL,3,90L_10NL_3_1,0,1050,"('nɡ', 'nɡ', 'nɡ')",pɾobenɡajs,pɾoponɡo
90L_10NL,3,90L_10NL_3_1,1,1050,"('nɡ', 'nɡ', 'nɡ')",pɾobenɡajs,pɾobenɡajs
90L_10NL,3,90L_10NL_3_1,1,1050,"('nɡ', 'nɡ', 'nɡ')",pɾobenɡajs,pɾobenɡajs
90L_10NL,3,90L_10NL_3_1,1,1050,"('nɡ', 'nɡ', 'nɡ')",pɾobenɡajs,pɾobenɡajs
90L_10NL,3,90L_10NL_3_1,1,1050,"('nɡ', 'nɡ', 'nɡ')",pɾobenɡajs,pɾobenɡajs
90L_10NL,3,90L_10NL_3_1,1,1050,"('nɡ', 'nɡ', 'nɡ')",pɾobenɡajs,pɾobenɡajs
90L_10NL,3,90L_10NL_3_1,1,1092,"('nɡ', 'n', 'nɡ')",pɾobenɡajs,pɾobenɡajs
90L_10NL,3,90L_10NL_3_1,1,1092,"('nɡ', 'n', 'nɡ')",pɾobenɡajs,pɾobenɡajs
90L_10NL,3,90L_10NL_3_1,1,1092,"('nɡ', 'n', 'nɡ')",pɾobenɡajs,pɾobenɡajs
90L_10NL,3,90L_10NL_3_1,1,1092,"('nɡ', 'n', 'nɡ')",pɾobenɡajs,pɾobenɡajs
90L_10NL,3,90L_10NL_3_1,1,1092,"('nɡ', 'n', 'nɡ')",pɾobenɡajs,pɾobenɡajs
90L_10NL,3,90L_10NL_3_1,1,1050,"('nɡ', 'nɡ', 'nɡ')",pɾobenɡajs,pɾobenɡajs
90L_10NL,3,90L_10NL_3_1,1,1050,"('nɡ', 'nɡ', 'nɡ')",pɾobenɡajs,pɾobenɡajs
90L_10NL,3,90L_10NL_3_1,1,1050,"('nɡ', 'nɡ', 'nɡ')",pɾobenɡajs,pɾobenɡajs
90L_10NL,3,90L_10NL_3_1,1,1050,"('nɡ', 'nɡ', 'nɡ')",pɾobenɡajs,pɾobenɡajs
90L_10NL,3,90L_10NL_3_1,1,1092,"('nɡ', 'n', 'nɡ')",pɾobenɡajs,pɾobenɡajs
90L_10NL,3,90L_10NL_3_1,1,1092,"('nɡ', 'n', 'nɡ')",pɾobenɡajs,pɾobenɡajs
90L_10NL,3,90L_10NL_3_1,1,1092,"('nɡ', 'n', 'nɡ')",pɾobenɡajs,pɾobenɡajs
90L_10NL,3,90L_10NL_3_1,1,1092,"('nɡ', 'n', 'nɡ')",pɾobenɡajs,pɾobenɡajs
90L_10NL,3,90L_10NL_3_1,1,1092,"('nɡ', 'n', 'nɡ')",pɾobenɡajs,pɾobenɡajs
90L_10NL,3,90L_10NL_3_1,1,1050,"('nɡ', 'nɡ', 'nɡ')",pɾobenɡajs,pɾobenɡajs
90L_10NL,3,90L_10NL_3_1,1,1050,"('nɡ', 'nɡ', 'nɡ')",pɾobenɡajs,pɾobenɡajs
90L_10NL,3,90L_10NL_3_1,1,1050,"('nɡ', 'nɡ', 'nɡ')",pɾobenɡajs,pɾobenɡajs
90L_10NL,3,90L_10NL_3_1,1,1092,"('nɡ', 'n', 'nɡ')",pɾobenɡajs,pɾobenɡajs
90L_10NL,3,90L_10NL_3_1,1,1092,"('nɡ', 'n', 'nɡ')",pɾobenɡajs,pɾobenɡajs
90L_10NL,3,90L_10NL_3_1,1,1092,"('nɡ', 'n', 'nɡ')",pɾobenɡajs,pɾobenɡajs
90L_10NL,3,90L_10NL_3_1,1,1092,"('nɡ', 'n', 'nɡ')",pɾobenɡajs,pɾobenɡajs
90L_10NL,3,90L_10NL_3_1,1,1092,"('nɡ', 'n', 'nɡ')",pɾobenɡajs,pɾobenɡajs
90L_10NL,3,90L_10NL_3_1,1,1050,"('nɡ', 'nɡ', 'nɡ')",pɾobenɡajs,pɾobenɡajs
90L_10NL,3,90L_10NL_3_1,1,1050,"('nɡ', 'nɡ', 'nɡ')",pɾobenɡajs,pɾobenɡajs
90L_10NL,3,90L_10NL_3_1,1,1092,"('nɡ', 'n', 'nɡ')",pɾobenɡajs,pɾobenɡajs
90L_10NL,3,90L_10NL_3_1,1,1092,"('nɡ', 'n', 'nɡ')",pɾobenɡajs,pɾobenɡajs
90L_10NL,3,90L_10NL_3_1,1,1092,"('nɡ', 'n', 'nɡ')",pɾobenɡajs,pɾobenɡajs
90L_10NL,3,90L_10NL_3_1,1,1092,"('nɡ', 'n', 'nɡ')",pɾobenɡajs,pɾobenɡajs
90L_10NL,3,90L_10NL_3_1,1,1092,"('nɡ', 'n', 'nɡ')",pɾobenɡajs,pɾobenɡajs
90L_10NL,3,90L_10NL_3_1,1,1050,"('nɡ', 'nɡ', 'nɡ')",pɾobenɡajs,pɾobenɡajs
90L_10NL,3,90L_10NL_3_1,1,1092,"('nɡ', 'n', 'nɡ')",pɾobenɡajs,pɾobenɡajs
90L_10NL,3,90L_10NL_3_1,1,1092,"('nɡ', 'n', 'nɡ')",pɾobenɡajs,pɾobenɡajs
90L_10NL,3,90L_10NL_3_1,1,1092,"('nɡ', 'n', 'nɡ')",pɾobenɡajs,pɾobenɡajs
90L_10NL,3,90L_10NL_3_1,1,1092,"('nɡ', 'n', 'nɡ')",pɾobenɡajs,pɾobenɡajs
90L_10NL,3,90L_10NL_3_1,1,1092,"('nɡ', 'n', 'nɡ')",pɾobenɡajs,pɾobenɡajs
90L_10NL,3,90L_10NL_3_1,1,1092,"('nɡ', 'n', 'nɡ')",pɾobenɡajs,pɾobenɡajs
90L_10NL,3,90L_10NL_3_1,1,1092,"('nɡ', 'n', 'nɡ')",pɾobenɡajs,pɾobenɡajs
90L_10NL,3,90L_10NL_3_1,1,1092,"('nɡ', 'n', 'nɡ')",pɾobenɡajs,pɾobenɡajs
90L_10NL,3,90L_10NL_3_1,1,1092,"('nɡ', 'n', 'nɡ')",pɾobenɡajs,pɾobenɡajs
90L_10NL,3,90L_10NL_3_1,1,1092,"('nɡ', 'n', 'nɡ')",pɾobenɡajs,pɾobenɡajs
90L_10NL,3,90L_10NL_3_1,1,700,"('n', 'n', 'nɡ')",pɾobenɡajs,pɾobenɡajs
90L_10NL,3,90L_10NL_3_1,1,700,"('n', 'n', 'nɡ')",pɾobenɡajs,pɾobenɡajs
90L_10NL,3,90L_10NL_3_1,1,700,"('n', 'n', 'nɡ')",pɾobenɡajs,pɾobenɡajs
90L_10NL,3,90L_10NL_3_1,1,700,"('n', 'n', 'nɡ')",pɾobenɡajs,pɾobenɡajs
90L_10NL,3,90L_10NL_3_1,1,700,"('n', 'n', 'nɡ')",pɾobenɡajs,pɾobenɡajs
90L_10NL,3,90L_10NL_3_1,1,700,"('n', 'n', 'nɡ')",pɾobenɡajs,pɾobenɡajs
90L_10NL,3,90L_10NL_3_1,0,700,"('n', 'n', 'nɡ')",pɾobenɡamos,pɾobenɡajs
90L_10NL,3,90L_10NL_3_1,0,700,"('n', 'n', 'nɡ')",pɾobenɡamos,pɾobenɡajs
90L_10NL,3,90L_10NL_3_1,0,700,"('n', 'n', 'nɡ')",pɾobenɡamos,pɾobenɡajs
90L_10NL,3,90L_10NL_3_1,0,700,"('n', 'n', 'nɡ')",pɾobenɡamos,pɾobenɡajs
90L_10NL,3,90L_10NL_3_1,1,1050,"('nɡ', 'nɡ', 'nɡ')",pɾobenɡamos,pɾobenɡamos
90L_10NL,3,90L_10NL_3_1,1,1050,"('nɡ', 'nɡ', 'nɡ')",pɾobenɡamos,pɾobenɡamos
90L_10NL,3,90L_10NL_3_1,1,1050,"('nɡ', 'nɡ', 'nɡ')",pɾobenɡamos,pɾobenɡamos
90L_10NL,3,90L_10NL_3_1,1,1050,"('nɡ', 'nɡ', 'nɡ')",pɾobenɡamos,pɾobenɡamos
90L_10NL,3,90L_10NL_3_1,1,1050,"('nɡ', 'nɡ', 'nɡ')",pɾobenɡamos,pɾobenɡamos
90L_10NL,3,90L_10NL_3_1,1,1092,"('nɡ', 'n', 'nɡ')",pɾobenɡamos,pɾobenɡamos
90L_10NL,3,90L_10NL_3_1,1,1092,"('nɡ', 'n', 'nɡ')",pɾobenɡamos,pɾobenɡamos
90L_10NL,3,90L_10NL_3_1,1,1092,"('nɡ', 'n', 'nɡ')",pɾobenɡamos,pɾobenɡamos
90L_10NL,3,90L_10NL_3_1,1,1092,"('nɡ', 'n', 'nɡ')",pɾobenɡamos,pɾobenɡamos
90L_10NL,3,90L_10NL_3_1,1,1092,"('nɡ', 'n', 'nɡ')",pɾobenɡamos,pɾobenɡamos
90L_10NL,3,90L_10NL_3_1,1,1050,"('nɡ', 'nɡ', 'nɡ')",pɾobenɡamos,pɾobenɡamos
90L_10NL,3,90L_10NL_3_1,1,1050,"('nɡ', 'nɡ', 'nɡ')",pɾobenɡamos,pɾobenɡamos
90L_10NL,3,90L_10NL_3_1,1,1050,"('nɡ', 'nɡ', 'nɡ')",pɾobenɡamos,pɾobenɡamos
90L_10NL,3,90L_10NL_3_1,1,1050,"('nɡ', 'nɡ', 'nɡ')",pɾobenɡamos,pɾobenɡamos
90L_10NL,3,90L_10NL_3_1,1,1092,"('nɡ', 'n', 'nɡ')",pɾobenɡamos,pɾobenɡamos
90L_10NL,3,90L_10NL_3_1,1,1092,"('nɡ', 'n', 'nɡ')",pɾobenɡamos,pɾobenɡamos
90L_10NL,3,90L_10NL_3_1,1,1092,"('nɡ', 'n', 'nɡ')",pɾobenɡamos,pɾobenɡamos
90L_10NL,3,90L_10NL_3_1,1,1092,"('nɡ', 'n', 'nɡ')",pɾobenɡamos,pɾobenɡamos
90L_10NL,3,90L_10NL_3_1,1,1092,"('nɡ', 'n', 'nɡ')",pɾobenɡamos,pɾobenɡamos
90L_10NL,3,90L_10NL_3_1,1,1050,"('nɡ', 'nɡ', 'nɡ')",pɾobenɡamos,pɾobenɡamos
90L_10NL,3,90L_10NL_3_1,1,1050,"('nɡ', 'nɡ', 'nɡ')",pɾobenɡamos,pɾobenɡamos
90L_10NL,3,90L_10NL_3_1,1,1050,"('nɡ', 'nɡ', 'nɡ')",pɾobenɡamos,pɾobenɡamos
90L_10NL,3,90L_10NL_3_1,1,1092,"('nɡ', 'n', 'nɡ')",pɾobenɡamos,pɾobenɡamos
90L_10NL,3,90L_10NL_3_1,1,1092,"('nɡ', 'n', 'nɡ')",pɾobenɡamos,pɾobenɡamos
90L_10NL,3,90L_10NL_3_1,1,1092,"('nɡ', 'n', 'nɡ')",pɾobenɡamos,pɾobenɡamos
90L_10NL,3,90L_10NL_3_1,1,1092,"('nɡ', 'n', 'nɡ')",pɾobenɡamos,pɾobenɡamos
90L_10NL,3,90L_10NL_3_1,1,1092,"('nɡ', 'n', 'nɡ')",pɾobenɡamos,pɾobenɡamos
90L_10NL,3,90L_10NL_3_1,1,1050,"('nɡ', 'nɡ', 'nɡ')",pɾobenɡamos,pɾobenɡamos
90L_10NL,3,90L_10NL_3_1,1,1050,"('nɡ', 'nɡ', 'nɡ')",pɾobenɡamos,pɾobenɡamos
90L_10NL,3,90L_10NL_3_1,1,1092,"('nɡ', 'n', 'nɡ')",pɾobenɡamos,pɾobenɡamos
90L_10NL,3,90L_10NL_3_1,1,1092,"('nɡ', 'n', 'nɡ')",pɾobenɡamos,pɾobenɡamos
90L_10NL,3,90L_10NL_3_1,1,1092,"('nɡ', 'n', 'nɡ')",pɾobenɡamos,pɾobenɡamos
90L_10NL,3,90L_10NL_3_1,1,1092,"('nɡ', 'n', 'nɡ')",pɾobenɡamos,pɾobenɡamos
90L_10NL,3,90L_10NL_3_1,1,1092,"('nɡ', 'n', 'nɡ')",pɾobenɡamos,pɾobenɡamos
90L_10NL,3,90L_10NL_3_1,1,1050,"('nɡ', 'nɡ', 'nɡ')",pɾobenɡamos,pɾobenɡamos
90L_10NL,3,90L_10NL_3_1,1,1092,"('nɡ', 'n', 'nɡ')",pɾobenɡamos,pɾobenɡamos
90L_10NL,3,90L_10NL_3_1,1,1092,"('nɡ', 'n', 'nɡ')",pɾobenɡamos,pɾobenɡamos
90L_10NL,3,90L_10NL_3_1,1,1092,"('nɡ', 'n', 'nɡ')",pɾobenɡamos,pɾobenɡamos
90L_10NL,3,90L_10NL_3_1,1,1092,"('nɡ', 'n', 'nɡ')",pɾobenɡamos,pɾobenɡamos
90L_10NL,3,90L_10NL_3_1,1,1092,"('nɡ', 'n', 'nɡ')",pɾobenɡamos,pɾobenɡamos
90L_10NL,3,90L_10NL_3_1,1,1092,"('nɡ', 'n', 'nɡ')",pɾobenɡamos,pɾobenɡamos
90L_10NL,3,90L_10NL_3_1,1,1092,"('nɡ', 'n', 'nɡ')",pɾobenɡamos,pɾobenɡamos
90L_10NL,3,90L_10NL_3_1,1,1092,"('nɡ', 'n', 'nɡ')",pɾobenɡamos,pɾobenɡamos
90L_10NL,3,90L_10NL_3_1,1,1092,"('nɡ', 'n', 'nɡ')",pɾobenɡamos,pɾobenɡamos
90L_10NL,3,90L_10NL_3_1,1,1092,"('nɡ', 'n', 'nɡ')",pɾobenɡamos,pɾobenɡamos
90L_10NL,3,90L_10NL_3_1,1,700,"('n', 'n', 'nɡ')",pɾobenɡamos,pɾobenɡamos
90L_10NL,3,90L_10NL_3_1,1,700,"('n', 'n', 'nɡ')",pɾobenɡamos,pɾobenɡamos
90L_10NL,3,90L_10NL_3_1,1,700,"('n', 'n', 'nɡ')",pɾobenɡamos,pɾobenɡamos
90L_10NL,3,90L_10NL_3_1,1,700,"('n', 'n', 'nɡ')",pɾobenɡamos,pɾobenɡamos
90L_10NL,3,90L_10NL_3_1,1,700,"('n', 'n', 'nɡ')",pɾobenɡamos,pɾobenɡamos
90L_10NL,3,90L_10NL_3_1,1,700,"('n', 'n', 'nɡ')",pɾobenɡamos,pɾobenɡamos
90L_10NL,3,90L_10NL_3_1,0,700,"('n', 'n', 'nɡ')",pɾobenɡan,pɾobenɡamos
90L_10NL,3,90L_10NL_3_1,0,700,"('n', 'n', 'nɡ')",pɾobenɡan,pɾobenɡamos
90L_10NL,3,90L_10NL_3_1,0,700,"('n', 'n', 'nɡ')",pɾobenɡan,pɾobenɡamos
90L_10NL,3,90L_10NL_3_1,0,700,"('n', 'n', 'nɡ')",pɾobenɡan,pɾobenɡamos
90L_10NL,3,90L_10NL_3_1,1,1050,"('nɡ', 'nɡ', 'nɡ')",pɾobenɡan,pɾobenɡan
90L_10NL,3,90L_10NL_3_1,1,1050,"('nɡ', 'nɡ', 'nɡ')",pɾobenɡan,pɾobenɡan
90L_10NL,3,90L_10NL_3_1,1,1050,"('nɡ', 'nɡ', 'nɡ')",pɾobenɡan,pɾobenɡan
90L_10NL,3,90L_10NL_3_1,1,1050,"('nɡ', 'nɡ', 'nɡ')",pɾobenɡan,pɾobenɡan
90L_10NL,3,90L_10NL_3_1,1,1050,"('nɡ', 'nɡ', 'nɡ')",pɾobenɡan,pɾobenɡan
90L_10NL,3,90L_10NL_3_1,1,1092,"('nɡ', 'n', 'nɡ')",pɾobenɡan,pɾobenɡan
90L_10NL,3,90L_10NL_3_1,1,1092,"('nɡ', 'n', 'nɡ')",pɾobenɡan,pɾobenɡan
90L_10NL,3,90L_10NL_3_1,1,1092,"('nɡ', 'n', 'nɡ')",pɾobenɡan,pɾobenɡan
90L_10NL,3,90L_10NL_3_1,1,1092,"('nɡ', 'n', 'nɡ')",pɾobenɡan,pɾobenɡan
90L_10NL,3,90L_10NL_3_1,1,1092,"('nɡ', 'n', 'nɡ')",pɾobenɡan,pɾobenɡan
90L_10NL,3,90L_10NL_3_1,1,1050,"('nɡ', 'nɡ', 'nɡ')",pɾobenɡan,pɾobenɡan
90L_10NL,3,90L_10NL_3_1,1,1050,"('nɡ', 'nɡ', 'nɡ')",pɾobenɡan,pɾobenɡan
90L_10NL,3,90L_10NL_3_1,1,1050,"('nɡ', 'nɡ', 'nɡ')",pɾobenɡan,pɾobenɡan
90L_10NL,3,90L_10NL_3_1,1,1050,"('nɡ', 'nɡ', 'nɡ')",pɾobenɡan,pɾobenɡan
90L_10NL,3,90L_10NL_3_1,1,1092,"('nɡ', 'n', 'nɡ')",pɾobenɡan,pɾobenɡan
90L_10NL,3,90L_10NL_3_1,1,1092,"('nɡ', 'n', 'nɡ')",pɾobenɡan,pɾobenɡan
90L_10NL,3,90L_10NL_3_1,1,1092,"('nɡ', 'n', 'nɡ')",pɾobenɡan,pɾobenɡan
90L_10NL,3,90L_10NL_3_1,1,1092,"('nɡ', 'n', 'nɡ')",pɾobenɡan,pɾobenɡan
90L_10NL,3,90L_10NL_3_1,1,1092,"('nɡ', 'n', 'nɡ')",pɾobenɡan,pɾobenɡan
90L_10NL,3,90L_10NL_3_1,1,1050,"('nɡ', 'nɡ', 'nɡ')",pɾobenɡan,pɾobenɡan
90L_10NL,3,90L_10NL_3_1,1,1050,"('nɡ', 'nɡ', 'nɡ')",pɾobenɡan,pɾobenɡan
90L_10NL,3,90L_10NL_3_1,1,1050,"('nɡ', 'nɡ', 'nɡ')",pɾobenɡan,pɾobenɡan
90L_10NL,3,90L_10NL_3_1,1,1092,"('nɡ', 'n', 'nɡ')",pɾobenɡan,pɾobenɡan
90L_10NL,3,90L_10NL_3_1,1,1092,"('nɡ', 'n', 'nɡ')",pɾobenɡan,pɾobenɡan
90L_10NL,3,90L_10NL_3_1,1,1092,"('nɡ', 'n', 'nɡ')",pɾobenɡan,pɾobenɡan
90L_10NL,3,90L_10NL_3_1,1,1092,"('nɡ', 'n', 'nɡ')",pɾobenɡan,pɾobenɡan
90L_10NL,3,90L_10NL_3_1,1,1092,"('nɡ', 'n', 'nɡ')",pɾobenɡan,pɾobenɡan
90L_10NL,3,90L_10NL_3_1,1,1050,"('nɡ', 'nɡ', 'nɡ')",pɾobenɡan,pɾobenɡan
90L_10NL,3,90L_10NL_3_1,1,1050,"('nɡ', 'nɡ', 'nɡ')",pɾobenɡan,pɾobenɡan
90L_10NL,3,90L_10NL_3_1,1,1092,"('nɡ', 'n', 'nɡ')",pɾobenɡan,pɾobenɡan
90L_10NL,3,90L_10NL_3_1,1,1092,"('nɡ', 'n', 'nɡ')",pɾobenɡan,pɾobenɡan
90L_10NL,3,90L_10NL_3_1,1,1092,"('nɡ', 'n', 'nɡ')",pɾobenɡan,pɾobenɡan
90L_10NL,3,90L_10NL_3_1,1,1092,"('nɡ', 'n', 'nɡ')",pɾobenɡan,pɾobenɡan
90L_10NL,3,90L_10NL_3_1,1,1092,"('nɡ', 'n', 'nɡ')",pɾobenɡan,pɾobenɡan
90L_10NL,3,90L_10NL_3_1,1,1050,"('nɡ', 'nɡ', 'nɡ')",pɾobenɡan,pɾobenɡan
90L_10NL,3,90L_10NL_3_1,1,1092,"('nɡ', 'n', 'nɡ')",pɾobenɡan,pɾobenɡan
90L_10NL,3,90L_10NL_3_1,1,1092,"('nɡ', 'n', 'nɡ')",pɾobenɡan,pɾobenɡan
90L_10NL,3,90L_10NL_3_1,1,1092,"('nɡ', 'n', 'nɡ')",pɾobenɡan,pɾobenɡan
90L_10NL,3,90L_10NL_3_1,1,1092,"('nɡ', 'n', 'nɡ')",pɾobenɡan,pɾobenɡan
90L_10NL,3,90L_10NL_3_1,1,1092,"('nɡ', 'n', 'nɡ')",pɾobenɡan,pɾobenɡan
90L_10NL,3,90L_10NL_3_1,1,1092,"('nɡ', 'n', 'nɡ')",pɾobenɡan,pɾobenɡan
90L_10NL,3,90L_10NL_3_1,1,1092,"('nɡ', 'n', 'nɡ')",pɾobenɡan,pɾobenɡan
90L_10NL,3,90L_10NL_3_1,1,1092,"('nɡ', 'n', 'nɡ')",pɾobenɡan,pɾobenɡan
90L_10NL,3,90L_10NL_3_1,1,1092,"('nɡ', 'n', 'nɡ')",pɾobenɡan,pɾobenɡan
90L_10NL,3,90L_10NL_3_1,1,1092,"('nɡ', 'n', 'nɡ')",pɾobenɡan,pɾobenɡan
90L_10NL,3,90L_10NL_3_1,1,700,"('n', 'n', 'nɡ')",pɾobenɡan,pɾobenɡan
90L_10NL,3,90L_10NL_3_1,1,700,"('n', 'n', 'nɡ')",pɾobenɡan,pɾobenɡan
90L_10NL,3,90L_10NL_3_1,1,700,"('n', 'n', 'nɡ')",pɾobenɡan,pɾobenɡan
90L_10NL,3,90L_10NL_3_1,1,700,"('n', 'n', 'nɡ')",pɾobenɡan,pɾobenɡan
90L_10NL,3,90L_10NL_3_1,1,700,"('n', 'n', 'nɡ')",pɾobenɡan,pɾobenɡan
90L_10NL,3,90L_10NL_3_1,1,700,"('n', 'n', 'nɡ')",pɾobenɡan,pɾobenɡan
90L_10NL,3,90L_10NL_3_1,0,700,"('n', 'n', 'nɡ')",pɾobenɡas,pɾobenɡan
90L_10NL,3,90L_10NL_3_1,0,700,"('n', 'n', 'nɡ')",pɾobenɡas,pɾobenɡan
90L_10NL,3,90L_10NL_3_1,0,700,"('n', 'n', 'nɡ')",pɾobenɡas,pɾobenɡan
90L_10NL,3,90L_10NL_3_1,0,700,"('n', 'n', 'nɡ')",pɾobenɡas,pɾobenɡan
90L_10NL,3,90L_10NL_3_1,1,1050,"('nɡ', 'nɡ', 'nɡ')",pɾobenɡas,pɾobenɡas
90L_10NL,3,90L_10NL_3_1,1,1050,"('nɡ', 'nɡ', 'nɡ')",pɾobenɡas,pɾobenɡas
90L_10NL,3,90L_10NL_3_1,1,1050,"('nɡ', 'nɡ', 'nɡ')",pɾobenɡas,pɾobenɡas
90L_10NL,3,90L_10NL_3_1,1,1050,"('nɡ', 'nɡ', 'nɡ')",pɾobenɡas,pɾobenɡas
90L_10NL,3,90L_10NL_3_1,1,1050,"('nɡ', 'nɡ', 'nɡ')",pɾobenɡas,pɾobenɡas
90L_10NL,3,90L_10NL_3_1,1,1092,"('nɡ', 'n', 'nɡ')",pɾobenɡas,pɾobenɡas
90L_10NL,3,90L_10NL_3_1,1,1092,"('nɡ', 'n', 'nɡ')",pɾobenɡas,pɾobenɡas
90L_10NL,3,90L_10NL_3_1,1,1092,"('nɡ', 'n', 'nɡ')",pɾobenɡas,pɾobenɡas
90L_10NL,3,90L_10NL_3_1,1,1092,"('nɡ', 'n', 'nɡ')",pɾobenɡas,pɾobenɡas
90L_10NL,3,90L_10NL_3_1,1,1092,"('nɡ', 'n', 'nɡ')",pɾobenɡas,pɾobenɡas
90L_10NL,3,90L_10NL_3_1,1,1050,"('nɡ', 'nɡ', 'nɡ')",pɾobenɡas,pɾobenɡas
90L_10NL,3,90L_10NL_3_1,1,1050,"('nɡ', 'nɡ', 'nɡ')",pɾobenɡas,pɾobenɡas
90L_10NL,3,90L_10NL_3_1,1,1050,"('nɡ', 'nɡ', 'nɡ')",pɾobenɡas,pɾobenɡas
90L_10NL,3,90L_10NL_3_1,1,1050,"('nɡ', 'nɡ', 'nɡ')",pɾobenɡas,pɾobenɡas
90L_10NL,3,90L_10NL_3_1,1,1092,"('nɡ', 'n', 'nɡ')",pɾobenɡas,pɾobenɡas
90L_10NL,3,90L_10NL_3_1,1,1092,"('nɡ', 'n', 'nɡ')",pɾobenɡas,pɾobenɡas
90L_10NL,3,90L_10NL_3_1,1,1092,"('nɡ', 'n', 'nɡ')",pɾobenɡas,pɾobenɡas
90L_10NL,3,90L_10NL_3_1,1,1092,"('nɡ', 'n', 'nɡ')",pɾobenɡas,pɾobenɡas
90L_10NL,3,90L_10NL_3_1,1,1092,"('nɡ', 'n', 'nɡ')",pɾobenɡas,pɾobenɡas
90L_10NL,3,90L_10NL_3_1,1,1050,"('nɡ', 'nɡ', 'nɡ')",pɾobenɡas,pɾobenɡas
90L_10NL,3,90L_10NL_3_1,1,1050,"('nɡ', 'nɡ', 'nɡ')",pɾobenɡas,pɾobenɡas
90L_10NL,3,90L_10NL_3_1,1,1050,"('nɡ', 'nɡ', 'nɡ')",pɾobenɡas,pɾobenɡas
90L_10NL,3,90L_10NL_3_1,1,1092,"('nɡ', 'n', 'nɡ')",pɾobenɡas,pɾobenɡas
90L_10NL,3,90L_10NL_3_1,1,1092,"('nɡ', 'n', 'nɡ')",pɾobenɡas,pɾobenɡas
90L_10NL,3,90L_10NL_3_1,1,1092,"('nɡ', 'n', 'nɡ')",pɾobenɡas,pɾobenɡas
90L_10NL,3,90L_10NL_3_1,1,1092,"('nɡ', 'n', 'nɡ')",pɾobenɡas,pɾobenɡas
90L_10NL,3,90L_10NL_3_1,1,1092,"('nɡ', 'n', 'nɡ')",pɾobenɡas,pɾobenɡas
90L_10NL,3,90L_10NL_3_1,1,1050,"('nɡ', 'nɡ', 'nɡ')",pɾobenɡas,pɾobenɡas
90L_10NL,3,90L_10NL_3_1,1,1050,"('nɡ', 'nɡ', 'nɡ')",pɾobenɡas,pɾobenɡas
90L_10NL,3,90L_10NL_3_1,1,1092,"('nɡ', 'n', 'nɡ')",pɾobenɡas,pɾobenɡas
90L_10NL,3,90L_10NL_3_1,1,1092,"('nɡ', 'n', 'nɡ')",pɾobenɡas,pɾobenɡas
90L_10NL,3,90L_10NL_3_1,1,1092,"('nɡ', 'n', 'nɡ')",pɾobenɡas,pɾobenɡas
90L_10NL,3,90L_10NL_3_1,1,1092,"('nɡ', 'n', 'nɡ')",pɾobenɡas,pɾobenɡas
90L_10NL,3,90L_10NL_3_1,1,1092,"('nɡ', 'n', 'nɡ')",pɾobenɡas,pɾobenɡas
90L_10NL,3,90L_10NL_3_1,1,1050,"('nɡ', 'nɡ', 'nɡ')",pɾobenɡas,pɾobenɡas
90L_10NL,3,90L_10NL_3_1,1,1092,"('nɡ', 'n', 'nɡ')",pɾobenɡas,pɾobenɡas
90L_10NL,3,90L_10NL_3_1,1,1092,"('nɡ', 'n', 'nɡ')",pɾobenɡas,pɾobenɡas
90L_10NL,3,90L_10NL_3_1,1,1092,"('nɡ', 'n', 'nɡ')",pɾobenɡas,pɾobenɡas
90L_10NL,3,90L_10NL_3_1,1,1092,"('nɡ', 'n', 'nɡ')",pɾobenɡas,pɾobenɡas
90L_10NL,3,90L_10NL_3_1,1,1092,"('nɡ', 'n', 'nɡ')",pɾobenɡas,pɾobenɡas
90L_10NL,3,90L_10NL_3_1,1,1092,"('nɡ', 'n', 'nɡ')",pɾobenɡas,pɾobenɡas
90L_10NL,3,90L_10NL_3_1,1,1092,"('nɡ', 'n', 'nɡ')",pɾobenɡas,pɾobenɡas
90L_10NL,3,90L_10NL_3_1,1,1092,"('nɡ', 'n', 'nɡ')",pɾobenɡas,pɾobenɡas
90L_10NL,3,90L_10NL_3_1,1,1092,"('nɡ', 'n', 'nɡ')",pɾobenɡas,pɾobenɡas
90L_10NL,3,90L_10NL_3_1,1,1092,"('nɡ', 'n', 'nɡ')",pɾobenɡas,pɾobenɡas
90L_10NL,3,90L_10NL_3_1,1,700,"('n', 'n', 'nɡ')",pɾobenɡas,pɾobenɡas
90L_10NL,3,90L_10NL_3_1,1,700,"('n', 'n', 'nɡ')",pɾobenɡas,pɾobenɡas
90L_10NL,3,90L_10NL_3_1,1,700,"('n', 'n', 'nɡ')",pɾobenɡas,pɾobenɡas
90L_10NL,3,90L_10NL_3_1,1,700,"('n', 'n', 'nɡ')",pɾobenɡas,pɾobenɡas
90L_10NL,3,90L_10NL_3_1,1,700,"('n', 'n', 'nɡ')",pɾobenɡas,pɾobenɡas
90L_10NL,3,90L_10NL_3_1,1,700,"('n', 'n', 'nɡ')",pɾobenɡas,pɾobenɡas
90L_10NL,3,90L_10NL_3_1,0,700,"('n', 'n', 'nɡ')",pɾobenɡa,pɾobenɡas
90L_10NL,3,90L_10NL_3_1,0,700,"('n', 'n', 'nɡ')",pɾobenɡa,pɾobenɡas
90L_10NL,3,90L_10NL_3_1,0,700,"('n', 'n', 'nɡ')",pɾobenɡa,pɾobenɡas
90L_10NL,3,90L_10NL_3_1,0,700,"('n', 'n', 'nɡ')",pɾobenɡa,pɾobenɡas
90L_10NL,3,90L_10NL_3_1,1,1050,"('nɡ', 'nɡ', 'nɡ')",pɾobenɡa,pɾobenɡa
90L_10NL,3,90L_10NL_3_1,1,1050,"('nɡ', 'nɡ', 'nɡ')",pɾobenɡa,pɾobenɡa
90L_10NL,3,90L_10NL_3_1,1,1050,"('nɡ', 'nɡ', 'nɡ')",pɾobenɡa,pɾobenɡa
90L_10NL,3,90L_10NL_3_1,1,1050,"('nɡ', 'nɡ', 'nɡ')",pɾobenɡa,pɾobenɡa
90L_10NL,3,90L_10NL_3_1,1,1050,"('nɡ', 'nɡ', 'nɡ')",pɾobenɡa,pɾobenɡa
90L_10NL,3,90L_10NL_3_1,1,1092,"('nɡ', 'n', 'nɡ')",pɾobenɡa,pɾobenɡa
90L_10NL,3,90L_10NL_3_1,1,1092,"('nɡ', 'n', 'nɡ')",pɾobenɡa,pɾobenɡa
90L_10NL,3,90L_10NL_3_1,1,1092,"('nɡ', 'n', 'nɡ')",pɾobenɡa,pɾobenɡa
90L_10NL,3,90L_10NL_3_1,1,1092,"('nɡ', 'n', 'nɡ')",pɾobenɡa,pɾobenɡa
90L_10NL,3,90L_10NL_3_1,1,1092,"('nɡ', 'n', 'nɡ')",pɾobenɡa,pɾobenɡa
90L_10NL,3,90L_10NL_3_1,1,1050,"('nɡ', 'nɡ', 'nɡ')",pɾobenɡa,pɾobenɡa
90L_10NL,3,90L_10NL_3_1,1,1050,"('nɡ', 'nɡ', 'nɡ')",pɾobenɡa,pɾobenɡa
90L_10NL,3,90L_10NL_3_1,1,1050,"('nɡ', 'nɡ', 'nɡ')",pɾobenɡa,pɾobenɡa
90L_10NL,3,90L_10NL_3_1,1,1050,"('nɡ', 'nɡ', 'nɡ')",pɾobenɡa,pɾobenɡa
90L_10NL,3,90L_10NL_3_1,1,1092,"('nɡ', 'n', 'nɡ')",pɾobenɡa,pɾobenɡa
90L_10NL,3,90L_10NL_3_1,1,1092,"('nɡ', 'n', 'nɡ')",pɾobenɡa,pɾobenɡa
90L_10NL,3,90L_10NL_3_1,1,1092,"('nɡ', 'n', 'nɡ')",pɾobenɡa,pɾobenɡa
90L_10NL,3,90L_10NL_3_1,1,1092,"('nɡ', 'n', 'nɡ')",pɾobenɡa,pɾobenɡa
90L_10NL,3,90L_10NL_3_1,1,1092,"('nɡ', 'n', 'nɡ')",pɾobenɡa,pɾobenɡa
90L_10NL,3,90L_10NL_3_1,1,1050,"('nɡ', 'nɡ', 'nɡ')",pɾobenɡa,pɾobenɡa
90L_10NL,3,90L_10NL_3_1,1,1050,"('nɡ', 'nɡ', 'nɡ')",pɾobenɡa,pɾobenɡa
90L_10NL,3,90L_10NL_3_1,1,1050,"('nɡ', 'nɡ', 'nɡ')",pɾobenɡa,pɾobenɡa
90L_10NL,3,90L_10NL_3_1,1,1092,"('nɡ', 'n', 'nɡ')",pɾobenɡa,pɾobenɡa
90L_10NL,3,90L_10NL_3_1,1,1092,"('nɡ', 'n', 'nɡ')",pɾobenɡa,pɾobenɡa
90L_10NL,3,90L_10NL_3_1,1,1092,"('nɡ', 'n', 'nɡ')",pɾobenɡa,pɾobenɡa
90L_10NL,3,90L_10NL_3_1,1,1092,"('nɡ', 'n', 'nɡ')",pɾobenɡa,pɾobenɡa
90L_10NL,3,90L_10NL_3_1,1,1092,"('nɡ', 'n', 'nɡ')",pɾobenɡa,pɾobenɡa
90L_10NL,3,90L_10NL_3_1,1,1050,"('nɡ', 'nɡ', 'nɡ')",pɾobenɡa,pɾobenɡa
90L_10NL,3,90L_10NL_3_1,1,1050,"('nɡ', 'nɡ', 'nɡ')",pɾobenɡa,pɾobenɡa
90L_10NL,3,90L_10NL_3_1,1,1092,"('nɡ', 'n', 'nɡ')",pɾobenɡa,pɾobenɡa
90L_10NL,3,90L_10NL_3_1,1,1092,"('nɡ', 'n', 'nɡ')",pɾobenɡa,pɾobenɡa
90L_10NL,3,90L_10NL_3_1,1,1092,"('nɡ', 'n', 'nɡ')",pɾobenɡa,pɾobenɡa
90L_10NL,3,90L_10NL_3_1,1,1092,"('nɡ', 'n', 'nɡ')",pɾobenɡa,pɾobenɡa
90L_10NL,3,90L_10NL_3_1,1,1092,"('nɡ', 'n', 'nɡ')",pɾobenɡa,pɾobenɡa
90L_10NL,3,90L_10NL_3_1,1,1050,"('nɡ', 'nɡ', 'nɡ')",pɾobenɡa,pɾobenɡa
90L_10NL,3,90L_10NL_3_1,1,1092,"('nɡ', 'n', 'nɡ')",pɾobenɡa,pɾobenɡa
90L_10NL,3,90L_10NL_3_1,1,1092,"('nɡ', 'n', 'nɡ')",pɾobenɡa,pɾobenɡa
90L_10NL,3,90L_10NL_3_1,1,1092,"('nɡ', 'n', 'nɡ')",pɾobenɡa,pɾobenɡa
90L_10NL,3,90L_10NL_3_1,1,1092,"('nɡ', 'n', 'nɡ')",pɾobenɡa,pɾobenɡa
90L_10NL,3,90L_10NL_3_1,1,1092,"('nɡ', 'n', 'nɡ')",pɾobenɡa,pɾobenɡa
90L_10NL,3,90L_10NL_3_1,1,1092,"('nɡ', 'n', 'nɡ')",pɾobenɡa,pɾobenɡa
90L_10NL,3,90L_10NL_3_1,1,1092,"('nɡ', 'n', 'nɡ')",pɾobenɡa,pɾobenɡa
90L_10NL,3,90L_10NL_3_1,1,1092,"('nɡ', 'n', 'nɡ')",pɾobenɡa,pɾobenɡa
90L_10NL,3,90L_10NL_3_1,1,1092,"('nɡ', 'n', 'nɡ')",pɾobenɡa,pɾobenɡa
90L_10NL,3,90L_10NL_3_1,1,1092,"('nɡ', 'n', 'nɡ')",pɾobenɡa,pɾobenɡa
90L_10NL,3,90L_10NL_3_1,1,700,"('n', 'n', 'nɡ')",pɾobenɡa,pɾobenɡa
90L_10NL,3,90L_10NL_3_1,1,700,"('n', 'n', 'nɡ')",pɾobenɡa,pɾobenɡa
90L_10NL,3,90L_10NL_3_1,1,700,"('n', 'n', 'nɡ')",pɾobenɡa,pɾobenɡa
90L_10NL,3,90L_10NL_3_1,1,700,"('n', 'n', 'nɡ')",pɾobenɡa,pɾobenɡa
90L_10NL,3,90L_10NL_3_1,1,700,"('n', 'n', 'nɡ')",pɾobenɡa,pɾobenɡa
90L_10NL,3,90L_10NL_3_1,1,700,"('n', 'n', 'nɡ')",pɾobenɡa,pɾobenɡa
90L_10NL,3,90L_10NL_3_1,1,700,"('n', 'n', 'nɡ')",pɾobenɡa,pɾobenɡa
90L_10NL,3,90L_10NL_3_1,1,700,"('n', 'n', 'nɡ')",pɾobenɡa,pɾobenɡa
90L_10NL,3,90L_10NL_3_1,1,700,"('n', 'n', 'nɡ')",pɾobenɡa,pɾobenɡa
90L_10NL,3,90L_10NL_3_1,1,700,"('n', 'n', 'nɡ')",pɾobenɡa,pɾobenɡa
90L_10NL,3,90L_10NL_3_1,1,1050,"('nɡ', 'nɡ', 'nɡ')",pɾobenɡa,pɾobenɡa
90L_10NL,3,90L_10NL_3_1,1,1050,"('nɡ', 'nɡ', 'nɡ')",pɾobenɡa,pɾobenɡa
90L_10NL,3,90L_10NL_3_1,1,1050,"('nɡ', 'nɡ', 'nɡ')",pɾobenɡa,pɾobenɡa
90L_10NL,3,90L_10NL_3_1,1,1050,"('nɡ', 'nɡ', 'nɡ')",pɾobenɡa,pɾobenɡa
90L_10NL,3,90L_10NL_3_1,1,1050,"('nɡ', 'nɡ', 'nɡ')",pɾobenɡa,pɾobenɡa
90L_10NL,3,90L_10NL_3_1,1,1092,"('nɡ', 'n', 'nɡ')",pɾobenɡa,pɾobenɡa
90L_10NL,3,90L_10NL_3_1,1,1092,"('nɡ', 'n', 'nɡ')",pɾobenɡa,pɾobenɡa
90L_10NL,3,90L_10NL_3_1,1,1092,"('nɡ', 'n', 'nɡ')",pɾobenɡa,pɾobenɡa
90L_10NL,3,90L_10NL_3_1,1,1092,"('nɡ', 'n', 'nɡ')",pɾobenɡa,pɾobenɡa
90L_10NL,3,90L_10NL_3_1,1,1092,"('nɡ', 'n', 'nɡ')",pɾobenɡa,pɾobenɡa
90L_10NL,3,90L_10NL_3_1,1,1050,"('nɡ', 'nɡ', 'nɡ')",pɾobenɡa,pɾobenɡa
90L_10NL,3,90L_10NL_3_1,1,1050,"('nɡ', 'nɡ', 'nɡ')",pɾobenɡa,pɾobenɡa
90L_10NL,3,90L_10NL_3_1,1,1050,"('nɡ', 'nɡ', 'nɡ')",pɾobenɡa,pɾobenɡa
90L_10NL,3,90L_10NL_3_1,1,1050,"('nɡ', 'nɡ', 'nɡ')",pɾobenɡa,pɾobenɡa
90L_10NL,3,90L_10NL_3_1,1,1092,"('nɡ', 'n', 'nɡ')",pɾobenɡa,pɾobenɡa
90L_10NL,3,90L_10NL_3_1,1,1092,"('nɡ', 'n', 'nɡ')",pɾobenɡa,pɾobenɡa
90L_10NL,3,90L_10NL_3_1,1,1092,"('nɡ', 'n', 'nɡ')",pɾobenɡa,pɾobenɡa
90L_10NL,3,90L_10NL_3_1,1,1092,"('nɡ', 'n', 'nɡ')",pɾobenɡa,pɾobenɡa
90L_10NL,3,90L_10NL_3_1,1,1092,"('nɡ', 'n', 'nɡ')",pɾobenɡa,pɾobenɡa
90L_10NL,3,90L_10NL_3_1,1,1050,"('nɡ', 'nɡ', 'nɡ')",pɾobenɡa,pɾobenɡa
90L_10NL,3,90L_10NL_3_1,1,1050,"('nɡ', 'nɡ', 'nɡ')",pɾobenɡa,pɾobenɡa
90L_10NL,3,90L_10NL_3_1,1,1050,"('nɡ', 'nɡ', 'nɡ')",pɾobenɡa,pɾobenɡa
90L_10NL,3,90L_10NL_3_1,1,1092,"('nɡ', 'n', 'nɡ')",pɾobenɡa,pɾobenɡa
90L_10NL,3,90L_10NL_3_1,1,1092,"('nɡ', 'n', 'nɡ')",pɾobenɡa,pɾobenɡa
90L_10NL,3,90L_10NL_3_1,1,1092,"('nɡ', 'n', 'nɡ')",pɾobenɡa,pɾobenɡa
90L_10NL,3,90L_10NL_3_1,1,1092,"('nɡ', 'n', 'nɡ')",pɾobenɡa,pɾobenɡa
90L_10NL,3,90L_10NL_3_1,1,1092,"('nɡ', 'n', 'nɡ')",pɾobenɡa,pɾobenɡa
90L_10NL,3,90L_10NL_3_1,1,1050,"('nɡ', 'nɡ', 'nɡ')",pɾobenɡa,pɾobenɡa
90L_10NL,3,90L_10NL_3_1,1,1050,"('nɡ', 'nɡ', 'nɡ')",pɾobenɡa,pɾobenɡa
90L_10NL,3,90L_10NL_3_1,1,1092,"('nɡ', 'n', 'nɡ')",pɾobenɡa,pɾobenɡa
90L_10NL,3,90L_10NL_3_1,1,1092,"('nɡ', 'n', 'nɡ')",pɾobenɡa,pɾobenɡa
90L_10NL,3,90L_10NL_3_1,1,1092,"('nɡ', 'n', 'nɡ')",pɾobenɡa,pɾobenɡa
90L_10NL,3,90L_10NL_3_1,1,1092,"('nɡ', 'n', 'nɡ')",pɾobenɡa,pɾobenɡa
90L_10NL,3,90L_10NL_3_1,1,1092,"('nɡ', 'n', 'nɡ')",pɾobenɡa,pɾobenɡa
90L_10NL,3,90L_10NL_3_1,1,1050,"('nɡ', 'nɡ', 'nɡ')",pɾobenɡa,pɾobenɡa
90L_10NL,3,90L_10NL_3_1,1,1092,"('nɡ', 'n', 'nɡ')",pɾobenɡa,pɾobenɡa
90L_10NL,3,90L_10NL_3_1,1,1092,"('nɡ', 'n', 'nɡ')",pɾobenɡa,pɾobenɡa
90L_10NL,3,90L_10NL_3_1,1,1092,"('nɡ', 'n', 'nɡ')",pɾobenɡa,pɾobenɡa
90L_10NL,3,90L_10NL_3_1,1,1092,"('nɡ', 'n', 'nɡ')",pɾobenɡa,pɾobenɡa
90L_10NL,3,90L_10NL_3_1,1,1092,"('nɡ', 'n', 'nɡ')",pɾobenɡa,pɾobenɡa
90L_10NL,3,90L_10NL_3_1,1,1092,"('nɡ', 'n', 'nɡ')",pɾobenɡa,pɾobenɡa
90L_10NL,3,90L_10NL_3_1,1,1092,"('nɡ', 'n', 'nɡ')",pɾobenɡa,pɾobenɡa
90L_10NL,3,90L_10NL_3_1,1,1092,"('nɡ', 'n', 'nɡ')",pɾobenɡa,pɾobenɡa
90L_10NL,3,90L_10NL_3_1,1,1092,"('nɡ', 'n', 'nɡ')",pɾobenɡa,pɾobenɡa
90L_10NL,3,90L_10NL_3_1,1,1092,"('nɡ', 'n', 'nɡ')",pɾobenɡa,pɾobenɡa
90L_10NL,3,90L_10NL_3_1,1,700,"('n', 'n', 'nɡ')",pɾobenɡa,pɾobenɡa
90L_10NL,3,90L_10NL_3_1,1,700,"('n', 'n', 'nɡ')",pɾobenɡa,pɾobenɡa
90L_10NL,3,90L_10NL_3_1,1,700,"('n', 'n', 'nɡ')",pɾobenɡa,pɾobenɡa
90L_10NL,3,90L_10NL_3_1,1,700,"('n', 'n', 'nɡ')",pɾobenɡa,pɾobenɡa
90L_10NL,3,90L_10NL_3_1,1,700,"('n', 'n', 'nɡ')",pɾobenɡa,pɾobenɡa
90L_10NL,3,90L_10NL_3_1,1,700,"('n', 'n', 'nɡ')",pɾobenɡa,pɾobenɡa
90L_10NL,3,90L_10NL_3_1,0,700,"('n', 'n', 'nɡ')",pɾobenɡo,pɾobenɡa
90L_10NL,3,90L_10NL_3_1,0,700,"('n', 'n', 'nɡ')",pɾobenɡo,pɾobenɡa
90L_10NL,3,90L_10NL_3_1,0,700,"('n', 'n', 'nɡ')",pɾobenɡo,pɾobenɡa
90L_10NL,3,90L_10NL_3_1,0,700,"('n', 'n', 'nɡ')",pɾobenɡo,pɾobenɡa
90L_10NL,3,90L_10NL_3_1,1,1050,"('nɡ', 'nɡ', 'nɡ')",pɾobenɡo,pɾobenɡo
90L_10NL,3,90L_10NL_3_1,1,1050,"('nɡ', 'nɡ', 'nɡ')",pɾobenɡo,pɾobenɡo
90L_10NL,3,90L_10NL_3_1,1,1050,"('nɡ', 'nɡ', 'nɡ')",pɾobenɡo,pɾobenɡo
90L_10NL,3,90L_10NL_3_1,1,1050,"('nɡ', 'nɡ', 'nɡ')",pɾobenɡo,pɾobenɡo
90L_10NL,3,90L_10NL_3_1,1,1050,"('nɡ', 'nɡ', 'nɡ')",pɾobenɡo,pɾobenɡo
90L_10NL,3,90L_10NL_3_1,1,1092,"('nɡ', 'n', 'nɡ')",pɾobenɡo,pɾobenɡo
90L_10NL,3,90L_10NL_3_1,1,1092,"('nɡ', 'n', 'nɡ')",pɾobenɡo,pɾobenɡo
90L_10NL,3,90L_10NL_3_1,1,1092,"('nɡ', 'n', 'nɡ')",pɾobenɡo,pɾobenɡo
90L_10NL,3,90L_10NL_3_1,1,1092,"('nɡ', 'n', 'nɡ')",pɾobenɡo,pɾobenɡo
90L_10NL,3,90L_10NL_3_1,1,1092,"('nɡ', 'n', 'nɡ')",pɾobenɡo,pɾobenɡo
90L_10NL,3,90L_10NL_3_1,1,1050,"('nɡ', 'nɡ', 'nɡ')",pɾobenɡo,pɾobenɡo
90L_10NL,3,90L_10NL_3_1,1,1050,"('nɡ', 'nɡ', 'nɡ')",pɾobenɡo,pɾobenɡo
90L_10NL,3,90L_10NL_3_1,1,1050,"('nɡ', 'nɡ', 'nɡ')",pɾobenɡo,pɾobenɡo
90L_10NL,3,90L_10NL_3_1,1,1050,"('nɡ', 'nɡ', 'nɡ')",pɾobenɡo,pɾobenɡo
90L_10NL,3,90L_10NL_3_1,1,1092,"('nɡ', 'n', 'nɡ')",pɾobenɡo,pɾobenɡo
90L_10NL,3,90L_10NL_3_1,1,1092,"('nɡ', 'n', 'nɡ')",pɾobenɡo,pɾobenɡo
90L_10NL,3,90L_10NL_3_1,1,1092,"('nɡ', 'n', 'nɡ')",pɾobenɡo,pɾobenɡo
90L_10NL,3,90L_10NL_3_1,1,1092,"('nɡ', 'n', 'nɡ')",pɾobenɡo,pɾobenɡo
90L_10NL,3,90L_10NL_3_1,1,1092,"('nɡ', 'n', 'nɡ')",pɾobenɡo,pɾobenɡo
90L_10NL,3,90L_10NL_3_1,1,1050,"('nɡ', 'nɡ', 'nɡ')",pɾobenɡo,pɾobenɡo
90L_10NL,3,90L_10NL_3_1,1,1050,"('nɡ', 'nɡ', 'nɡ')",pɾobenɡo,pɾobenɡo
90L_10NL,3,90L_10NL_3_1,1,1050,"('nɡ', 'nɡ', 'nɡ')",pɾobenɡo,pɾobenɡo
90L_10NL,3,90L_10NL_3_1,1,1092,"('nɡ', 'n', 'nɡ')",pɾobenɡo,pɾobenɡo
90L_10NL,3,90L_10NL_3_1,1,1092,"('nɡ', 'n', 'nɡ')",pɾobenɡo,pɾobenɡo
90L_10NL,3,90L_10NL_3_1,1,1092,"('nɡ', 'n', 'nɡ')",pɾobenɡo,pɾobenɡo
90L_10NL,3,90L_10NL_3_1,1,1092,"('nɡ', 'n', 'nɡ')",pɾobenɡo,pɾobenɡo
90L_10NL,3,90L_10NL_3_1,1,1092,"('nɡ', 'n', 'nɡ')",pɾobenɡo,pɾobenɡo
90L_10NL,3,90L_10NL_3_1,1,1050,"('nɡ', 'nɡ', 'nɡ')",pɾobenɡo,pɾobenɡo
90L_10NL,3,90L_10NL_3_1,1,1050,"('nɡ', 'nɡ', 'nɡ')",pɾobenɡo,pɾobenɡo
90L_10NL,3,90L_10NL_3_1,1,1092,"('nɡ', 'n', 'nɡ')",pɾobenɡo,pɾobenɡo
90L_10NL,3,90L_10NL_3_1,1,1092,"('nɡ', 'n', 'nɡ')",pɾobenɡo,pɾobenɡo
90L_10NL,3,90L_10NL_3_1,1,1092,"('nɡ', 'n', 'nɡ')",pɾobenɡo,pɾobenɡo
90L_10NL,3,90L_10NL_3_1,1,1092,"('nɡ', 'n', 'nɡ')",pɾobenɡo,pɾobenɡo
90L_10NL,3,90L_10NL_3_1,1,1092,"('nɡ', 'n', 'nɡ')",pɾobenɡo,pɾobenɡo
90L_10NL,3,90L_10NL_3_1,1,1050,"('nɡ', 'nɡ', 'nɡ')",pɾobenɡo,pɾobenɡo
90L_10NL,3,90L_10NL_3_1,1,1092,"('nɡ', 'n', 'nɡ')",pɾobenɡo,pɾobenɡo
90L_10NL,3,90L_10NL_3_1,1,1092,"('nɡ', 'n', 'nɡ')",pɾobenɡo,pɾobenɡo
90L_10NL,3,90L_10NL_3_1,1,1092,"('nɡ', 'n', 'nɡ')",pɾobenɡo,pɾobenɡo
90L_10NL,3,90L_10NL_3_1,1,1092,"('nɡ', 'n', 'nɡ')",pɾobenɡo,pɾobenɡo
90L_10NL,3,90L_10NL_3_1,1,1092,"('nɡ', 'n', 'nɡ')",pɾobenɡo,pɾobenɡo
90L_10NL,3,90L_10NL_3_1,1,1092,"('nɡ', 'n', 'nɡ')",pɾobenɡo,pɾobenɡo
90L_10NL,3,90L_10NL_3_1,1,1092,"('nɡ', 'n', 'nɡ')",pɾobenɡo,pɾobenɡo
90L_10NL,3,90L_10NL_3_1,1,1092,"('nɡ', 'n', 'nɡ')",pɾobenɡo,pɾobenɡo
90L_10NL,3,90L_10NL_3_1,1,1092,"('nɡ', 'n', 'nɡ')",pɾobenɡo,pɾobenɡo
90L_10NL,3,90L_10NL_3_1,1,1092,"('nɡ', 'n', 'nɡ')",pɾobenɡo,pɾobenɡo
90L_10NL,3,90L_10NL_3_1,1,700,"('n', 'n', 'nɡ')",pɾobenɡo,pɾobenɡo
90L_10NL,3,90L_10NL_3_1,1,700,"('n', 'n', 'nɡ')",pɾobenɡo,pɾobenɡo
90L_10NL,3,90L_10NL_3_1,1,700,"('n', 'n', 'nɡ')",pɾobenɡo,pɾobenɡo
90L_10NL,3,90L_10NL_3_1,1,700,"('n', 'n', 'nɡ')",pɾobenɡo,pɾobenɡo
90L_10NL,3,90L_10NL_3_1,1,700,"('n', 'n', 'nɡ')",pɾobenɡo,pɾobenɡo
90L_10NL,3,90L_10NL_3_1,1,700,"('n', 'n', 'nɡ')",pɾobenɡo,pɾobenɡo
90L_10NL,3,90L_10NL_3_1,0,700,"('n', 'n', 'nɡ')",pɾobenimos,pɾobenɡo
90L_10NL,3,90L_10NL_3_1,0,700,"('n', 'n', 'nɡ')",pɾobenimos,pɾobenɡo
90L_10NL,3,90L_10NL_3_1,0,700,"('n', 'n', 'nɡ')",pɾobenimos,pɾobenɡo
90L_10NL,3,90L_10NL_3_1,0,700,"('n', 'n', 'nɡ')",pɾobenimos,pɾobenɡo
90L_10NL,3,90L_10NL_3_1,1,1050,"('nɡ', 'nɡ', 'n')",pɾobenimos,pɾobenimos
90L_10NL,3,90L_10NL_3_1,1,1050,"('nɡ', 'nɡ', 'n')",pɾobenimos,pɾobenimos
90L_10NL,3,90L_10NL_3_1,1,1050,"('nɡ', 'nɡ', 'n')",pɾobenimos,pɾobenimos
90L_10NL,3,90L_10NL_3_1,1,1050,"('nɡ', 'nɡ', 'n')",pɾobenimos,pɾobenimos
90L_10NL,3,90L_10NL_3_1,1,1050,"('nɡ', 'nɡ', 'n')",pɾobenimos,pɾobenimos
90L_10NL,3,90L_10NL_3_1,1,1050,"('nɡ', 'nɡ', 'n')",pɾobenimos,pɾobenimos
90L_10NL,3,90L_10NL_3_1,1,728,"('nɡ', 'n', 'n')",pɾobenimos,pɾobenimos
90L_10NL,3,90L_10NL_3_1,1,728,"('nɡ', 'n', 'n')",pɾobenimos,pɾobenimos
90L_10NL,3,90L_10NL_3_1,1,728,"('nɡ', 'n', 'n')",pɾobenimos,pɾobenimos
90L_10NL,3,90L_10NL_3_1,1,728,"('nɡ', 'n', 'n')",pɾobenimos,pɾobenimos
90L_10NL,3,90L_10NL_3_1,1,1050,"('nɡ', 'nɡ', 'n')",pɾobenimos,pɾobenimos
90L_10NL,3,90L_10NL_3_1,1,1050,"('nɡ', 'nɡ', 'n')",pɾobenimos,pɾobenimos
90L_10NL,3,90L_10NL_3_1,1,1050,"('nɡ', 'nɡ', 'n')",pɾobenimos,pɾobenimos
90L_10NL,3,90L_10NL_3_1,1,1050,"('nɡ', 'nɡ', 'n')",pɾobenimos,pɾobenimos
90L_10NL,3,90L_10NL_3_1,1,1050,"('nɡ', 'nɡ', 'n')",pɾobenimos,pɾobenimos
90L_10NL,3,90L_10NL_3_1,1,728,"('nɡ', 'n', 'n')",pɾobenimos,pɾobenimos
90L_10NL,3,90L_10NL_3_1,1,728,"('nɡ', 'n', 'n')",pɾobenimos,pɾobenimos
90L_10NL,3,90L_10NL_3_1,1,728,"('nɡ', 'n', 'n')",pɾobenimos,pɾobenimos
90L_10NL,3,90L_10NL_3_1,1,728,"('nɡ', 'n', 'n')",pɾobenimos,pɾobenimos
90L_10NL,3,90L_10NL_3_1,1,1050,"('nɡ', 'nɡ', 'n')",pɾobenimos,pɾobenimos
90L_10NL,3,90L_10NL_3_1,1,1050,"('nɡ', 'nɡ', 'n')",pɾobenimos,pɾobenimos
90L_10NL,3,90L_10NL_3_1,1,1050,"('nɡ', 'nɡ', 'n')",pɾobenimos,pɾobenimos
90L_10NL,3,90L_10NL_3_1,1,1050,"('nɡ', 'nɡ', 'n')",pɾobenimos,pɾobenimos
90L_10NL,3,90L_10NL_3_1,1,728,"('nɡ', 'n', 'n')",pɾobenimos,pɾobenimos
90L_10NL,3,90L_10NL_3_1,1,728,"('nɡ', 'n', 'n')",pɾobenimos,pɾobenimos
90L_10NL,3,90L_10NL_3_1,1,728,"('nɡ', 'n', 'n')",pɾobenimos,pɾobenimos
90L_10NL,3,90L_10NL_3_1,1,728,"('nɡ', 'n', 'n')",pɾobenimos,pɾobenimos
90L_10NL,3,90L_10NL_3_1,1,1050,"('nɡ', 'nɡ', 'n')",pɾobenimos,pɾobenimos
90L_10NL,3,90L_10NL_3_1,1,1050,"('nɡ', 'nɡ', 'n')",pɾobenimos,pɾobenimos
90L_10NL,3,90L_10NL_3_1,1,1050,"('nɡ', 'nɡ', 'n')",pɾobenimos,pɾobenimos
90L_10NL,3,90L_10NL_3_1,1,728,"('nɡ', 'n', 'n')",pɾobenimos,pɾobenimos
90L_10NL,3,90L_10NL_3_1,1,728,"('nɡ', 'n', 'n')",pɾobenimos,pɾobenimos
90L_10NL,3,90L_10NL_3_1,1,728,"('nɡ', 'n', 'n')",pɾobenimos,pɾobenimos
90L_10NL,3,90L_10NL_3_1,1,728,"('nɡ', 'n', 'n')",pɾobenimos,pɾobenimos
90L_10NL,3,90L_10NL_3_1,1,1050,"('nɡ', 'nɡ', 'n')",pɾobenimos,pɾobenimos
90L_10NL,3,90L_10NL_3_1,1,1050,"('nɡ', 'nɡ', 'n')",pɾobenimos,pɾobenimos
90L_10NL,3,90L_10NL_3_1,1,728,"('nɡ', 'n', 'n')",pɾobenimos,pɾobenimos
90L_10NL,3,90L_10NL_3_1,1,728,"('nɡ', 'n', 'n')",pɾobenimos,pɾobenimos
90L_10NL,3,90L_10NL_3_1,1,728,"('nɡ', 'n', 'n')",pɾobenimos,pɾobenimos
90L_10NL,3,90L_10NL_3_1,1,728,"('nɡ', 'n', 'n')",pɾobenimos,pɾobenimos
90L_10NL,3,90L_10NL_3_1,1,1050,"('nɡ', 'nɡ', 'n')",pɾobenimos,pɾobenimos
90L_10NL,3,90L_10NL_3_1,1,728,"('nɡ', 'n', 'n')",pɾobenimos,pɾobenimos
90L_10NL,3,90L_10NL_3_1,1,728,"('nɡ', 'n', 'n')",pɾobenimos,pɾobenimos
90L_10NL,3,90L_10NL_3_1,1,728,"('nɡ', 'n', 'n')",pɾobenimos,pɾobenimos
90L_10NL,3,90L_10NL_3_1,1,728,"('nɡ', 'n', 'n')",pɾobenimos,pɾobenimos
90L_10NL,3,90L_10NL_3_1,1,728,"('nɡ', 'n', 'n')",pɾobenimos,pɾobenimos
90L_10NL,3,90L_10NL_3_1,1,728,"('nɡ', 'n', 'n')",pɾobenimos,pɾobenimos
90L_10NL,3,90L_10NL_3_1,1,728,"('nɡ', 'n', 'n')",pɾobenimos,pɾobenimos
90L_10NL,3,90L_10NL_3_1,1,728,"('nɡ', 'n', 'n')",pɾobenimos,pɾobenimos
90L_10NL,3,90L_10NL_3_1,1,300,"('n', 'n', 'n')",pɾobenimos,pɾobenimos
90L_10NL,3,90L_10NL_3_1,1,300,"('n', 'n', 'n')",pɾobenimos,pɾobenimos
90L_10NL,3,90L_10NL_3_1,0,300,"('n', 'n', 'n')",pɾobenis,pɾobenimos
90L_10NL,3,90L_10NL_3_1,0,300,"('n', 'n', 'n')",pɾobenis,pɾobenimos
90L_10NL,3,90L_10NL_3_1,0,300,"('n', 'n', 'n')",pɾobenis,pɾobenimos
90L_10NL,3,90L_10NL_3_1,0,300,"('n', 'n', 'n')",pɾobenis,pɾobenimos
90L_10NL,3,90L_10NL_3_1,1,1050,"('nɡ', 'nɡ', 'n')",pɾobenis,pɾobenis
90L_10NL,3,90L_10NL_3_1,1,1050,"('nɡ', 'nɡ', 'n')",pɾobenis,pɾobenis
90L_10NL,3,90L_10NL_3_1,1,1050,"('nɡ', 'nɡ', 'n')",pɾobenis,pɾobenis
90L_10NL,3,90L_10NL_3_1,1,1050,"('nɡ', 'nɡ', 'n')",pɾobenis,pɾobenis
90L_10NL,3,90L_10NL_3_1,1,1050,"('nɡ', 'nɡ', 'n')",pɾobenis,pɾobenis
90L_10NL,3,90L_10NL_3_1,1,1050,"('nɡ', 'nɡ', 'n')",pɾobenis,pɾobenis
90L_10NL,3,90L_10NL_3_1,1,728,"('nɡ', 'n', 'n')",pɾobenis,pɾobenis
90L_10NL,3,90L_10NL_3_1,1,728,"('nɡ', 'n', 'n')",pɾobenis,pɾobenis
90L_10NL,3,90L_10NL_3_1,1,728,"('nɡ', 'n', 'n')",pɾobenis,pɾobenis
90L_10NL,3,90L_10NL_3_1,1,728,"('nɡ', 'n', 'n')",pɾobenis,pɾobenis
90L_10NL,3,90L_10NL_3_1,1,1050,"('nɡ', 'nɡ', 'n')",pɾobenis,pɾobenis
90L_10NL,3,90L_10NL_3_1,1,1050,"('nɡ', 'nɡ', 'n')",pɾobenis,pɾobenis
90L_10NL,3,90L_10NL_3_1,1,1050,"('nɡ', 'nɡ', 'n')",pɾobenis,pɾobenis
90L_10NL,3,90L_10NL_3_1,1,1050,"('nɡ', 'nɡ', 'n')",pɾobenis,pɾobenis
90L_10NL,3,90L_10NL_3_1,1,1050,"('nɡ', 'nɡ', 'n')",pɾobenis,pɾobenis
90L_10NL,3,90L_10NL_3_1,1,728,"('nɡ', 'n', 'n')",pɾobenis,pɾobenis
90L_10NL,3,90L_10NL_3_1,1,728,"('nɡ', 'n', 'n')",pɾobenis,pɾobenis
90L_10NL,3,90L_10NL_3_1,1,728,"('nɡ', 'n', 'n')",pɾobenis,pɾobenis
90L_10NL,3,90L_10NL_3_1,1,728,"('nɡ', 'n', 'n')",pɾobenis,pɾobenis
90L_10NL,3,90L_10NL_3_1,1,1050,"('nɡ', 'nɡ', 'n')",pɾobenis,pɾobenis
90L_10NL,3,90L_10NL_3_1,1,1050,"('nɡ', 'nɡ', 'n')",pɾobenis,pɾobenis
90L_10NL,3,90L_10NL_3_1,1,1050,"('nɡ', 'nɡ', 'n')",pɾobenis,pɾobenis
90L_10NL,3,90L_10NL_3_1,1,1050,"('nɡ', 'nɡ', 'n')",pɾobenis,pɾobenis
90L_10NL,3,90L_10NL_3_1,1,728,"('nɡ', 'n', 'n')",pɾobenis,pɾobenis
90L_10NL,3,90L_10NL_3_1,1,728,"('nɡ', 'n', 'n')",pɾobenis,pɾobenis
90L_10NL,3,90L_10NL_3_1,1,728,"('nɡ', 'n', 'n')",pɾobenis,pɾobenis
90L_10NL,3,90L_10NL_3_1,1,728,"('nɡ', 'n', 'n')",pɾobenis,pɾobenis
90L_10NL,3,90L_10NL_3_1,1,1050,"('nɡ', 'nɡ', 'n')",pɾobenis,pɾobenis
90L_10NL,3,90L_10NL_3_1,1,1050,"('nɡ', 'nɡ', 'n')",pɾobenis,pɾobenis
90L_10NL,3,90L_10NL_3_1,1,1050,"('nɡ', 'nɡ', 'n')",pɾobenis,pɾobenis
90L_10NL,3,90L_10NL_3_1,1,728,"('nɡ', 'n', 'n')",pɾobenis,pɾobenis
90L_10NL,3,90L_10NL_3_1,1,728,"('nɡ', 'n', 'n')",pɾobenis,pɾobenis
90L_10NL,3,90L_10NL_3_1,1,728,"('nɡ', 'n', 'n')",pɾobenis,pɾobenis
90L_10NL,3,90L_10NL_3_1,1,728,"('nɡ', 'n', 'n')",pɾobenis,pɾobenis
90L_10NL,3,90L_10NL_3_1,1,1050,"('nɡ', 'nɡ', 'n')",pɾobenis,pɾobenis
90L_10NL,3,90L_10NL_3_1,1,1050,"('nɡ', 'nɡ', 'n')",pɾobenis,pɾobenis
90L_10NL,3,90L_10NL_3_1,1,728,"('nɡ', 'n', 'n')",pɾobenis,pɾobenis
90L_10NL,3,90L_10NL_3_1,1,728,"('nɡ', 'n', 'n')",pɾobenis,pɾobenis
90L_10NL,3,90L_10NL_3_1,1,728,"('nɡ', 'n', 'n')",pɾobenis,pɾobenis
90L_10NL,3,90L_10NL_3_1,1,728,"('nɡ', 'n', 'n')",pɾobenis,pɾobenis
90L_10NL,3,90L_10NL_3_1,1,1050,"('nɡ', 'nɡ', 'n')",pɾobenis,pɾobenis
90L_10NL,3,90L_10NL_3_1,1,728,"('nɡ', 'n', 'n')",pɾobenis,pɾobenis
90L_10NL,3,90L_10NL_3_1,1,728,"('nɡ', 'n', 'n')",pɾobenis,pɾobenis
90L_10NL,3,90L_10NL_3_1,1,728,"('nɡ', 'n', 'n')",pɾobenis,pɾobenis
90L_10NL,3,90L_10NL_3_1,1,728,"('nɡ', 'n', 'n')",pɾobenis,pɾobenis
90L_10NL,3,90L_10NL_3_1,1,728,"('nɡ', 'n', 'n')",pɾobenis,pɾobenis
90L_10NL,3,90L_10NL_3_1,1,728,"('nɡ', 'n', 'n')",pɾobenis,pɾobenis
90L_10NL,3,90L_10NL_3_1,1,728,"('nɡ', 'n', 'n')",pɾobenis,pɾobenis
90L_10NL,3,90L_10NL_3_1,1,728,"('nɡ', 'n', 'n')",pɾobenis,pɾobenis
90L_10NL,3,90L_10NL_3_1,1,300,"('n', 'n', 'n')",pɾobenis,pɾobenis
90L_10NL,3,90L_10NL_3_1,1,300,"('n', 'n', 'n')",pɾobenis,pɾobenis
90L_10NL,3,90L_10NL_3_1,0,300,"('n', 'n', 'n')",pɾobjenen,pɾobenis
90L_10NL,3,90L_10NL_3_1,0,300,"('n', 'n', 'n')",pɾobjenen,pɾobenis
90L_10NL,3,90L_10NL_3_1,0,300,"('n', 'n', 'n')",pɾobjenen,pɾobenis
90L_10NL,3,90L_10NL_3_1,0,300,"('n', 'n', 'n')",pɾobjenen,pɾobenis
90L_10NL,3,90L_10NL_3_1,1,1050,"('nɡ', 'nɡ', 'n')",pɾobjenen,pɾobjenen
90L_10NL,3,90L_10NL_3_1,1,1050,"('nɡ', 'nɡ', 'n')",pɾobjenen,pɾobjenen
90L_10NL,3,90L_10NL_3_1,1,1050,"('nɡ', 'nɡ', 'n')",pɾobjenen,pɾobjenen
90L_10NL,3,90L_10NL_3_1,1,1050,"('nɡ', 'nɡ', 'n')",pɾobjenen,pɾobjenen
90L_10NL,3,90L_10NL_3_1,1,1050,"('nɡ', 'nɡ', 'n')",pɾobjenen,pɾobjenen
90L_10NL,3,90L_10NL_3_1,1,1050,"('nɡ', 'nɡ', 'n')",pɾobjenen,pɾobjenen
90L_10NL,3,90L_10NL_3_1,1,728,"('nɡ', 'n', 'n')",pɾobjenen,pɾobjenen
90L_10NL,3,90L_10NL_3_1,1,728,"('nɡ', 'n', 'n')",pɾobjenen,pɾobjenen
90L_10NL,3,90L_10NL_3_1,1,728,"('nɡ', 'n', 'n')",pɾobjenen,pɾobjenen
90L_10NL,3,90L_10NL_3_1,1,728,"('nɡ', 'n', 'n')",pɾobjenen,pɾobjenen
90L_10NL,3,90L_10NL_3_1,1,1050,"('nɡ', 'nɡ', 'n')",pɾobjenen,pɾobjenen
90L_10NL,3,90L_10NL_3_1,1,1050,"('nɡ', 'nɡ', 'n')",pɾobjenen,pɾobjenen
90L_10NL,3,90L_10NL_3_1,1,1050,"('nɡ', 'nɡ', 'n')",pɾobjenen,pɾobjenen
90L_10NL,3,90L_10NL_3_1,1,1050,"('nɡ', 'nɡ', 'n')",pɾobjenen,pɾobjenen
90L_10NL,3,90L_10NL_3_1,1,1050,"('nɡ', 'nɡ', 'n')",pɾobjenen,pɾobjenen
90L_10NL,3,90L_10NL_3_1,1,728,"('nɡ', 'n', 'n')",pɾobjenen,pɾobjenen
90L_10NL,3,90L_10NL_3_1,1,728,"('nɡ', 'n', 'n')",pɾobjenen,pɾobjenen
90L_10NL,3,90L_10NL_3_1,1,728,"('nɡ', 'n', 'n')",pɾobjenen,pɾobjenen
90L_10NL,3,90L_10NL_3_1,1,728,"('nɡ', 'n', 'n')",pɾobjenen,pɾobjenen
90L_10NL,3,90L_10NL_3_1,1,1050,"('nɡ', 'nɡ', 'n')",pɾobjenen,pɾobjenen
90L_10NL,3,90L_10NL_3_1,1,1050,"('nɡ', 'nɡ', 'n')",pɾobjenen,pɾobjenen
90L_10NL,3,90L_10NL_3_1,1,1050,"('nɡ', 'nɡ', 'n')",pɾobjenen,pɾobjenen
90L_10NL,3,90L_10NL_3_1,1,1050,"('nɡ', 'nɡ', 'n')",pɾobjenen,pɾobjenen
90L_10NL,3,90L_10NL_3_1,1,728,"('nɡ', 'n', 'n')",pɾobjenen,pɾobjenen
90L_10NL,3,90L_10NL_3_1,1,728,"('nɡ', 'n', 'n')",pɾobjenen,pɾobjenen
90L_10NL,3,90L_10NL_3_1,1,728,"('nɡ', 'n', 'n')",pɾobjenen,pɾobjenen
90L_10NL,3,90L_10NL_3_1,1,728,"('nɡ', 'n', 'n')",pɾobjenen,pɾobjenen
90L_10NL,3,90L_10NL_3_1,1,1050,"('nɡ', 'nɡ', 'n')",pɾobjenen,pɾobjenen
90L_10NL,3,90L_10NL_3_1,1,1050,"('nɡ', 'nɡ', 'n')",pɾobjenen,pɾobjenen
90L_10NL,3,90L_10NL_3_1,1,1050,"('nɡ', 'nɡ', 'n')",pɾobjenen,pɾobjenen
90L_10NL,3,90L_10NL_3_1,1,728,"('nɡ', 'n', 'n')",pɾobjenen,pɾobjenen
90L_10NL,3,90L_10NL_3_1,1,728,"('nɡ', 'n', 'n')",pɾobjenen,pɾobjenen
90L_10NL,3,90L_10NL_3_1,1,728,"('nɡ', 'n', 'n')",pɾobjenen,pɾobjenen
90L_10NL,3,90L_10NL_3_1,1,728,"('nɡ', 'n', 'n')",pɾobjenen,pɾobjenen
90L_10NL,3,90L_10NL_3_1,1,1050,"('nɡ', 'nɡ', 'n')",pɾobjenen,pɾobjenen
90L_10NL,3,90L_10NL_3_1,1,1050,"('nɡ', 'nɡ', 'n')",pɾobjenen,pɾobjenen
90L_10NL,3,90L_10NL_3_1,1,728,"('nɡ', 'n', 'n')",pɾobjenen,pɾobjenen
90L_10NL,3,90L_10NL_3_1,1,728,"('nɡ', 'n', 'n')",pɾobjenen,pɾobjenen
90L_10NL,3,90L_10NL_3_1,1,728,"('nɡ', 'n', 'n')",pɾobjenen,pɾobjenen
90L_10NL,3,90L_10NL_3_1,1,728,"('nɡ', 'n', 'n')",pɾobjenen,pɾobjenen
90L_10NL,3,90L_10NL_3_1,1,1050,"('nɡ', 'nɡ', 'n')",pɾobjenen,pɾobjenen
90L_10NL,3,90L_10NL_3_1,1,728,"('nɡ', 'n', 'n')",pɾobjenen,pɾobjenen
90L_10NL,3,90L_10NL_3_1,1,728,"('nɡ', 'n', 'n')",pɾobjenen,pɾobjenen
90L_10NL,3,90L_10NL_3_1,1,728,"('nɡ', 'n', 'n')",pɾobjenen,pɾobjenen
90L_10NL,3,90L_10NL_3_1,1,728,"('nɡ', 'n', 'n')",pɾobjenen,pɾobjenen
90L_10NL,3,90L_10NL_3_1,1,728,"('nɡ', 'n', 'n')",pɾobjenen,pɾobjenen
90L_10NL,3,90L_10NL_3_1,1,728,"('nɡ', 'n', 'n')",pɾobjenen,pɾobjenen
90L_10NL,3,90L_10NL_3_1,1,728,"('nɡ', 'n', 'n')",pɾobjenen,pɾobjenen
90L_10NL,3,90L_10NL_3_1,1,728,"('nɡ', 'n', 'n')",pɾobjenen,pɾobjenen
90L_10NL,3,90L_10NL_3_1,1,300,"('n', 'n', 'n')",pɾobjenen,pɾobjenen
90L_10NL,3,90L_10NL_3_1,1,300,"('n', 'n', 'n')",pɾobjenen,pɾobjenen
90L_10NL,3,90L_10NL_3_1,0,300,"('n', 'n', 'n')",pɾobjenes,pɾobjenen
90L_10NL,3,90L_10NL_3_1,0,300,"('n', 'n', 'n')",pɾobjenes,pɾobjenen
90L_10NL,3,90L_10NL_3_1,0,300,"('n', 'n', 'n')",pɾobjenes,pɾobjenen
90L_10NL,3,90L_10NL_3_1,0,300,"('n', 'n', 'n')",pɾobjenes,pɾobjenen
90L_10NL,3,90L_10NL_3_1,1,1050,"('nɡ', 'nɡ', 'n')",pɾobjenes,pɾobjenes
90L_10NL,3,90L_10NL_3_1,1,1050,"('nɡ', 'nɡ', 'n')",pɾobjenes,pɾobjenes
90L_10NL,3,90L_10NL_3_1,1,1050,"('nɡ', 'nɡ', 'n')",pɾobjenes,pɾobjenes
90L_10NL,3,90L_10NL_3_1,1,1050,"('nɡ', 'nɡ', 'n')",pɾobjenes,pɾobjenes
90L_10NL,3,90L_10NL_3_1,1,1050,"('nɡ', 'nɡ', 'n')",pɾobjenes,pɾobjenes
90L_10NL,3,90L_10NL_3_1,1,1050,"('nɡ', 'nɡ', 'n')",pɾobjenes,pɾobjenes
90L_10NL,3,90L_10NL_3_1,1,728,"('nɡ', 'n', 'n')",pɾobjenes,pɾobjenes
90L_10NL,3,90L_10NL_3_1,1,728,"('nɡ', 'n', 'n')",pɾobjenes,pɾobjenes
90L_10NL,3,90L_10NL_3_1,1,728,"('nɡ', 'n', 'n')",pɾobjenes,pɾobjenes
90L_10NL,3,90L_10NL_3_1,1,728,"('nɡ', 'n', 'n')",pɾobjenes,pɾobjenes
90L_10NL,3,90L_10NL_3_1,1,1050,"('nɡ', 'nɡ', 'n')",pɾobjenes,pɾobjenes
90L_10NL,3,90L_10NL_3_1,1,1050,"('nɡ', 'nɡ', 'n')",pɾobjenes,pɾobjenes
90L_10NL,3,90L_10NL_3_1,1,1050,"('nɡ', 'nɡ', 'n')",pɾobjenes,pɾobjenes
90L_10NL,3,90L_10NL_3_1,1,1050,"('nɡ', 'nɡ', 'n')",pɾobjenes,pɾobjenes
90L_10NL,3,90L_10NL_3_1,1,1050,"('nɡ', 'nɡ', 'n')",pɾobjenes,pɾobjenes
90L_10NL,3,90L_10NL_3_1,1,728,"('nɡ', 'n', 'n')",pɾobjenes,pɾobjenes
90L_10NL,3,90L_10NL_3_1,1,728,"('nɡ', 'n', 'n')",pɾobjenes,pɾobjenes
90L_10NL,3,90L_10NL_3_1,1,728,"('nɡ', 'n', 'n')",pɾobjenes,pɾobjenes
90L_10NL,3,90L_10NL_3_1,1,728,"('nɡ', 'n', 'n')",pɾobjenes,pɾobjenes
90L_10NL,3,90L_10NL_3_1,1,1050,"('nɡ', 'nɡ', 'n')",pɾobjenes,pɾobjenes
90L_10NL,3,90L_10NL_3_1,1,1050,"('nɡ', 'nɡ', 'n')",pɾobjenes,pɾobjenes
90L_10NL,3,90L_10NL_3_1,1,1050,"('nɡ', 'nɡ', 'n')",pɾobjenes,pɾobjenes
90L_10NL,3,90L_10NL_3_1,1,1050,"('nɡ', 'nɡ', 'n')",pɾobjenes,pɾobjenes
90L_10NL,3,90L_10NL_3_1,1,728,"('nɡ', 'n', 'n')",pɾobjenes,pɾobjenes
90L_10NL,3,90L_10NL_3_1,1,728,"('nɡ', 'n', 'n')",pɾobjenes,pɾobjenes
90L_10NL,3,90L_10NL_3_1,1,728,"('nɡ', 'n', 'n')",pɾobjenes,pɾobjenes
90L_10NL,3,90L_10NL_3_1,1,728,"('nɡ', 'n', 'n')",pɾobjenes,pɾobjenes
90L_10NL,3,90L_10NL_3_1,1,1050,"('nɡ', 'nɡ', 'n')",pɾobjenes,pɾobjenes
90L_10NL,3,90L_10NL_3_1,1,1050,"('nɡ', 'nɡ', 'n')",pɾobjenes,pɾobjenes
90L_10NL,3,90L_10NL_3_1,1,1050,"('nɡ', 'nɡ', 'n')",pɾobjenes,pɾobjenes
90L_10NL,3,90L_10NL_3_1,1,728,"('nɡ', 'n', 'n')",pɾobjenes,pɾobjenes
90L_10NL,3,90L_10NL_3_1,1,728,"('nɡ', 'n', 'n')",pɾobjenes,pɾobjenes
90L_10NL,3,90L_10NL_3_1,1,728,"('nɡ', 'n', 'n')",pɾobjenes,pɾobjenes
90L_10NL,3,90L_10NL_3_1,1,728,"('nɡ', 'n', 'n')",pɾobjenes,pɾobjenes
90L_10NL,3,90L_10NL_3_1,1,1050,"('nɡ', 'nɡ', 'n')",pɾobjenes,pɾobjenes
90L_10NL,3,90L_10NL_3_1,1,1050,"('nɡ', 'nɡ', 'n')",pɾobjenes,pɾobjenes
90L_10NL,3,90L_10NL_3_1,1,728,"('nɡ', 'n', 'n')",pɾobjenes,pɾobjenes
90L_10NL,3,90L_10NL_3_1,1,728,"('nɡ', 'n', 'n')",pɾobjenes,pɾobjenes
90L_10NL,3,90L_10NL_3_1,1,728,"('nɡ', 'n', 'n')",pɾobjenes,pɾobjenes
90L_10NL,3,90L_10NL_3_1,1,728,"('nɡ', 'n', 'n')",pɾobjenes,pɾobjenes
90L_10NL,3,90L_10NL_3_1,1,1050,"('nɡ', 'nɡ', 'n')",pɾobjenes,pɾobjenes
90L_10NL,3,90L_10NL_3_1,1,728,"('nɡ', 'n', 'n')",pɾobjenes,pɾobjenes
90L_10NL,3,90L_10NL_3_1,1,728,"('nɡ', 'n', 'n')",pɾobjenes,pɾobjenes
90L_10NL,3,90L_10NL_3_1,1,728,"('nɡ', 'n', 'n')",pɾobjenes,pɾobjenes
90L_10NL,3,90L_10NL_3_1,1,728,"('nɡ', 'n', 'n')",pɾobjenes,pɾobjenes
90L_10NL,3,90L_10NL_3_1,1,728,"('nɡ', 'n', 'n')",pɾobjenes,pɾobjenes
90L_10NL,3,90L_10NL_3_1,1,728,"('nɡ', 'n', 'n')",pɾobjenes,pɾobjenes
90L_10NL,3,90L_10NL_3_1,1,728,"('nɡ', 'n', 'n')",pɾobjenes,pɾobjenes
90L_10NL,3,90L_10NL_3_1,1,728,"('nɡ', 'n', 'n')",pɾobjenes,pɾobjenes
90L_10NL,3,90L_10NL_3_1,1,300,"('n', 'n', 'n')",pɾobjenes,pɾobjenes
90L_10NL,3,90L_10NL_3_1,1,300,"('n', 'n', 'n')",pɾobjenes,pɾobjenes
90L_10NL,3,90L_10NL_3_1,0,300,"('n', 'n', 'n')",pɾobjene,pɾobjenes
90L_10NL,3,90L_10NL_3_1,0,300,"('n', 'n', 'n')",pɾobjene,pɾobjenes
90L_10NL,3,90L_10NL_3_1,0,300,"('n', 'n', 'n')",pɾobjene,pɾobjenes
90L_10NL,3,90L_10NL_3_1,0,300,"('n', 'n', 'n')",pɾobjene,pɾobjenes
90L_10NL,3,90L_10NL_3_1,1,1050,"('nɡ', 'nɡ', 'n')",pɾobjene,pɾobjene
90L_10NL,3,90L_10NL_3_1,1,1050,"('nɡ', 'nɡ', 'n')",pɾobjene,pɾobjene
90L_10NL,3,90L_10NL_3_1,1,1050,"('nɡ', 'nɡ', 'n')",pɾobjene,pɾobjene
90L_10NL,3,90L_10NL_3_1,1,1050,"('nɡ', 'nɡ', 'n')",pɾobjene,pɾobjene
90L_10NL,3,90L_10NL_3_1,1,1050,"('nɡ', 'nɡ', 'n')",pɾobjene,pɾobjene
90L_10NL,3,90L_10NL_3_1,1,1050,"('nɡ', 'nɡ', 'n')",pɾobjene,pɾobjene
90L_10NL,3,90L_10NL_3_1,1,728,"('nɡ', 'n', 'n')",pɾobjene,pɾobjene
90L_10NL,3,90L_10NL_3_1,1,728,"('nɡ', 'n', 'n')",pɾobjene,pɾobjene
90L_10NL,3,90L_10NL_3_1,1,728,"('nɡ', 'n', 'n')",pɾobjene,pɾobjene
90L_10NL,3,90L_10NL_3_1,1,728,"('nɡ', 'n', 'n')",pɾobjene,pɾobjene
90L_10NL,3,90L_10NL_3_1,1,1050,"('nɡ', 'nɡ', 'n')",pɾobjene,pɾobjene
90L_10NL,3,90L_10NL_3_1,1,1050,"('nɡ', 'nɡ', 'n')",pɾobjene,pɾobjene
90L_10NL,3,90L_10NL_3_1,1,1050,"('nɡ', 'nɡ', 'n')",pɾobjene,pɾobjene
90L_10NL,3,90L_10NL_3_1,1,1050,"('nɡ', 'nɡ', 'n')",pɾobjene,pɾobjene
90L_10NL,3,90L_10NL_3_1,1,1050,"('nɡ', 'nɡ', 'n')",pɾobjene,pɾobjene
90L_10NL,3,90L_10NL_3_1,1,728,"('nɡ', 'n', 'n')",pɾobjene,pɾobjene
90L_10NL,3,90L_10NL_3_1,1,728,"('nɡ', 'n', 'n')",pɾobjene,pɾobjene
90L_10NL,3,90L_10NL_3_1,1,728,"('nɡ', 'n', 'n')",pɾobjene,pɾobjene
90L_10NL,3,90L_10NL_3_1,1,728,"('nɡ', 'n', 'n')",pɾobjene,pɾobjene
90L_10NL,3,90L_10NL_3_1,1,1050,"('nɡ', 'nɡ', 'n')",pɾobjene,pɾobjene
90L_10NL,3,90L_10NL_3_1,1,1050,"('nɡ', 'nɡ', 'n')",pɾobjene,pɾobjene
90L_10NL,3,90L_10NL_3_1,1,1050,"('nɡ', 'nɡ', 'n')",pɾobjene,pɾobjene
90L_10NL,3,90L_10NL_3_1,1,1050,"('nɡ', 'nɡ', 'n')",pɾobjene,pɾobjene
90L_10NL,3,90L_10NL_3_1,1,728,"('nɡ', 'n', 'n')",pɾobjene,pɾobjene
90L_10NL,3,90L_10NL_3_1,1,728,"('nɡ', 'n', 'n')",pɾobjene,pɾobjene
90L_10NL,3,90L_10NL_3_1,1,728,"('nɡ', 'n', 'n')",pɾobjene,pɾobjene
90L_10NL,3,90L_10NL_3_1,1,728,"('nɡ', 'n', 'n')",pɾobjene,pɾobjene
90L_10NL,3,90L_10NL_3_1,1,1050,"('nɡ', 'nɡ', 'n')",pɾobjene,pɾobjene
90L_10NL,3,90L_10NL_3_1,1,1050,"('nɡ', 'nɡ', 'n')",pɾobjene,pɾobjene
90L_10NL,3,90L_10NL_3_1,1,1050,"('nɡ', 'nɡ', 'n')",pɾobjene,pɾobjene
90L_10NL,3,90L_10NL_3_1,1,728,"('nɡ', 'n', 'n')",pɾobjene,pɾobjene
90L_10NL,3,90L_10NL_3_1,1,728,"('nɡ', 'n', 'n')",pɾobjene,pɾobjene
90L_10NL,3,90L_10NL_3_1,1,728,"('nɡ', 'n', 'n')",pɾobjene,pɾobjene
90L_10NL,3,90L_10NL_3_1,1,728,"('nɡ', 'n', 'n')",pɾobjene,pɾobjene
90L_10NL,3,90L_10NL_3_1,1,1050,"('nɡ', 'nɡ', 'n')",pɾobjene,pɾobjene
90L_10NL,3,90L_10NL_3_1,1,1050,"('nɡ', 'nɡ', 'n')",pɾobjene,pɾobjene
90L_10NL,3,90L_10NL_3_1,1,728,"('nɡ', 'n', 'n')",pɾobjene,pɾobjene
90L_10NL,3,90L_10NL_3_1,1,728,"('nɡ', 'n', 'n')",pɾobjene,pɾobjene
90L_10NL,3,90L_10NL_3_1,1,728,"('nɡ', 'n', 'n')",pɾobjene,pɾobjene
90L_10NL,3,90L_10NL_3_1,1,728,"('nɡ', 'n', 'n')",pɾobjene,pɾobjene
90L_10NL,3,90L_10NL_3_1,1,1050,"('nɡ', 'nɡ', 'n')",pɾobjene,pɾobjene
90L_10NL,3,90L_10NL_3_1,1,728,"('nɡ', 'n', 'n')",pɾobjene,pɾobjene
90L_10NL,3,90L_10NL_3_1,1,728,"('nɡ', 'n', 'n')",pɾobjene,pɾobjene
90L_10NL,3,90L_10NL_3_1,1,728,"('nɡ', 'n', 'n')",pɾobjene,pɾobjene
90L_10NL,3,90L_10NL_3_1,1,728,"('nɡ', 'n', 'n')",pɾobjene,pɾobjene
90L_10NL,3,90L_10NL_3_1,1,728,"('nɡ', 'n', 'n')",pɾobjene,pɾobjene
90L_10NL,3,90L_10NL_3_1,1,728,"('nɡ', 'n', 'n')",pɾobjene,pɾobjene
90L_10NL,3,90L_10NL_3_1,1,728,"('nɡ', 'n', 'n')",pɾobjene,pɾobjene
90L_10NL,3,90L_10NL_3_1,1,728,"('nɡ', 'n', 'n')",pɾobjene,pɾobjene
90L_10NL,3,90L_10NL_3_1,1,300,"('n', 'n', 'n')",pɾobjene,pɾobjene
90L_10NL,3,90L_10NL_3_1,1,300,"('n', 'n', 'n')",pɾobjene,pɾobjene
90L_10NL,3,90L_10NL_3_1,0,300,"('n', 'n', 'n')",mulçis,pɾobjene
90L_10NL,3,90L_10NL_3_1,0,300,"('n', 'n', 'n')",mulçis,pɾobjene
90L_10NL,3,90L_10NL_3_1,0,300,"('n', 'n', 'n')",mulçis,pɾobjene
90L_10NL,3,90L_10NL_3_1,0,300,"('n', 'n', 'n')",mulçis,pɾobjene
90L_10NL,3,90L_10NL_3_1,0,60,"('lç', 'lç', 'lç')",mulçis,mulçejs
90L_10NL,3,90L_10NL_3_1,0,60,"('lç', 'lç', 'lç')",mulçis,mulçejs
90L_10NL,3,90L_10NL_3_1,0,60,"('lç', 'lç', 'lç')",mulçis,mulçejs
90L_10NL,3,90L_10NL_3_1,0,280,"('lç', 'lx', 'lç')",mulçis,mulçejs
90L_10NL,3,90L_10NL_3_1,0,280,"('lç', 'lx', 'lç')",mulçis,mulçejs
90L_10NL,3,90L_10NL_3_1,0,280,"('lç', 'lx', 'lç')",mulçis,mulçejs
90L_10NL,3,90L_10NL_3_1,0,280,"('lç', 'lx', 'lç')",mulçis,mulçejs
90L_10NL,3,90L_10NL_3_1,0,280,"('lç', 'lx', 'lç')",mulçis,mulçejs
90L_10NL,3,90L_10NL_3_1,0,280,"('lç', 'lx', 'lç')",mulçis,mulçejs
90L_10NL,3,90L_10NL_3_1,0,280,"('lç', 'lx', 'lç')",mulçis,mulçejs
90L_10NL,3,90L_10NL_3_1,0,60,"('lç', 'lç', 'lç')",mulçis,mulçejs
90L_10NL,3,90L_10NL_3_1,0,60,"('lç', 'lç', 'lç')",mulçis,mulçejs
90L_10NL,3,90L_10NL_3_1,0,280,"('lç', 'lx', 'lç')",mulçis,mulçejs
90L_10NL,3,90L_10NL_3_1,0,280,"('lç', 'lx', 'lç')",mulçis,mulçejs
90L_10NL,3,90L_10NL_3_1,0,280,"('lç', 'lx', 'lç')",mulçis,mulçejs
90L_10NL,3,90L_10NL_3_1,0,280,"('lç', 'lx', 'lç')",mulçis,mulçejs
90L_10NL,3,90L_10NL_3_1,0,280,"('lç', 'lx', 'lç')",mulçis,mulçejs
90L_10NL,3,90L_10NL_3_1,0,280,"('lç', 'lx', 'lç')",mulçis,mulçejs
90L_10NL,3,90L_10NL_3_1,0,280,"('lç', 'lx', 'lç')",mulçis,mulçejs
90L_10NL,3,90L_10NL_3_1,0,60,"('lç', 'lç', 'lç')",mulçis,mulçejs
90L_10NL,3,90L_10NL_3_1,0,280,"('lç', 'lx', 'lç')",mulçis,mulçejs
90L_10NL,3,90L_10NL_3_1,0,280,"('lç', 'lx', 'lç')",mulçis,mulçejs
90L_10NL,3,90L_10NL_3_1,0,280,"('lç', 'lx', 'lç')",mulçis,mulçejs
90L_10NL,3,90L_10NL_3_1,0,280,"('lç', 'lx', 'lç')",mulçis,mulçejs
90L_10NL,3,90L_10NL_3_1,0,280,"('lç', 'lx', 'lç')",mulçis,mulçejs
90L_10NL,3,90L_10NL_3_1,0,280,"('lç', 'lx', 'lç')",mulçis,mulçejs
90L_10NL,3,90L_10NL_3_1,0,280,"('lç', 'lx', 'lç')",mulçis,mulçejs
90L_10NL,3,90L_10NL_3_1,0,280,"('lç', 'lx', 'lç')",mulçis,mulçejs
90L_10NL,3,90L_10NL_3_1,0,280,"('lç', 'lx', 'lç')",mulçis,mulçejs
90L_10NL,3,90L_10NL_3_1,0,280,"('lç', 'lx', 'lç')",mulçis,mulçejs
90L_10NL,3,90L_10NL_3_1,0,280,"('lç', 'lx', 'lç')",mulçis,mulçejs
90L_10NL,3,90L_10NL_3_1,0,280,"('lç', 'lx', 'lç')",mulçis,mulçejs
90L_10NL,3,90L_10NL_3_1,0,280,"('lç', 'lx', 'lç')",mulçis,mulçejs
90L_10NL,3,90L_10NL_3_1,0,280,"('lç', 'lx', 'lç')",mulçis,mulçejs
90L_10NL,3,90L_10NL_3_1,0,210,"('lx', 'lx', 'lç')",mulçis,mulçejs
90L_10NL,3,90L_10NL_3_1,0,210,"('lx', 'lx', 'lç')",mulçis,mulçejs
90L_10NL,3,90L_10NL_3_1,0,210,"('lx', 'lx', 'lç')",mulçis,mulçejs
90L_10NL,3,90L_10NL_3_1,0,210,"('lx', 'lx', 'lç')",mulçis,mulçejs
90L_10NL,3,90L_10NL_3_1,0,210,"('lx', 'lx', 'lç')",mulçis,mulçejs
90L_10NL,3,90L_10NL_3_1,0,210,"('lx', 'lx', 'lç')",mulçis,mulçejs
90L_10NL,3,90L_10NL_3_1,0,210,"('lx', 'lx', 'lç')",mulçis,mulçejs
90L_10NL,3,90L_10NL_3_1,0,210,"('lx', 'lx', 'lç')",mulçis,mulçejs
90L_10NL,3,90L_10NL_3_1,0,210,"('lx', 'lx', 'lç')",mulçis,mulçejs
90L_10NL,3,90L_10NL_3_1,0,210,"('lx', 'lx', 'lç')",mulçis,mulçejs
90L_10NL,3,90L_10NL_3_1,0,210,"('lx', 'lx', 'lç')",mulçis,mulçejs
90L_10NL,3,90L_10NL_3_1,0,210,"('lx', 'lx', 'lç')",mulçis,mulçejs
90L_10NL,3,90L_10NL_3_1,0,210,"('lx', 'lx', 'lç')",mulçis,mulçejs
90L_10NL,3,90L_10NL_3_1,0,210,"('lx', 'lx', 'lç')",mulçis,mulçejs
90L_10NL,3,90L_10NL_3_1,0,210,"('lx', 'lx', 'lç')",mulçis,mulçejs
90L_10NL,3,90L_10NL_3_1,0,210,"('lx', 'lx', 'lç')",mulçis,mulçejs
90L_10NL,3,90L_10NL_3_1,0,210,"('lx', 'lx', 'lç')",mulçis,mulçejs
90L_10NL,3,90L_10NL_3_1,0,210,"('lx', 'lx', 'lç')",mulçimos,mulçejs
90L_10NL,3,90L_10NL_3_1,0,210,"('lx', 'lx', 'lç')",mulçimos,mulçejs
90L_10NL,3,90L_10NL_3_1,0,210,"('lx', 'lx', 'lç')",mulçimos,mulçejs
90L_10NL,3,90L_10NL_3_1,0,210,"('lx', 'lx', 'lç')",mulçimos,mulçejs
90L_10NL,3,90L_10NL_3_1,0,60,"('lç', 'lç', 'lç')",mulçimos,mulçemos
90L_10NL,3,90L_10NL_3_1,0,60,"('lç', 'lç', 'lç')",mulçimos,mulçemos
90L_10NL,3,90L_10NL_3_1,0,60,"('lç', 'lç', 'lç')",mulçimos,mulçemos
90L_10NL,3,90L_10NL_3_1,0,280,"('lç', 'lx', 'lç')",mulçimos,mulçemos
90L_10NL,3,90L_10NL_3_1,0,280,"('lç', 'lx', 'lç')",mulçimos,mulçemos
90L_10NL,3,90L_10NL_3_1,0,280,"('lç', 'lx', 'lç')",mulçimos,mulçemos
90L_10NL,3,90L_10NL_3_1,0,280,"('lç', 'lx', 'lç')",mulçimos,mulçemos
90L_10NL,3,90L_10NL_3_1,0,280,"('lç', 'lx', 'lç')",mulçimos,mulçemos
90L_10NL,3,90L_10NL_3_1,0,280,"('lç', 'lx', 'lç')",mulçimos,mulçemos
90L_10NL,3,90L_10NL_3_1,0,280,"('lç', 'lx', 'lç')",mulçimos,mulçemos
90L_10NL,3,90L_10NL_3_1,0,60,"('lç', 'lç', 'lç')",mulçimos,mulçemos
90L_10NL,3,90L_10NL_3_1,0,60,"('lç', 'lç', 'lç')",mulçimos,mulçemos
90L_10NL,3,90L_10NL_3_1,0,280,"('lç', 'lx', 'lç')",mulçimos,mulçemos
90L_10NL,3,90L_10NL_3_1,0,280,"('lç', 'lx', 'lç')",mulçimos,mulçemos
90L_10NL,3,90L_10NL_3_1,0,280,"('lç', 'lx', 'lç')",mulçimos,mulçemos
90L_10NL,3,90L_10NL_3_1,0,280,"('lç', 'lx', 'lç')",mulçimos,mulçemos
90L_10NL,3,90L_10NL_3_1,0,280,"('lç', 'lx', 'lç')",mulçimos,mulçemos
90L_10NL,3,90L_10NL_3_1,0,280,"('lç', 'lx', 'lç')",mulçimos,mulçemos
90L_10NL,3,90L_10NL_3_1,0,280,"('lç', 'lx', 'lç')",mulçimos,mulçemos
90L_10NL,3,90L_10NL_3_1,0,60,"('lç', 'lç', 'lç')",mulçimos,mulçemos
90L_10NL,3,90L_10NL_3_1,0,280,"('lç', 'lx', 'lç')",mulçimos,mulçemos
90L_10NL,3,90L_10NL_3_1,0,280,"('lç', 'lx', 'lç')",mulçimos,mulçemos
90L_10NL,3,90L_10NL_3_1,0,280,"('lç', 'lx', 'lç')",mulçimos,mulçemos
90L_10NL,3,90L_10NL_3_1,0,280,"('lç', 'lx', 'lç')",mulçimos,mulçemos
90L_10NL,3,90L_10NL_3_1,0,280,"('lç', 'lx', 'lç')",mulçimos,mulçemos
90L_10NL,3,90L_10NL_3_1,0,280,"('lç', 'lx', 'lç')",mulçimos,mulçemos
90L_10NL,3,90L_10NL_3_1,0,280,"('lç', 'lx', 'lç')",mulçimos,mulçemos
90L_10NL,3,90L_10NL_3_1,0,280,"('lç', 'lx', 'lç')",mulçimos,mulçemos
90L_10NL,3,90L_10NL_3_1,0,280,"('lç', 'lx', 'lç')",mulçimos,mulçemos
90L_10NL,3,90L_10NL_3_1,0,280,"('lç', 'lx', 'lç')",mulçimos,mulçemos
90L_10NL,3,90L_10NL_3_1,0,280,"('lç', 'lx', 'lç')",mulçimos,mulçemos
90L_10NL,3,90L_10NL_3_1,0,280,"('lç', 'lx', 'lç')",mulçimos,mulçemos
90L_10NL,3,90L_10NL_3_1,0,280,"('lç', 'lx', 'lç')",mulçimos,mulçemos
90L_10NL,3,90L_10NL_3_1,0,280,"('lç', 'lx', 'lç')",mulçimos,mulçemos
90L_10NL,3,90L_10NL_3_1,0,210,"('lx', 'lx', 'lç')",mulçimos,mulçemos
90L_10NL,3,90L_10NL_3_1,0,210,"('lx', 'lx', 'lç')",mulçimos,mulçemos
90L_10NL,3,90L_10NL_3_1,0,210,"('lx', 'lx', 'lç')",mulçimos,mulçemos
90L_10NL,3,90L_10NL_3_1,0,210,"('lx', 'lx', 'lç')",mulçimos,mulçemos
90L_10NL,3,90L_10NL_3_1,0,210,"('lx', 'lx', 'lç')",mulçimos,mulçemos
90L_10NL,3,90L_10NL_3_1,0,210,"('lx', 'lx', 'lç')",mulçimos,mulçemos
90L_10NL,3,90L_10NL_3_1,0,210,"('lx', 'lx', 'lç')",mulçimos,mulçemos
90L_10NL,3,90L_10NL_3_1,0,210,"('lx', 'lx', 'lç')",mulçimos,mulçemos
90L_10NL,3,90L_10NL_3_1,0,210,"('lx', 'lx', 'lç')",mulçimos,mulçemos
90L_10NL,3,90L_10NL_3_1,0,210,"('lx', 'lx', 'lç')",mulçimos,mulçemos
90L_10NL,3,90L_10NL_3_1,0,210,"('lx', 'lx', 'lç')",mulçimos,mulçemos
90L_10NL,3,90L_10NL_3_1,0,210,"('lx', 'lx', 'lç')",mulçimos,mulçemos
90L_10NL,3,90L_10NL_3_1,0,210,"('lx', 'lx', 'lç')",mulçimos,mulçemos
90L_10NL,3,90L_10NL_3_1,0,210,"('lx', 'lx', 'lç')",mulçimos,mulçemos
90L_10NL,3,90L_10NL_3_1,0,210,"('lx', 'lx', 'lç')",mulçimos,mulçemos
90L_10NL,3,90L_10NL_3_1,0,210,"('lx', 'lx', 'lç')",mulçimos,mulçemos
90L_10NL,3,90L_10NL_3_1,0,210,"('lx', 'lx', 'lç')",mulçimos,mulçemos
90L_10NL,3,90L_10NL_3_1,0,210,"('lx', 'lx', 'lç')",mulçen,mulçemos
90L_10NL,3,90L_10NL_3_1,0,210,"('lx', 'lx', 'lç')",mulçen,mulçemos
90L_10NL,3,90L_10NL_3_1,0,210,"('lx', 'lx', 'lç')",mulçen,mulçemos
90L_10NL,3,90L_10NL_3_1,0,210,"('lx', 'lx', 'lç')",mulçen,mulçemos
90L_10NL,3,90L_10NL_3_1,1,60,"('lç', 'lç', 'lç')",mulçen,mulçen
90L_10NL,3,90L_10NL_3_1,1,60,"('lç', 'lç', 'lç')",mulçen,mulçen
90L_10NL,3,90L_10NL_3_1,1,60,"('lç', 'lç', 'lç')",mulçen,mulçen
90L_10NL,3,90L_10NL_3_1,1,280,"('lç', 'lx', 'lç')",mulçen,mulçen
90L_10NL,3,90L_10NL_3_1,1,280,"('lç', 'lx', 'lç')",mulçen,mulçen
90L_10NL,3,90L_10NL_3_1,1,280,"('lç', 'lx', 'lç')",mulçen,mulçen
90L_10NL,3,90L_10NL_3_1,1,280,"('lç', 'lx', 'lç')",mulçen,mulçen
90L_10NL,3,90L_10NL_3_1,1,280,"('lç', 'lx', 'lç')",mulçen,mulçen
90L_10NL,3,90L_10NL_3_1,1,280,"('lç', 'lx', 'lç')",mulçen,mulçen
90L_10NL,3,90L_10NL_3_1,1,280,"('lç', 'lx', 'lç')",mulçen,mulçen
90L_10NL,3,90L_10NL_3_1,1,60,"('lç', 'lç', 'lç')",mulçen,mulçen
90L_10NL,3,90L_10NL_3_1,1,60,"('lç', 'lç', 'lç')",mulçen,mulçen
90L_10NL,3,90L_10NL_3_1,1,280,"('lç', 'lx', 'lç')",mulçen,mulçen
90L_10NL,3,90L_10NL_3_1,1,280,"('lç', 'lx', 'lç')",mulçen,mulçen
90L_10NL,3,90L_10NL_3_1,1,280,"('lç', 'lx', 'lç')",mulçen,mulçen
90L_10NL,3,90L_10NL_3_1,1,280,"('lç', 'lx', 'lç')",mulçen,mulçen
90L_10NL,3,90L_10NL_3_1,1,280,"('lç', 'lx', 'lç')",mulçen,mulçen
90L_10NL,3,90L_10NL_3_1,1,280,"('lç', 'lx', 'lç')",mulçen,mulçen
90L_10NL,3,90L_10NL_3_1,1,280,"('lç', 'lx', 'lç')",mulçen,mulçen
90L_10NL,3,90L_10NL_3_1,1,60,"('lç', 'lç', 'lç')",mulçen,mulçen
90L_10NL,3,90L_10NL_3_1,1,280,"('lç', 'lx', 'lç')",mulçen,mulçen
90L_10NL,3,90L_10NL_3_1,1,280,"('lç', 'lx', 'lç')",mulçen,mulçen
90L_10NL,3,90L_10NL_3_1,1,280,"('lç', 'lx', 'lç')",mulçen,mulçen
90L_10NL,3,90L_10NL_3_1,1,280,"('lç', 'lx', 'lç')",mulçen,mulçen
90L_10NL,3,90L_10NL_3_1,1,280,"('lç', 'lx', 'lç')",mulçen,mulçen
90L_10NL,3,90L_10NL_3_1,1,280,"('lç', 'lx', 'lç')",mulçen,mulçen
90L_10NL,3,90L_10NL_3_1,1,280,"('lç', 'lx', 'lç')",mulçen,mulçen
90L_10NL,3,90L_10NL_3_1,1,280,"('lç', 'lx', 'lç')",mulçen,mulçen
90L_10NL,3,90L_10NL_3_1,1,280,"('lç', 'lx', 'lç')",mulçen,mulçen
90L_10NL,3,90L_10NL_3_1,1,280,"('lç', 'lx', 'lç')",mulçen,mulçen
90L_10NL,3,90L_10NL_3_1,1,280,"('lç', 'lx', 'lç')",mulçen,mulçen
90L_10NL,3,90L_10NL_3_1,1,280,"('lç', 'lx', 'lç')",mulçen,mulçen
90L_10NL,3,90L_10NL_3_1,1,280,"('lç', 'lx', 'lç')",mulçen,mulçen
90L_10NL,3,90L_10NL_3_1,1,280,"('lç', 'lx', 'lç')",mulçen,mulçen
90L_10NL,3,90L_10NL_3_1,1,210,"('lx', 'lx', 'lç')",mulçen,mulçen
90L_10NL,3,90L_10NL_3_1,1,210,"('lx', 'lx', 'lç')",mulçen,mulçen
90L_10NL,3,90L_10NL_3_1,1,210,"('lx', 'lx', 'lç')",mulçen,mulçen
90L_10NL,3,90L_10NL_3_1,1,210,"('lx', 'lx', 'lç')",mulçen,mulçen
90L_10NL,3,90L_10NL_3_1,1,210,"('lx', 'lx', 'lç')",mulçen,mulçen
90L_10NL,3,90L_10NL_3_1,1,210,"('lx', 'lx', 'lç')",mulçen,mulçen
90L_10NL,3,90L_10NL_3_1,1,210,"('lx', 'lx', 'lç')",mulçen,mulçen
90L_10NL,3,90L_10NL_3_1,1,210,"('lx', 'lx', 'lç')",mulçen,mulçen
90L_10NL,3,90L_10NL_3_1,1,210,"('lx', 'lx', 'lç')",mulçen,mulçen
90L_10NL,3,90L_10NL_3_1,1,210,"('lx', 'lx', 'lç')",mulçen,mulçen
90L_10NL,3,90L_10NL_3_1,1,210,"('lx', 'lx', 'lç')",mulçen,mulçen
90L_10NL,3,90L_10NL_3_1,1,210,"('lx', 'lx', 'lç')",mulçen,mulçen
90L_10NL,3,90L_10NL_3_1,1,210,"('lx', 'lx', 'lç')",mulçen,mulçen
90L_10NL,3,90L_10NL_3_1,1,210,"('lx', 'lx', 'lç')",mulçen,mulçen
90L_10NL,3,90L_10NL_3_1,1,210,"('lx', 'lx', 'lç')",mulçen,mulçen
90L_10NL,3,90L_10NL_3_1,1,210,"('lx', 'lx', 'lç')",mulçen,mulçen
90L_10NL,3,90L_10NL_3_1,1,210,"('lx', 'lx', 'lç')",mulçen,mulçen
90L_10NL,3,90L_10NL_3_1,0,210,"('lx', 'lx', 'lç')",mulçes,mulçen
90L_10NL,3,90L_10NL_3_1,0,210,"('lx', 'lx', 'lç')",mulçes,mulçen
90L_10NL,3,90L_10NL_3_1,0,210,"('lx', 'lx', 'lç')",mulçes,mulçen
90L_10NL,3,90L_10NL_3_1,0,210,"('lx', 'lx', 'lç')",mulçes,mulçen
90L_10NL,3,90L_10NL_3_1,1,60,"('lç', 'lç', 'lç')",mulçes,mulçes
90L_10NL,3,90L_10NL_3_1,1,60,"('lç', 'lç', 'lç')",mulçes,mulçes
90L_10NL,3,90L_10NL_3_1,1,60,"('lç', 'lç', 'lç')",mulçes,mulçes
90L_10NL,3,90L_10NL_3_1,1,280,"('lç', 'lx', 'lç')",mulçes,mulçes
90L_10NL,3,90L_10NL_3_1,1,280,"('lç', 'lx', 'lç')",mulçes,mulçes
90L_10NL,3,90L_10NL_3_1,1,280,"('lç', 'lx', 'lç')",mulçes,mulçes
90L_10NL,3,90L_10NL_3_1,1,280,"('lç', 'lx', 'lç')",mulçes,mulçes
90L_10NL,3,90L_10NL_3_1,1,280,"('lç', 'lx', 'lç')",mulçes,mulçes
90L_10NL,3,90L_10NL_3_1,1,280,"('lç', 'lx', 'lç')",mulçes,mulçes
90L_10NL,3,90L_10NL_3_1,1,280,"('lç', 'lx', 'lç')",mulçes,mulçes
90L_10NL,3,90L_10NL_3_1,1,60,"('lç', 'lç', 'lç')",mulçes,mulçes
90L_10NL,3,90L_10NL_3_1,1,60,"('lç', 'lç', 'lç')",mulçes,mulçes
90L_10NL,3,90L_10NL_3_1,1,280,"('lç', 'lx', 'lç')",mulçes,mulçes
90L_10NL,3,90L_10NL_3_1,1,280,"('lç', 'lx', 'lç')",mulçes,mulçes
90L_10NL,3,90L_10NL_3_1,1,280,"('lç', 'lx', 'lç')",mulçes,mulçes
90L_10NL,3,90L_10NL_3_1,1,280,"('lç', 'lx', 'lç')",mulçes,mulçes
90L_10NL,3,90L_10NL_3_1,1,280,"('lç', 'lx', 'lç')",mulçes,mulçes
90L_10NL,3,90L_10NL_3_1,1,280,"('lç', 'lx', 'lç')",mulçes,mulçes
90L_10NL,3,90L_10NL_3_1,1,280,"('lç', 'lx', 'lç')",mulçes,mulçes
90L_10NL,3,90L_10NL_3_1,1,60,"('lç', 'lç', 'lç')",mulçes,mulçes
90L_10NL,3,90L_10NL_3_1,1,280,"('lç', 'lx', 'lç')",mulçes,mulçes
90L_10NL,3,90L_10NL_3_1,1,280,"('lç', 'lx', 'lç')",mulçes,mulçes
90L_10NL,3,90L_10NL_3_1,1,280,"('lç', 'lx', 'lç')",mulçes,mulçes
90L_10NL,3,90L_10NL_3_1,1,280,"('lç', 'lx', 'lç')",mulçes,mulçes
90L_10NL,3,90L_10NL_3_1,1,280,"('lç', 'lx', 'lç')",mulçes,mulçes
90L_10NL,3,90L_10NL_3_1,1,280,"('lç', 'lx', 'lç')",mulçes,mulçes
90L_10NL,3,90L_10NL_3_1,1,280,"('lç', 'lx', 'lç')",mulçes,mulçes
90L_10NL,3,90L_10NL_3_1,1,280,"('lç', 'lx', 'lç')",mulçes,mulçes
90L_10NL,3,90L_10NL_3_1,1,280,"('lç', 'lx', 'lç')",mulçes,mulçes
90L_10NL,3,90L_10NL_3_1,1,280,"('lç', 'lx', 'lç')",mulçes,mulçes
90L_10NL,3,90L_10NL_3_1,1,280,"('lç', 'lx', 'lç')",mulçes,mulçes
90L_10NL,3,90L_10NL_3_1,1,280,"('lç', 'lx', 'lç')",mulçes,mulçes
90L_10NL,3,90L_10NL_3_1,1,280,"('lç', 'lx', 'lç')",mulçes,mulçes
90L_10NL,3,90L_10NL_3_1,1,280,"('lç', 'lx', 'lç')",mulçes,mulçes
90L_10NL,3,90L_10NL_3_1,1,210,"('lx', 'lx', 'lç')",mulçes,mulçes
90L_10NL,3,90L_10NL_3_1,1,210,"('lx', 'lx', 'lç')",mulçes,mulçes
90L_10NL,3,90L_10NL_3_1,1,210,"('lx', 'lx', 'lç')",mulçes,mulçes
90L_10NL,3,90L_10NL_3_1,1,210,"('lx', 'lx', 'lç')",mulçes,mulçes
90L_10NL,3,90L_10NL_3_1,1,210,"('lx', 'lx', 'lç')",mulçes,mulçes
90L_10NL,3,90L_10NL_3_1,1,210,"('lx', 'lx', 'lç')",mulçes,mulçes
90L_10NL,3,90L_10NL_3_1,1,210,"('lx', 'lx', 'lç')",mulçes,mulçes
90L_10NL,3,90L_10NL_3_1,1,210,"('lx', 'lx', 'lç')",mulçes,mulçes
90L_10NL,3,90L_10NL_3_1,1,210,"('lx', 'lx', 'lç')",mulçes,mulçes
90L_10NL,3,90L_10NL_3_1,1,210,"('lx', 'lx', 'lç')",mulçes,mulçes
90L_10NL,3,90L_10NL_3_1,1,210,"('lx', 'lx', 'lç')",mulçes,mulçes
90L_10NL,3,90L_10NL_3_1,1,210,"('lx', 'lx', 'lç')",mulçes,mulçes
90L_10NL,3,90L_10NL_3_1,1,210,"('lx', 'lx', 'lç')",mulçes,mulçes
90L_10NL,3,90L_10NL_3_1,1,210,"('lx', 'lx', 'lç')",mulçes,mulçes
90L_10NL,3,90L_10NL_3_1,1,210,"('lx', 'lx', 'lç')",mulçes,mulçes
90L_10NL,3,90L_10NL_3_1,1,210,"('lx', 'lx', 'lç')",mulçes,mulçes
90L_10NL,3,90L_10NL_3_1,1,210,"('lx', 'lx', 'lç')",mulçes,mulçes
90L_10NL,3,90L_10NL_3_1,0,210,"('lx', 'lx', 'lç')",mulçe,mulçes
90L_10NL,3,90L_10NL_3_1,0,210,"('lx', 'lx', 'lç')",mulçe,mulçes
90L_10NL,3,90L_10NL_3_1,0,210,"('lx', 'lx', 'lç')",mulçe,mulçes
90L_10NL,3,90L_10NL_3_1,0,210,"('lx', 'lx', 'lç')",mulçe,mulçes
90L_10NL,3,90L_10NL_3_1,1,60,"('lç', 'lç', 'lç')",mulçe,mulçe
90L_10NL,3,90L_10NL_3_1,1,60,"('lç', 'lç', 'lç')",mulçe,mulçe
90L_10NL,3,90L_10NL_3_1,1,60,"('lç', 'lç', 'lç')",mulçe,mulçe
90L_10NL,3,90L_10NL_3_1,1,280,"('lç', 'lx', 'lç')",mulçe,mulçe
90L_10NL,3,90L_10NL_3_1,1,280,"('lç', 'lx', 'lç')",mulçe,mulçe
90L_10NL,3,90L_10NL_3_1,1,280,"('lç', 'lx', 'lç')",mulçe,mulçe
90L_10NL,3,90L_10NL_3_1,1,280,"('lç', 'lx', 'lç')",mulçe,mulçe
90L_10NL,3,90L_10NL_3_1,1,280,"('lç', 'lx', 'lç')",mulçe,mulçe
90L_10NL,3,90L_10NL_3_1,1,280,"('lç', 'lx', 'lç')",mulçe,mulçe
90L_10NL,3,90L_10NL_3_1,1,280,"('lç', 'lx', 'lç')",mulçe,mulçe
90L_10NL,3,90L_10NL_3_1,1,60,"('lç', 'lç', 'lç')",mulçe,mulçe
90L_10NL,3,90L_10NL_3_1,1,60,"('lç', 'lç', 'lç')",mulçe,mulçe
90L_10NL,3,90L_10NL_3_1,1,280,"('lç', 'lx', 'lç')",mulçe,mulçe
90L_10NL,3,90L_10NL_3_1,1,280,"('lç', 'lx', 'lç')",mulçe,mulçe
90L_10NL,3,90L_10NL_3_1,1,280,"('lç', 'lx', 'lç')",mulçe,mulçe
90L_10NL,3,90L_10NL_3_1,1,280,"('lç', 'lx', 'lç')",mulçe,mulçe
90L_10NL,3,90L_10NL_3_1,1,280,"('lç', 'lx', 'lç')",mulçe,mulçe
90L_10NL,3,90L_10NL_3_1,1,280,"('lç', 'lx', 'lç')",mulçe,mulçe
90L_10NL,3,90L_10NL_3_1,1,280,"('lç', 'lx', 'lç')",mulçe,mulçe
90L_10NL,3,90L_10NL_3_1,1,60,"('lç', 'lç', 'lç')",mulçe,mulçe
90L_10NL,3,90L_10NL_3_1,1,280,"('lç', 'lx', 'lç')",mulçe,mulçe
90L_10NL,3,90L_10NL_3_1,1,280,"('lç', 'lx', 'lç')",mulçe,mulçe
90L_10NL,3,90L_10NL_3_1,1,280,"('lç', 'lx', 'lç')",mulçe,mulçe
90L_10NL,3,90L_10NL_3_1,1,280,"('lç', 'lx', 'lç')",mulçe,mulçe
90L_10NL,3,90L_10NL_3_1,1,280,"('lç', 'lx', 'lç')",mulçe,mulçe
90L_10NL,3,90L_10NL_3_1,1,280,"('lç', 'lx', 'lç')",mulçe,mulçe
90L_10NL,3,90L_10NL_3_1,1,280,"('lç', 'lx', 'lç')",mulçe,mulçe
90L_10NL,3,90L_10NL_3_1,1,280,"('lç', 'lx', 'lç')",mulçe,mulçe
90L_10NL,3,90L_10NL_3_1,1,280,"('lç', 'lx', 'lç')",mulçe,mulçe
90L_10NL,3,90L_10NL_3_1,1,280,"('lç', 'lx', 'lç')",mulçe,mulçe
90L_10NL,3,90L_10NL_3_1,1,280,"('lç', 'lx', 'lç')",mulçe,mulçe
90L_10NL,3,90L_10NL_3_1,1,280,"('lç', 'lx', 'lç')",mulçe,mulçe
90L_10NL,3,90L_10NL_3_1,1,280,"('lç', 'lx', 'lç')",mulçe,mulçe
90L_10NL,3,90L_10NL_3_1,1,280,"('lç', 'lx', 'lç')",mulçe,mulçe
90L_10NL,3,90L_10NL_3_1,1,210,"('lx', 'lx', 'lç')",mulçe,mulçe
90L_10NL,3,90L_10NL_3_1,1,210,"('lx', 'lx', 'lç')",mulçe,mulçe
90L_10NL,3,90L_10NL_3_1,1,210,"('lx', 'lx', 'lç')",mulçe,mulçe
90L_10NL,3,90L_10NL_3_1,1,210,"('lx', 'lx', 'lç')",mulçe,mulçe
90L_10NL,3,90L_10NL_3_1,1,210,"('lx', 'lx', 'lç')",mulçe,mulçe
90L_10NL,3,90L_10NL_3_1,1,210,"('lx', 'lx', 'lç')",mulçe,mulçe
90L_10NL,3,90L_10NL_3_1,1,210,"('lx', 'lx', 'lç')",mulçe,mulçe
90L_10NL,3,90L_10NL_3_1,1,210,"('lx', 'lx', 'lç')",mulçe,mulçe
90L_10NL,3,90L_10NL_3_1,1,210,"('lx', 'lx', 'lç')",mulçe,mulçe
90L_10NL,3,90L_10NL_3_1,1,210,"('lx', 'lx', 'lç')",mulçe,mulçe
90L_10NL,3,90L_10NL_3_1,1,210,"('lx', 'lx', 'lç')",mulçe,mulçe
90L_10NL,3,90L_10NL_3_1,1,210,"('lx', 'lx', 'lç')",mulçe,mulçe
90L_10NL,3,90L_10NL_3_1,1,210,"('lx', 'lx', 'lç')",mulçe,mulçe
90L_10NL,3,90L_10NL_3_1,1,210,"('lx', 'lx', 'lç')",mulçe,mulçe
90L_10NL,3,90L_10NL_3_1,1,210,"('lx', 'lx', 'lç')",mulçe,mulçe
90L_10NL,3,90L_10NL_3_1,1,210,"('lx', 'lx', 'lç')",mulçe,mulçe
90L_10NL,3,90L_10NL_3_1,1,210,"('lx', 'lx', 'lç')",mulçe,mulçe
90L_10NL,3,90L_10NL_3_1,0,210,"('lx', 'lx', 'lç')",mulxajs,mulçe
90L_10NL,3,90L_10NL_3_1,0,210,"('lx', 'lx', 'lç')",mulxajs,mulçe
90L_10NL,3,90L_10NL_3_1,0,210,"('lx', 'lx', 'lç')",mulxajs,mulçe
90L_10NL,3,90L_10NL_3_1,0,210,"('lx', 'lx', 'lç')",mulxajs,mulçe
90L_10NL,3,90L_10NL_3_1,1,140,"('lç', 'lç', 'lx')",mulxajs,mulxajs
90L_10NL,3,90L_10NL_3_1,1,140,"('lç', 'lç', 'lx')",mulxajs,mulxajs
90L_10NL,3,90L_10NL_3_1,1,140,"('lç', 'lç', 'lx')",mulxajs,mulxajs
90L_10NL,3,90L_10NL_3_1,1,140,"('lç', 'lç', 'lx')",mulxajs,mulxajs
90L_10NL,3,90L_10NL_3_1,1,420,"('lç', 'lx', 'lx')",mulxajs,mulxajs
90L_10NL,3,90L_10NL_3_1,1,420,"('lç', 'lx', 'lx')",mulxajs,mulxajs
90L_10NL,3,90L_10NL_3_1,1,420,"('lç', 'lx', 'lx')",mulxajs,mulxajs
90L_10NL,3,90L_10NL_3_1,1,420,"('lç', 'lx', 'lx')",mulxajs,mulxajs
90L_10NL,3,90L_10NL_3_1,1,420,"('lç', 'lx', 'lx')",mulxajs,mulxajs
90L_10NL,3,90L_10NL_3_1,1,420,"('lç', 'lx', 'lx')",mulxajs,mulxajs
90L_10NL,3,90L_10NL_3_1,1,140,"('lç', 'lç', 'lx')",mulxajs,mulxajs
90L_10NL,3,90L_10NL_3_1,1,140,"('lç', 'lç', 'lx')",mulxajs,mulxajs
90L_10NL,3,90L_10NL_3_1,1,140,"('lç', 'lç', 'lx')",mulxajs,mulxajs
90L_10NL,3,90L_10NL_3_1,1,420,"('lç', 'lx', 'lx')",mulxajs,mulxajs
90L_10NL,3,90L_10NL_3_1,1,420,"('lç', 'lx', 'lx')",mulxajs,mulxajs
90L_10NL,3,90L_10NL_3_1,1,420,"('lç', 'lx', 'lx')",mulxajs,mulxajs
90L_10NL,3,90L_10NL_3_1,1,420,"('lç', 'lx', 'lx')",mulxajs,mulxajs
90L_10NL,3,90L_10NL_3_1,1,420,"('lç', 'lx', 'lx')",mulxajs,mulxajs
90L_10NL,3,90L_10NL_3_1,1,420,"('lç', 'lx', 'lx')",mulxajs,mulxajs
90L_10NL,3,90L_10NL_3_1,1,140,"('lç', 'lç', 'lx')",mulxajs,mulxajs
90L_10NL,3,90L_10NL_3_1,1,140,"('lç', 'lç', 'lx')",mulxajs,mulxajs
90L_10NL,3,90L_10NL_3_1,1,420,"('lç', 'lx', 'lx')",mulxajs,mulxajs
90L_10NL,3,90L_10NL_3_1,1,420,"('lç', 'lx', 'lx')",mulxajs,mulxajs
90L_10NL,3,90L_10NL_3_1,1,420,"('lç', 'lx', 'lx')",mulxajs,mulxajs
90L_10NL,3,90L_10NL_3_1,1,420,"('lç', 'lx', 'lx')",mulxajs,mulxajs
90L_10NL,3,90L_10NL_3_1,1,420,"('lç', 'lx', 'lx')",mulxajs,mulxajs
90L_10NL,3,90L_10NL_3_1,1,420,"('lç', 'lx', 'lx')",mulxajs,mulxajs
90L_10NL,3,90L_10NL_3_1,1,140,"('lç', 'lç', 'lx')",mulxajs,mulxajs
90L_10NL,3,90L_10NL_3_1,1,420,"('lç', 'lx', 'lx')",mulxajs,mulxajs
90L_10NL,3,90L_10NL_3_1,1,420,"('lç', 'lx', 'lx')",mulxajs,mulxajs
90L_10NL,3,90L_10NL_3_1,1,420,"('lç', 'lx', 'lx')",mulxajs,mulxajs
90L_10NL,3,90L_10NL_3_1,1,420,"('lç', 'lx', 'lx')",mulxajs,mulxajs
90L_10NL,3,90L_10NL_3_1,1,420,"('lç', 'lx', 'lx')",mulxajs,mulxajs
90L_10NL,3,90L_10NL_3_1,1,420,"('lç', 'lx', 'lx')",mulxajs,mulxajs
90L_10NL,3,90L_10NL_3_1,1,420,"('lç', 'lx', 'lx')",mulxajs,mulxajs
90L_10NL,3,90L_10NL_3_1,1,420,"('lç', 'lx', 'lx')",mulxajs,mulxajs
90L_10NL,3,90L_10NL_3_1,1,420,"('lç', 'lx', 'lx')",mulxajs,mulxajs
90L_10NL,3,90L_10NL_3_1,1,420,"('lç', 'lx', 'lx')",mulxajs,mulxajs
90L_10NL,3,90L_10NL_3_1,1,420,"('lç', 'lx', 'lx')",mulxajs,mulxajs
90L_10NL,3,90L_10NL_3_1,1,420,"('lç', 'lx', 'lx')",mulxajs,mulxajs
90L_10NL,3,90L_10NL_3_1,1,210,"('lx', 'lx', 'lx')",mulxajs,mulxajs
90L_10NL,3,90L_10NL_3_1,1,210,"('lx', 'lx', 'lx')",mulxajs,mulxajs
90L_10NL,3,90L_10NL_3_1,1,210,"('lx', 'lx', 'lx')",mulxajs,mulxajs
90L_10NL,3,90L_10NL_3_1,1,210,"('lx', 'lx', 'lx')",mulxajs,mulxajs
90L_10NL,3,90L_10NL_3_1,1,210,"('lx', 'lx', 'lx')",mulxajs,mulxajs
90L_10NL,3,90L_10NL_3_1,1,210,"('lx', 'lx', 'lx')",mulxajs,mulxajs
90L_10NL,3,90L_10NL_3_1,1,210,"('lx', 'lx', 'lx')",mulxajs,mulxajs
90L_10NL,3,90L_10NL_3_1,1,210,"('lx', 'lx', 'lx')",mulxajs,mulxajs
90L_10NL,3,90L_10NL_3_1,1,210,"('lx', 'lx', 'lx')",mulxajs,mulxajs
90L_10NL,3,90L_10NL_3_1,1,210,"('lx', 'lx', 'lx')",mulxajs,mulxajs
90L_10NL,3,90L_10NL_3_1,1,210,"('lx', 'lx', 'lx')",mulxajs,mulxajs
90L_10NL,3,90L_10NL_3_1,0,210,"('lx', 'lx', 'lx')",mulxamos,mulxajs
90L_10NL,3,90L_10NL_3_1,0,210,"('lx', 'lx', 'lx')",mulxamos,mulxajs
90L_10NL,3,90L_10NL_3_1,0,210,"('lx', 'lx', 'lx')",mulxamos,mulxajs
90L_10NL,3,90L_10NL_3_1,0,210,"('lx', 'lx', 'lx')",mulxamos,mulxajs
90L_10NL,3,90L_10NL_3_1,1,140,"('lç', 'lç', 'lx')",mulxamos,mulxamos
90L_10NL,3,90L_10NL_3_1,1,140,"('lç', 'lç', 'lx')",mulxamos,mulxamos
90L_10NL,3,90L_10NL_3_1,1,140,"('lç', 'lç', 'lx')",mulxamos,mulxamos
90L_10NL,3,90L_10NL_3_1,1,140,"('lç', 'lç', 'lx')",mulxamos,mulxamos
90L_10NL,3,90L_10NL_3_1,1,420,"('lç', 'lx', 'lx')",mulxamos,mulxamos
90L_10NL,3,90L_10NL_3_1,1,420,"('lç', 'lx', 'lx')",mulxamos,mulxamos
90L_10NL,3,90L_10NL_3_1,1,420,"('lç', 'lx', 'lx')",mulxamos,mulxamos
90L_10NL,3,90L_10NL_3_1,1,420,"('lç', 'lx', 'lx')",mulxamos,mulxamos
90L_10NL,3,90L_10NL_3_1,1,420,"('lç', 'lx', 'lx')",mulxamos,mulxamos
90L_10NL,3,90L_10NL_3_1,1,420,"('lç', 'lx', 'lx')",mulxamos,mulxamos
90L_10NL,3,90L_10NL_3_1,1,140,"('lç', 'lç', 'lx')",mulxamos,mulxamos
90L_10NL,3,90L_10NL_3_1,1,140,"('lç', 'lç', 'lx')",mulxamos,mulxamos
90L_10NL,3,90L_10NL_3_1,1,140,"('lç', 'lç', 'lx')",mulxamos,mulxamos
90L_10NL,3,90L_10NL_3_1,1,420,"('lç', 'lx', 'lx')",mulxamos,mulxamos
90L_10NL,3,90L_10NL_3_1,1,420,"('lç', 'lx', 'lx')",mulxamos,mulxamos
90L_10NL,3,90L_10NL_3_1,1,420,"('lç', 'lx', 'lx')",mulxamos,mulxamos
90L_10NL,3,90L_10NL_3_1,1,420,"('lç', 'lx', 'lx')",mulxamos,mulxamos
90L_10NL,3,90L_10NL_3_1,1,420,"('lç', 'lx', 'lx')",mulxamos,mulxamos
90L_10NL,3,90L_10NL_3_1,1,420,"('lç', 'lx', 'lx')",mulxamos,mulxamos
90L_10NL,3,90L_10NL_3_1,1,140,"('lç', 'lç', 'lx')",mulxamos,mulxamos
90L_10NL,3,90L_10NL_3_1,1,140,"('lç', 'lç', 'lx')",mulxamos,mulxamos
90L_10NL,3,90L_10NL_3_1,1,420,"('lç', 'lx', 'lx')",mulxamos,mulxamos
90L_10NL,3,90L_10NL_3_1,1,420,"('lç', 'lx', 'lx')",mulxamos,mulxamos
90L_10NL,3,90L_10NL_3_1,1,420,"('lç', 'lx', 'lx')",mulxamos,mulxamos
90L_10NL,3,90L_10NL_3_1,1,420,"('lç', 'lx', 'lx')",mulxamos,mulxamos
90L_10NL,3,90L_10NL_3_1,1,420,"('lç', 'lx', 'lx')",mulxamos,mulxamos
90L_10NL,3,90L_10NL_3_1,1,420,"('lç', 'lx', 'lx')",mulxamos,mulxamos
90L_10NL,3,90L_10NL_3_1,1,140,"('lç', 'lç', 'lx')",mulxamos,mulxamos
90L_10NL,3,90L_10NL_3_1,1,420,"('lç', 'lx', 'lx')",mulxamos,mulxamos
90L_10NL,3,90L_10NL_3_1,1,420,"('lç', 'lx', 'lx')",mulxamos,mulxamos
90L_10NL,3,90L_10NL_3_1,1,420,"('lç', 'lx', 'lx')",mulxamos,mulxamos
90L_10NL,3,90L_10NL_3_1,1,420,"('lç', 'lx', 'lx')",mulxamos,mulxamos
90L_10NL,3,90L_10NL_3_1,1,420,"('lç', 'lx', 'lx')",mulxamos,mulxamos
90L_10NL,3,90L_10NL_3_1,1,420,"('lç', 'lx', 'lx')",mulxamos,mulxamos
90L_10NL,3,90L_10NL_3_1,1,420,"('lç', 'lx', 'lx')",mulxamos,mulxamos
90L_10NL,3,90L_10NL_3_1,1,420,"('lç', 'lx', 'lx')",mulxamos,mulxamos
90L_10NL,3,90L_10NL_3_1,1,420,"('lç', 'lx', 'lx')",mulxamos,mulxamos
90L_10NL,3,90L_10NL_3_1,1,420,"('lç', 'lx', 'lx')",mulxamos,mulxamos
90L_10NL,3,90L_10NL_3_1,1,420,"('lç', 'lx', 'lx')",mulxamos,mulxamos
90L_10NL,3,90L_10NL_3_1,1,420,"('lç', 'lx', 'lx')",mulxamos,mulxamos
90L_10NL,3,90L_10NL_3_1,1,210,"('lx', 'lx', 'lx')",mulxamos,mulxamos
90L_10NL,3,90L_10NL_3_1,1,210,"('lx', 'lx', 'lx')",mulxamos,mulxamos
90L_10NL,3,90L_10NL_3_1,1,210,"('lx', 'lx', 'lx')",mulxamos,mulxamos
90L_10NL,3,90L_10NL_3_1,1,210,"('lx', 'lx', 'lx')",mulxamos,mulxamos
90L_10NL,3,90L_10NL_3_1,1,210,"('lx', 'lx', 'lx')",mulxamos,mulxamos
90L_10NL,3,90L_10NL_3_1,1,210,"('lx', 'lx', 'lx')",mulxamos,mulxamos
90L_10NL,3,90L_10NL_3_1,1,210,"('lx', 'lx', 'lx')",mulxamos,mulxamos
90L_10NL,3,90L_10NL_3_1,1,210,"('lx', 'lx', 'lx')",mulxamos,mulxamos
90L_10NL,3,90L_10NL_3_1,1,210,"('lx', 'lx', 'lx')",mulxamos,mulxamos
90L_10NL,3,90L_10NL_3_1,1,210,"('lx', 'lx', 'lx')",mulxamos,mulxamos
90L_10NL,3,90L_10NL_3_1,1,210,"('lx', 'lx', 'lx')",mulxamos,mulxamos
90L_10NL,3,90L_10NL_3_1,0,210,"('lx', 'lx', 'lx')",mulxan,mulxamos
90L_10NL,3,90L_10NL_3_1,0,210,"('lx', 'lx', 'lx')",mulxan,mulxamos
90L_10NL,3,90L_10NL_3_1,0,210,"('lx', 'lx', 'lx')",mulxan,mulxamos
90L_10NL,3,90L_10NL_3_1,0,210,"('lx', 'lx', 'lx')",mulxan,mulxamos
90L_10NL,3,90L_10NL_3_1,1,140,"('lç', 'lç', 'lx')",mulxan,mulxan
90L_10NL,3,90L_10NL_3_1,1,140,"('lç', 'lç', 'lx')",mulxan,mulxan
90L_10NL,3,90L_10NL_3_1,1,140,"('lç', 'lç', 'lx')",mulxan,mulxan
90L_10NL,3,90L_10NL_3_1,1,140,"('lç', 'lç', 'lx')",mulxan,mulxan
90L_10NL,3,90L_10NL_3_1,1,420,"('lç', 'lx', 'lx')",mulxan,mulxan
90L_10NL,3,90L_10NL_3_1,1,420,"('lç', 'lx', 'lx')",mulxan,mulxan
90L_10NL,3,90L_10NL_3_1,1,420,"('lç', 'lx', 'lx')",mulxan,mulxan
90L_10NL,3,90L_10NL_3_1,1,420,"('lç', 'lx', 'lx')",mulxan,mulxan
90L_10NL,3,90L_10NL_3_1,1,420,"('lç', 'lx', 'lx')",mulxan,mulxan
90L_10NL,3,90L_10NL_3_1,1,420,"('lç', 'lx', 'lx')",mulxan,mulxan
90L_10NL,3,90L_10NL_3_1,1,140,"('lç', 'lç', 'lx')",mulxan,mulxan
90L_10NL,3,90L_10NL_3_1,1,140,"('lç', 'lç', 'lx')",mulxan,mulxan
90L_10NL,3,90L_10NL_3_1,1,140,"('lç', 'lç', 'lx')",mulxan,mulxan
90L_10NL,3,90L_10NL_3_1,1,420,"('lç', 'lx', 'lx')",mulxan,mulxan
90L_10NL,3,90L_10NL_3_1,1,420,"('lç', 'lx', 'lx')",mulxan,mulxan
90L_10NL,3,90L_10NL_3_1,1,420,"('lç', 'lx', 'lx')",mulxan,mulxan
90L_10NL,3,90L_10NL_3_1,1,420,"('lç', 'lx', 'lx')",mulxan,mulxan
90L_10NL,3,90L_10NL_3_1,1,420,"('lç', 'lx', 'lx')",mulxan,mulxan
90L_10NL,3,90L_10NL_3_1,1,420,"('lç', 'lx', 'lx')",mulxan,mulxan
90L_10NL,3,90L_10NL_3_1,1,140,"('lç', 'lç', 'lx')",mulxan,mulxan
90L_10NL,3,90L_10NL_3_1,1,140,"('lç', 'lç', 'lx')",mulxan,mulxan
90L_10NL,3,90L_10NL_3_1,1,420,"('lç', 'lx', 'lx')",mulxan,mulxan
90L_10NL,3,90L_10NL_3_1,1,420,"('lç', 'lx', 'lx')",mulxan,mulxan
90L_10NL,3,90L_10NL_3_1,1,420,"('lç', 'lx', 'lx')",mulxan,mulxan
90L_10NL,3,90L_10NL_3_1,1,420,"('lç', 'lx', 'lx')",mulxan,mulxan
90L_10NL,3,90L_10NL_3_1,1,420,"('lç', 'lx', 'lx')",mulxan,mulxan
90L_10NL,3,90L_10NL_3_1,1,420,"('lç', 'lx', 'lx')",mulxan,mulxan
90L_10NL,3,90L_10NL_3_1,1,140,"('lç', 'lç', 'lx')",mulxan,mulxan
90L_10NL,3,90L_10NL_3_1,1,420,"('lç', 'lx', 'lx')",mulxan,mulxan
90L_10NL,3,90L_10NL_3_1,1,420,"('lç', 'lx', 'lx')",mulxan,mulxan
90L_10NL,3,90L_10NL_3_1,1,420,"('lç', 'lx', 'lx')",mulxan,mulxan
90L_10NL,3,90L_10NL_3_1,1,420,"('lç', 'lx', 'lx')",mulxan,mulxan
90L_10NL,3,90L_10NL_3_1,1,420,"('lç', 'lx', 'lx')",mulxan,mulxan
90L_10NL,3,90L_10NL_3_1,1,420,"('lç', 'lx', 'lx')",mulxan,mulxan
90L_10NL,3,90L_10NL_3_1,1,420,"('lç', 'lx', 'lx')",mulxan,mulxan
90L_10NL,3,90L_10NL_3_1,1,420,"('lç', 'lx', 'lx')",mulxan,mulxan
90L_10NL,3,90L_10NL_3_1,1,420,"('lç', 'lx', 'lx')",mulxan,mulxan
90L_10NL,3,90L_10NL_3_1,1,420,"('lç', 'lx', 'lx')",mulxan,mulxan
90L_10NL,3,90L_10NL_3_1,1,420,"('lç', 'lx', 'lx')",mulxan,mulxan
90L_10NL,3,90L_10NL_3_1,1,420,"('lç', 'lx', 'lx')",mulxan,mulxan
90L_10NL,3,90L_10NL_3_1,1,210,"('lx', 'lx', 'lx')",mulxan,mulxan
90L_10NL,3,90L_10NL_3_1,1,210,"('lx', 'lx', 'lx')",mulxan,mulxan
90L_10NL,3,90L_10NL_3_1,1,210,"('lx', 'lx', 'lx')",mulxan,mulxan
90L_10NL,3,90L_10NL_3_1,1,210,"('lx', 'lx', 'lx')",mulxan,mulxan
90L_10NL,3,90L_10NL_3_1,1,210,"('lx', 'lx', 'lx')",mulxan,mulxan
90L_10NL,3,90L_10NL_3_1,1,210,"('lx', 'lx', 'lx')",mulxan,mulxan
90L_10NL,3,90L_10NL_3_1,1,210,"('lx', 'lx', 'lx')",mulxan,mulxan
90L_10NL,3,90L_10NL_3_1,1,210,"('lx', 'lx', 'lx')",mulxan,mulxan
90L_10NL,3,90L_10NL_3_1,1,210,"('lx', 'lx', 'lx')",mulxan,mulxan
90L_10NL,3,90L_10NL_3_1,1,210,"('lx', 'lx', 'lx')",mulxan,mulxan
90L_10NL,3,90L_10NL_3_1,1,210,"('lx', 'lx', 'lx')",mulxan,mulxan
90L_10NL,3,90L_10NL_3_1,0,210,"('lx', 'lx', 'lx')",mulxas,mulxan
90L_10NL,3,90L_10NL_3_1,0,210,"('lx', 'lx', 'lx')",mulxas,mulxan
90L_10NL,3,90L_10NL_3_1,0,210,"('lx', 'lx', 'lx')",mulxas,mulxan
90L_10NL,3,90L_10NL_3_1,0,210,"('lx', 'lx', 'lx')",mulxas,mulxan
90L_10NL,3,90L_10NL_3_1,1,140,"('lç', 'lç', 'lx')",mulxas,mulxas
90L_10NL,3,90L_10NL_3_1,1,140,"('lç', 'lç', 'lx')",mulxas,mulxas
90L_10NL,3,90L_10NL_3_1,1,140,"('lç', 'lç', 'lx')",mulxas,mulxas
90L_10NL,3,90L_10NL_3_1,1,140,"('lç', 'lç', 'lx')",mulxas,mulxas
90L_10NL,3,90L_10NL_3_1,1,420,"('lç', 'lx', 'lx')",mulxas,mulxas
90L_10NL,3,90L_10NL_3_1,1,420,"('lç', 'lx', 'lx')",mulxas,mulxas
90L_10NL,3,90L_10NL_3_1,1,420,"('lç', 'lx', 'lx')",mulxas,mulxas
90L_10NL,3,90L_10NL_3_1,1,420,"('lç', 'lx', 'lx')",mulxas,mulxas
90L_10NL,3,90L_10NL_3_1,1,420,"('lç', 'lx', 'lx')",mulxas,mulxas
90L_10NL,3,90L_10NL_3_1,1,420,"('lç', 'lx', 'lx')",mulxas,mulxas
90L_10NL,3,90L_10NL_3_1,1,140,"('lç', 'lç', 'lx')",mulxas,mulxas
90L_10NL,3,90L_10NL_3_1,1,140,"('lç', 'lç', 'lx')",mulxas,mulxas
90L_10NL,3,90L_10NL_3_1,1,140,"('lç', 'lç', 'lx')",mulxas,mulxas
90L_10NL,3,90L_10NL_3_1,1,420,"('lç', 'lx', 'lx')",mulxas,mulxas
90L_10NL,3,90L_10NL_3_1,1,420,"('lç', 'lx', 'lx')",mulxas,mulxas
90L_10NL,3,90L_10NL_3_1,1,420,"('lç', 'lx', 'lx')",mulxas,mulxas
90L_10NL,3,90L_10NL_3_1,1,420,"('lç', 'lx', 'lx')",mulxas,mulxas
90L_10NL,3,90L_10NL_3_1,1,420,"('lç', 'lx', 'lx')",mulxas,mulxas
90L_10NL,3,90L_10NL_3_1,1,420,"('lç', 'lx', 'lx')",mulxas,mulxas
90L_10NL,3,90L_10NL_3_1,1,140,"('lç', 'lç', 'lx')",mulxas,mulxas
90L_10NL,3,90L_10NL_3_1,1,140,"('lç', 'lç', 'lx')",mulxas,mulxas
90L_10NL,3,90L_10NL_3_1,1,420,"('lç', 'lx', 'lx')",mulxas,mulxas
90L_10NL,3,90L_10NL_3_1,1,420,"('lç', 'lx', 'lx')",mulxas,mulxas
90L_10NL,3,90L_10NL_3_1,1,420,"('lç', 'lx', 'lx')",mulxas,mulxas
90L_10NL,3,90L_10NL_3_1,1,420,"('lç', 'lx', 'lx')",mulxas,mulxas
90L_10NL,3,90L_10NL_3_1,1,420,"('lç', 'lx', 'lx')",mulxas,mulxas
90L_10NL,3,90L_10NL_3_1,1,420,"('lç', 'lx', 'lx')",mulxas,mulxas
90L_10NL,3,90L_10NL_3_1,1,140,"('lç', 'lç', 'lx')",mulxas,mulxas
90L_10NL,3,90L_10NL_3_1,1,420,"('lç', 'lx', 'lx')",mulxas,mulxas
90L_10NL,3,90L_10NL_3_1,1,420,"('lç', 'lx', 'lx')",mulxas,mulxas
90L_10NL,3,90L_10NL_3_1,1,420,"('lç', 'lx', 'lx')",mulxas,mulxas
90L_10NL,3,90L_10NL_3_1,1,420,"('lç', 'lx', 'lx')",mulxas,mulxas
90L_10NL,3,90L_10NL_3_1,1,420,"('lç', 'lx', 'lx')",mulxas,mulxas
90L_10NL,3,90L_10NL_3_1,1,420,"('lç', 'lx', 'lx')",mulxas,mulxas
90L_10NL,3,90L_10NL_3_1,1,420,"('lç', 'lx', 'lx')",mulxas,mulxas
90L_10NL,3,90L_10NL_3_1,1,420,"('lç', 'lx', 'lx')",mulxas,mulxas
90L_10NL,3,90L_10NL_3_1,1,420,"('lç', 'lx', 'lx')",mulxas,mulxas
90L_10NL,3,90L_10NL_3_1,1,420,"('lç', 'lx', 'lx')",mulxas,mulxas
90L_10NL,3,90L_10NL_3_1,1,420,"('lç', 'lx', 'lx')",mulxas,mulxas
90L_10NL,3,90L_10NL_3_1,1,420,"('lç', 'lx', 'lx')",mulxas,mulxas
90L_10NL,3,90L_10NL_3_1,1,210,"('lx', 'lx', 'lx')",mulxas,mulxas
90L_10NL,3,90L_10NL_3_1,1,210,"('lx', 'lx', 'lx')",mulxas,mulxas
90L_10NL,3,90L_10NL_3_1,1,210,"('lx', 'lx', 'lx')",mulxas,mulxas
90L_10NL,3,90L_10NL_3_1,1,210,"('lx', 'lx', 'lx')",mulxas,mulxas
90L_10NL,3,90L_10NL_3_1,1,210,"('lx', 'lx', 'lx')",mulxas,mulxas
90L_10NL,3,90L_10NL_3_1,1,210,"('lx', 'lx', 'lx')",mulxas,mulxas
90L_10NL,3,90L_10NL_3_1,1,210,"('lx', 'lx', 'lx')",mulxas,mulxas
90L_10NL,3,90L_10NL_3_1,1,210,"('lx', 'lx', 'lx')",mulxas,mulxas
90L_10NL,3,90L_10NL_3_1,1,210,"('lx', 'lx', 'lx')",mulxas,mulxas
90L_10NL,3,90L_10NL_3_1,1,210,"('lx', 'lx', 'lx')",mulxas,mulxas
90L_10NL,3,90L_10NL_3_1,1,210,"('lx', 'lx', 'lx')",mulxas,mulxas
90L_10NL,3,90L_10NL_3_1,0,210,"('lx', 'lx', 'lx')",mulxa,mulxas
90L_10NL,3,90L_10NL_3_1,0,210,"('lx', 'lx', 'lx')",mulxa,mulxas
90L_10NL,3,90L_10NL_3_1,0,210,"('lx', 'lx', 'lx')",mulxa,mulxas
90L_10NL,3,90L_10NL_3_1,0,210,"('lx', 'lx', 'lx')",mulxa,mulxas
90L_10NL,3,90L_10NL_3_1,1,140,"('lç', 'lç', 'lx')",mulxa,mulxa
90L_10NL,3,90L_10NL_3_1,1,140,"('lç', 'lç', 'lx')",mulxa,mulxa
90L_10NL,3,90L_10NL_3_1,1,140,"('lç', 'lç', 'lx')",mulxa,mulxa
90L_10NL,3,90L_10NL_3_1,1,140,"('lç', 'lç', 'lx')",mulxa,mulxa
90L_10NL,3,90L_10NL_3_1,1,420,"('lç', 'lx', 'lx')",mulxa,mulxa
90L_10NL,3,90L_10NL_3_1,1,420,"('lç', 'lx', 'lx')",mulxa,mulxa
90L_10NL,3,90L_10NL_3_1,1,420,"('lç', 'lx', 'lx')",mulxa,mulxa
90L_10NL,3,90L_10NL_3_1,1,420,"('lç', 'lx', 'lx')",mulxa,mulxa
90L_10NL,3,90L_10NL_3_1,1,420,"('lç', 'lx', 'lx')",mulxa,mulxa
90L_10NL,3,90L_10NL_3_1,1,420,"('lç', 'lx', 'lx')",mulxa,mulxa
90L_10NL,3,90L_10NL_3_1,1,140,"('lç', 'lç', 'lx')",mulxa,mulxa
90L_10NL,3,90L_10NL_3_1,1,140,"('lç', 'lç', 'lx')",mulxa,mulxa
90L_10NL,3,90L_10NL_3_1,1,140,"('lç', 'lç', 'lx')",mulxa,mulxa
90L_10NL,3,90L_10NL_3_1,1,420,"('lç', 'lx', 'lx')",mulxa,mulxa
90L_10NL,3,90L_10NL_3_1,1,420,"('lç', 'lx', 'lx')",mulxa,mulxa
90L_10NL,3,90L_10NL_3_1,1,420,"('lç', 'lx', 'lx')",mulxa,mulxa
90L_10NL,3,90L_10NL_3_1,1,420,"('lç', 'lx', 'lx')",mulxa,mulxa
90L_10NL,3,90L_10NL_3_1,1,420,"('lç', 'lx', 'lx')",mulxa,mulxa
90L_10NL,3,90L_10NL_3_1,1,420,"('lç', 'lx', 'lx')",mulxa,mulxa
90L_10NL,3,90L_10NL_3_1,1,140,"('lç', 'lç', 'lx')",mulxa,mulxa
90L_10NL,3,90L_10NL_3_1,1,140,"('lç', 'lç', 'lx')",mulxa,mulxa
90L_10NL,3,90L_10NL_3_1,1,420,"('lç', 'lx', 'lx')",mulxa,mulxa
90L_10NL,3,90L_10NL_3_1,1,420,"('lç', 'lx', 'lx')",mulxa,mulxa
90L_10NL,3,90L_10NL_3_1,1,420,"('lç', 'lx', 'lx')",mulxa,mulxa
90L_10NL,3,90L_10NL_3_1,1,420,"('lç', 'lx', 'lx')",mulxa,mulxa
90L_10NL,3,90L_10NL_3_1,1,420,"('lç', 'lx', 'lx')",mulxa,mulxa
90L_10NL,3,90L_10NL_3_1,1,420,"('lç', 'lx', 'lx')",mulxa,mulxa
90L_10NL,3,90L_10NL_3_1,1,140,"('lç', 'lç', 'lx')",mulxa,mulxa
90L_10NL,3,90L_10NL_3_1,1,420,"('lç', 'lx', 'lx')",mulxa,mulxa
90L_10NL,3,90L_10NL_3_1,1,420,"('lç', 'lx', 'lx')",mulxa,mulxa
90L_10NL,3,90L_10NL_3_1,1,420,"('lç', 'lx', 'lx')",mulxa,mulxa
90L_10NL,3,90L_10NL_3_1,1,420,"('lç', 'lx', 'lx')",mulxa,mulxa
90L_10NL,3,90L_10NL_3_1,1,420,"('lç', 'lx', 'lx')",mulxa,mulxa
90L_10NL,3,90L_10NL_3_1,1,420,"('lç', 'lx', 'lx')",mulxa,mulxa
90L_10NL,3,90L_10NL_3_1,1,420,"('lç', 'lx', 'lx')",mulxa,mulxa
90L_10NL,3,90L_10NL_3_1,1,420,"('lç', 'lx', 'lx')",mulxa,mulxa
90L_10NL,3,90L_10NL_3_1,1,420,"('lç', 'lx', 'lx')",mulxa,mulxa
90L_10NL,3,90L_10NL_3_1,1,420,"('lç', 'lx', 'lx')",mulxa,mulxa
90L_10NL,3,90L_10NL_3_1,1,420,"('lç', 'lx', 'lx')",mulxa,mulxa
90L_10NL,3,90L_10NL_3_1,1,420,"('lç', 'lx', 'lx')",mulxa,mulxa
90L_10NL,3,90L_10NL_3_1,1,210,"('lx', 'lx', 'lx')",mulxa,mulxa
90L_10NL,3,90L_10NL_3_1,1,210,"('lx', 'lx', 'lx')",mulxa,mulxa
90L_10NL,3,90L_10NL_3_1,1,210,"('lx', 'lx', 'lx')",mulxa,mulxa
90L_10NL,3,90L_10NL_3_1,1,210,"('lx', 'lx', 'lx')",mulxa,mulxa
90L_10NL,3,90L_10NL_3_1,1,210,"('lx', 'lx', 'lx')",mulxa,mulxa
90L_10NL,3,90L_10NL_3_1,1,210,"('lx', 'lx', 'lx')",mulxa,mulxa
90L_10NL,3,90L_10NL_3_1,1,210,"('lx', 'lx', 'lx')",mulxa,mulxa
90L_10NL,3,90L_10NL_3_1,1,210,"('lx', 'lx', 'lx')",mulxa,mulxa
90L_10NL,3,90L_10NL_3_1,1,210,"('lx', 'lx', 'lx')",mulxa,mulxa
90L_10NL,3,90L_10NL_3_1,1,210,"('lx', 'lx', 'lx')",mulxa,mulxa
90L_10NL,3,90L_10NL_3_1,1,210,"('lx', 'lx', 'lx')",mulxa,mulxa
90L_10NL,3,90L_10NL_3_1,1,210,"('lx', 'lx', 'lx')",mulxa,mulxa
90L_10NL,3,90L_10NL_3_1,1,210,"('lx', 'lx', 'lx')",mulxa,mulxa
90L_10NL,3,90L_10NL_3_1,1,210,"('lx', 'lx', 'lx')",mulxa,mulxa
90L_10NL,3,90L_10NL_3_1,1,210,"('lx', 'lx', 'lx')",mulxa,mulxa
90L_10NL,3,90L_10NL_3_1,1,140,"('lç', 'lç', 'lx')",mulxa,mulxa
90L_10NL,3,90L_10NL_3_1,1,140,"('lç', 'lç', 'lx')",mulxa,mulxa
90L_10NL,3,90L_10NL_3_1,1,140,"('lç', 'lç', 'lx')",mulxa,mulxa
90L_10NL,3,90L_10NL_3_1,1,140,"('lç', 'lç', 'lx')",mulxa,mulxa
90L_10NL,3,90L_10NL_3_1,1,420,"('lç', 'lx', 'lx')",mulxa,mulxa
90L_10NL,3,90L_10NL_3_1,1,420,"('lç', 'lx', 'lx')",mulxa,mulxa
90L_10NL,3,90L_10NL_3_1,1,420,"('lç', 'lx', 'lx')",mulxa,mulxa
90L_10NL,3,90L_10NL_3_1,1,420,"('lç', 'lx', 'lx')",mulxa,mulxa
90L_10NL,3,90L_10NL_3_1,1,420,"('lç', 'lx', 'lx')",mulxa,mulxa
90L_10NL,3,90L_10NL_3_1,1,420,"('lç', 'lx', 'lx')",mulxa,mulxa
90L_10NL,3,90L_10NL_3_1,1,140,"('lç', 'lç', 'lx')",mulxa,mulxa
90L_10NL,3,90L_10NL_3_1,1,140,"('lç', 'lç', 'lx')",mulxa,mulxa
90L_10NL,3,90L_10NL_3_1,1,140,"('lç', 'lç', 'lx')",mulxa,mulxa
90L_10NL,3,90L_10NL_3_1,1,420,"('lç', 'lx', 'lx')",mulxa,mulxa
90L_10NL,3,90L_10NL_3_1,1,420,"('lç', 'lx', 'lx')",mulxa,mulxa
90L_10NL,3,90L_10NL_3_1,1,420,"('lç', 'lx', 'lx')",mulxa,mulxa
90L_10NL,3,90L_10NL_3_1,1,420,"('lç', 'lx', 'lx')",mulxa,mulxa
90L_10NL,3,90L_10NL_3_1,1,420,"('lç', 'lx', 'lx')",mulxa,mulxa
90L_10NL,3,90L_10NL_3_1,1,420,"('lç', 'lx', 'lx')",mulxa,mulxa
90L_10NL,3,90L_10NL_3_1,1,140,"('lç', 'lç', 'lx')",mulxa,mulxa
90L_10NL,3,90L_10NL_3_1,1,140,"('lç', 'lç', 'lx')",mulxa,mulxa
90L_10NL,3,90L_10NL_3_1,1,420,"('lç', 'lx', 'lx')",mulxa,mulxa
90L_10NL,3,90L_10NL_3_1,1,420,"('lç', 'lx', 'lx')",mulxa,mulxa
90L_10NL,3,90L_10NL_3_1,1,420,"('lç', 'lx', 'lx')",mulxa,mulxa
90L_10NL,3,90L_10NL_3_1,1,420,"('lç', 'lx', 'lx')",mulxa,mulxa
90L_10NL,3,90L_10NL_3_1,1,420,"('lç', 'lx', 'lx')",mulxa,mulxa
90L_10NL,3,90L_10NL_3_1,1,420,"('lç', 'lx', 'lx')",mulxa,mulxa
90L_10NL,3,90L_10NL_3_1,1,140,"('lç', 'lç', 'lx')",mulxa,mulxa
90L_10NL,3,90L_10NL_3_1,1,420,"('lç', 'lx', 'lx')",mulxa,mulxa
90L_10NL,3,90L_10NL_3_1,1,420,"('lç', 'lx', 'lx')",mulxa,mulxa
90L_10NL,3,90L_10NL_3_1,1,420,"('lç', 'lx', 'lx')",mulxa,mulxa
90L_10NL,3,90L_10NL_3_1,1,420,"('lç', 'lx', 'lx')",mulxa,mulxa
90L_10NL,3,90L_10NL_3_1,1,420,"('lç', 'lx', 'lx')",mulxa,mulxa
90L_10NL,3,90L_10NL_3_1,1,420,"('lç', 'lx', 'lx')",mulxa,mulxa
90L_10NL,3,90L_10NL_3_1,1,420,"('lç', 'lx', 'lx')",mulxa,mulxa
90L_10NL,3,90L_10NL_3_1,1,420,"('lç', 'lx', 'lx')",mulxa,mulxa
90L_10NL,3,90L_10NL_3_1,1,420,"('lç', 'lx', 'lx')",mulxa,mulxa
90L_10NL,3,90L_10NL_3_1,1,420,"('lç', 'lx', 'lx')",mulxa,mulxa
90L_10NL,3,90L_10NL_3_1,1,420,"('lç', 'lx', 'lx')",mulxa,mulxa
90L_10NL,3,90L_10NL_3_1,1,420,"('lç', 'lx', 'lx')",mulxa,mulxa
90L_10NL,3,90L_10NL_3_1,1,210,"('lx', 'lx', 'lx')",mulxa,mulxa
90L_10NL,3,90L_10NL_3_1,1,210,"('lx', 'lx', 'lx')",mulxa,mulxa
90L_10NL,3,90L_10NL_3_1,1,210,"('lx', 'lx', 'lx')",mulxa,mulxa
90L_10NL,3,90L_10NL_3_1,1,210,"('lx', 'lx', 'lx')",mulxa,mulxa
90L_10NL,3,90L_10NL_3_1,1,210,"('lx', 'lx', 'lx')",mulxa,mulxa
90L_10NL,3,90L_10NL_3_1,1,210,"('lx', 'lx', 'lx')",mulxa,mulxa
90L_10NL,3,90L_10NL_3_1,1,210,"('lx', 'lx', 'lx')",mulxa,mulxa
90L_10NL,3,90L_10NL_3_1,1,210,"('lx', 'lx', 'lx')",mulxa,mulxa
90L_10NL,3,90L_10NL_3_1,1,210,"('lx', 'lx', 'lx')",mulxa,mulxa
90L_10NL,3,90L_10NL_3_1,1,210,"('lx', 'lx', 'lx')",mulxa,mulxa
90L_10NL,3,90L_10NL_3_1,1,210,"('lx', 'lx', 'lx')",mulxa,mulxa
90L_10NL,3,90L_10NL_3_1,0,210,"('lx', 'lx', 'lx')",mulxo,mulxa
90L_10NL,3,90L_10NL_3_1,0,210,"('lx', 'lx', 'lx')",mulxo,mulxa
90L_10NL,3,90L_10NL_3_1,0,210,"('lx', 'lx', 'lx')",mulxo,mulxa
90L_10NL,3,90L_10NL_3_1,0,210,"('lx', 'lx', 'lx')",mulxo,mulxa
90L_10NL,3,90L_10NL_3_1,1,140,"('lç', 'lç', 'lx')",mulxo,mulxo
90L_10NL,3,90L_10NL_3_1,1,140,"('lç', 'lç', 'lx')",mulxo,mulxo
90L_10NL,3,90L_10NL_3_1,1,140,"('lç', 'lç', 'lx')",mulxo,mulxo
90L_10NL,3,90L_10NL_3_1,1,140,"('lç', 'lç', 'lx')",mulxo,mulxo
90L_10NL,3,90L_10NL_3_1,1,420,"('lç', 'lx', 'lx')",mulxo,mulxo
90L_10NL,3,90L_10NL_3_1,1,420,"('lç', 'lx', 'lx')",mulxo,mulxo
90L_10NL,3,90L_10NL_3_1,1,420,"('lç', 'lx', 'lx')",mulxo,mulxo
90L_10NL,3,90L_10NL_3_1,1,420,"('lç', 'lx', 'lx')",mulxo,mulxo
90L_10NL,3,90L_10NL_3_1,1,420,"('lç', 'lx', 'lx')",mulxo,mulxo
90L_10NL,3,90L_10NL_3_1,1,420,"('lç', 'lx', 'lx')",mulxo,mulxo
90L_10NL,3,90L_10NL_3_1,1,140,"('lç', 'lç', 'lx')",mulxo,mulxo
90L_10NL,3,90L_10NL_3_1,1,140,"('lç', 'lç', 'lx')",mulxo,mulxo
90L_10NL,3,90L_10NL_3_1,1,140,"('lç', 'lç', 'lx')",mulxo,mulxo
90L_10NL,3,90L_10NL_3_1,1,420,"('lç', 'lx', 'lx')",mulxo,mulxo
90L_10NL,3,90L_10NL_3_1,1,420,"('lç', 'lx', 'lx')",mulxo,mulxo
90L_10NL,3,90L_10NL_3_1,1,420,"('lç', 'lx', 'lx')",mulxo,mulxo
90L_10NL,3,90L_10NL_3_1,1,420,"('lç', 'lx', 'lx')",mulxo,mulxo
90L_10NL,3,90L_10NL_3_1,1,420,"('lç', 'lx', 'lx')",mulxo,mulxo
90L_10NL,3,90L_10NL_3_1,1,420,"('lç', 'lx', 'lx')",mulxo,mulxo
90L_10NL,3,90L_10NL_3_1,1,140,"('lç', 'lç', 'lx')",mulxo,mulxo
90L_10NL,3,90L_10NL_3_1,1,140,"('lç', 'lç', 'lx')",mulxo,mulxo
90L_10NL,3,90L_10NL_3_1,1,420,"('lç', 'lx', 'lx')",mulxo,mulxo
90L_10NL,3,90L_10NL_3_1,1,420,"('lç', 'lx', 'lx')",mulxo,mulxo
90L_10NL,3,90L_10NL_3_1,1,420,"('lç', 'lx', 'lx')",mulxo,mulxo
90L_10NL,3,90L_10NL_3_1,1,420,"('lç', 'lx', 'lx')",mulxo,mulxo
90L_10NL,3,90L_10NL_3_1,1,420,"('lç', 'lx', 'lx')",mulxo,mulxo
90L_10NL,3,90L_10NL_3_1,1,420,"('lç', 'lx', 'lx')",mulxo,mulxo
90L_10NL,3,90L_10NL_3_1,1,140,"('lç', 'lç', 'lx')",mulxo,mulxo
90L_10NL,3,90L_10NL_3_1,1,420,"('lç', 'lx', 'lx')",mulxo,mulxo
90L_10NL,3,90L_10NL_3_1,1,420,"('lç', 'lx', 'lx')",mulxo,mulxo
90L_10NL,3,90L_10NL_3_1,1,420,"('lç', 'lx', 'lx')",mulxo,mulxo
90L_10NL,3,90L_10NL_3_1,1,420,"('lç', 'lx', 'lx')",mulxo,mulxo
90L_10NL,3,90L_10NL_3_1,1,420,"('lç', 'lx', 'lx')",mulxo,mulxo
90L_10NL,3,90L_10NL_3_1,1,420,"('lç', 'lx', 'lx')",mulxo,mulxo
90L_10NL,3,90L_10NL_3_1,1,420,"('lç', 'lx', 'lx')",mulxo,mulxo
90L_10NL,3,90L_10NL_3_1,1,420,"('lç', 'lx', 'lx')",mulxo,mulxo
90L_10NL,3,90L_10NL_3_1,1,420,"('lç', 'lx', 'lx')",mulxo,mulxo
90L_10NL,3,90L_10NL_3_1,1,420,"('lç', 'lx', 'lx')",mulxo,mulxo
90L_10NL,3,90L_10NL_3_1,1,420,"('lç', 'lx', 'lx')",mulxo,mulxo
90L_10NL,3,90L_10NL_3_1,1,420,"('lç', 'lx', 'lx')",mulxo,mulxo
90L_10NL,3,90L_10NL_3_1,1,210,"('lx', 'lx', 'lx')",mulxo,mulxo
90L_10NL,3,90L_10NL_3_1,1,210,"('lx', 'lx', 'lx')",mulxo,mulxo
90L_10NL,3,90L_10NL_3_1,1,210,"('lx', 'lx', 'lx')",mulxo,mulxo
90L_10NL,3,90L_10NL_3_1,1,210,"('lx', 'lx', 'lx')",mulxo,mulxo
90L_10NL,3,90L_10NL_3_1,1,210,"('lx', 'lx', 'lx')",mulxo,mulxo
90L_10NL,3,90L_10NL_3_1,1,210,"('lx', 'lx', 'lx')",mulxo,mulxo
90L_10NL,3,90L_10NL_3_1,1,210,"('lx', 'lx', 'lx')",mulxo,mulxo
90L_10NL,3,90L_10NL_3_1,1,210,"('lx', 'lx', 'lx')",mulxo,mulxo
90L_10NL,3,90L_10NL_3_1,1,210,"('lx', 'lx', 'lx')",mulxo,mulxo
90L_10NL,3,90L_10NL_3_1,1,210,"('lx', 'lx', 'lx')",mulxo,mulxo
90L_10NL,3,90L_10NL_3_1,1,210,"('lx', 'lx', 'lx')",mulxo,mulxo
90L_10NL,3,90L_10NL_3_1,0,210,"('lx', 'lx', 'lx')",funçen,mulxo
90L_10NL,3,90L_10NL_3_1,0,210,"('lx', 'lx', 'lx')",funçen,mulxo
90L_10NL,3,90L_10NL_3_1,0,210,"('lx', 'lx', 'lx')",funçen,mulxo
90L_10NL,3,90L_10NL_3_1,0,210,"('lx', 'lx', 'lx')",funçen,mulxo
90L_10NL,3,90L_10NL_3_1,1,120,"('nç', 'nç', 'nç')",funçen,funçen
90L_10NL,3,90L_10NL_3_1,1,120,"('nç', 'nç', 'nç')",funçen,funçen
90L_10NL,3,90L_10NL_3_1,1,120,"('nç', 'nç', 'nç')",funçen,funçen
90L_10NL,3,90L_10NL_3_1,1,560,"('nç', 'nx', 'nç')",funçen,funçen
90L_10NL,3,90L_10NL_3_1,1,560,"('nç', 'nx', 'nç')",funçen,funçen
90L_10NL,3,90L_10NL_3_1,1,560,"('nç', 'nx', 'nç')",funçen,funçen
90L_10NL,3,90L_10NL_3_1,1,560,"('nç', 'nx', 'nç')",funçen,funçen
90L_10NL,3,90L_10NL_3_1,1,560,"('nç', 'nx', 'nç')",funçen,funçen
90L_10NL,3,90L_10NL_3_1,1,560,"('nç', 'nx', 'nç')",funçen,funçen
90L_10NL,3,90L_10NL_3_1,1,560,"('nç', 'nx', 'nç')",funçen,funçen
90L_10NL,3,90L_10NL_3_1,1,120,"('nç', 'nç', 'nç')",funçen,funçen
90L_10NL,3,90L_10NL_3_1,1,120,"('nç', 'nç', 'nç')",funçen,funçen
90L_10NL,3,90L_10NL_3_1,1,560,"('nç', 'nx', 'nç')",funçen,funçen
90L_10NL,3,90L_10NL_3_1,1,560,"('nç', 'nx', 'nç')",funçen,funçen
90L_10NL,3,90L_10NL_3_1,1,560,"('nç', 'nx', 'nç')",funçen,funçen
90L_10NL,3,90L_10NL_3_1,1,560,"('nç', 'nx', 'nç')",funçen,funçen
90L_10NL,3,90L_10NL_3_1,1,560,"('nç', 'nx', 'nç')",funçen,funçen
90L_10NL,3,90L_10NL_3_1,1,560,"('nç', 'nx', 'nç')",funçen,funçen
90L_10NL,3,90L_10NL_3_1,1,560,"('nç', 'nx', 'nç')",funçen,funçen
90L_10NL,3,90L_10NL_3_1,1,120,"('nç', 'nç', 'nç')",funçen,funçen
90L_10NL,3,90L_10NL_3_1,1,560,"('nç', 'nx', 'nç')",funçen,funçen
90L_10NL,3,90L_10NL_3_1,1,560,"('nç', 'nx', 'nç')",funçen,funçen
90L_10NL,3,90L_10NL_3_1,1,560,"('nç', 'nx', 'nç')",funçen,funçen
90L_10NL,3,90L_10NL_3_1,1,560,"('nç', 'nx', 'nç')",funçen,funçen
90L_10NL,3,90L_10NL_3_1,1,560,"('nç', 'nx', 'nç')",funçen,funçen
90L_10NL,3,90L_10NL_3_1,1,560,"('nç', 'nx', 'nç')",funçen,funçen
90L_10NL,3,90L_10NL_3_1,1,560,"('nç', 'nx', 'nç')",funçen,funçen
90L_10NL,3,90L_10NL_3_1,1,560,"('nç', 'nx', 'nç')",funçen,funçen
90L_10NL,3,90L_10NL_3_1,1,560,"('nç', 'nx', 'nç')",funçen,funçen
90L_10NL,3,90L_10NL_3_1,1,560,"('nç', 'nx', 'nç')",funçen,funçen
90L_10NL,3,90L_10NL_3_1,1,560,"('nç', 'nx', 'nç')",funçen,funçen
90L_10NL,3,90L_10NL_3_1,1,560,"('nç', 'nx', 'nç')",funçen,funçen
90L_10NL,3,90L_10NL_3_1,1,560,"('nç', 'nx', 'nç')",funçen,funçen
90L_10NL,3,90L_10NL_3_1,1,560,"('nç', 'nx', 'nç')",funçen,funçen
90L_10NL,3,90L_10NL_3_1,1,420,"('nx', 'nx', 'nç')",funçen,funçen
90L_10NL,3,90L_10NL_3_1,1,420,"('nx', 'nx', 'nç')",funçen,funçen
90L_10NL,3,90L_10NL_3_1,1,420,"('nx', 'nx', 'nç')",funçen,funçen
90L_10NL,3,90L_10NL_3_1,1,420,"('nx', 'nx', 'nç')",funçen,funçen
90L_10NL,3,90L_10NL_3_1,1,420,"('nx', 'nx', 'nç')",funçen,funçen
90L_10NL,3,90L_10NL_3_1,1,420,"('nx', 'nx', 'nç')",funçen,funçen
90L_10NL,3,90L_10NL_3_1,1,420,"('nx', 'nx', 'nç')",funçen,funçen
90L_10NL,3,90L_10NL_3_1,1,420,"('nx', 'nx', 'nç')",funçen,funçen
90L_10NL,3,90L_10NL_3_1,1,420,"('nx', 'nx', 'nç')",funçen,funçen
90L_10NL,3,90L_10NL_3_1,1,420,"('nx', 'nx', 'nç')",funçen,funçen
90L_10NL,3,90L_10NL_3_1,1,420,"('nx', 'nx', 'nç')",funçen,funçen
90L_10NL,3,90L_10NL_3_1,1,420,"('nx', 'nx', 'nç')",funçen,funçen
90L_10NL,3,90L_10NL_3_1,1,420,"('nx', 'nx', 'nç')",funçen,funçen
90L_10NL,3,90L_10NL_3_1,1,420,"('nx', 'nx', 'nç')",funçen,funçen
90L_10NL,3,90L_10NL_3_1,1,420,"('nx', 'nx', 'nç')",funçen,funçen
90L_10NL,3,90L_10NL_3_1,1,420,"('nx', 'nx', 'nç')",funçen,funçen
90L_10NL,3,90L_10NL_3_1,1,420,"('nx', 'nx', 'nç')",funçen,funçen
90L_10NL,3,90L_10NL_3_1,0,420,"('nx', 'nx', 'nç')",funçes,funçen
90L_10NL,3,90L_10NL_3_1,0,420,"('nx', 'nx', 'nç')",funçes,funçen
90L_10NL,3,90L_10NL_3_1,0,420,"('nx', 'nx', 'nç')",funçes,funçen
90L_10NL,3,90L_10NL_3_1,0,420,"('nx', 'nx', 'nç')",funçes,funçen
90L_10NL,3,90L_10NL_3_1,1,120,"('nç', 'nç', 'nç')",funçes,funçes
90L_10NL,3,90L_10NL_3_1,1,120,"('nç', 'nç', 'nç')",funçes,funçes
90L_10NL,3,90L_10NL_3_1,1,120,"('nç', 'nç', 'nç')",funçes,funçes
90L_10NL,3,90L_10NL_3_1,1,560,"('nç', 'nx', 'nç')",funçes,funçes
90L_10NL,3,90L_10NL_3_1,1,560,"('nç', 'nx', 'nç')",funçes,funçes
90L_10NL,3,90L_10NL_3_1,1,560,"('nç', 'nx', 'nç')",funçes,funçes
90L_10NL,3,90L_10NL_3_1,1,560,"('nç', 'nx', 'nç')",funçes,funçes
90L_10NL,3,90L_10NL_3_1,1,560,"('nç', 'nx', 'nç')",funçes,funçes
90L_10NL,3,90L_10NL_3_1,1,560,"('nç', 'nx', 'nç')",funçes,funçes
90L_10NL,3,90L_10NL_3_1,1,560,"('nç', 'nx', 'nç')",funçes,funçes
90L_10NL,3,90L_10NL_3_1,1,120,"('nç', 'nç', 'nç')",funçes,funçes
90L_10NL,3,90L_10NL_3_1,1,120,"('nç', 'nç', 'nç')",funçes,funçes
90L_10NL,3,90L_10NL_3_1,1,560,"('nç', 'nx', 'nç')",funçes,funçes
90L_10NL,3,90L_10NL_3_1,1,560,"('nç', 'nx', 'nç')",funçes,funçes
90L_10NL,3,90L_10NL_3_1,1,560,"('nç', 'nx', 'nç')",funçes,funçes
90L_10NL,3,90L_10NL_3_1,1,560,"('nç', 'nx', 'nç')",funçes,funçes
90L_10NL,3,90L_10NL_3_1,1,560,"('nç', 'nx', 'nç')",funçes,funçes
90L_10NL,3,90L_10NL_3_1,1,560,"('nç', 'nx', 'nç')",funçes,funçes
90L_10NL,3,90L_10NL_3_1,1,560,"('nç', 'nx', 'nç')",funçes,funçes
90L_10NL,3,90L_10NL_3_1,1,120,"('nç', 'nç', 'nç')",funçes,funçes
90L_10NL,3,90L_10NL_3_1,1,560,"('nç', 'nx', 'nç')",funçes,funçes
90L_10NL,3,90L_10NL_3_1,1,560,"('nç', 'nx', 'nç')",funçes,funçes
90L_10NL,3,90L_10NL_3_1,1,560,"('nç', 'nx', 'nç')",funçes,funçes
90L_10NL,3,90L_10NL_3_1,1,560,"('nç', 'nx', 'nç')",funçes,funçes
90L_10NL,3,90L_10NL_3_1,1,560,"('nç', 'nx', 'nç')",funçes,funçes
90L_10NL,3,90L_10NL_3_1,1,560,"('nç', 'nx', 'nç')",funçes,funçes
90L_10NL,3,90L_10NL_3_1,1,560,"('nç', 'nx', 'nç')",funçes,funçes
90L_10NL,3,90L_10NL_3_1,1,560,"('nç', 'nx', 'nç')",funçes,funçes
90L_10NL,3,90L_10NL_3_1,1,560,"('nç', 'nx', 'nç')",funçes,funçes
90L_10NL,3,90L_10NL_3_1,1,560,"('nç', 'nx', 'nç')",funçes,funçes
90L_10NL,3,90L_10NL_3_1,1,560,"('nç', 'nx', 'nç')",funçes,funçes
90L_10NL,3,90L_10NL_3_1,1,560,"('nç', 'nx', 'nç')",funçes,funçes
90L_10NL,3,90L_10NL_3_1,1,560,"('nç', 'nx', 'nç')",funçes,funçes
90L_10NL,3,90L_10NL_3_1,1,560,"('nç', 'nx', 'nç')",funçes,funçes
90L_10NL,3,90L_10NL_3_1,1,420,"('nx', 'nx', 'nç')",funçes,funçes
90L_10NL,3,90L_10NL_3_1,1,420,"('nx', 'nx', 'nç')",funçes,funçes
90L_10NL,3,90L_10NL_3_1,1,420,"('nx', 'nx', 'nç')",funçes,funçes
90L_10NL,3,90L_10NL_3_1,1,420,"('nx', 'nx', 'nç')",funçes,funçes
90L_10NL,3,90L_10NL_3_1,1,420,"('nx', 'nx', 'nç')",funçes,funçes
90L_10NL,3,90L_10NL_3_1,1,420,"('nx', 'nx', 'nç')",funçes,funçes
90L_10NL,3,90L_10NL_3_1,1,420,"('nx', 'nx', 'nç')",funçes,funçes
90L_10NL,3,90L_10NL_3_1,1,420,"('nx', 'nx', 'nç')",funçes,funçes
90L_10NL,3,90L_10NL_3_1,1,420,"('nx', 'nx', 'nç')",funçes,funçes
90L_10NL,3,90L_10NL_3_1,1,420,"('nx', 'nx', 'nç')",funçes,funçes
90L_10NL,3,90L_10NL_3_1,1,420,"('nx', 'nx', 'nç')",funçes,funçes
90L_10NL,3,90L_10NL_3_1,1,420,"('nx', 'nx', 'nç')",funçes,funçes
90L_10NL,3,90L_10NL_3_1,1,420,"('nx', 'nx', 'nç')",funçes,funçes
90L_10NL,3,90L_10NL_3_1,1,420,"('nx', 'nx', 'nç')",funçes,funçes
90L_10NL,3,90L_10NL_3_1,1,420,"('nx', 'nx', 'nç')",funçes,funçes
90L_10NL,3,90L_10NL_3_1,1,420,"('nx', 'nx', 'nç')",funçes,funçes
90L_10NL,3,90L_10NL_3_1,1,420,"('nx', 'nx', 'nç')",funçes,funçes
90L_10NL,3,90L_10NL_3_1,0,420,"('nx', 'nx', 'nç')",funçe,funçes
90L_10NL,3,90L_10NL_3_1,0,420,"('nx', 'nx', 'nç')",funçe,funçes
90L_10NL,3,90L_10NL_3_1,0,420,"('nx', 'nx', 'nç')",funçe,funçes
90L_10NL,3,90L_10NL_3_1,0,420,"('nx', 'nx', 'nç')",funçe,funçes
90L_10NL,3,90L_10NL_3_1,1,120,"('nç', 'nç', 'nç')",funçe,funçe
90L_10NL,3,90L_10NL_3_1,1,120,"('nç', 'nç', 'nç')",funçe,funçe
90L_10NL,3,90L_10NL_3_1,1,120,"('nç', 'nç', 'nç')",funçe,funçe
90L_10NL,3,90L_10NL_3_1,1,560,"('nç', 'nx', 'nç')",funçe,funçe
90L_10NL,3,90L_10NL_3_1,1,560,"('nç', 'nx', 'nç')",funçe,funçe
90L_10NL,3,90L_10NL_3_1,1,560,"('nç', 'nx', 'nç')",funçe,funçe
90L_10NL,3,90L_10NL_3_1,1,560,"('nç', 'nx', 'nç')",funçe,funçe
90L_10NL,3,90L_10NL_3_1,1,560,"('nç', 'nx', 'nç')",funçe,funçe
90L_10NL,3,90L_10NL_3_1,1,560,"('nç', 'nx', 'nç')",funçe,funçe
90L_10NL,3,90L_10NL_3_1,1,560,"('nç', 'nx', 'nç')",funçe,funçe
90L_10NL,3,90L_10NL_3_1,1,120,"('nç', 'nç', 'nç')",funçe,funçe
90L_10NL,3,90L_10NL_3_1,1,120,"('nç', 'nç', 'nç')",funçe,funçe
90L_10NL,3,90L_10NL_3_1,1,560,"('nç', 'nx', 'nç')",funçe,funçe
90L_10NL,3,90L_10NL_3_1,1,560,"('nç', 'nx', 'nç')",funçe,funçe
90L_10NL,3,90L_10NL_3_1,1,560,"('nç', 'nx', 'nç')",funçe,funçe
90L_10NL,3,90L_10NL_3_1,1,560,"('nç', 'nx', 'nç')",funçe,funçe
90L_10NL,3,90L_10NL_3_1,1,560,"('nç', 'nx', 'nç')",funçe,funçe
90L_10NL,3,90L_10NL_3_1,1,560,"('nç', 'nx', 'nç')",funçe,funçe
90L_10NL,3,90L_10NL_3_1,1,560,"('nç', 'nx', 'nç')",funçe,funçe
90L_10NL,3,90L_10NL_3_1,1,120,"('nç', 'nç', 'nç')",funçe,funçe
90L_10NL,3,90L_10NL_3_1,1,560,"('nç', 'nx', 'nç')",funçe,funçe
90L_10NL,3,90L_10NL_3_1,1,560,"('nç', 'nx', 'nç')",funçe,funçe
90L_10NL,3,90L_10NL_3_1,1,560,"('nç', 'nx', 'nç')",funçe,funçe
90L_10NL,3,90L_10NL_3_1,1,560,"('nç', 'nx', 'nç')",funçe,funçe
90L_10NL,3,90L_10NL_3_1,1,560,"('nç', 'nx', 'nç')",funçe,funçe
90L_10NL,3,90L_10NL_3_1,1,560,"('nç', 'nx', 'nç')",funçe,funçe
90L_10NL,3,90L_10NL_3_1,1,560,"('nç', 'nx', 'nç')",funçe,funçe
90L_10NL,3,90L_10NL_3_1,1,560,"('nç', 'nx', 'nç')",funçe,funçe
90L_10NL,3,90L_10NL_3_1,1,560,"('nç', 'nx', 'nç')",funçe,funçe
90L_10NL,3,90L_10NL_3_1,1,560,"('nç', 'nx', 'nç')",funçe,funçe
90L_10NL,3,90L_10NL_3_1,1,560,"('nç', 'nx', 'nç')",funçe,funçe
90L_10NL,3,90L_10NL_3_1,1,560,"('nç', 'nx', 'nç')",funçe,funçe
90L_10NL,3,90L_10NL_3_1,1,560,"('nç', 'nx', 'nç')",funçe,funçe
90L_10NL,3,90L_10NL_3_1,1,560,"('nç', 'nx', 'nç')",funçe,funçe
90L_10NL,3,90L_10NL_3_1,1,420,"('nx', 'nx', 'nç')",funçe,funçe
90L_10NL,3,90L_10NL_3_1,1,420,"('nx', 'nx', 'nç')",funçe,funçe
90L_10NL,3,90L_10NL_3_1,1,420,"('nx', 'nx', 'nç')",funçe,funçe
90L_10NL,3,90L_10NL_3_1,1,420,"('nx', 'nx', 'nç')",funçe,funçe
90L_10NL,3,90L_10NL_3_1,1,420,"('nx', 'nx', 'nç')",funçe,funçe
90L_10NL,3,90L_10NL_3_1,1,420,"('nx', 'nx', 'nç')",funçe,funçe
90L_10NL,3,90L_10NL_3_1,1,420,"('nx', 'nx', 'nç')",funçe,funçe
90L_10NL,3,90L_10NL_3_1,1,420,"('nx', 'nx', 'nç')",funçe,funçe
90L_10NL,3,90L_10NL_3_1,1,420,"('nx', 'nx', 'nç')",funçe,funçe
90L_10NL,3,90L_10NL_3_1,1,420,"('nx', 'nx', 'nç')",funçe,funçe
90L_10NL,3,90L_10NL_3_1,1,420,"('nx', 'nx', 'nç')",funçe,funçe
90L_10NL,3,90L_10NL_3_1,1,420,"('nx', 'nx', 'nç')",funçe,funçe
90L_10NL,3,90L_10NL_3_1,1,420,"('nx', 'nx', 'nç')",funçe,funçe
90L_10NL,3,90L_10NL_3_1,1,420,"('nx', 'nx', 'nç')",funçe,funçe
90L_10NL,3,90L_10NL_3_1,1,420,"('nx', 'nx', 'nç')",funçe,funçe
90L_10NL,3,90L_10NL_3_1,1,420,"('nx', 'nx', 'nç')",funçe,funçe
90L_10NL,3,90L_10NL_3_1,1,420,"('nx', 'nx', 'nç')",funçe,funçe
90L_10NL,3,90L_10NL_3_1,0,420,"('nx', 'nx', 'nç')",funçimos,funçe
90L_10NL,3,90L_10NL_3_1,0,420,"('nx', 'nx', 'nç')",funçimos,funçe
90L_10NL,3,90L_10NL_3_1,0,420,"('nx', 'nx', 'nç')",funçimos,funçe
90L_10NL,3,90L_10NL_3_1,0,420,"('nx', 'nx', 'nç')",funçimos,funçe
90L_10NL,3,90L_10NL_3_1,1,120,"('nç', 'nç', 'nç')",funçimos,funçimos
90L_10NL,3,90L_10NL_3_1,1,120,"('nç', 'nç', 'nç')",funçimos,funçimos
90L_10NL,3,90L_10NL_3_1,1,120,"('nç', 'nç', 'nç')",funçimos,funçimos
90L_10NL,3,90L_10NL_3_1,1,560,"('nç', 'nx', 'nç')",funçimos,funçimos
90L_10NL,3,90L_10NL_3_1,1,560,"('nç', 'nx', 'nç')",funçimos,funçimos
90L_10NL,3,90L_10NL_3_1,1,560,"('nç', 'nx', 'nç')",funçimos,funçimos
90L_10NL,3,90L_10NL_3_1,1,560,"('nç', 'nx', 'nç')",funçimos,funçimos
90L_10NL,3,90L_10NL_3_1,1,560,"('nç', 'nx', 'nç')",funçimos,funçimos
90L_10NL,3,90L_10NL_3_1,1,560,"('nç', 'nx', 'nç')",funçimos,funçimos
90L_10NL,3,90L_10NL_3_1,1,560,"('nç', 'nx', 'nç')",funçimos,funçimos
90L_10NL,3,90L_10NL_3_1,1,120,"('nç', 'nç', 'nç')",funçimos,funçimos
90L_10NL,3,90L_10NL_3_1,1,120,"('nç', 'nç', 'nç')",funçimos,funçimos
90L_10NL,3,90L_10NL_3_1,1,560,"('nç', 'nx', 'nç')",funçimos,funçimos
90L_10NL,3,90L_10NL_3_1,1,560,"('nç', 'nx', 'nç')",funçimos,funçimos
90L_10NL,3,90L_10NL_3_1,1,560,"('nç', 'nx', 'nç')",funçimos,funçimos
90L_10NL,3,90L_10NL_3_1,1,560,"('nç', 'nx', 'nç')",funçimos,funçimos
90L_10NL,3,90L_10NL_3_1,1,560,"('nç', 'nx', 'nç')",funçimos,funçimos
90L_10NL,3,90L_10NL_3_1,1,560,"('nç', 'nx', 'nç')",funçimos,funçimos
90L_10NL,3,90L_10NL_3_1,1,560,"('nç', 'nx', 'nç')",funçimos,funçimos
90L_10NL,3,90L_10NL_3_1,1,120,"('nç', 'nç', 'nç')",funçimos,funçimos
90L_10NL,3,90L_10NL_3_1,1,560,"('nç', 'nx', 'nç')",funçimos,funçimos
90L_10NL,3,90L_10NL_3_1,1,560,"('nç', 'nx', 'nç')",funçimos,funçimos
90L_10NL,3,90L_10NL_3_1,1,560,"('nç', 'nx', 'nç')",funçimos,funçimos
90L_10NL,3,90L_10NL_3_1,1,560,"('nç', 'nx', 'nç')",funçimos,funçimos
90L_10NL,3,90L_10NL_3_1,1,560,"('nç', 'nx', 'nç')",funçimos,funçimos
90L_10NL,3,90L_10NL_3_1,1,560,"('nç', 'nx', 'nç')",funçimos,funçimos
90L_10NL,3,90L_10NL_3_1,1,560,"('nç', 'nx', 'nç')",funçimos,funçimos
90L_10NL,3,90L_10NL_3_1,1,560,"('nç', 'nx', 'nç')",funçimos,funçimos
90L_10NL,3,90L_10NL_3_1,1,560,"('nç', 'nx', 'nç')",funçimos,funçimos
90L_10NL,3,90L_10NL_3_1,1,560,"('nç', 'nx', 'nç')",funçimos,funçimos
90L_10NL,3,90L_10NL_3_1,1,560,"('nç', 'nx', 'nç')",funçimos,funçimos
90L_10NL,3,90L_10NL_3_1,1,560,"('nç', 'nx', 'nç')",funçimos,funçimos
90L_10NL,3,90L_10NL_3_1,1,560,"('nç', 'nx', 'nç')",funçimos,funçimos
90L_10NL,3,90L_10NL_3_1,1,560,"('nç', 'nx', 'nç')",funçimos,funçimos
90L_10NL,3,90L_10NL_3_1,1,420,"('nx', 'nx', 'nç')",funçimos,funçimos
90L_10NL,3,90L_10NL_3_1,1,420,"('nx', 'nx', 'nç')",funçimos,funçimos
90L_10NL,3,90L_10NL_3_1,1,420,"('nx', 'nx', 'nç')",funçimos,funçimos
90L_10NL,3,90L_10NL_3_1,1,420,"('nx', 'nx', 'nç')",funçimos,funçimos
90L_10NL,3,90L_10NL_3_1,1,420,"('nx', 'nx', 'nç')",funçimos,funçimos
90L_10NL,3,90L_10NL_3_1,1,420,"('nx', 'nx', 'nç')",funçimos,funçimos
90L_10NL,3,90L_10NL_3_1,1,420,"('nx', 'nx', 'nç')",funçimos,funçimos
90L_10NL,3,90L_10NL_3_1,1,420,"('nx', 'nx', 'nç')",funçimos,funçimos
90L_10NL,3,90L_10NL_3_1,1,420,"('nx', 'nx', 'nç')",funçimos,funçimos
90L_10NL,3,90L_10NL_3_1,1,420,"('nx', 'nx', 'nç')",funçimos,funçimos
90L_10NL,3,90L_10NL_3_1,1,420,"('nx', 'nx', 'nç')",funçimos,funçimos
90L_10NL,3,90L_10NL_3_1,1,420,"('nx', 'nx', 'nç')",funçimos,funçimos
90L_10NL,3,90L_10NL_3_1,1,420,"('nx', 'nx', 'nç')",funçimos,funçimos
90L_10NL,3,90L_10NL_3_1,1,420,"('nx', 'nx', 'nç')",funçimos,funçimos
90L_10NL,3,90L_10NL_3_1,1,420,"('nx', 'nx', 'nç')",funçimos,funçimos
90L_10NL,3,90L_10NL_3_1,1,420,"('nx', 'nx', 'nç')",funçimos,funçimos
90L_10NL,3,90L_10NL_3_1,1,420,"('nx', 'nx', 'nç')",funçimos,funçimos
90L_10NL,3,90L_10NL_3_1,0,420,"('nx', 'nx', 'nç')",funçis,funçimos
90L_10NL,3,90L_10NL_3_1,0,420,"('nx', 'nx', 'nç')",funçis,funçimos
90L_10NL,3,90L_10NL_3_1,0,420,"('nx', 'nx', 'nç')",funçis,funçimos
90L_10NL,3,90L_10NL_3_1,0,420,"('nx', 'nx', 'nç')",funçis,funçimos
90L_10NL,3,90L_10NL_3_1,1,120,"('nç', 'nç', 'nç')",funçis,funçis
90L_10NL,3,90L_10NL_3_1,1,120,"('nç', 'nç', 'nç')",funçis,funçis
90L_10NL,3,90L_10NL_3_1,1,120,"('nç', 'nç', 'nç')",funçis,funçis
90L_10NL,3,90L_10NL_3_1,1,560,"('nç', 'nx', 'nç')",funçis,funçis
90L_10NL,3,90L_10NL_3_1,1,560,"('nç', 'nx', 'nç')",funçis,funçis
90L_10NL,3,90L_10NL_3_1,1,560,"('nç', 'nx', 'nç')",funçis,funçis
90L_10NL,3,90L_10NL_3_1,1,560,"('nç', 'nx', 'nç')",funçis,funçis
90L_10NL,3,90L_10NL_3_1,1,560,"('nç', 'nx', 'nç')",funçis,funçis
90L_10NL,3,90L_10NL_3_1,1,560,"('nç', 'nx', 'nç')",funçis,funçis
90L_10NL,3,90L_10NL_3_1,1,560,"('nç', 'nx', 'nç')",funçis,funçis
90L_10NL,3,90L_10NL_3_1,1,120,"('nç', 'nç', 'nç')",funçis,funçis
90L_10NL,3,90L_10NL_3_1,1,120,"('nç', 'nç', 'nç')",funçis,funçis
90L_10NL,3,90L_10NL_3_1,1,560,"('nç', 'nx', 'nç')",funçis,funçis
90L_10NL,3,90L_10NL_3_1,1,560,"('nç', 'nx', 'nç')",funçis,funçis
90L_10NL,3,90L_10NL_3_1,1,560,"('nç', 'nx', 'nç')",funçis,funçis
90L_10NL,3,90L_10NL_3_1,1,560,"('nç', 'nx', 'nç')",funçis,funçis
90L_10NL,3,90L_10NL_3_1,1,560,"('nç', 'nx', 'nç')",funçis,funçis
90L_10NL,3,90L_10NL_3_1,1,560,"('nç', 'nx', 'nç')",funçis,funçis
90L_10NL,3,90L_10NL_3_1,1,560,"('nç', 'nx', 'nç')",funçis,funçis
90L_10NL,3,90L_10NL_3_1,1,120,"('nç', 'nç', 'nç')",funçis,funçis
90L_10NL,3,90L_10NL_3_1,1,560,"('nç', 'nx', 'nç')",funçis,funçis
90L_10NL,3,90L_10NL_3_1,1,560,"('nç', 'nx', 'nç')",funçis,funçis
90L_10NL,3,90L_10NL_3_1,1,560,"('nç', 'nx', 'nç')",funçis,funçis
90L_10NL,3,90L_10NL_3_1,1,560,"('nç', 'nx', 'nç')",funçis,funçis
90L_10NL,3,90L_10NL_3_1,1,560,"('nç', 'nx', 'nç')",funçis,funçis
90L_10NL,3,90L_10NL_3_1,1,560,"('nç', 'nx', 'nç')",funçis,funçis
90L_10NL,3,90L_10NL_3_1,1,560,"('nç', 'nx', 'nç')",funçis,funçis
90L_10NL,3,90L_10NL_3_1,1,560,"('nç', 'nx', 'nç')",funçis,funçis
90L_10NL,3,90L_10NL_3_1,1,560,"('nç', 'nx', 'nç')",funçis,funçis
90L_10NL,3,90L_10NL_3_1,1,560,"('nç', 'nx', 'nç')",funçis,funçis
90L_10NL,3,90L_10NL_3_1,1,560,"('nç', 'nx', 'nç')",funçis,funçis
90L_10NL,3,90L_10NL_3_1,1,560,"('nç', 'nx', 'nç')",funçis,funçis
90L_10NL,3,90L_10NL_3_1,1,560,"('nç', 'nx', 'nç')",funçis,funçis
90L_10NL,3,90L_10NL_3_1,1,560,"('nç', 'nx', 'nç')",funçis,funçis
90L_10NL,3,90L_10NL_3_1,1,420,"('nx', 'nx', 'nç')",funçis,funçis
90L_10NL,3,90L_10NL_3_1,1,420,"('nx', 'nx', 'nç')",funçis,funçis
90L_10NL,3,90L_10NL_3_1,1,420,"('nx', 'nx', 'nç')",funçis,funçis
90L_10NL,3,90L_10NL_3_1,1,420,"('nx', 'nx', 'nç')",funçis,funçis
90L_10NL,3,90L_10NL_3_1,1,420,"('nx', 'nx', 'nç')",funçis,funçis
90L_10NL,3,90L_10NL_3_1,1,420,"('nx', 'nx', 'nç')",funçis,funçis
90L_10NL,3,90L_10NL_3_1,1,420,"('nx', 'nx', 'nç')",funçis,funçis
90L_10NL,3,90L_10NL_3_1,1,420,"('nx', 'nx', 'nç')",funçis,funçis
90L_10NL,3,90L_10NL_3_1,1,420,"('nx', 'nx', 'nç')",funçis,funçis
90L_10NL,3,90L_10NL_3_1,1,420,"('nx', 'nx', 'nç')",funçis,funçis
90L_10NL,3,90L_10NL_3_1,1,420,"('nx', 'nx', 'nç')",funçis,funçis
90L_10NL,3,90L_10NL_3_1,1,420,"('nx', 'nx', 'nç')",funçis,funçis
90L_10NL,3,90L_10NL_3_1,1,420,"('nx', 'nx', 'nç')",funçis,funçis
90L_10NL,3,90L_10NL_3_1,1,420,"('nx', 'nx', 'nç')",funçis,funçis
90L_10NL,3,90L_10NL_3_1,1,420,"('nx', 'nx', 'nç')",funçis,funçis
90L_10NL,3,90L_10NL_3_1,1,420,"('nx', 'nx', 'nç')",funçis,funçis
90L_10NL,3,90L_10NL_3_1,1,420,"('nx', 'nx', 'nç')",funçis,funçis
90L_10NL,3,90L_10NL_3_1,0,420,"('nx', 'nx', 'nç')",funxajs,funçis
90L_10NL,3,90L_10NL_3_1,0,420,"('nx', 'nx', 'nç')",funxajs,funçis
90L_10NL,3,90L_10NL_3_1,0,420,"('nx', 'nx', 'nç')",funxajs,funçis
90L_10NL,3,90L_10NL_3_1,0,420,"('nx', 'nx', 'nç')",funxajs,funçis
90L_10NL,3,90L_10NL_3_1,1,280,"('nç', 'nç', 'nx')",funxajs,funxajs
90L_10NL,3,90L_10NL_3_1,1,280,"('nç', 'nç', 'nx')",funxajs,funxajs
90L_10NL,3,90L_10NL_3_1,1,280,"('nç', 'nç', 'nx')",funxajs,funxajs
90L_10NL,3,90L_10NL_3_1,1,280,"('nç', 'nç', 'nx')",funxajs,funxajs
90L_10NL,3,90L_10NL_3_1,1,840,"('nç', 'nx', 'nx')",funxajs,funxajs
90L_10NL,3,90L_10NL_3_1,1,840,"('nç', 'nx', 'nx')",funxajs,funxajs
90L_10NL,3,90L_10NL_3_1,1,840,"('nç', 'nx', 'nx')",funxajs,funxajs
90L_10NL,3,90L_10NL_3_1,1,840,"('nç', 'nx', 'nx')",funxajs,funxajs
90L_10NL,3,90L_10NL_3_1,1,840,"('nç', 'nx', 'nx')",funxajs,funxajs
90L_10NL,3,90L_10NL_3_1,1,840,"('nç', 'nx', 'nx')",funxajs,funxajs
90L_10NL,3,90L_10NL_3_1,1,280,"('nç', 'nç', 'nx')",funxajs,funxajs
90L_10NL,3,90L_10NL_3_1,1,280,"('nç', 'nç', 'nx')",funxajs,funxajs
90L_10NL,3,90L_10NL_3_1,1,280,"('nç', 'nç', 'nx')",funxajs,funxajs
90L_10NL,3,90L_10NL_3_1,1,840,"('nç', 'nx', 'nx')",funxajs,funxajs
90L_10NL,3,90L_10NL_3_1,1,840,"('nç', 'nx', 'nx')",funxajs,funxajs
90L_10NL,3,90L_10NL_3_1,1,840,"('nç', 'nx', 'nx')",funxajs,funxajs
90L_10NL,3,90L_10NL_3_1,1,840,"('nç', 'nx', 'nx')",funxajs,funxajs
90L_10NL,3,90L_10NL_3_1,1,840,"('nç', 'nx', 'nx')",funxajs,funxajs
90L_10NL,3,90L_10NL_3_1,1,840,"('nç', 'nx', 'nx')",funxajs,funxajs
90L_10NL,3,90L_10NL_3_1,1,280,"('nç', 'nç', 'nx')",funxajs,funxajs
90L_10NL,3,90L_10NL_3_1,1,280,"('nç', 'nç', 'nx')",funxajs,funxajs
90L_10NL,3,90L_10NL_3_1,1,840,"('nç', 'nx', 'nx')",funxajs,funxajs
90L_10NL,3,90L_10NL_3_1,1,840,"('nç', 'nx', 'nx')",funxajs,funxajs
90L_10NL,3,90L_10NL_3_1,1,840,"('nç', 'nx', 'nx')",funxajs,funxajs
90L_10NL,3,90L_10NL_3_1,1,840,"('nç', 'nx', 'nx')",funxajs,funxajs
90L_10NL,3,90L_10NL_3_1,1,840,"('nç', 'nx', 'nx')",funxajs,funxajs
90L_10NL,3,90L_10NL_3_1,1,840,"('nç', 'nx', 'nx')",funxajs,funxajs
90L_10NL,3,90L_10NL_3_1,1,280,"('nç', 'nç', 'nx')",funxajs,funxajs
90L_10NL,3,90L_10NL_3_1,1,840,"('nç', 'nx', 'nx')",funxajs,funxajs
90L_10NL,3,90L_10NL_3_1,1,840,"('nç', 'nx', 'nx')",funxajs,funxajs
90L_10NL,3,90L_10NL_3_1,1,840,"('nç', 'nx', 'nx')",funxajs,funxajs
90L_10NL,3,90L_10NL_3_1,1,840,"('nç', 'nx', 'nx')",funxajs,funxajs
90L_10NL,3,90L_10NL_3_1,1,840,"('nç', 'nx', 'nx')",funxajs,funxajs
90L_10NL,3,90L_10NL_3_1,1,840,"('nç', 'nx', 'nx')",funxajs,funxajs
90L_10NL,3,90L_10NL_3_1,1,840,"('nç', 'nx', 'nx')",funxajs,funxajs
90L_10NL,3,90L_10NL_3_1,1,840,"('nç', 'nx', 'nx')",funxajs,funxajs
90L_10NL,3,90L_10NL_3_1,1,840,"('nç', 'nx', 'nx')",funxajs,funxajs
90L_10NL,3,90L_10NL_3_1,1,840,"('nç', 'nx', 'nx')",funxajs,funxajs
90L_10NL,3,90L_10NL_3_1,1,840,"('nç', 'nx', 'nx')",funxajs,funxajs
90L_10NL,3,90L_10NL_3_1,1,840,"('nç', 'nx', 'nx')",funxajs,funxajs
90L_10NL,3,90L_10NL_3_1,1,420,"('nx', 'nx', 'nx')",funxajs,funxajs
90L_10NL,3,90L_10NL_3_1,1,420,"('nx', 'nx', 'nx')",funxajs,funxajs
90L_10NL,3,90L_10NL_3_1,1,420,"('nx', 'nx', 'nx')",funxajs,funxajs
90L_10NL,3,90L_10NL_3_1,1,420,"('nx', 'nx', 'nx')",funxajs,funxajs
90L_10NL,3,90L_10NL_3_1,1,420,"('nx', 'nx', 'nx')",funxajs,funxajs
90L_10NL,3,90L_10NL_3_1,1,420,"('nx', 'nx', 'nx')",funxajs,funxajs
90L_10NL,3,90L_10NL_3_1,1,420,"('nx', 'nx', 'nx')",funxajs,funxajs
90L_10NL,3,90L_10NL_3_1,1,420,"('nx', 'nx', 'nx')",funxajs,funxajs
90L_10NL,3,90L_10NL_3_1,1,420,"('nx', 'nx', 'nx')",funxajs,funxajs
90L_10NL,3,90L_10NL_3_1,1,420,"('nx', 'nx', 'nx')",funxajs,funxajs
90L_10NL,3,90L_10NL_3_1,1,420,"('nx', 'nx', 'nx')",funxajs,funxajs
90L_10NL,3,90L_10NL_3_1,0,420,"('nx', 'nx', 'nx')",funxamos,funxajs
90L_10NL,3,90L_10NL_3_1,0,420,"('nx', 'nx', 'nx')",funxamos,funxajs
90L_10NL,3,90L_10NL_3_1,0,420,"('nx', 'nx', 'nx')",funxamos,funxajs
90L_10NL,3,90L_10NL_3_1,0,420,"('nx', 'nx', 'nx')",funxamos,funxajs
90L_10NL,3,90L_10NL_3_1,1,280,"('nç', 'nç', 'nx')",funxamos,funxamos
90L_10NL,3,90L_10NL_3_1,1,280,"('nç', 'nç', 'nx')",funxamos,funxamos
90L_10NL,3,90L_10NL_3_1,1,280,"('nç', 'nç', 'nx')",funxamos,funxamos
90L_10NL,3,90L_10NL_3_1,1,280,"('nç', 'nç', 'nx')",funxamos,funxamos
90L_10NL,3,90L_10NL_3_1,1,840,"('nç', 'nx', 'nx')",funxamos,funxamos
90L_10NL,3,90L_10NL_3_1,1,840,"('nç', 'nx', 'nx')",funxamos,funxamos
90L_10NL,3,90L_10NL_3_1,1,840,"('nç', 'nx', 'nx')",funxamos,funxamos
90L_10NL,3,90L_10NL_3_1,1,840,"('nç', 'nx', 'nx')",funxamos,funxamos
90L_10NL,3,90L_10NL_3_1,1,840,"('nç', 'nx', 'nx')",funxamos,funxamos
90L_10NL,3,90L_10NL_3_1,1,840,"('nç', 'nx', 'nx')",funxamos,funxamos
90L_10NL,3,90L_10NL_3_1,1,280,"('nç', 'nç', 'nx')",funxamos,funxamos
90L_10NL,3,90L_10NL_3_1,1,280,"('nç', 'nç', 'nx')",funxamos,funxamos
90L_10NL,3,90L_10NL_3_1,1,280,"('nç', 'nç', 'nx')",funxamos,funxamos
90L_10NL,3,90L_10NL_3_1,1,840,"('nç', 'nx', 'nx')",funxamos,funxamos
90L_10NL,3,90L_10NL_3_1,1,840,"('nç', 'nx', 'nx')",funxamos,funxamos
90L_10NL,3,90L_10NL_3_1,1,840,"('nç', 'nx', 'nx')",funxamos,funxamos
90L_10NL,3,90L_10NL_3_1,1,840,"('nç', 'nx', 'nx')",funxamos,funxamos
90L_10NL,3,90L_10NL_3_1,1,840,"('nç', 'nx', 'nx')",funxamos,funxamos
90L_10NL,3,90L_10NL_3_1,1,840,"('nç', 'nx', 'nx')",funxamos,funxamos
90L_10NL,3,90L_10NL_3_1,1,280,"('nç', 'nç', 'nx')",funxamos,funxamos
90L_10NL,3,90L_10NL_3_1,1,280,"('nç', 'nç', 'nx')",funxamos,funxamos
90L_10NL,3,90L_10NL_3_1,1,840,"('nç', 'nx', 'nx')",funxamos,funxamos
90L_10NL,3,90L_10NL_3_1,1,840,"('nç', 'nx', 'nx')",funxamos,funxamos
90L_10NL,3,90L_10NL_3_1,1,840,"('nç', 'nx', 'nx')",funxamos,funxamos
90L_10NL,3,90L_10NL_3_1,1,840,"('nç', 'nx', 'nx')",funxamos,funxamos
90L_10NL,3,90L_10NL_3_1,1,840,"('nç', 'nx', 'nx')",funxamos,funxamos
90L_10NL,3,90L_10NL_3_1,1,840,"('nç', 'nx', 'nx')",funxamos,funxamos
90L_10NL,3,90L_10NL_3_1,1,280,"('nç', 'nç', 'nx')",funxamos,funxamos
90L_10NL,3,90L_10NL_3_1,1,840,"('nç', 'nx', 'nx')",funxamos,funxamos
90L_10NL,3,90L_10NL_3_1,1,840,"('nç', 'nx', 'nx')",funxamos,funxamos
90L_10NL,3,90L_10NL_3_1,1,840,"('nç', 'nx', 'nx')",funxamos,funxamos
90L_10NL,3,90L_10NL_3_1,1,840,"('nç', 'nx', 'nx')",funxamos,funxamos
90L_10NL,3,90L_10NL_3_1,1,840,"('nç', 'nx', 'nx')",funxamos,funxamos
90L_10NL,3,90L_10NL_3_1,1,840,"('nç', 'nx', 'nx')",funxamos,funxamos
90L_10NL,3,90L_10NL_3_1,1,840,"('nç', 'nx', 'nx')",funxamos,funxamos
90L_10NL,3,90L_10NL_3_1,1,840,"('nç', 'nx', 'nx')",funxamos,funxamos
90L_10NL,3,90L_10NL_3_1,1,840,"('nç', 'nx', 'nx')",funxamos,funxamos
90L_10NL,3,90L_10NL_3_1,1,840,"('nç', 'nx', 'nx')",funxamos,funxamos
90L_10NL,3,90L_10NL_3_1,1,840,"('nç', 'nx', 'nx')",funxamos,funxamos
90L_10NL,3,90L_10NL_3_1,1,840,"('nç', 'nx', 'nx')",funxamos,funxamos
90L_10NL,3,90L_10NL_3_1,1,420,"('nx', 'nx', 'nx')",funxamos,funxamos
90L_10NL,3,90L_10NL_3_1,1,420,"('nx', 'nx', 'nx')",funxamos,funxamos
90L_10NL,3,90L_10NL_3_1,1,420,"('nx', 'nx', 'nx')",funxamos,funxamos
90L_10NL,3,90L_10NL_3_1,1,420,"('nx', 'nx', 'nx')",funxamos,funxamos
90L_10NL,3,90L_10NL_3_1,1,420,"('nx', 'nx', 'nx')",funxamos,funxamos
90L_10NL,3,90L_10NL_3_1,1,420,"('nx', 'nx', 'nx')",funxamos,funxamos
90L_10NL,3,90L_10NL_3_1,1,420,"('nx', 'nx', 'nx')",funxamos,funxamos
90L_10NL,3,90L_10NL_3_1,1,420,"('nx', 'nx', 'nx')",funxamos,funxamos
90L_10NL,3,90L_10NL_3_1,1,420,"('nx', 'nx', 'nx')",funxamos,funxamos
90L_10NL,3,90L_10NL_3_1,1,420,"('nx', 'nx', 'nx')",funxamos,funxamos
90L_10NL,3,90L_10NL_3_1,1,420,"('nx', 'nx', 'nx')",funxamos,funxamos
90L_10NL,3,90L_10NL_3_1,0,420,"('nx', 'nx', 'nx')",funxan,funxamos
90L_10NL,3,90L_10NL_3_1,0,420,"('nx', 'nx', 'nx')",funxan,funxamos
90L_10NL,3,90L_10NL_3_1,0,420,"('nx', 'nx', 'nx')",funxan,funxamos
90L_10NL,3,90L_10NL_3_1,0,420,"('nx', 'nx', 'nx')",funxan,funxamos
90L_10NL,3,90L_10NL_3_1,1,280,"('nç', 'nç', 'nx')",funxan,funxan
90L_10NL,3,90L_10NL_3_1,1,280,"('nç', 'nç', 'nx')",funxan,funxan
90L_10NL,3,90L_10NL_3_1,1,280,"('nç', 'nç', 'nx')",funxan,funxan
90L_10NL,3,90L_10NL_3_1,1,280,"('nç', 'nç', 'nx')",funxan,funxan
90L_10NL,3,90L_10NL_3_1,1,840,"('nç', 'nx', 'nx')",funxan,funxan
90L_10NL,3,90L_10NL_3_1,1,840,"('nç', 'nx', 'nx')",funxan,funxan
90L_10NL,3,90L_10NL_3_1,1,840,"('nç', 'nx', 'nx')",funxan,funxan
90L_10NL,3,90L_10NL_3_1,1,840,"('nç', 'nx', 'nx')",funxan,funxan
90L_10NL,3,90L_10NL_3_1,1,840,"('nç', 'nx', 'nx')",funxan,funxan
90L_10NL,3,90L_10NL_3_1,1,840,"('nç', 'nx', 'nx')",funxan,funxan
90L_10NL,3,90L_10NL_3_1,1,280,"('nç', 'nç', 'nx')",funxan,funxan
90L_10NL,3,90L_10NL_3_1,1,280,"('nç', 'nç', 'nx')",funxan,funxan
90L_10NL,3,90L_10NL_3_1,1,280,"('nç', 'nç', 'nx')",funxan,funxan
90L_10NL,3,90L_10NL_3_1,1,840,"('nç', 'nx', 'nx')",funxan,funxan
90L_10NL,3,90L_10NL_3_1,1,840,"('nç', 'nx', 'nx')",funxan,funxan
90L_10NL,3,90L_10NL_3_1,1,840,"('nç', 'nx', 'nx')",funxan,funxan
90L_10NL,3,90L_10NL_3_1,1,840,"('nç', 'nx', 'nx')",funxan,funxan
90L_10NL,3,90L_10NL_3_1,1,840,"('nç', 'nx', 'nx')",funxan,funxan
90L_10NL,3,90L_10NL_3_1,1,840,"('nç', 'nx', 'nx')",funxan,funxan
90L_10NL,3,90L_10NL_3_1,1,280,"('nç', 'nç', 'nx')",funxan,funxan
90L_10NL,3,90L_10NL_3_1,1,280,"('nç', 'nç', 'nx')",funxan,funxan
90L_10NL,3,90L_10NL_3_1,1,840,"('nç', 'nx', 'nx')",funxan,funxan
90L_10NL,3,90L_10NL_3_1,1,840,"('nç', 'nx', 'nx')",funxan,funxan
90L_10NL,3,90L_10NL_3_1,1,840,"('nç', 'nx', 'nx')",funxan,funxan
90L_10NL,3,90L_10NL_3_1,1,840,"('nç', 'nx', 'nx')",funxan,funxan
90L_10NL,3,90L_10NL_3_1,1,840,"('nç', 'nx', 'nx')",funxan,funxan
90L_10NL,3,90L_10NL_3_1,1,840,"('nç', 'nx', 'nx')",funxan,funxan
90L_10NL,3,90L_10NL_3_1,1,280,"('nç', 'nç', 'nx')",funxan,funxan
90L_10NL,3,90L_10NL_3_1,1,840,"('nç', 'nx', 'nx')",funxan,funxan
90L_10NL,3,90L_10NL_3_1,1,840,"('nç', 'nx', 'nx')",funxan,funxan
90L_10NL,3,90L_10NL_3_1,1,840,"('nç', 'nx', 'nx')",funxan,funxan
90L_10NL,3,90L_10NL_3_1,1,840,"('nç', 'nx', 'nx')",funxan,funxan
90L_10NL,3,90L_10NL_3_1,1,840,"('nç', 'nx', 'nx')",funxan,funxan
90L_10NL,3,90L_10NL_3_1,1,840,"('nç', 'nx', 'nx')",funxan,funxan
90L_10NL,3,90L_10NL_3_1,1,840,"('nç', 'nx', 'nx')",funxan,funxan
90L_10NL,3,90L_10NL_3_1,1,840,"('nç', 'nx', 'nx')",funxan,funxan
90L_10NL,3,90L_10NL_3_1,1,840,"('nç', 'nx', 'nx')",funxan,funxan
90L_10NL,3,90L_10NL_3_1,1,840,"('nç', 'nx', 'nx')",funxan,funxan
90L_10NL,3,90L_10NL_3_1,1,840,"('nç', 'nx', 'nx')",funxan,funxan
90L_10NL,3,90L_10NL_3_1,1,840,"('nç', 'nx', 'nx')",funxan,funxan
90L_10NL,3,90L_10NL_3_1,1,420,"('nx', 'nx', 'nx')",funxan,funxan
90L_10NL,3,90L_10NL_3_1,1,420,"('nx', 'nx', 'nx')",funxan,funxan
90L_10NL,3,90L_10NL_3_1,1,420,"('nx', 'nx', 'nx')",funxan,funxan
90L_10NL,3,90L_10NL_3_1,1,420,"('nx', 'nx', 'nx')",funxan,funxan
90L_10NL,3,90L_10NL_3_1,1,420,"('nx', 'nx', 'nx')",funxan,funxan
90L_10NL,3,90L_10NL_3_1,1,420,"('nx', 'nx', 'nx')",funxan,funxan
90L_10NL,3,90L_10NL_3_1,1,420,"('nx', 'nx', 'nx')",funxan,funxan
90L_10NL,3,90L_10NL_3_1,1,420,"('nx', 'nx', 'nx')",funxan,funxan
90L_10NL,3,90L_10NL_3_1,1,420,"('nx', 'nx', 'nx')",funxan,funxan
90L_10NL,3,90L_10NL_3_1,1,420,"('nx', 'nx', 'nx')",funxan,funxan
90L_10NL,3,90L_10NL_3_1,1,420,"('nx', 'nx', 'nx')",funxan,funxan
90L_10NL,3,90L_10NL_3_1,0,420,"('nx', 'nx', 'nx')",funxas,funxan
90L_10NL,3,90L_10NL_3_1,0,420,"('nx', 'nx', 'nx')",funxas,funxan
90L_10NL,3,90L_10NL_3_1,0,420,"('nx', 'nx', 'nx')",funxas,funxan
90L_10NL,3,90L_10NL_3_1,0,420,"('nx', 'nx', 'nx')",funxas,funxan
90L_10NL,3,90L_10NL_3_1,1,280,"('nç', 'nç', 'nx')",funxas,funxas
90L_10NL,3,90L_10NL_3_1,1,280,"('nç', 'nç', 'nx')",funxas,funxas
90L_10NL,3,90L_10NL_3_1,1,280,"('nç', 'nç', 'nx')",funxas,funxas
90L_10NL,3,90L_10NL_3_1,1,280,"('nç', 'nç', 'nx')",funxas,funxas
90L_10NL,3,90L_10NL_3_1,1,840,"('nç', 'nx', 'nx')",funxas,funxas
90L_10NL,3,90L_10NL_3_1,1,840,"('nç', 'nx', 'nx')",funxas,funxas
90L_10NL,3,90L_10NL_3_1,1,840,"('nç', 'nx', 'nx')",funxas,funxas
90L_10NL,3,90L_10NL_3_1,1,840,"('nç', 'nx', 'nx')",funxas,funxas
90L_10NL,3,90L_10NL_3_1,1,840,"('nç', 'nx', 'nx')",funxas,funxas
90L_10NL,3,90L_10NL_3_1,1,840,"('nç', 'nx', 'nx')",funxas,funxas
90L_10NL,3,90L_10NL_3_1,1,280,"('nç', 'nç', 'nx')",funxas,funxas
90L_10NL,3,90L_10NL_3_1,1,280,"('nç', 'nç', 'nx')",funxas,funxas
90L_10NL,3,90L_10NL_3_1,1,280,"('nç', 'nç', 'nx')",funxas,funxas
90L_10NL,3,90L_10NL_3_1,1,840,"('nç', 'nx', 'nx')",funxas,funxas
90L_10NL,3,90L_10NL_3_1,1,840,"('nç', 'nx', 'nx')",funxas,funxas
90L_10NL,3,90L_10NL_3_1,1,840,"('nç', 'nx', 'nx')",funxas,funxas
90L_10NL,3,90L_10NL_3_1,1,840,"('nç', 'nx', 'nx')",funxas,funxas
90L_10NL,3,90L_10NL_3_1,1,840,"('nç', 'nx', 'nx')",funxas,funxas
90L_10NL,3,90L_10NL_3_1,1,840,"('nç', 'nx', 'nx')",funxas,funxas
90L_10NL,3,90L_10NL_3_1,1,280,"('nç', 'nç', 'nx')",funxas,funxas
90L_10NL,3,90L_10NL_3_1,1,280,"('nç', 'nç', 'nx')",funxas,funxas
90L_10NL,3,90L_10NL_3_1,1,840,"('nç', 'nx', 'nx')",funxas,funxas
90L_10NL,3,90L_10NL_3_1,1,840,"('nç', 'nx', 'nx')",funxas,funxas
90L_10NL,3,90L_10NL_3_1,1,840,"('nç', 'nx', 'nx')",funxas,funxas
90L_10NL,3,90L_10NL_3_1,1,840,"('nç', 'nx', 'nx')",funxas,funxas
90L_10NL,3,90L_10NL_3_1,1,840,"('nç', 'nx', 'nx')",funxas,funxas
90L_10NL,3,90L_10NL_3_1,1,840,"('nç', 'nx', 'nx')",funxas,funxas
90L_10NL,3,90L_10NL_3_1,1,280,"('nç', 'nç', 'nx')",funxas,funxas
90L_10NL,3,90L_10NL_3_1,1,840,"('nç', 'nx', 'nx')",funxas,funxas
90L_10NL,3,90L_10NL_3_1,1,840,"('nç', 'nx', 'nx')",funxas,funxas
90L_10NL,3,90L_10NL_3_1,1,840,"('nç', 'nx', 'nx')",funxas,funxas
90L_10NL,3,90L_10NL_3_1,1,840,"('nç', 'nx', 'nx')",funxas,funxas
90L_10NL,3,90L_10NL_3_1,1,840,"('nç', 'nx', 'nx')",funxas,funxas
90L_10NL,3,90L_10NL_3_1,1,840,"('nç', 'nx', 'nx')",funxas,funxas
90L_10NL,3,90L_10NL_3_1,1,840,"('nç', 'nx', 'nx')",funxas,funxas
90L_10NL,3,90L_10NL_3_1,1,840,"('nç', 'nx', 'nx')",funxas,funxas
90L_10NL,3,90L_10NL_3_1,1,840,"('nç', 'nx', 'nx')",funxas,funxas
90L_10NL,3,90L_10NL_3_1,1,840,"('nç', 'nx', 'nx')",funxas,funxas
90L_10NL,3,90L_10NL_3_1,1,840,"('nç', 'nx', 'nx')",funxas,funxas
90L_10NL,3,90L_10NL_3_1,1,840,"('nç', 'nx', 'nx')",funxas,funxas
90L_10NL,3,90L_10NL_3_1,1,420,"('nx', 'nx', 'nx')",funxas,funxas
90L_10NL,3,90L_10NL_3_1,1,420,"('nx', 'nx', 'nx')",funxas,funxas
90L_10NL,3,90L_10NL_3_1,1,420,"('nx', 'nx', 'nx')",funxas,funxas
90L_10NL,3,90L_10NL_3_1,1,420,"('nx', 'nx', 'nx')",funxas,funxas
90L_10NL,3,90L_10NL_3_1,1,420,"('nx', 'nx', 'nx')",funxas,funxas
90L_10NL,3,90L_10NL_3_1,1,420,"('nx', 'nx', 'nx')",funxas,funxas
90L_10NL,3,90L_10NL_3_1,1,420,"('nx', 'nx', 'nx')",funxas,funxas
90L_10NL,3,90L_10NL_3_1,1,420,"('nx', 'nx', 'nx')",funxas,funxas
90L_10NL,3,90L_10NL_3_1,1,420,"('nx', 'nx', 'nx')",funxas,funxas
90L_10NL,3,90L_10NL_3_1,1,420,"('nx', 'nx', 'nx')",funxas,funxas
90L_10NL,3,90L_10NL_3_1,1,420,"('nx', 'nx', 'nx')",funxas,funxas
90L_10NL,3,90L_10NL_3_1,0,420,"('nx', 'nx', 'nx')",funxa,funxas
90L_10NL,3,90L_10NL_3_1,0,420,"('nx', 'nx', 'nx')",funxa,funxas
90L_10NL,3,90L_10NL_3_1,0,420,"('nx', 'nx', 'nx')",funxa,funxas
90L_10NL,3,90L_10NL_3_1,0,420,"('nx', 'nx', 'nx')",funxa,funxas
90L_10NL,3,90L_10NL_3_1,1,280,"('nç', 'nç', 'nx')",funxa,funxa
90L_10NL,3,90L_10NL_3_1,1,280,"('nç', 'nç', 'nx')",funxa,funxa
90L_10NL,3,90L_10NL_3_1,1,280,"('nç', 'nç', 'nx')",funxa,funxa
90L_10NL,3,90L_10NL_3_1,1,280,"('nç', 'nç', 'nx')",funxa,funxa
90L_10NL,3,90L_10NL_3_1,1,840,"('nç', 'nx', 'nx')",funxa,funxa
90L_10NL,3,90L_10NL_3_1,1,840,"('nç', 'nx', 'nx')",funxa,funxa
90L_10NL,3,90L_10NL_3_1,1,840,"('nç', 'nx', 'nx')",funxa,funxa
90L_10NL,3,90L_10NL_3_1,1,840,"('nç', 'nx', 'nx')",funxa,funxa
90L_10NL,3,90L_10NL_3_1,1,840,"('nç', 'nx', 'nx')",funxa,funxa
90L_10NL,3,90L_10NL_3_1,1,840,"('nç', 'nx', 'nx')",funxa,funxa
90L_10NL,3,90L_10NL_3_1,1,280,"('nç', 'nç', 'nx')",funxa,funxa
90L_10NL,3,90L_10NL_3_1,1,280,"('nç', 'nç', 'nx')",funxa,funxa
90L_10NL,3,90L_10NL_3_1,1,280,"('nç', 'nç', 'nx')",funxa,funxa
90L_10NL,3,90L_10NL_3_1,1,840,"('nç', 'nx', 'nx')",funxa,funxa
90L_10NL,3,90L_10NL_3_1,1,840,"('nç', 'nx', 'nx')",funxa,funxa
90L_10NL,3,90L_10NL_3_1,1,840,"('nç', 'nx', 'nx')",funxa,funxa
90L_10NL,3,90L_10NL_3_1,1,840,"('nç', 'nx', 'nx')",funxa,funxa
90L_10NL,3,90L_10NL_3_1,1,840,"('nç', 'nx', 'nx')",funxa,funxa
90L_10NL,3,90L_10NL_3_1,1,840,"('nç', 'nx', 'nx')",funxa,funxa
90L_10NL,3,90L_10NL_3_1,1,280,"('nç', 'nç', 'nx')",funxa,funxa
90L_10NL,3,90L_10NL_3_1,1,280,"('nç', 'nç', 'nx')",funxa,funxa
90L_10NL,3,90L_10NL_3_1,1,840,"('nç', 'nx', 'nx')",funxa,funxa
90L_10NL,3,90L_10NL_3_1,1,840,"('nç', 'nx', 'nx')",funxa,funxa
90L_10NL,3,90L_10NL_3_1,1,840,"('nç', 'nx', 'nx')",funxa,funxa
90L_10NL,3,90L_10NL_3_1,1,840,"('nç', 'nx', 'nx')",funxa,funxa
90L_10NL,3,90L_10NL_3_1,1,840,"('nç', 'nx', 'nx')",funxa,funxa
90L_10NL,3,90L_10NL_3_1,1,840,"('nç', 'nx', 'nx')",funxa,funxa
90L_10NL,3,90L_10NL_3_1,1,280,"('nç', 'nç', 'nx')",funxa,funxa
90L_10NL,3,90L_10NL_3_1,1,840,"('nç', 'nx', 'nx')",funxa,funxa
90L_10NL,3,90L_10NL_3_1,1,840,"('nç', 'nx', 'nx')",funxa,funxa
90L_10NL,3,90L_10NL_3_1,1,840,"('nç', 'nx', 'nx')",funxa,funxa
90L_10NL,3,90L_10NL_3_1,1,840,"('nç', 'nx', 'nx')",funxa,funxa
90L_10NL,3,90L_10NL_3_1,1,840,"('nç', 'nx', 'nx')",funxa,funxa
90L_10NL,3,90L_10NL_3_1,1,840,"('nç', 'nx', 'nx')",funxa,funxa
90L_10NL,3,90L_10NL_3_1,1,840,"('nç', 'nx', 'nx')",funxa,funxa
90L_10NL,3,90L_10NL_3_1,1,840,"('nç', 'nx', 'nx')",funxa,funxa
90L_10NL,3,90L_10NL_3_1,1,840,"('nç', 'nx', 'nx')",funxa,funxa
90L_10NL,3,90L_10NL_3_1,1,840,"('nç', 'nx', 'nx')",funxa,funxa
90L_10NL,3,90L_10NL_3_1,1,840,"('nç', 'nx', 'nx')",funxa,funxa
90L_10NL,3,90L_10NL_3_1,1,840,"('nç', 'nx', 'nx')",funxa,funxa
90L_10NL,3,90L_10NL_3_1,1,420,"('nx', 'nx', 'nx')",funxa,funxa
90L_10NL,3,90L_10NL_3_1,1,420,"('nx', 'nx', 'nx')",funxa,funxa
90L_10NL,3,90L_10NL_3_1,1,420,"('nx', 'nx', 'nx')",funxa,funxa
90L_10NL,3,90L_10NL_3_1,1,420,"('nx', 'nx', 'nx')",funxa,funxa
90L_10NL,3,90L_10NL_3_1,1,420,"('nx', 'nx', 'nx')",funxa,funxa
90L_10NL,3,90L_10NL_3_1,1,420,"('nx', 'nx', 'nx')",funxa,funxa
90L_10NL,3,90L_10NL_3_1,1,420,"('nx', 'nx', 'nx')",funxa,funxa
90L_10NL,3,90L_10NL_3_1,1,420,"('nx', 'nx', 'nx')",funxa,funxa
90L_10NL,3,90L_10NL_3_1,1,420,"('nx', 'nx', 'nx')",funxa,funxa
90L_10NL,3,90L_10NL_3_1,1,420,"('nx', 'nx', 'nx')",funxa,funxa
90L_10NL,3,90L_10NL_3_1,1,420,"('nx', 'nx', 'nx')",funxa,funxa
90L_10NL,3,90L_10NL_3_1,1,420,"('nx', 'nx', 'nx')",funxa,funxa
90L_10NL,3,90L_10NL_3_1,1,420,"('nx', 'nx', 'nx')",funxa,funxa
90L_10NL,3,90L_10NL_3_1,1,420,"('nx', 'nx', 'nx')",funxa,funxa
90L_10NL,3,90L_10NL_3_1,1,420,"('nx', 'nx', 'nx')",funxa,funxa
90L_10NL,3,90L_10NL_3_1,1,280,"('nç', 'nç', 'nx')",funxa,funxa
90L_10NL,3,90L_10NL_3_1,1,280,"('nç', 'nç', 'nx')",funxa,funxa
90L_10NL,3,90L_10NL_3_1,1,280,"('nç', 'nç', 'nx')",funxa,funxa
90L_10NL,3,90L_10NL_3_1,1,280,"('nç', 'nç', 'nx')",funxa,funxa
90L_10NL,3,90L_10NL_3_1,1,840,"('nç', 'nx', 'nx')",funxa,funxa
90L_10NL,3,90L_10NL_3_1,1,840,"('nç', 'nx', 'nx')",funxa,funxa
90L_10NL,3,90L_10NL_3_1,1,840,"('nç', 'nx', 'nx')",funxa,funxa
90L_10NL,3,90L_10NL_3_1,1,840,"('nç', 'nx', 'nx')",funxa,funxa
90L_10NL,3,90L_10NL_3_1,1,840,"('nç', 'nx', 'nx')",funxa,funxa
90L_10NL,3,90L_10NL_3_1,1,840,"('nç', 'nx', 'nx')",funxa,funxa
90L_10NL,3,90L_10NL_3_1,1,280,"('nç', 'nç', 'nx')",funxa,funxa
90L_10NL,3,90L_10NL_3_1,1,280,"('nç', 'nç', 'nx')",funxa,funxa
90L_10NL,3,90L_10NL_3_1,1,280,"('nç', 'nç', 'nx')",funxa,funxa
90L_10NL,3,90L_10NL_3_1,1,840,"('nç', 'nx', 'nx')",funxa,funxa
90L_10NL,3,90L_10NL_3_1,1,840,"('nç', 'nx', 'nx')",funxa,funxa
90L_10NL,3,90L_10NL_3_1,1,840,"('nç', 'nx', 'nx')",funxa,funxa
90L_10NL,3,90L_10NL_3_1,1,840,"('nç', 'nx', 'nx')",funxa,funxa
90L_10NL,3,90L_10NL_3_1,1,840,"('nç', 'nx', 'nx')",funxa,funxa
90L_10NL,3,90L_10NL_3_1,1,840,"('nç', 'nx', 'nx')",funxa,funxa
90L_10NL,3,90L_10NL_3_1,1,280,"('nç', 'nç', 'nx')",funxa,funxa
90L_10NL,3,90L_10NL_3_1,1,280,"('nç', 'nç', 'nx')",funxa,funxa
90L_10NL,3,90L_10NL_3_1,1,840,"('nç', 'nx', 'nx')",funxa,funxa
90L_10NL,3,90L_10NL_3_1,1,840,"('nç', 'nx', 'nx')",funxa,funxa
90L_10NL,3,90L_10NL_3_1,1,840,"('nç', 'nx', 'nx')",funxa,funxa
90L_10NL,3,90L_10NL_3_1,1,840,"('nç', 'nx', 'nx')",funxa,funxa
90L_10NL,3,90L_10NL_3_1,1,840,"('nç', 'nx', 'nx')",funxa,funxa
90L_10NL,3,90L_10NL_3_1,1,840,"('nç', 'nx', 'nx')",funxa,funxa
90L_10NL,3,90L_10NL_3_1,1,280,"('nç', 'nç', 'nx')",funxa,funxa
90L_10NL,3,90L_10NL_3_1,1,840,"('nç', 'nx', 'nx')",funxa,funxa
90L_10NL,3,90L_10NL_3_1,1,840,"('nç', 'nx', 'nx')",funxa,funxa
90L_10NL,3,90L_10NL_3_1,1,840,"('nç', 'nx', 'nx')",funxa,funxa
90L_10NL,3,90L_10NL_3_1,1,840,"('nç', 'nx', 'nx')",funxa,funxa
90L_10NL,3,90L_10NL_3_1,1,840,"('nç', 'nx', 'nx')",funxa,funxa
90L_10NL,3,90L_10NL_3_1,1,840,"('nç', 'nx', 'nx')",funxa,funxa
90L_10NL,3,90L_10NL_3_1,1,840,"('nç', 'nx', 'nx')",funxa,funxa
90L_10NL,3,90L_10NL_3_1,1,840,"('nç', 'nx', 'nx')",funxa,funxa
90L_10NL,3,90L_10NL_3_1,1,840,"('nç', 'nx', 'nx')",funxa,funxa
90L_10NL,3,90L_10NL_3_1,1,840,"('nç', 'nx', 'nx')",funxa,funxa
90L_10NL,3,90L_10NL_3_1,1,840,"('nç', 'nx', 'nx')",funxa,funxa
90L_10NL,3,90L_10NL_3_1,1,840,"('nç', 'nx', 'nx')",funxa,funxa
90L_10NL,3,90L_10NL_3_1,1,420,"('nx', 'nx', 'nx')",funxa,funxa
90L_10NL,3,90L_10NL_3_1,1,420,"('nx', 'nx', 'nx')",funxa,funxa
90L_10NL,3,90L_10NL_3_1,1,420,"('nx', 'nx', 'nx')",funxa,funxa
90L_10NL,3,90L_10NL_3_1,1,420,"('nx', 'nx', 'nx')",funxa,funxa
90L_10NL,3,90L_10NL_3_1,1,420,"('nx', 'nx', 'nx')",funxa,funxa
90L_10NL,3,90L_10NL_3_1,1,420,"('nx', 'nx', 'nx')",funxa,funxa
90L_10NL,3,90L_10NL_3_1,1,420,"('nx', 'nx', 'nx')",funxa,funxa
90L_10NL,3,90L_10NL_3_1,1,420,"('nx', 'nx', 'nx')",funxa,funxa
90L_10NL,3,90L_10NL_3_1,1,420,"('nx', 'nx', 'nx')",funxa,funxa
90L_10NL,3,90L_10NL_3_1,1,420,"('nx', 'nx', 'nx')",funxa,funxa
90L_10NL,3,90L_10NL_3_1,1,420,"('nx', 'nx', 'nx')",funxa,funxa
90L_10NL,3,90L_10NL_3_1,0,420,"('nx', 'nx', 'nx')",funxo,funxa
90L_10NL,3,90L_10NL_3_1,0,420,"('nx', 'nx', 'nx')",funxo,funxa
90L_10NL,3,90L_10NL_3_1,0,420,"('nx', 'nx', 'nx')",funxo,funxa
90L_10NL,3,90L_10NL_3_1,0,420,"('nx', 'nx', 'nx')",funxo,funxa
90L_10NL,3,90L_10NL_3_1,1,280,"('nç', 'nç', 'nx')",funxo,funxo
90L_10NL,3,90L_10NL_3_1,1,280,"('nç', 'nç', 'nx')",funxo,funxo
90L_10NL,3,90L_10NL_3_1,1,280,"('nç', 'nç', 'nx')",funxo,funxo
90L_10NL,3,90L_10NL_3_1,1,280,"('nç', 'nç', 'nx')",funxo,funxo
90L_10NL,3,90L_10NL_3_1,1,840,"('nç', 'nx', 'nx')",funxo,funxo
90L_10NL,3,90L_10NL_3_1,1,840,"('nç', 'nx', 'nx')",funxo,funxo
90L_10NL,3,90L_10NL_3_1,1,840,"('nç', 'nx', 'nx')",funxo,funxo
90L_10NL,3,90L_10NL_3_1,1,840,"('nç', 'nx', 'nx')",funxo,funxo
90L_10NL,3,90L_10NL_3_1,1,840,"('nç', 'nx', 'nx')",funxo,funxo
90L_10NL,3,90L_10NL_3_1,1,840,"('nç', 'nx', 'nx')",funxo,funxo
90L_10NL,3,90L_10NL_3_1,1,280,"('nç', 'nç', 'nx')",funxo,funxo
90L_10NL,3,90L_10NL_3_1,1,280,"('nç', 'nç', 'nx')",funxo,funxo
90L_10NL,3,90L_10NL_3_1,1,280,"('nç', 'nç', 'nx')",funxo,funxo
90L_10NL,3,90L_10NL_3_1,1,840,"('nç', 'nx', 'nx')",funxo,funxo
90L_10NL,3,90L_10NL_3_1,1,840,"('nç', 'nx', 'nx')",funxo,funxo
90L_10NL,3,90L_10NL_3_1,1,840,"('nç', 'nx', 'nx')",funxo,funxo
90L_10NL,3,90L_10NL_3_1,1,840,"('nç', 'nx', 'nx')",funxo,funxo
90L_10NL,3,90L_10NL_3_1,1,840,"('nç', 'nx', 'nx')",funxo,funxo
90L_10NL,3,90L_10NL_3_1,1,840,"('nç', 'nx', 'nx')",funxo,funxo
90L_10NL,3,90L_10NL_3_1,1,280,"('nç', 'nç', 'nx')",funxo,funxo
90L_10NL,3,90L_10NL_3_1,1,280,"('nç', 'nç', 'nx')",funxo,funxo
90L_10NL,3,90L_10NL_3_1,1,840,"('nç', 'nx', 'nx')",funxo,funxo
90L_10NL,3,90L_10NL_3_1,1,840,"('nç', 'nx', 'nx')",funxo,funxo
90L_10NL,3,90L_10NL_3_1,1,840,"('nç', 'nx', 'nx')",funxo,funxo
90L_10NL,3,90L_10NL_3_1,1,840,"('nç', 'nx', 'nx')",funxo,funxo
90L_10NL,3,90L_10NL_3_1,1,840,"('nç', 'nx', 'nx')",funxo,funxo
90L_10NL,3,90L_10NL_3_1,1,840,"('nç', 'nx', 'nx')",funxo,funxo
90L_10NL,3,90L_10NL_3_1,1,280,"('nç', 'nç', 'nx')",funxo,funxo
90L_10NL,3,90L_10NL_3_1,1,840,"('nç', 'nx', 'nx')",funxo,funxo
90L_10NL,3,90L_10NL_3_1,1,840,"('nç', 'nx', 'nx')",funxo,funxo
90L_10NL,3,90L_10NL_3_1,1,840,"('nç', 'nx', 'nx')",funxo,funxo
90L_10NL,3,90L_10NL_3_1,1,840,"('nç', 'nx', 'nx')",funxo,funxo
90L_10NL,3,90L_10NL_3_1,1,840,"('nç', 'nx', 'nx')",funxo,funxo
90L_10NL,3,90L_10NL_3_1,1,840,"('nç', 'nx', 'nx')",funxo,funxo
90L_10NL,3,90L_10NL_3_1,1,840,"('nç', 'nx', 'nx')",funxo,funxo
90L_10NL,3,90L_10NL_3_1,1,840,"('nç', 'nx', 'nx')",funxo,funxo
90L_10NL,3,90L_10NL_3_1,1,840,"('nç', 'nx', 'nx')",funxo,funxo
90L_10NL,3,90L_10NL_3_1,1,840,"('nç', 'nx', 'nx')",funxo,funxo
90L_10NL,3,90L_10NL_3_1,1,840,"('nç', 'nx', 'nx')",funxo,funxo
90L_10NL,3,90L_10NL_3_1,1,840,"('nç', 'nx', 'nx')",funxo,funxo
90L_10NL,3,90L_10NL_3_1,1,420,"('nx', 'nx', 'nx')",funxo,funxo
90L_10NL,3,90L_10NL_3_1,1,420,"('nx', 'nx', 'nx')",funxo,funxo
90L_10NL,3,90L_10NL_3_1,1,420,"('nx', 'nx', 'nx')",funxo,funxo
90L_10NL,3,90L_10NL_3_1,1,420,"('nx', 'nx', 'nx')",funxo,funxo
90L_10NL,3,90L_10NL_3_1,1,420,"('nx', 'nx', 'nx')",funxo,funxo
90L_10NL,3,90L_10NL_3_1,1,420,"('nx', 'nx', 'nx')",funxo,funxo
90L_10NL,3,90L_10NL_3_1,1,420,"('nx', 'nx', 'nx')",funxo,funxo
90L_10NL,3,90L_10NL_3_1,1,420,"('nx', 'nx', 'nx')",funxo,funxo
90L_10NL,3,90L_10NL_3_1,1,420,"('nx', 'nx', 'nx')",funxo,funxo
90L_10NL,3,90L_10NL_3_1,1,420,"('nx', 'nx', 'nx')",funxo,funxo
90L_10NL,3,90L_10NL_3_1,1,420,"('nx', 'nx', 'nx')",funxo,funxo
90L_10NL,3,90L_10NL_3_1,0,420,"('nx', 'nx', 'nx')",padesejs,funxo
90L_10NL,3,90L_10NL_3_1,0,420,"('nx', 'nx', 'nx')",padesejs,funxo
90L_10NL,3,90L_10NL_3_1,0,420,"('nx', 'nx', 'nx')",padesejs,funxo
90L_10NL,3,90L_10NL_3_1,0,420,"('nx', 'nx', 'nx')",padesejs,funxo
90L_10NL,3,90L_10NL_3_1,1,1085,"('s', 's', 's')",padesejs,padesejs
90L_10NL,3,90L_10NL_3_1,1,1085,"('s', 's', 's')",padesejs,padesejs
90L_10NL,3,90L_10NL_3_1,1,1085,"('s', 's', 's')",padesejs,padesejs
90L_10NL,3,90L_10NL_3_1,1,3500,"('s', 'sk', 's')",padesejs,padesejs
90L_10NL,3,90L_10NL_3_1,1,3500,"('s', 'sk', 's')",padesejs,padesejs
90L_10NL,3,90L_10NL_3_1,1,3500,"('s', 'sk', 's')",padesejs,padesejs
90L_10NL,3,90L_10NL_3_1,1,3500,"('s', 'sk', 's')",padesejs,padesejs
90L_10NL,3,90L_10NL_3_1,1,3500,"('s', 'sk', 's')",padesejs,padesejs
90L_10NL,3,90L_10NL_3_1,1,3500,"('s', 'sk', 's')",padesejs,padesejs
90L_10NL,3,90L_10NL_3_1,1,3500,"('s', 'sk', 's')",padesejs,padesejs
90L_10NL,3,90L_10NL_3_1,1,1085,"('s', 's', 's')",padesejs,padesejs
90L_10NL,3,90L_10NL_3_1,1,1085,"('s', 's', 's')",padesejs,padesejs
90L_10NL,3,90L_10NL_3_1,1,3500,"('s', 'sk', 's')",padesejs,padesejs
90L_10NL,3,90L_10NL_3_1,1,3500,"('s', 'sk', 's')",padesejs,padesejs
90L_10NL,3,90L_10NL_3_1,1,3500,"('s', 'sk', 's')",padesejs,padesejs
90L_10NL,3,90L_10NL_3_1,1,3500,"('s', 'sk', 's')",padesejs,padesejs
90L_10NL,3,90L_10NL_3_1,1,3500,"('s', 'sk', 's')",padesejs,padesejs
90L_10NL,3,90L_10NL_3_1,1,3500,"('s', 'sk', 's')",padesejs,padesejs
90L_10NL,3,90L_10NL_3_1,1,3500,"('s', 'sk', 's')",padesejs,padesejs
90L_10NL,3,90L_10NL_3_1,1,1085,"('s', 's', 's')",padesejs,padesejs
90L_10NL,3,90L_10NL_3_1,1,3500,"('s', 'sk', 's')",padesejs,padesejs
90L_10NL,3,90L_10NL_3_1,1,3500,"('s', 'sk', 's')",padesejs,padesejs
90L_10NL,3,90L_10NL_3_1,1,3500,"('s', 'sk', 's')",padesejs,padesejs
90L_10NL,3,90L_10NL_3_1,1,3500,"('s', 'sk', 's')",padesejs,padesejs
90L_10NL,3,90L_10NL_3_1,1,3500,"('s', 'sk', 's')",padesejs,padesejs
90L_10NL,3,90L_10NL_3_1,1,3500,"('s', 'sk', 's')",padesejs,padesejs
90L_10NL,3,90L_10NL_3_1,1,3500,"('s', 'sk', 's')",padesejs,padesejs
90L_10NL,3,90L_10NL_3_1,1,3500,"('s', 'sk', 's')",padesejs,padesejs
90L_10NL,3,90L_10NL_3_1,1,3500,"('s', 'sk', 's')",padesejs,padesejs
90L_10NL,3,90L_10NL_3_1,1,3500,"('s', 'sk', 's')",padesejs,padesejs
90L_10NL,3,90L_10NL_3_1,1,3500,"('s', 'sk', 's')",padesejs,padesejs
90L_10NL,3,90L_10NL_3_1,1,3500,"('s', 'sk', 's')",padesejs,padesejs
90L_10NL,3,90L_10NL_3_1,1,3500,"('s', 'sk', 's')",padesejs,padesejs
90L_10NL,3,90L_10NL_3_1,1,3500,"('s', 'sk', 's')",padesejs,padesejs
90L_10NL,3,90L_10NL_3_1,1,2625,"('sk', 'sk', 's')",padesejs,padesejs
90L_10NL,3,90L_10NL_3_1,1,2625,"('sk', 'sk', 's')",padesejs,padesejs
90L_10NL,3,90L_10NL_3_1,1,2625,"('sk', 'sk', 's')",padesejs,padesejs
90L_10NL,3,90L_10NL_3_1,1,2625,"('sk', 'sk', 's')",padesejs,padesejs
90L_10NL,3,90L_10NL_3_1,1,2625,"('sk', 'sk', 's')",padesejs,padesejs
90L_10NL,3,90L_10NL_3_1,1,2625,"('sk', 'sk', 's')",padesejs,padesejs
90L_10NL,3,90L_10NL_3_1,1,2625,"('sk', 'sk', 's')",padesejs,padesejs
90L_10NL,3,90L_10NL_3_1,1,2625,"('sk', 'sk', 's')",padesejs,padesejs
90L_10NL,3,90L_10NL_3_1,1,2625,"('sk', 'sk', 's')",padesejs,padesejs
90L_10NL,3,90L_10NL_3_1,1,2625,"('sk', 'sk', 's')",padesejs,padesejs
90L_10NL,3,90L_10NL_3_1,1,2625,"('sk', 'sk', 's')",padesejs,padesejs
90L_10NL,3,90L_10NL_3_1,1,2625,"('sk', 'sk', 's')",padesejs,padesejs
90L_10NL,3,90L_10NL_3_1,1,2625,"('sk', 'sk', 's')",padesejs,padesejs
90L_10NL,3,90L_10NL_3_1,1,2625,"('sk', 'sk', 's')",padesejs,padesejs
90L_10NL,3,90L_10NL_3_1,1,2625,"('sk', 'sk', 's')",padesejs,padesejs
90L_10NL,3,90L_10NL_3_1,1,2625,"('sk', 'sk', 's')",padesejs,padesejs
90L_10NL,3,90L_10NL_3_1,1,2625,"('sk', 'sk', 's')",padesejs,padesejs
90L_10NL,3,90L_10NL_3_1,0,2625,"('sk', 'sk', 's')",padesemos,padesejs
90L_10NL,3,90L_10NL_3_1,0,2625,"('sk', 'sk', 's')",padesemos,padesejs
90L_10NL,3,90L_10NL_3_1,0,2625,"('sk', 'sk', 's')",padesemos,padesejs
90L_10NL,3,90L_10NL_3_1,0,2625,"('sk', 'sk', 's')",padesemos,padesejs
90L_10NL,3,90L_10NL_3_1,1,1085,"('s', 's', 's')",padesemos,padesemos
90L_10NL,3,90L_10NL_3_1,1,1085,"('s', 's', 's')",padesemos,padesemos
90L_10NL,3,90L_10NL_3_1,1,1085,"('s', 's', 's')",padesemos,padesemos
90L_10NL,3,90L_10NL_3_1,1,3500,"('s', 'sk', 's')",padesemos,padesemos
90L_10NL,3,90L_10NL_3_1,1,3500,"('s', 'sk', 's')",padesemos,padesemos
90L_10NL,3,90L_10NL_3_1,1,3500,"('s', 'sk', 's')",padesemos,padesemos
90L_10NL,3,90L_10NL_3_1,1,3500,"('s', 'sk', 's')",padesemos,padesemos
90L_10NL,3,90L_10NL_3_1,1,3500,"('s', 'sk', 's')",padesemos,padesemos
90L_10NL,3,90L_10NL_3_1,1,3500,"('s', 'sk', 's')",padesemos,padesemos
90L_10NL,3,90L_10NL_3_1,1,3500,"('s', 'sk', 's')",padesemos,padesemos
90L_10NL,3,90L_10NL_3_1,1,1085,"('s', 's', 's')",padesemos,padesemos
90L_10NL,3,90L_10NL_3_1,1,1085,"('s', 's', 's')",padesemos,padesemos
90L_10NL,3,90L_10NL_3_1,1,3500,"('s', 'sk', 's')",padesemos,padesemos
90L_10NL,3,90L_10NL_3_1,1,3500,"('s', 'sk', 's')",padesemos,padesemos
90L_10NL,3,90L_10NL_3_1,1,3500,"('s', 'sk', 's')",padesemos,padesemos
90L_10NL,3,90L_10NL_3_1,1,3500,"('s', 'sk', 's')",padesemos,padesemos
90L_10NL,3,90L_10NL_3_1,1,3500,"('s', 'sk', 's')",padesemos,padesemos
90L_10NL,3,90L_10NL_3_1,1,3500,"('s', 'sk', 's')",padesemos,padesemos
90L_10NL,3,90L_10NL_3_1,1,3500,"('s', 'sk', 's')",padesemos,padesemos
90L_10NL,3,90L_10NL_3_1,1,1085,"('s', 's', 's')",padesemos,padesemos
90L_10NL,3,90L_10NL_3_1,1,3500,"('s', 'sk', 's')",padesemos,padesemos
90L_10NL,3,90L_10NL_3_1,1,3500,"('s', 'sk', 's')",padesemos,padesemos
90L_10NL,3,90L_10NL_3_1,1,3500,"('s', 'sk', 's')",padesemos,padesemos
90L_10NL,3,90L_10NL_3_1,1,3500,"('s', 'sk', 's')",padesemos,padesemos
90L_10NL,3,90L_10NL_3_1,1,3500,"('s', 'sk', 's')",padesemos,padesemos
90L_10NL,3,90L_10NL_3_1,1,3500,"('s', 'sk', 's')",padesemos,padesemos
90L_10NL,3,90L_10NL_3_1,1,3500,"('s', 'sk', 's')",padesemos,padesemos
90L_10NL,3,90L_10NL_3_1,1,3500,"('s', 'sk', 's')",padesemos,padesemos
90L_10NL,3,90L_10NL_3_1,1,3500,"('s', 'sk', 's')",padesemos,padesemos
90L_10NL,3,90L_10NL_3_1,1,3500,"('s', 'sk', 's')",padesemos,padesemos
90L_10NL,3,90L_10NL_3_1,1,3500,"('s', 'sk', 's')",padesemos,padesemos
90L_10NL,3,90L_10NL_3_1,1,3500,"('s', 'sk', 's')",padesemos,padesemos
90L_10NL,3,90L_10NL_3_1,1,3500,"('s', 'sk', 's')",padesemos,padesemos
90L_10NL,3,90L_10NL_3_1,1,3500,"('s', 'sk', 's')",padesemos,padesemos
90L_10NL,3,90L_10NL_3_1,1,2625,"('sk', 'sk', 's')",padesemos,padesemos
90L_10NL,3,90L_10NL_3_1,1,2625,"('sk', 'sk', 's')",padesemos,padesemos
90L_10NL,3,90L_10NL_3_1,1,2625,"('sk', 'sk', 's')",padesemos,padesemos
90L_10NL,3,90L_10NL_3_1,1,2625,"('sk', 'sk', 's')",padesemos,padesemos
90L_10NL,3,90L_10NL_3_1,1,2625,"('sk', 'sk', 's')",padesemos,padesemos
90L_10NL,3,90L_10NL_3_1,1,2625,"('sk', 'sk', 's')",padesemos,padesemos
90L_10NL,3,90L_10NL_3_1,1,2625,"('sk', 'sk', 's')",padesemos,padesemos
90L_10NL,3,90L_10NL_3_1,1,2625,"('sk', 'sk', 's')",padesemos,padesemos
90L_10NL,3,90L_10NL_3_1,1,2625,"('sk', 'sk', 's')",padesemos,padesemos
90L_10NL,3,90L_10NL_3_1,1,2625,"('sk', 'sk', 's')",padesemos,padesemos
90L_10NL,3,90L_10NL_3_1,1,2625,"('sk', 'sk', 's')",padesemos,padesemos
90L_10NL,3,90L_10NL_3_1,1,2625,"('sk', 'sk', 's')",padesemos,padesemos
90L_10NL,3,90L_10NL_3_1,1,2625,"('sk', 'sk', 's')",padesemos,padesemos
90L_10NL,3,90L_10NL_3_1,1,2625,"('sk', 'sk', 's')",padesemos,padesemos
90L_10NL,3,90L_10NL_3_1,1,2625,"('sk', 'sk', 's')",padesemos,padesemos
90L_10NL,3,90L_10NL_3_1,1,2625,"('sk', 'sk', 's')",padesemos,padesemos
90L_10NL,3,90L_10NL_3_1,1,2625,"('sk', 'sk', 's')",padesemos,padesemos
90L_10NL,3,90L_10NL_3_1,0,2625,"('sk', 'sk', 's')",padesen,padesemos
90L_10NL,3,90L_10NL_3_1,0,2625,"('sk', 'sk', 's')",padesen,padesemos
90L_10NL,3,90L_10NL_3_1,0,2625,"('sk', 'sk', 's')",padesen,padesemos
90L_10NL,3,90L_10NL_3_1,0,2625,"('sk', 'sk', 's')",padesen,padesemos
90L_10NL,3,90L_10NL_3_1,1,1085,"('s', 's', 's')",padesen,padesen
90L_10NL,3,90L_10NL_3_1,1,1085,"('s', 's', 's')",padesen,padesen
90L_10NL,3,90L_10NL_3_1,1,1085,"('s', 's', 's')",padesen,padesen
90L_10NL,3,90L_10NL_3_1,1,3500,"('s', 'sk', 's')",padesen,padesen
90L_10NL,3,90L_10NL_3_1,1,3500,"('s', 'sk', 's')",padesen,padesen
90L_10NL,3,90L_10NL_3_1,1,3500,"('s', 'sk', 's')",padesen,padesen
90L_10NL,3,90L_10NL_3_1,1,3500,"('s', 'sk', 's')",padesen,padesen
90L_10NL,3,90L_10NL_3_1,1,3500,"('s', 'sk', 's')",padesen,padesen
90L_10NL,3,90L_10NL_3_1,1,3500,"('s', 'sk', 's')",padesen,padesen
90L_10NL,3,90L_10NL_3_1,1,3500,"('s', 'sk', 's')",padesen,padesen
90L_10NL,3,90L_10NL_3_1,1,1085,"('s', 's', 's')",padesen,padesen
90L_10NL,3,90L_10NL_3_1,1,1085,"('s', 's', 's')",padesen,padesen
90L_10NL,3,90L_10NL_3_1,1,3500,"('s', 'sk', 's')",padesen,padesen
90L_10NL,3,90L_10NL_3_1,1,3500,"('s', 'sk', 's')",padesen,padesen
90L_10NL,3,90L_10NL_3_1,1,3500,"('s', 'sk', 's')",padesen,padesen
90L_10NL,3,90L_10NL_3_1,1,3500,"('s', 'sk', 's')",padesen,padesen
90L_10NL,3,90L_10NL_3_1,1,3500,"('s', 'sk', 's')",padesen,padesen
90L_10NL,3,90L_10NL_3_1,1,3500,"('s', 'sk', 's')",padesen,padesen
90L_10NL,3,90L_10NL_3_1,1,3500,"('s', 'sk', 's')",padesen,padesen
90L_10NL,3,90L_10NL_3_1,1,1085,"('s', 's', 's')",padesen,padesen
90L_10NL,3,90L_10NL_3_1,1,3500,"('s', 'sk', 's')",padesen,padesen
90L_10NL,3,90L_10NL_3_1,1,3500,"('s', 'sk', 's')",padesen,padesen
90L_10NL,3,90L_10NL_3_1,1,3500,"('s', 'sk', 's')",padesen,padesen
90L_10NL,3,90L_10NL_3_1,1,3500,"('s', 'sk', 's')",padesen,padesen
90L_10NL,3,90L_10NL_3_1,1,3500,"('s', 'sk', 's')",padesen,padesen
90L_10NL,3,90L_10NL_3_1,1,3500,"('s', 'sk', 's')",padesen,padesen
90L_10NL,3,90L_10NL_3_1,1,3500,"('s', 'sk', 's')",padesen,padesen
90L_10NL,3,90L_10NL_3_1,1,3500,"('s', 'sk', 's')",padesen,padesen
90L_10NL,3,90L_10NL_3_1,1,3500,"('s', 'sk', 's')",padesen,padesen
90L_10NL,3,90L_10NL_3_1,1,3500,"('s', 'sk', 's')",padesen,padesen
90L_10NL,3,90L_10NL_3_1,1,3500,"('s', 'sk', 's')",padesen,padesen
90L_10NL,3,90L_10NL_3_1,1,3500,"('s', 'sk', 's')",padesen,padesen
90L_10NL,3,90L_10NL_3_1,1,3500,"('s', 'sk', 's')",padesen,padesen
90L_10NL,3,90L_10NL_3_1,1,3500,"('s', 'sk', 's')",padesen,padesen
90L_10NL,3,90L_10NL_3_1,1,2625,"('sk', 'sk', 's')",padesen,padesen
90L_10NL,3,90L_10NL_3_1,1,2625,"('sk', 'sk', 's')",padesen,padesen
90L_10NL,3,90L_10NL_3_1,1,2625,"('sk', 'sk', 's')",padesen,padesen
90L_10NL,3,90L_10NL_3_1,1,2625,"('sk', 'sk', 's')",padesen,padesen
90L_10NL,3,90L_10NL_3_1,1,2625,"('sk', 'sk', 's')",padesen,padesen
90L_10NL,3,90L_10NL_3_1,1,2625,"('sk', 'sk', 's')",padesen,padesen
90L_10NL,3,90L_10NL_3_1,1,2625,"('sk', 'sk', 's')",padesen,padesen
90L_10NL,3,90L_10NL_3_1,1,2625,"('sk', 'sk', 's')",padesen,padesen
90L_10NL,3,90L_10NL_3_1,1,2625,"('sk', 'sk', 's')",padesen,padesen
90L_10NL,3,90L_10NL_3_1,1,2625,"('sk', 'sk', 's')",padesen,padesen
90L_10NL,3,90L_10NL_3_1,1,2625,"('sk', 'sk', 's')",padesen,padesen
90L_10NL,3,90L_10NL_3_1,1,2625,"('sk', 'sk', 's')",padesen,padesen
90L_10NL,3,90L_10NL_3_1,1,2625,"('sk', 'sk', 's')",padesen,padesen
90L_10NL,3,90L_10NL_3_1,1,2625,"('sk', 'sk', 's')",padesen,padesen
90L_10NL,3,90L_10NL_3_1,1,2625,"('sk', 'sk', 's')",padesen,padesen
90L_10NL,3,90L_10NL_3_1,1,2625,"('sk', 'sk', 's')",padesen,padesen
90L_10NL,3,90L_10NL_3_1,1,2625,"('sk', 'sk', 's')",padesen,padesen
90L_10NL,3,90L_10NL_3_1,0,2625,"('sk', 'sk', 's')",padeses,padesen
90L_10NL,3,90L_10NL_3_1,0,2625,"('sk', 'sk', 's')",padeses,padesen
90L_10NL,3,90L_10NL_3_1,0,2625,"('sk', 'sk', 's')",padeses,padesen
90L_10NL,3,90L_10NL_3_1,0,2625,"('sk', 'sk', 's')",padeses,padesen
90L_10NL,3,90L_10NL_3_1,1,1085,"('s', 's', 's')",padeses,padeses
90L_10NL,3,90L_10NL_3_1,1,1085,"('s', 's', 's')",padeses,padeses
90L_10NL,3,90L_10NL_3_1,1,1085,"('s', 's', 's')",padeses,padeses
90L_10NL,3,90L_10NL_3_1,1,3500,"('s', 'sk', 's')",padeses,padeses
90L_10NL,3,90L_10NL_3_1,1,3500,"('s', 'sk', 's')",padeses,padeses
90L_10NL,3,90L_10NL_3_1,1,3500,"('s', 'sk', 's')",padeses,padeses
90L_10NL,3,90L_10NL_3_1,1,3500,"('s', 'sk', 's')",padeses,padeses
90L_10NL,3,90L_10NL_3_1,1,3500,"('s', 'sk', 's')",padeses,padeses
90L_10NL,3,90L_10NL_3_1,1,3500,"('s', 'sk', 's')",padeses,padeses
90L_10NL,3,90L_10NL_3_1,1,3500,"('s', 'sk', 's')",padeses,padeses
90L_10NL,3,90L_10NL_3_1,1,1085,"('s', 's', 's')",padeses,padeses
90L_10NL,3,90L_10NL_3_1,1,1085,"('s', 's', 's')",padeses,padeses
90L_10NL,3,90L_10NL_3_1,1,3500,"('s', 'sk', 's')",padeses,padeses
90L_10NL,3,90L_10NL_3_1,1,3500,"('s', 'sk', 's')",padeses,padeses
90L_10NL,3,90L_10NL_3_1,1,3500,"('s', 'sk', 's')",padeses,padeses
90L_10NL,3,90L_10NL_3_1,1,3500,"('s', 'sk', 's')",padeses,padeses
90L_10NL,3,90L_10NL_3_1,1,3500,"('s', 'sk', 's')",padeses,padeses
90L_10NL,3,90L_10NL_3_1,1,3500,"('s', 'sk', 's')",padeses,padeses
90L_10NL,3,90L_10NL_3_1,1,3500,"('s', 'sk', 's')",padeses,padeses
90L_10NL,3,90L_10NL_3_1,1,1085,"('s', 's', 's')",padeses,padeses
90L_10NL,3,90L_10NL_3_1,1,3500,"('s', 'sk', 's')",padeses,padeses
90L_10NL,3,90L_10NL_3_1,1,3500,"('s', 'sk', 's')",padeses,padeses
90L_10NL,3,90L_10NL_3_1,1,3500,"('s', 'sk', 's')",padeses,padeses
90L_10NL,3,90L_10NL_3_1,1,3500,"('s', 'sk', 's')",padeses,padeses
90L_10NL,3,90L_10NL_3_1,1,3500,"('s', 'sk', 's')",padeses,padeses
90L_10NL,3,90L_10NL_3_1,1,3500,"('s', 'sk', 's')",padeses,padeses
90L_10NL,3,90L_10NL_3_1,1,3500,"('s', 'sk', 's')",padeses,padeses
90L_10NL,3,90L_10NL_3_1,1,3500,"('s', 'sk', 's')",padeses,padeses
90L_10NL,3,90L_10NL_3_1,1,3500,"('s', 'sk', 's')",padeses,padeses
90L_10NL,3,90L_10NL_3_1,1,3500,"('s', 'sk', 's')",padeses,padeses
90L_10NL,3,90L_10NL_3_1,1,3500,"('s', 'sk', 's')",padeses,padeses
90L_10NL,3,90L_10NL_3_1,1,3500,"('s', 'sk', 's')",padeses,padeses
90L_10NL,3,90L_10NL_3_1,1,3500,"('s', 'sk', 's')",padeses,padeses
90L_10NL,3,90L_10NL_3_1,1,3500,"('s', 'sk', 's')",padeses,padeses
90L_10NL,3,90L_10NL_3_1,1,2625,"('sk', 'sk', 's')",padeses,padeses
90L_10NL,3,90L_10NL_3_1,1,2625,"('sk', 'sk', 's')",padeses,padeses
90L_10NL,3,90L_10NL_3_1,1,2625,"('sk', 'sk', 's')",padeses,padeses
90L_10NL,3,90L_10NL_3_1,1,2625,"('sk', 'sk', 's')",padeses,padeses
90L_10NL,3,90L_10NL_3_1,1,2625,"('sk', 'sk', 's')",padeses,padeses
90L_10NL,3,90L_10NL_3_1,1,2625,"('sk', 'sk', 's')",padeses,padeses
90L_10NL,3,90L_10NL_3_1,1,2625,"('sk', 'sk', 's')",padeses,padeses
90L_10NL,3,90L_10NL_3_1,1,2625,"('sk', 'sk', 's')",padeses,padeses
90L_10NL,3,90L_10NL_3_1,1,2625,"('sk', 'sk', 's')",padeses,padeses
90L_10NL,3,90L_10NL_3_1,1,2625,"('sk', 'sk', 's')",padeses,padeses
90L_10NL,3,90L_10NL_3_1,1,2625,"('sk', 'sk', 's')",padeses,padeses
90L_10NL,3,90L_10NL_3_1,1,2625,"('sk', 'sk', 's')",padeses,padeses
90L_10NL,3,90L_10NL_3_1,1,2625,"('sk', 'sk', 's')",padeses,padeses
90L_10NL,3,90L_10NL_3_1,1,2625,"('sk', 'sk', 's')",padeses,padeses
90L_10NL,3,90L_10NL_3_1,1,2625,"('sk', 'sk', 's')",padeses,padeses
90L_10NL,3,90L_10NL_3_1,1,2625,"('sk', 'sk', 's')",padeses,padeses
90L_10NL,3,90L_10NL_3_1,1,2625,"('sk', 'sk', 's')",padeses,padeses
90L_10NL,3,90L_10NL_3_1,0,2625,"('sk', 'sk', 's')",padese,padeses
90L_10NL,3,90L_10NL_3_1,0,2625,"('sk', 'sk', 's')",padese,padeses
90L_10NL,3,90L_10NL_3_1,0,2625,"('sk', 'sk', 's')",padese,padeses
90L_10NL,3,90L_10NL_3_1,0,2625,"('sk', 'sk', 's')",padese,padeses
90L_10NL,3,90L_10NL_3_1,1,1085,"('s', 's', 's')",padese,padese
90L_10NL,3,90L_10NL_3_1,1,1085,"('s', 's', 's')",padese,padese
90L_10NL,3,90L_10NL_3_1,1,1085,"('s', 's', 's')",padese,padese
90L_10NL,3,90L_10NL_3_1,1,3500,"('s', 'sk', 's')",padese,padese
90L_10NL,3,90L_10NL_3_1,1,3500,"('s', 'sk', 's')",padese,padese
90L_10NL,3,90L_10NL_3_1,1,3500,"('s', 'sk', 's')",padese,padese
90L_10NL,3,90L_10NL_3_1,1,3500,"('s', 'sk', 's')",padese,padese
90L_10NL,3,90L_10NL_3_1,1,3500,"('s', 'sk', 's')",padese,padese
90L_10NL,3,90L_10NL_3_1,1,3500,"('s', 'sk', 's')",padese,padese
90L_10NL,3,90L_10NL_3_1,1,3500,"('s', 'sk', 's')",padese,padese
90L_10NL,3,90L_10NL_3_1,1,1085,"('s', 's', 's')",padese,padese
90L_10NL,3,90L_10NL_3_1,1,1085,"('s', 's', 's')",padese,padese
90L_10NL,3,90L_10NL_3_1,1,3500,"('s', 'sk', 's')",padese,padese
90L_10NL,3,90L_10NL_3_1,1,3500,"('s', 'sk', 's')",padese,padese
90L_10NL,3,90L_10NL_3_1,1,3500,"('s', 'sk', 's')",padese,padese
90L_10NL,3,90L_10NL_3_1,1,3500,"('s', 'sk', 's')",padese,padese
90L_10NL,3,90L_10NL_3_1,1,3500,"('s', 'sk', 's')",padese,padese
90L_10NL,3,90L_10NL_3_1,1,3500,"('s', 'sk', 's')",padese,padese
90L_10NL,3,90L_10NL_3_1,1,3500,"('s', 'sk', 's')",padese,padese
90L_10NL,3,90L_10NL_3_1,1,1085,"('s', 's', 's')",padese,padese
90L_10NL,3,90L_10NL_3_1,1,3500,"('s', 'sk', 's')",padese,padese
90L_10NL,3,90L_10NL_3_1,1,3500,"('s', 'sk', 's')",padese,padese
90L_10NL,3,90L_10NL_3_1,1,3500,"('s', 'sk', 's')",padese,padese
90L_10NL,3,90L_10NL_3_1,1,3500,"('s', 'sk', 's')",padese,padese
90L_10NL,3,90L_10NL_3_1,1,3500,"('s', 'sk', 's')",padese,padese
90L_10NL,3,90L_10NL_3_1,1,3500,"('s', 'sk', 's')",padese,padese
90L_10NL,3,90L_10NL_3_1,1,3500,"('s', 'sk', 's')",padese,padese
90L_10NL,3,90L_10NL_3_1,1,3500,"('s', 'sk', 's')",padese,padese
90L_10NL,3,90L_10NL_3_1,1,3500,"('s', 'sk', 's')",padese,padese
90L_10NL,3,90L_10NL_3_1,1,3500,"('s', 'sk', 's')",padese,padese
90L_10NL,3,90L_10NL_3_1,1,3500,"('s', 'sk', 's')",padese,padese
90L_10NL,3,90L_10NL_3_1,1,3500,"('s', 'sk', 's')",padese,padese
90L_10NL,3,90L_10NL_3_1,1,3500,"('s', 'sk', 's')",padese,padese
90L_10NL,3,90L_10NL_3_1,1,3500,"('s', 'sk', 's')",padese,padese
90L_10NL,3,90L_10NL_3_1,1,2625,"('sk', 'sk', 's')",padese,padese
90L_10NL,3,90L_10NL_3_1,1,2625,"('sk', 'sk', 's')",padese,padese
90L_10NL,3,90L_10NL_3_1,1,2625,"('sk', 'sk', 's')",padese,padese
90L_10NL,3,90L_10NL_3_1,1,2625,"('sk', 'sk', 's')",padese,padese
90L_10NL,3,90L_10NL_3_1,1,2625,"('sk', 'sk', 's')",padese,padese
90L_10NL,3,90L_10NL_3_1,1,2625,"('sk', 'sk', 's')",padese,padese
90L_10NL,3,90L_10NL_3_1,1,2625,"('sk', 'sk', 's')",padese,padese
90L_10NL,3,90L_10NL_3_1,1,2625,"('sk', 'sk', 's')",padese,padese
90L_10NL,3,90L_10NL_3_1,1,2625,"('sk', 'sk', 's')",padese,padese
90L_10NL,3,90L_10NL_3_1,1,2625,"('sk', 'sk', 's')",padese,padese
90L_10NL,3,90L_10NL_3_1,1,2625,"('sk', 'sk', 's')",padese,padese
90L_10NL,3,90L_10NL_3_1,1,2625,"('sk', 'sk', 's')",padese,padese
90L_10NL,3,90L_10NL_3_1,1,2625,"('sk', 'sk', 's')",padese,padese
90L_10NL,3,90L_10NL_3_1,1,2625,"('sk', 'sk', 's')",padese,padese
90L_10NL,3,90L_10NL_3_1,1,2625,"('sk', 'sk', 's')",padese,padese
90L_10NL,3,90L_10NL_3_1,1,2625,"('sk', 'sk', 's')",padese,padese
90L_10NL,3,90L_10NL_3_1,1,2625,"('sk', 'sk', 's')",padese,padese
90L_10NL,3,90L_10NL_3_1,0,2625,"('sk', 'sk', 's')",padeskajs,padese
90L_10NL,3,90L_10NL_3_1,0,2625,"('sk', 'sk', 's')",padeskajs,padese
90L_10NL,3,90L_10NL_3_1,0,2625,"('sk', 'sk', 's')",padeskajs,padese
90L_10NL,3,90L_10NL_3_1,0,2625,"('sk', 'sk', 's')",padeskajs,padese
90L_10NL,3,90L_10NL_3_1,1,1750,"('s', 's', 'sk')",padeskajs,padeskajs
90L_10NL,3,90L_10NL_3_1,1,1750,"('s', 's', 'sk')",padeskajs,padeskajs
90L_10NL,3,90L_10NL_3_1,1,1750,"('s', 's', 'sk')",padeskajs,padeskajs
90L_10NL,3,90L_10NL_3_1,1,1750,"('s', 's', 'sk')",padeskajs,padeskajs
90L_10NL,3,90L_10NL_3_1,1,5250,"('s', 'sk', 'sk')",padeskajs,padeskajs
90L_10NL,3,90L_10NL_3_1,1,5250,"('s', 'sk', 'sk')",padeskajs,padeskajs
90L_10NL,3,90L_10NL_3_1,1,5250,"('s', 'sk', 'sk')",padeskajs,padeskajs
90L_10NL,3,90L_10NL_3_1,1,5250,"('s', 'sk', 'sk')",padeskajs,padeskajs
90L_10NL,3,90L_10NL_3_1,1,5250,"('s', 'sk', 'sk')",padeskajs,padeskajs
90L_10NL,3,90L_10NL_3_1,1,5250,"('s', 'sk', 'sk')",padeskajs,padeskajs
90L_10NL,3,90L_10NL_3_1,1,1750,"('s', 's', 'sk')",padeskajs,padeskajs
90L_10NL,3,90L_10NL_3_1,1,1750,"('s', 's', 'sk')",padeskajs,padeskajs
90L_10NL,3,90L_10NL_3_1,1,1750,"('s', 's', 'sk')",padeskajs,padeskajs
90L_10NL,3,90L_10NL_3_1,1,5250,"('s', 'sk', 'sk')",padeskajs,padeskajs
90L_10NL,3,90L_10NL_3_1,1,5250,"('s', 'sk', 'sk')",padeskajs,padeskajs
90L_10NL,3,90L_10NL_3_1,1,5250,"('s', 'sk', 'sk')",padeskajs,padeskajs
90L_10NL,3,90L_10NL_3_1,1,5250,"('s', 'sk', 'sk')",padeskajs,padeskajs
90L_10NL,3,90L_10NL_3_1,1,5250,"('s', 'sk', 'sk')",padeskajs,padeskajs
90L_10NL,3,90L_10NL_3_1,1,5250,"('s', 'sk', 'sk')",padeskajs,padeskajs
90L_10NL,3,90L_10NL_3_1,1,1750,"('s', 's', 'sk')",padeskajs,padeskajs
90L_10NL,3,90L_10NL_3_1,1,1750,"('s', 's', 'sk')",padeskajs,padeskajs
90L_10NL,3,90L_10NL_3_1,1,5250,"('s', 'sk', 'sk')",padeskajs,padeskajs
90L_10NL,3,90L_10NL_3_1,1,5250,"('s', 'sk', 'sk')",padeskajs,padeskajs
90L_10NL,3,90L_10NL_3_1,1,5250,"('s', 'sk', 'sk')",padeskajs,padeskajs
90L_10NL,3,90L_10NL_3_1,1,5250,"('s', 'sk', 'sk')",padeskajs,padeskajs
90L_10NL,3,90L_10NL_3_1,1,5250,"('s', 'sk', 'sk')",padeskajs,padeskajs
90L_10NL,3,90L_10NL_3_1,1,5250,"('s', 'sk', 'sk')",padeskajs,padeskajs
90L_10NL,3,90L_10NL_3_1,1,1750,"('s', 's', 'sk')",padeskajs,padeskajs
90L_10NL,3,90L_10NL_3_1,1,5250,"('s', 'sk', 'sk')",padeskajs,padeskajs
90L_10NL,3,90L_10NL_3_1,1,5250,"('s', 'sk', 'sk')",padeskajs,padeskajs
90L_10NL,3,90L_10NL_3_1,1,5250,"('s', 'sk', 'sk')",padeskajs,padeskajs
90L_10NL,3,90L_10NL_3_1,1,5250,"('s', 'sk', 'sk')",padeskajs,padeskajs
90L_10NL,3,90L_10NL_3_1,1,5250,"('s', 'sk', 'sk')",padeskajs,padeskajs
90L_10NL,3,90L_10NL_3_1,1,5250,"('s', 'sk', 'sk')",padeskajs,padeskajs
90L_10NL,3,90L_10NL_3_1,1,5250,"('s', 'sk', 'sk')",padeskajs,padeskajs
90L_10NL,3,90L_10NL_3_1,1,5250,"('s', 'sk', 'sk')",padeskajs,padeskajs
90L_10NL,3,90L_10NL_3_1,1,5250,"('s', 'sk', 'sk')",padeskajs,padeskajs
90L_10NL,3,90L_10NL_3_1,1,5250,"('s', 'sk', 'sk')",padeskajs,padeskajs
90L_10NL,3,90L_10NL_3_1,1,5250,"('s', 'sk', 'sk')",padeskajs,padeskajs
90L_10NL,3,90L_10NL_3_1,1,5250,"('s', 'sk', 'sk')",padeskajs,padeskajs
90L_10NL,3,90L_10NL_3_1,1,2625,"('sk', 'sk', 'sk')",padeskajs,padeskajs
90L_10NL,3,90L_10NL_3_1,1,2625,"('sk', 'sk', 'sk')",padeskajs,padeskajs
90L_10NL,3,90L_10NL_3_1,1,2625,"('sk', 'sk', 'sk')",padeskajs,padeskajs
90L_10NL,3,90L_10NL_3_1,1,2625,"('sk', 'sk', 'sk')",padeskajs,padeskajs
90L_10NL,3,90L_10NL_3_1,1,2625,"('sk', 'sk', 'sk')",padeskajs,padeskajs
90L_10NL,3,90L_10NL_3_1,1,2625,"('sk', 'sk', 'sk')",padeskajs,padeskajs
90L_10NL,3,90L_10NL_3_1,1,2625,"('sk', 'sk', 'sk')",padeskajs,padeskajs
90L_10NL,3,90L_10NL_3_1,1,2625,"('sk', 'sk', 'sk')",padeskajs,padeskajs
90L_10NL,3,90L_10NL_3_1,1,2625,"('sk', 'sk', 'sk')",padeskajs,padeskajs
90L_10NL,3,90L_10NL_3_1,1,2625,"('sk', 'sk', 'sk')",padeskajs,padeskajs
90L_10NL,3,90L_10NL_3_1,1,2625,"('sk', 'sk', 'sk')",padeskajs,padeskajs
90L_10NL,3,90L_10NL_3_1,0,2625,"('sk', 'sk', 'sk')",padeskamos,padeskajs
90L_10NL,3,90L_10NL_3_1,0,2625,"('sk', 'sk', 'sk')",padeskamos,padeskajs
90L_10NL,3,90L_10NL_3_1,0,2625,"('sk', 'sk', 'sk')",padeskamos,padeskajs
90L_10NL,3,90L_10NL_3_1,0,2625,"('sk', 'sk', 'sk')",padeskamos,padeskajs
90L_10NL,3,90L_10NL_3_1,1,1750,"('s', 's', 'sk')",padeskamos,padeskamos
90L_10NL,3,90L_10NL_3_1,1,1750,"('s', 's', 'sk')",padeskamos,padeskamos
90L_10NL,3,90L_10NL_3_1,1,1750,"('s', 's', 'sk')",padeskamos,padeskamos
90L_10NL,3,90L_10NL_3_1,1,1750,"('s', 's', 'sk')",padeskamos,padeskamos
90L_10NL,3,90L_10NL_3_1,1,5250,"('s', 'sk', 'sk')",padeskamos,padeskamos
90L_10NL,3,90L_10NL_3_1,1,5250,"('s', 'sk', 'sk')",padeskamos,padeskamos
90L_10NL,3,90L_10NL_3_1,1,5250,"('s', 'sk', 'sk')",padeskamos,padeskamos
90L_10NL,3,90L_10NL_3_1,1,5250,"('s', 'sk', 'sk')",padeskamos,padeskamos
90L_10NL,3,90L_10NL_3_1,1,5250,"('s', 'sk', 'sk')",padeskamos,padeskamos
90L_10NL,3,90L_10NL_3_1,1,5250,"('s', 'sk', 'sk')",padeskamos,padeskamos
90L_10NL,3,90L_10NL_3_1,1,1750,"('s', 's', 'sk')",padeskamos,padeskamos
90L_10NL,3,90L_10NL_3_1,1,1750,"('s', 's', 'sk')",padeskamos,padeskamos
90L_10NL,3,90L_10NL_3_1,1,1750,"('s', 's', 'sk')",padeskamos,padeskamos
90L_10NL,3,90L_10NL_3_1,1,5250,"('s', 'sk', 'sk')",padeskamos,padeskamos
90L_10NL,3,90L_10NL_3_1,1,5250,"('s', 'sk', 'sk')",padeskamos,padeskamos
90L_10NL,3,90L_10NL_3_1,1,5250,"('s', 'sk', 'sk')",padeskamos,padeskamos
90L_10NL,3,90L_10NL_3_1,1,5250,"('s', 'sk', 'sk')",padeskamos,padeskamos
90L_10NL,3,90L_10NL_3_1,1,5250,"('s', 'sk', 'sk')",padeskamos,padeskamos
90L_10NL,3,90L_10NL_3_1,1,5250,"('s', 'sk', 'sk')",padeskamos,padeskamos
90L_10NL,3,90L_10NL_3_1,1,1750,"('s', 's', 'sk')",padeskamos,padeskamos
90L_10NL,3,90L_10NL_3_1,1,1750,"('s', 's', 'sk')",padeskamos,padeskamos
90L_10NL,3,90L_10NL_3_1,1,5250,"('s', 'sk', 'sk')",padeskamos,padeskamos
90L_10NL,3,90L_10NL_3_1,1,5250,"('s', 'sk', 'sk')",padeskamos,padeskamos
90L_10NL,3,90L_10NL_3_1,1,5250,"('s', 'sk', 'sk')",padeskamos,padeskamos
90L_10NL,3,90L_10NL_3_1,1,5250,"('s', 'sk', 'sk')",padeskamos,padeskamos
90L_10NL,3,90L_10NL_3_1,1,5250,"('s', 'sk', 'sk')",padeskamos,padeskamos
90L_10NL,3,90L_10NL_3_1,1,5250,"('s', 'sk', 'sk')",padeskamos,padeskamos
90L_10NL,3,90L_10NL_3_1,1,1750,"('s', 's', 'sk')",padeskamos,padeskamos
90L_10NL,3,90L_10NL_3_1,1,5250,"('s', 'sk', 'sk')",padeskamos,padeskamos
90L_10NL,3,90L_10NL_3_1,1,5250,"('s', 'sk', 'sk')",padeskamos,padeskamos
90L_10NL,3,90L_10NL_3_1,1,5250,"('s', 'sk', 'sk')",padeskamos,padeskamos
90L_10NL,3,90L_10NL_3_1,1,5250,"('s', 'sk', 'sk')",padeskamos,padeskamos
90L_10NL,3,90L_10NL_3_1,1,5250,"('s', 'sk', 'sk')",padeskamos,padeskamos
90L_10NL,3,90L_10NL_3_1,1,5250,"('s', 'sk', 'sk')",padeskamos,padeskamos
90L_10NL,3,90L_10NL_3_1,1,5250,"('s', 'sk', 'sk')",padeskamos,padeskamos
90L_10NL,3,90L_10NL_3_1,1,5250,"('s', 'sk', 'sk')",padeskamos,padeskamos
90L_10NL,3,90L_10NL_3_1,1,5250,"('s', 'sk', 'sk')",padeskamos,padeskamos
90L_10NL,3,90L_10NL_3_1,1,5250,"('s', 'sk', 'sk')",padeskamos,padeskamos
90L_10NL,3,90L_10NL_3_1,1,5250,"('s', 'sk', 'sk')",padeskamos,padeskamos
90L_10NL,3,90L_10NL_3_1,1,5250,"('s', 'sk', 'sk')",padeskamos,padeskamos
90L_10NL,3,90L_10NL_3_1,1,2625,"('sk', 'sk', 'sk')",padeskamos,padeskamos
90L_10NL,3,90L_10NL_3_1,1,2625,"('sk', 'sk', 'sk')",padeskamos,padeskamos
90L_10NL,3,90L_10NL_3_1,1,2625,"('sk', 'sk', 'sk')",padeskamos,padeskamos
90L_10NL,3,90L_10NL_3_1,1,2625,"('sk', 'sk', 'sk')",padeskamos,padeskamos
90L_10NL,3,90L_10NL_3_1,1,2625,"('sk', 'sk', 'sk')",padeskamos,padeskamos
90L_10NL,3,90L_10NL_3_1,1,2625,"('sk', 'sk', 'sk')",padeskamos,padeskamos
90L_10NL,3,90L_10NL_3_1,1,2625,"('sk', 'sk', 'sk')",padeskamos,padeskamos
90L_10NL,3,90L_10NL_3_1,1,2625,"('sk', 'sk', 'sk')",padeskamos,padeskamos
90L_10NL,3,90L_10NL_3_1,1,2625,"('sk', 'sk', 'sk')",padeskamos,padeskamos
90L_10NL,3,90L_10NL_3_1,1,2625,"('sk', 'sk', 'sk')",padeskamos,padeskamos
90L_10NL,3,90L_10NL_3_1,1,2625,"('sk', 'sk', 'sk')",padeskamos,padeskamos
90L_10NL,3,90L_10NL_3_1,0,2625,"('sk', 'sk', 'sk')",padeskan,padeskamos
90L_10NL,3,90L_10NL_3_1,0,2625,"('sk', 'sk', 'sk')",padeskan,padeskamos
90L_10NL,3,90L_10NL_3_1,0,2625,"('sk', 'sk', 'sk')",padeskan,padeskamos
90L_10NL,3,90L_10NL_3_1,0,2625,"('sk', 'sk', 'sk')",padeskan,padeskamos
90L_10NL,3,90L_10NL_3_1,1,1750,"('s', 's', 'sk')",padeskan,padeskan
90L_10NL,3,90L_10NL_3_1,1,1750,"('s', 's', 'sk')",padeskan,padeskan
90L_10NL,3,90L_10NL_3_1,1,1750,"('s', 's', 'sk')",padeskan,padeskan
90L_10NL,3,90L_10NL_3_1,1,1750,"('s', 's', 'sk')",padeskan,padeskan
90L_10NL,3,90L_10NL_3_1,1,5250,"('s', 'sk', 'sk')",padeskan,padeskan
90L_10NL,3,90L_10NL_3_1,1,5250,"('s', 'sk', 'sk')",padeskan,padeskan
90L_10NL,3,90L_10NL_3_1,1,5250,"('s', 'sk', 'sk')",padeskan,padeskan
90L_10NL,3,90L_10NL_3_1,1,5250,"('s', 'sk', 'sk')",padeskan,padeskan
90L_10NL,3,90L_10NL_3_1,1,5250,"('s', 'sk', 'sk')",padeskan,padeskan
90L_10NL,3,90L_10NL_3_1,1,5250,"('s', 'sk', 'sk')",padeskan,padeskan
90L_10NL,3,90L_10NL_3_1,1,1750,"('s', 's', 'sk')",padeskan,padeskan
90L_10NL,3,90L_10NL_3_1,1,1750,"('s', 's', 'sk')",padeskan,padeskan
90L_10NL,3,90L_10NL_3_1,1,1750,"('s', 's', 'sk')",padeskan,padeskan
90L_10NL,3,90L_10NL_3_1,1,5250,"('s', 'sk', 'sk')",padeskan,padeskan
90L_10NL,3,90L_10NL_3_1,1,5250,"('s', 'sk', 'sk')",padeskan,padeskan
90L_10NL,3,90L_10NL_3_1,1,5250,"('s', 'sk', 'sk')",padeskan,padeskan
90L_10NL,3,90L_10NL_3_1,1,5250,"('s', 'sk', 'sk')",padeskan,padeskan
90L_10NL,3,90L_10NL_3_1,1,5250,"('s', 'sk', 'sk')",padeskan,padeskan
90L_10NL,3,90L_10NL_3_1,1,5250,"('s', 'sk', 'sk')",padeskan,padeskan
90L_10NL,3,90L_10NL_3_1,1,1750,"('s', 's', 'sk')",padeskan,padeskan
90L_10NL,3,90L_10NL_3_1,1,1750,"('s', 's', 'sk')",padeskan,padeskan
90L_10NL,3,90L_10NL_3_1,1,5250,"('s', 'sk', 'sk')",padeskan,padeskan
90L_10NL,3,90L_10NL_3_1,1,5250,"('s', 'sk', 'sk')",padeskan,padeskan
90L_10NL,3,90L_10NL_3_1,1,5250,"('s', 'sk', 'sk')",padeskan,padeskan
90L_10NL,3,90L_10NL_3_1,1,5250,"('s', 'sk', 'sk')",padeskan,padeskan
90L_10NL,3,90L_10NL_3_1,1,5250,"('s', 'sk', 'sk')",padeskan,padeskan
90L_10NL,3,90L_10NL_3_1,1,5250,"('s', 'sk', 'sk')",padeskan,padeskan
90L_10NL,3,90L_10NL_3_1,1,1750,"('s', 's', 'sk')",padeskan,padeskan
90L_10NL,3,90L_10NL_3_1,1,5250,"('s', 'sk', 'sk')",padeskan,padeskan
90L_10NL,3,90L_10NL_3_1,1,5250,"('s', 'sk', 'sk')",padeskan,padeskan
90L_10NL,3,90L_10NL_3_1,1,5250,"('s', 'sk', 'sk')",padeskan,padeskan
90L_10NL,3,90L_10NL_3_1,1,5250,"('s', 'sk', 'sk')",padeskan,padeskan
90L_10NL,3,90L_10NL_3_1,1,5250,"('s', 'sk', 'sk')",padeskan,padeskan
90L_10NL,3,90L_10NL_3_1,1,5250,"('s', 'sk', 'sk')",padeskan,padeskan
90L_10NL,3,90L_10NL_3_1,1,5250,"('s', 'sk', 'sk')",padeskan,padeskan
90L_10NL,3,90L_10NL_3_1,1,5250,"('s', 'sk', 'sk')",padeskan,padeskan
90L_10NL,3,90L_10NL_3_1,1,5250,"('s', 'sk', 'sk')",padeskan,padeskan
90L_10NL,3,90L_10NL_3_1,1,5250,"('s', 'sk', 'sk')",padeskan,padeskan
90L_10NL,3,90L_10NL_3_1,1,5250,"('s', 'sk', 'sk')",padeskan,padeskan
90L_10NL,3,90L_10NL_3_1,1,5250,"('s', 'sk', 'sk')",padeskan,padeskan
90L_10NL,3,90L_10NL_3_1,1,2625,"('sk', 'sk', 'sk')",padeskan,padeskan
90L_10NL,3,90L_10NL_3_1,1,2625,"('sk', 'sk', 'sk')",padeskan,padeskan
90L_10NL,3,90L_10NL_3_1,1,2625,"('sk', 'sk', 'sk')",padeskan,padeskan
90L_10NL,3,90L_10NL_3_1,1,2625,"('sk', 'sk', 'sk')",padeskan,padeskan
90L_10NL,3,90L_10NL_3_1,1,2625,"('sk', 'sk', 'sk')",padeskan,padeskan
90L_10NL,3,90L_10NL_3_1,1,2625,"('sk', 'sk', 'sk')",padeskan,padeskan
90L_10NL,3,90L_10NL_3_1,1,2625,"('sk', 'sk', 'sk')",padeskan,padeskan
90L_10NL,3,90L_10NL_3_1,1,2625,"('sk', 'sk', 'sk')",padeskan,padeskan
90L_10NL,3,90L_10NL_3_1,1,2625,"('sk', 'sk', 'sk')",padeskan,padeskan
90L_10NL,3,90L_10NL_3_1,1,2625,"('sk', 'sk', 'sk')",padeskan,padeskan
90L_10NL,3,90L_10NL_3_1,1,2625,"('sk', 'sk', 'sk')",padeskan,padeskan
90L_10NL,3,90L_10NL_3_1,0,2625,"('sk', 'sk', 'sk')",padeskas,padeskan
90L_10NL,3,90L_10NL_3_1,0,2625,"('sk', 'sk', 'sk')",padeskas,padeskan
90L_10NL,3,90L_10NL_3_1,0,2625,"('sk', 'sk', 'sk')",padeskas,padeskan
90L_10NL,3,90L_10NL_3_1,0,2625,"('sk', 'sk', 'sk')",padeskas,padeskan
90L_10NL,3,90L_10NL_3_1,1,1750,"('s', 's', 'sk')",padeskas,padeskas
90L_10NL,3,90L_10NL_3_1,1,1750,"('s', 's', 'sk')",padeskas,padeskas
90L_10NL,3,90L_10NL_3_1,1,1750,"('s', 's', 'sk')",padeskas,padeskas
90L_10NL,3,90L_10NL_3_1,1,1750,"('s', 's', 'sk')",padeskas,padeskas
90L_10NL,3,90L_10NL_3_1,1,5250,"('s', 'sk', 'sk')",padeskas,padeskas
90L_10NL,3,90L_10NL_3_1,1,5250,"('s', 'sk', 'sk')",padeskas,padeskas
90L_10NL,3,90L_10NL_3_1,1,5250,"('s', 'sk', 'sk')",padeskas,padeskas
90L_10NL,3,90L_10NL_3_1,1,5250,"('s', 'sk', 'sk')",padeskas,padeskas
90L_10NL,3,90L_10NL_3_1,1,5250,"('s', 'sk', 'sk')",padeskas,padeskas
90L_10NL,3,90L_10NL_3_1,1,5250,"('s', 'sk', 'sk')",padeskas,padeskas
90L_10NL,3,90L_10NL_3_1,1,1750,"('s', 's', 'sk')",padeskas,padeskas
90L_10NL,3,90L_10NL_3_1,1,1750,"('s', 's', 'sk')",padeskas,padeskas
90L_10NL,3,90L_10NL_3_1,1,1750,"('s', 's', 'sk')",padeskas,padeskas
90L_10NL,3,90L_10NL_3_1,1,5250,"('s', 'sk', 'sk')",padeskas,padeskas
90L_10NL,3,90L_10NL_3_1,1,5250,"('s', 'sk', 'sk')",padeskas,padeskas
90L_10NL,3,90L_10NL_3_1,1,5250,"('s', 'sk', 'sk')",padeskas,padeskas
90L_10NL,3,90L_10NL_3_1,1,5250,"('s', 'sk', 'sk')",padeskas,padeskas
90L_10NL,3,90L_10NL_3_1,1,5250,"('s', 'sk', 'sk')",padeskas,padeskas
90L_10NL,3,90L_10NL_3_1,1,5250,"('s', 'sk', 'sk')",padeskas,padeskas
90L_10NL,3,90L_10NL_3_1,1,1750,"('s', 's', 'sk')",padeskas,padeskas
90L_10NL,3,90L_10NL_3_1,1,1750,"('s', 's', 'sk')",padeskas,padeskas
90L_10NL,3,90L_10NL_3_1,1,5250,"('s', 'sk', 'sk')",padeskas,padeskas
90L_10NL,3,90L_10NL_3_1,1,5250,"('s', 'sk', 'sk')",padeskas,padeskas
90L_10NL,3,90L_10NL_3_1,1,5250,"('s', 'sk', 'sk')",padeskas,padeskas
90L_10NL,3,90L_10NL_3_1,1,5250,"('s', 'sk', 'sk')",padeskas,padeskas
90L_10NL,3,90L_10NL_3_1,1,5250,"('s', 'sk', 'sk')",padeskas,padeskas
90L_10NL,3,90L_10NL_3_1,1,5250,"('s', 'sk', 'sk')",padeskas,padeskas
90L_10NL,3,90L_10NL_3_1,1,1750,"('s', 's', 'sk')",padeskas,padeskas
90L_10NL,3,90L_10NL_3_1,1,5250,"('s', 'sk', 'sk')",padeskas,padeskas
90L_10NL,3,90L_10NL_3_1,1,5250,"('s', 'sk', 'sk')",padeskas,padeskas
90L_10NL,3,90L_10NL_3_1,1,5250,"('s', 'sk', 'sk')",padeskas,padeskas
90L_10NL,3,90L_10NL_3_1,1,5250,"('s', 'sk', 'sk')",padeskas,padeskas
90L_10NL,3,90L_10NL_3_1,1,5250,"('s', 'sk', 'sk')",padeskas,padeskas
90L_10NL,3,90L_10NL_3_1,1,5250,"('s', 'sk', 'sk')",padeskas,padeskas
90L_10NL,3,90L_10NL_3_1,1,5250,"('s', 'sk', 'sk')",padeskas,padeskas
90L_10NL,3,90L_10NL_3_1,1,5250,"('s', 'sk', 'sk')",padeskas,padeskas
90L_10NL,3,90L_10NL_3_1,1,5250,"('s', 'sk', 'sk')",padeskas,padeskas
90L_10NL,3,90L_10NL_3_1,1,5250,"('s', 'sk', 'sk')",padeskas,padeskas
90L_10NL,3,90L_10NL_3_1,1,5250,"('s', 'sk', 'sk')",padeskas,padeskas
90L_10NL,3,90L_10NL_3_1,1,5250,"('s', 'sk', 'sk')",padeskas,padeskas
90L_10NL,3,90L_10NL_3_1,1,2625,"('sk', 'sk', 'sk')",padeskas,padeskas
90L_10NL,3,90L_10NL_3_1,1,2625,"('sk', 'sk', 'sk')",padeskas,padeskas
90L_10NL,3,90L_10NL_3_1,1,2625,"('sk', 'sk', 'sk')",padeskas,padeskas
90L_10NL,3,90L_10NL_3_1,1,2625,"('sk', 'sk', 'sk')",padeskas,padeskas
90L_10NL,3,90L_10NL_3_1,1,2625,"('sk', 'sk', 'sk')",padeskas,padeskas
90L_10NL,3,90L_10NL_3_1,1,2625,"('sk', 'sk', 'sk')",padeskas,padeskas
90L_10NL,3,90L_10NL_3_1,1,2625,"('sk', 'sk', 'sk')",padeskas,padeskas
90L_10NL,3,90L_10NL_3_1,1,2625,"('sk', 'sk', 'sk')",padeskas,padeskas
90L_10NL,3,90L_10NL_3_1,1,2625,"('sk', 'sk', 'sk')",padeskas,padeskas
90L_10NL,3,90L_10NL_3_1,1,2625,"('sk', 'sk', 'sk')",padeskas,padeskas
90L_10NL,3,90L_10NL_3_1,1,2625,"('sk', 'sk', 'sk')",padeskas,padeskas
90L_10NL,3,90L_10NL_3_1,0,2625,"('sk', 'sk', 'sk')",padeska,padeskas
90L_10NL,3,90L_10NL_3_1,0,2625,"('sk', 'sk', 'sk')",padeska,padeskas
90L_10NL,3,90L_10NL_3_1,0,2625,"('sk', 'sk', 'sk')",padeska,padeskas
90L_10NL,3,90L_10NL_3_1,0,2625,"('sk', 'sk', 'sk')",padeska,padeskas
90L_10NL,3,90L_10NL_3_1,1,1750,"('s', 's', 'sk')",padeska,padeska
90L_10NL,3,90L_10NL_3_1,1,1750,"('s', 's', 'sk')",padeska,padeska
90L_10NL,3,90L_10NL_3_1,1,1750,"('s', 's', 'sk')",padeska,padeska
90L_10NL,3,90L_10NL_3_1,1,1750,"('s', 's', 'sk')",padeska,padeska
90L_10NL,3,90L_10NL_3_1,1,5250,"('s', 'sk', 'sk')",padeska,padeska
90L_10NL,3,90L_10NL_3_1,1,5250,"('s', 'sk', 'sk')",padeska,padeska
90L_10NL,3,90L_10NL_3_1,1,5250,"('s', 'sk', 'sk')",padeska,padeska
90L_10NL,3,90L_10NL_3_1,1,5250,"('s', 'sk', 'sk')",padeska,padeska
90L_10NL,3,90L_10NL_3_1,1,5250,"('s', 'sk', 'sk')",padeska,padeska
90L_10NL,3,90L_10NL_3_1,1,5250,"('s', 'sk', 'sk')",padeska,padeska
90L_10NL,3,90L_10NL_3_1,1,1750,"('s', 's', 'sk')",padeska,padeska
90L_10NL,3,90L_10NL_3_1,1,1750,"('s', 's', 'sk')",padeska,padeska
90L_10NL,3,90L_10NL_3_1,1,1750,"('s', 's', 'sk')",padeska,padeska
90L_10NL,3,90L_10NL_3_1,1,5250,"('s', 'sk', 'sk')",padeska,padeska
90L_10NL,3,90L_10NL_3_1,1,5250,"('s', 'sk', 'sk')",padeska,padeska
90L_10NL,3,90L_10NL_3_1,1,5250,"('s', 'sk', 'sk')",padeska,padeska
90L_10NL,3,90L_10NL_3_1,1,5250,"('s', 'sk', 'sk')",padeska,padeska
90L_10NL,3,90L_10NL_3_1,1,5250,"('s', 'sk', 'sk')",padeska,padeska
90L_10NL,3,90L_10NL_3_1,1,5250,"('s', 'sk', 'sk')",padeska,padeska
90L_10NL,3,90L_10NL_3_1,1,1750,"('s', 's', 'sk')",padeska,padeska
90L_10NL,3,90L_10NL_3_1,1,1750,"('s', 's', 'sk')",padeska,padeska
90L_10NL,3,90L_10NL_3_1,1,5250,"('s', 'sk', 'sk')",padeska,padeska
90L_10NL,3,90L_10NL_3_1,1,5250,"('s', 'sk', 'sk')",padeska,padeska
90L_10NL,3,90L_10NL_3_1,1,5250,"('s', 'sk', 'sk')",padeska,padeska
90L_10NL,3,90L_10NL_3_1,1,5250,"('s', 'sk', 'sk')",padeska,padeska
90L_10NL,3,90L_10NL_3_1,1,5250,"('s', 'sk', 'sk')",padeska,padeska
90L_10NL,3,90L_10NL_3_1,1,5250,"('s', 'sk', 'sk')",padeska,padeska
90L_10NL,3,90L_10NL_3_1,1,1750,"('s', 's', 'sk')",padeska,padeska
90L_10NL,3,90L_10NL_3_1,1,5250,"('s', 'sk', 'sk')",padeska,padeska
90L_10NL,3,90L_10NL_3_1,1,5250,"('s', 'sk', 'sk')",padeska,padeska
90L_10NL,3,90L_10NL_3_1,1,5250,"('s', 'sk', 'sk')",padeska,padeska
90L_10NL,3,90L_10NL_3_1,1,5250,"('s', 'sk', 'sk')",padeska,padeska
90L_10NL,3,90L_10NL_3_1,1,5250,"('s', 'sk', 'sk')",padeska,padeska
90L_10NL,3,90L_10NL_3_1,1,5250,"('s', 'sk', 'sk')",padeska,padeska
90L_10NL,3,90L_10NL_3_1,1,5250,"('s', 'sk', 'sk')",padeska,padeska
90L_10NL,3,90L_10NL_3_1,1,5250,"('s', 'sk', 'sk')",padeska,padeska
90L_10NL,3,90L_10NL_3_1,1,5250,"('s', 'sk', 'sk')",padeska,padeska
90L_10NL,3,90L_10NL_3_1,1,5250,"('s', 'sk', 'sk')",padeska,padeska
90L_10NL,3,90L_10NL_3_1,1,5250,"('s', 'sk', 'sk')",padeska,padeska
90L_10NL,3,90L_10NL_3_1,1,5250,"('s', 'sk', 'sk')",padeska,padeska
90L_10NL,3,90L_10NL_3_1,1,2625,"('sk', 'sk', 'sk')",padeska,padeska
90L_10NL,3,90L_10NL_3_1,1,2625,"('sk', 'sk', 'sk')",padeska,padeska
90L_10NL,3,90L_10NL_3_1,1,2625,"('sk', 'sk', 'sk')",padeska,padeska
90L_10NL,3,90L_10NL_3_1,1,2625,"('sk', 'sk', 'sk')",padeska,padeska
90L_10NL,3,90L_10NL_3_1,1,2625,"('sk', 'sk', 'sk')",padeska,padeska
90L_10NL,3,90L_10NL_3_1,1,2625,"('sk', 'sk', 'sk')",padeska,padeska
90L_10NL,3,90L_10NL_3_1,1,2625,"('sk', 'sk', 'sk')",padeska,padeska
90L_10NL,3,90L_10NL_3_1,1,2625,"('sk', 'sk', 'sk')",padeska,padeska
90L_10NL,3,90L_10NL_3_1,1,2625,"('sk', 'sk', 'sk')",padeska,padeska
90L_10NL,3,90L_10NL_3_1,1,2625,"('sk', 'sk', 'sk')",padeska,padeska
90L_10NL,3,90L_10NL_3_1,1,2625,"('sk', 'sk', 'sk')",padeska,padeska
90L_10NL,3,90L_10NL_3_1,1,2625,"('sk', 'sk', 'sk')",padeska,padeska
90L_10NL,3,90L_10NL_3_1,1,2625,"('sk', 'sk', 'sk')",padeska,padeska
90L_10NL,3,90L_10NL_3_1,1,2625,"('sk', 'sk', 'sk')",padeska,padeska
90L_10NL,3,90L_10NL_3_1,1,2625,"('sk', 'sk', 'sk')",padeska,padeska
90L_10NL,3,90L_10NL_3_1,1,1750,"('s', 's', 'sk')",padeska,padeska
90L_10NL,3,90L_10NL_3_1,1,1750,"('s', 's', 'sk')",padeska,padeska
90L_10NL,3,90L_10NL_3_1,1,1750,"('s', 's', 'sk')",padeska,padeska
90L_10NL,3,90L_10NL_3_1,1,1750,"('s', 's', 'sk')",padeska,padeska
90L_10NL,3,90L_10NL_3_1,1,5250,"('s', 'sk', 'sk')",padeska,padeska
90L_10NL,3,90L_10NL_3_1,1,5250,"('s', 'sk', 'sk')",padeska,padeska
90L_10NL,3,90L_10NL_3_1,1,5250,"('s', 'sk', 'sk')",padeska,padeska
90L_10NL,3,90L_10NL_3_1,1,5250,"('s', 'sk', 'sk')",padeska,padeska
90L_10NL,3,90L_10NL_3_1,1,5250,"('s', 'sk', 'sk')",padeska,padeska
90L_10NL,3,90L_10NL_3_1,1,5250,"('s', 'sk', 'sk')",padeska,padeska
90L_10NL,3,90L_10NL_3_1,1,1750,"('s', 's', 'sk')",padeska,padeska
90L_10NL,3,90L_10NL_3_1,1,1750,"('s', 's', 'sk')",padeska,padeska
90L_10NL,3,90L_10NL_3_1,1,1750,"('s', 's', 'sk')",padeska,padeska
90L_10NL,3,90L_10NL_3_1,1,5250,"('s', 'sk', 'sk')",padeska,padeska
90L_10NL,3,90L_10NL_3_1,1,5250,"('s', 'sk', 'sk')",padeska,padeska
90L_10NL,3,90L_10NL_3_1,1,5250,"('s', 'sk', 'sk')",padeska,padeska
90L_10NL,3,90L_10NL_3_1,1,5250,"('s', 'sk', 'sk')",padeska,padeska
90L_10NL,3,90L_10NL_3_1,1,5250,"('s', 'sk', 'sk')",padeska,padeska
90L_10NL,3,90L_10NL_3_1,1,5250,"('s', 'sk', 'sk')",padeska,padeska
90L_10NL,3,90L_10NL_3_1,1,1750,"('s', 's', 'sk')",padeska,padeska
90L_10NL,3,90L_10NL_3_1,1,1750,"('s', 's', 'sk')",padeska,padeska
90L_10NL,3,90L_10NL_3_1,1,5250,"('s', 'sk', 'sk')",padeska,padeska
90L_10NL,3,90L_10NL_3_1,1,5250,"('s', 'sk', 'sk')",padeska,padeska
90L_10NL,3,90L_10NL_3_1,1,5250,"('s', 'sk', 'sk')",padeska,padeska
90L_10NL,3,90L_10NL_3_1,1,5250,"('s', 'sk', 'sk')",padeska,padeska
90L_10NL,3,90L_10NL_3_1,1,5250,"('s', 'sk', 'sk')",padeska,padeska
90L_10NL,3,90L_10NL_3_1,1,5250,"('s', 'sk', 'sk')",padeska,padeska
90L_10NL,3,90L_10NL_3_1,1,1750,"('s', 's', 'sk')",padeska,padeska
90L_10NL,3,90L_10NL_3_1,1,5250,"('s', 'sk', 'sk')",padeska,padeska
90L_10NL,3,90L_10NL_3_1,1,5250,"('s', 'sk', 'sk')",padeska,padeska
90L_10NL,3,90L_10NL_3_1,1,5250,"('s', 'sk', 'sk')",padeska,padeska
90L_10NL,3,90L_10NL_3_1,1,5250,"('s', 'sk', 'sk')",padeska,padeska
90L_10NL,3,90L_10NL_3_1,1,5250,"('s', 'sk', 'sk')",padeska,padeska
90L_10NL,3,90L_10NL_3_1,1,5250,"('s', 'sk', 'sk')",padeska,padeska
90L_10NL,3,90L_10NL_3_1,1,5250,"('s', 'sk', 'sk')",padeska,padeska
90L_10NL,3,90L_10NL_3_1,1,5250,"('s', 'sk', 'sk')",padeska,padeska
90L_10NL,3,90L_10NL_3_1,1,5250,"('s', 'sk', 'sk')",padeska,padeska
90L_10NL,3,90L_10NL_3_1,1,5250,"('s', 'sk', 'sk')",padeska,padeska
90L_10NL,3,90L_10NL_3_1,1,5250,"('s', 'sk', 'sk')",padeska,padeska
90L_10NL,3,90L_10NL_3_1,1,5250,"('s', 'sk', 'sk')",padeska,padeska
90L_10NL,3,90L_10NL_3_1,1,2625,"('sk', 'sk', 'sk')",padeska,padeska
90L_10NL,3,90L_10NL_3_1,1,2625,"('sk', 'sk', 'sk')",padeska,padeska
90L_10NL,3,90L_10NL_3_1,1,2625,"('sk', 'sk', 'sk')",padeska,padeska
90L_10NL,3,90L_10NL_3_1,1,2625,"('sk', 'sk', 'sk')",padeska,padeska
90L_10NL,3,90L_10NL_3_1,1,2625,"('sk', 'sk', 'sk')",padeska,padeska
90L_10NL,3,90L_10NL_3_1,1,2625,"('sk', 'sk', 'sk')",padeska,padeska
90L_10NL,3,90L_10NL_3_1,1,2625,"('sk', 'sk', 'sk')",padeska,padeska
90L_10NL,3,90L_10NL_3_1,1,2625,"('sk', 'sk', 'sk')",padeska,padeska
90L_10NL,3,90L_10NL_3_1,1,2625,"('sk', 'sk', 'sk')",padeska,padeska
90L_10NL,3,90L_10NL_3_1,1,2625,"('sk', 'sk', 'sk')",padeska,padeska
90L_10NL,3,90L_10NL_3_1,1,2625,"('sk', 'sk', 'sk')",padeska,padeska
90L_10NL,3,90L_10NL_3_1,0,2625,"('sk', 'sk', 'sk')",padesko,padeska
90L_10NL,3,90L_10NL_3_1,0,2625,"('sk', 'sk', 'sk')",padesko,padeska
90L_10NL,3,90L_10NL_3_1,0,2625,"('sk', 'sk', 'sk')",padesko,padeska
90L_10NL,3,90L_10NL_3_1,0,2625,"('sk', 'sk', 'sk')",padesko,padeska
90L_10NL,3,90L_10NL_3_1,1,1750,"('s', 's', 'sk')",padesko,padesko
90L_10NL,3,90L_10NL_3_1,1,1750,"('s', 's', 'sk')",padesko,padesko
90L_10NL,3,90L_10NL_3_1,1,1750,"('s', 's', 'sk')",padesko,padesko
90L_10NL,3,90L_10NL_3_1,1,1750,"('s', 's', 'sk')",padesko,padesko
90L_10NL,3,90L_10NL_3_1,1,5250,"('s', 'sk', 'sk')",padesko,padesko
90L_10NL,3,90L_10NL_3_1,1,5250,"('s', 'sk', 'sk')",padesko,padesko
90L_10NL,3,90L_10NL_3_1,1,5250,"('s', 'sk', 'sk')",padesko,padesko
90L_10NL,3,90L_10NL_3_1,1,5250,"('s', 'sk', 'sk')",padesko,padesko
90L_10NL,3,90L_10NL_3_1,1,5250,"('s', 'sk', 'sk')",padesko,padesko
90L_10NL,3,90L_10NL_3_1,1,5250,"('s', 'sk', 'sk')",padesko,padesko
90L_10NL,3,90L_10NL_3_1,1,1750,"('s', 's', 'sk')",padesko,padesko
90L_10NL,3,90L_10NL_3_1,1,1750,"('s', 's', 'sk')",padesko,padesko
90L_10NL,3,90L_10NL_3_1,1,1750,"('s', 's', 'sk')",padesko,padesko
90L_10NL,3,90L_10NL_3_1,1,5250,"('s', 'sk', 'sk')",padesko,padesko
90L_10NL,3,90L_10NL_3_1,1,5250,"('s', 'sk', 'sk')",padesko,padesko
90L_10NL,3,90L_10NL_3_1,1,5250,"('s', 'sk', 'sk')",padesko,padesko
90L_10NL,3,90L_10NL_3_1,1,5250,"('s', 'sk', 'sk')",padesko,padesko
90L_10NL,3,90L_10NL_3_1,1,5250,"('s', 'sk', 'sk')",padesko,padesko
90L_10NL,3,90L_10NL_3_1,1,5250,"('s', 'sk', 'sk')",padesko,padesko
90L_10NL,3,90L_10NL_3_1,1,1750,"('s', 's', 'sk')",padesko,padesko
90L_10NL,3,90L_10NL_3_1,1,1750,"('s', 's', 'sk')",padesko,padesko
90L_10NL,3,90L_10NL_3_1,1,5250,"('s', 'sk', 'sk')",padesko,padesko
90L_10NL,3,90L_10NL_3_1,1,5250,"('s', 'sk', 'sk')",padesko,padesko
90L_10NL,3,90L_10NL_3_1,1,5250,"('s', 'sk', 'sk')",padesko,padesko
90L_10NL,3,90L_10NL_3_1,1,5250,"('s', 'sk', 'sk')",padesko,padesko
90L_10NL,3,90L_10NL_3_1,1,5250,"('s', 'sk', 'sk')",padesko,padesko
90L_10NL,3,90L_10NL_3_1,1,5250,"('s', 'sk', 'sk')",padesko,padesko
90L_10NL,3,90L_10NL_3_1,1,1750,"('s', 's', 'sk')",padesko,padesko
90L_10NL,3,90L_10NL_3_1,1,5250,"('s', 'sk', 'sk')",padesko,padesko
90L_10NL,3,90L_10NL_3_1,1,5250,"('s', 'sk', 'sk')",padesko,padesko
90L_10NL,3,90L_10NL_3_1,1,5250,"('s', 'sk', 'sk')",padesko,padesko
90L_10NL,3,90L_10NL_3_1,1,5250,"('s', 'sk', 'sk')",padesko,padesko
90L_10NL,3,90L_10NL_3_1,1,5250,"('s', 'sk', 'sk')",padesko,padesko
90L_10NL,3,90L_10NL_3_1,1,5250,"('s', 'sk', 'sk')",padesko,padesko
90L_10NL,3,90L_10NL_3_1,1,5250,"('s', 'sk', 'sk')",padesko,padesko
90L_10NL,3,90L_10NL_3_1,1,5250,"('s', 'sk', 'sk')",padesko,padesko
90L_10NL,3,90L_10NL_3_1,1,5250,"('s', 'sk', 'sk')",padesko,padesko
90L_10NL,3,90L_10NL_3_1,1,5250,"('s', 'sk', 'sk')",padesko,padesko
90L_10NL,3,90L_10NL_3_1,1,5250,"('s', 'sk', 'sk')",padesko,padesko
90L_10NL,3,90L_10NL_3_1,1,5250,"('s', 'sk', 'sk')",padesko,padesko
90L_10NL,3,90L_10NL_3_1,1,2625,"('sk', 'sk', 'sk')",padesko,padesko
90L_10NL,3,90L_10NL_3_1,1,2625,"('sk', 'sk', 'sk')",padesko,padesko
90L_10NL,3,90L_10NL_3_1,1,2625,"('sk', 'sk', 'sk')",padesko,padesko
90L_10NL,3,90L_10NL_3_1,1,2625,"('sk', 'sk', 'sk')",padesko,padesko
90L_10NL,3,90L_10NL_3_1,1,2625,"('sk', 'sk', 'sk')",padesko,padesko
90L_10NL,3,90L_10NL_3_1,1,2625,"('sk', 'sk', 'sk')",padesko,padesko
90L_10NL,3,90L_10NL_3_1,1,2625,"('sk', 'sk', 'sk')",padesko,padesko
90L_10NL,3,90L_10NL_3_1,1,2625,"('sk', 'sk', 'sk')",padesko,padesko
90L_10NL,3,90L_10NL_3_1,1,2625,"('sk', 'sk', 'sk')",padesko,padesko
90L_10NL,3,90L_10NL_3_1,1,2625,"('sk', 'sk', 'sk')",padesko,padesko
90L_10NL,3,90L_10NL_3_1,1,2625,"('sk', 'sk', 'sk')",padesko,padesko
90L_10NL,3,90L_10NL_3_1,0,2625,"('sk', 'sk', 'sk')",kontɾadesimos,padesko
90L_10NL,3,90L_10NL_3_1,0,2625,"('sk', 'sk', 'sk')",kontɾadesimos,padesko
90L_10NL,3,90L_10NL_3_1,0,2625,"('sk', 'sk', 'sk')",kontɾadesemos,padesko
90L_10NL,3,90L_10NL_3_1,0,2625,"('sk', 'sk', 'sk')",kontɾadesimos,padesko
90L_10NL,3,90L_10NL_3_1,1,1085,"('s', 's', 's')",kontɾadesimos,kontɾadesimos
90L_10NL,3,90L_10NL_3_1,1,1085,"('s', 's', 's')",kontɾadesimos,kontɾadesimos
90L_10NL,3,90L_10NL_3_1,1,1085,"('s', 's', 's')",kontɾadesimos,kontɾadesimos
90L_10NL,3,90L_10NL_3_1,1,280,"('s', 'ɡ', 's')",kontɾadesimos,kontɾadesimos
90L_10NL,3,90L_10NL_3_1,1,280,"('s', 'ɡ', 's')",kontɾadesimos,kontɾadesimos
90L_10NL,3,90L_10NL_3_1,1,280,"('s', 'ɡ', 's')",kontɾadesimos,kontɾadesimos
90L_10NL,3,90L_10NL_3_1,0,280,"('s', 'ɡ', 's')",kontɾadisimos,kontɾadesimos
90L_10NL,3,90L_10NL_3_1,1,280,"('s', 'ɡ', 's')",kontɾadesimos,kontɾadesimos
90L_10NL,3,90L_10NL_3_1,1,280,"('s', 'ɡ', 's')",kontɾadesimos,kontɾadesimos
90L_10NL,3,90L_10NL_3_1,1,280,"('s', 'ɡ', 's')",kontɾadesimos,kontɾadesimos
90L_10NL,3,90L_10NL_3_1,1,1085,"('s', 's', 's')",kontɾadesimos,kontɾadesimos
90L_10NL,3,90L_10NL_3_1,1,1085,"('s', 's', 's')",kontɾadesimos,kontɾadesimos
90L_10NL,3,90L_10NL_3_1,1,280,"('s', 'ɡ', 's')",kontɾadesimos,kontɾadesimos
90L_10NL,3,90L_10NL_3_1,1,280,"('s', 'ɡ', 's')",kontɾadesimos,kontɾadesimos
90L_10NL,3,90L_10NL_3_1,0,280,"('s', 'ɡ', 's')",kontɾadisimos,kontɾadesimos
90L_10NL,3,90L_10NL_3_1,1,280,"('s', 'ɡ', 's')",kontɾadesimos,kontɾadesimos
90L_10NL,3,90L_10NL_3_1,1,280,"('s', 'ɡ', 's')",kontɾadesimos,kontɾadesimos
90L_10NL,3,90L_10NL_3_1,1,280,"('s', 'ɡ', 's')",kontɾadesimos,kontɾadesimos
90L_10NL,3,90L_10NL_3_1,1,280,"('s', 'ɡ', 's')",kontɾadesimos,kontɾadesimos
90L_10NL,3,90L_10NL_3_1,1,1085,"('s', 's', 's')",kontɾadesimos,kontɾadesimos
90L_10NL,3,90L_10NL_3_1,1,280,"('s', 'ɡ', 's')",kontɾadesimos,kontɾadesimos
90L_10NL,3,90L_10NL_3_1,1,280,"('s', 'ɡ', 's')",kontɾadesimos,kontɾadesimos
90L_10NL,3,90L_10NL_3_1,0,280,"('s', 'ɡ', 's')",kontɾadisimos,kontɾadesimos
90L_10NL,3,90L_10NL_3_1,1,280,"('s', 'ɡ', 's')",kontɾadesimos,kontɾadesimos
90L_10NL,3,90L_10NL_3_1,1,280,"('s', 'ɡ', 's')",kontɾadesimos,kontɾadesimos
90L_10NL,3,90L_10NL_3_1,1,280,"('s', 'ɡ', 's')",kontɾadesimos,kontɾadesimos
90L_10NL,3,90L_10NL_3_1,1,280,"('s', 'ɡ', 's')",kontɾadesimos,kontɾadesimos
90L_10NL,3,90L_10NL_3_1,1,280,"('s', 'ɡ', 's')",kontɾadesimos,kontɾadesimos
90L_10NL,3,90L_10NL_3_1,1,280,"('s', 'ɡ', 's')",kontɾadesimos,kontɾadesimos
90L_10NL,3,90L_10NL_3_1,1,280,"('s', 'ɡ', 's')",kontɾadesimos,kontɾadesimos
90L_10NL,3,90L_10NL_3_1,1,280,"('s', 'ɡ', 's')",kontɾadesimos,kontɾadesimos
90L_10NL,3,90L_10NL_3_1,1,280,"('s', 'ɡ', 's')",kontɾadesimos,kontɾadesimos
90L_10NL,3,90L_10NL_3_1,1,280,"('s', 'ɡ', 's')",kontɾadesimos,kontɾadesimos
90L_10NL,3,90L_10NL_3_1,1,280,"('s', 'ɡ', 's')",kontɾadesimos,kontɾadesimos
90L_10NL,3,90L_10NL_3_1,1,210,"('ɡ', 'ɡ', 's')",kontɾadesimos,kontɾadesimos
90L_10NL,3,90L_10NL_3_1,1,210,"('ɡ', 'ɡ', 's')",kontɾadesimos,kontɾadesimos
90L_10NL,3,90L_10NL_3_1,1,210,"('ɡ', 'ɡ', 's')",kontɾadesimos,kontɾadesimos
90L_10NL,3,90L_10NL_3_1,1,210,"('ɡ', 'ɡ', 's')",kontɾadesimos,kontɾadesimos
90L_10NL,3,90L_10NL_3_1,1,210,"('ɡ', 'ɡ', 's')",kontɾadesimos,kontɾadesimos
90L_10NL,3,90L_10NL_3_1,1,210,"('ɡ', 'ɡ', 's')",kontɾadesimos,kontɾadesimos
90L_10NL,3,90L_10NL_3_1,0,210,"('ɡ', 'ɡ', 's')",kontɾadisemos,kontɾadesimos
90L_10NL,3,90L_10NL_3_1,1,210,"('ɡ', 'ɡ', 's')",kontɾadesimos,kontɾadesimos
90L_10NL,3,90L_10NL_3_1,1,210,"('ɡ', 'ɡ', 's')",kontɾadesimos,kontɾadesimos
90L_10NL,3,90L_10NL_3_1,1,210,"('ɡ', 'ɡ', 's')",kontɾadesimos,kontɾadesimos
90L_10NL,3,90L_10NL_3_1,1,210,"('ɡ', 'ɡ', 's')",kontɾadesimos,kontɾadesimos
90L_10NL,3,90L_10NL_3_1,1,210,"('ɡ', 'ɡ', 's')",kontɾadesimos,kontɾadesimos
90L_10NL,3,90L_10NL_3_1,1,210,"('ɡ', 'ɡ', 's')",kontɾadesimos,kontɾadesimos
90L_10NL,3,90L_10NL_3_1,1,210,"('ɡ', 'ɡ', 's')",kontɾadesimos,kontɾadesimos
90L_10NL,3,90L_10NL_3_1,1,210,"('ɡ', 'ɡ', 's')",kontɾadesimos,kontɾadesimos
90L_10NL,3,90L_10NL_3_1,1,210,"('ɡ', 'ɡ', 's')",kontɾadesimos,kontɾadesimos
90L_10NL,3,90L_10NL_3_1,1,210,"('ɡ', 'ɡ', 's')",kontɾadesimos,kontɾadesimos
90L_10NL,3,90L_10NL_3_1,0,210,"('ɡ', 'ɡ', 's')",kontɾadesejs,kontɾadesimos
90L_10NL,3,90L_10NL_3_1,0,210,"('ɡ', 'ɡ', 's')",kontɾadesejs,kontɾadesimos
90L_10NL,3,90L_10NL_3_1,0,210,"('ɡ', 'ɡ', 's')",kontɾadesejs,kontɾadesimos
90L_10NL,3,90L_10NL_3_1,0,210,"('ɡ', 'ɡ', 's')",kontɾadesis,kontɾadesimos
90L_10NL,3,90L_10NL_3_1,1,1085,"('s', 's', 's')",kontɾadesis,kontɾadesis
90L_10NL,3,90L_10NL_3_1,1,1085,"('s', 's', 's')",kontɾadesis,kontɾadesis
90L_10NL,3,90L_10NL_3_1,1,1085,"('s', 's', 's')",kontɾadesis,kontɾadesis
90L_10NL,3,90L_10NL_3_1,1,280,"('s', 'ɡ', 's')",kontɾadesis,kontɾadesis
90L_10NL,3,90L_10NL_3_1,1,280,"('s', 'ɡ', 's')",kontɾadesis,kontɾadesis
90L_10NL,3,90L_10NL_3_1,1,280,"('s', 'ɡ', 's')",kontɾadesis,kontɾadesis
90L_10NL,3,90L_10NL_3_1,1,280,"('s', 'ɡ', 's')",kontɾadesis,kontɾadesis
90L_10NL,3,90L_10NL_3_1,1,280,"('s', 'ɡ', 's')",kontɾadesis,kontɾadesis
90L_10NL,3,90L_10NL_3_1,1,280,"('s', 'ɡ', 's')",kontɾadesis,kontɾadesis
90L_10NL,3,90L_10NL_3_1,1,280,"('s', 'ɡ', 's')",kontɾadesis,kontɾadesis
90L_10NL,3,90L_10NL_3_1,1,1085,"('s', 's', 's')",kontɾadesis,kontɾadesis
90L_10NL,3,90L_10NL_3_1,1,1085,"('s', 's', 's')",kontɾadesis,kontɾadesis
90L_10NL,3,90L_10NL_3_1,1,280,"('s', 'ɡ', 's')",kontɾadesis,kontɾadesis
90L_10NL,3,90L_10NL_3_1,1,280,"('s', 'ɡ', 's')",kontɾadesis,kontɾadesis
90L_10NL,3,90L_10NL_3_1,1,280,"('s', 'ɡ', 's')",kontɾadesis,kontɾadesis
90L_10NL,3,90L_10NL_3_1,1,280,"('s', 'ɡ', 's')",kontɾadesis,kontɾadesis
90L_10NL,3,90L_10NL_3_1,1,280,"('s', 'ɡ', 's')",kontɾadesis,kontɾadesis
90L_10NL,3,90L_10NL_3_1,1,280,"('s', 'ɡ', 's')",kontɾadesis,kontɾadesis
90L_10NL,3,90L_10NL_3_1,1,280,"('s', 'ɡ', 's')",kontɾadesis,kontɾadesis
90L_10NL,3,90L_10NL_3_1,1,1085,"('s', 's', 's')",kontɾadesis,kontɾadesis
90L_10NL,3,90L_10NL_3_1,1,280,"('s', 'ɡ', 's')",kontɾadesis,kontɾadesis
90L_10NL,3,90L_10NL_3_1,1,280,"('s', 'ɡ', 's')",kontɾadesis,kontɾadesis
90L_10NL,3,90L_10NL_3_1,1,280,"('s', 'ɡ', 's')",kontɾadesis,kontɾadesis
90L_10NL,3,90L_10NL_3_1,1,280,"('s', 'ɡ', 's')",kontɾadesis,kontɾadesis
90L_10NL,3,90L_10NL_3_1,1,280,"('s', 'ɡ', 's')",kontɾadesis,kontɾadesis
90L_10NL,3,90L_10NL_3_1,1,280,"('s', 'ɡ', 's')",kontɾadesis,kontɾadesis
90L_10NL,3,90L_10NL_3_1,1,280,"('s', 'ɡ', 's')",kontɾadesis,kontɾadesis
90L_10NL,3,90L_10NL_3_1,1,280,"('s', 'ɡ', 's')",kontɾadesis,kontɾadesis
90L_10NL,3,90L_10NL_3_1,1,280,"('s', 'ɡ', 's')",kontɾadesis,kontɾadesis
90L_10NL,3,90L_10NL_3_1,1,280,"('s', 'ɡ', 's')",kontɾadesis,kontɾadesis
90L_10NL,3,90L_10NL_3_1,1,280,"('s', 'ɡ', 's')",kontɾadesis,kontɾadesis
90L_10NL,3,90L_10NL_3_1,1,280,"('s', 'ɡ', 's')",kontɾadesis,kontɾadesis
90L_10NL,3,90L_10NL_3_1,1,280,"('s', 'ɡ', 's')",kontɾadesis,kontɾadesis
90L_10NL,3,90L_10NL_3_1,1,280,"('s', 'ɡ', 's')",kontɾadesis,kontɾadesis
90L_10NL,3,90L_10NL_3_1,1,210,"('ɡ', 'ɡ', 's')",kontɾadesis,kontɾadesis
90L_10NL,3,90L_10NL_3_1,1,210,"('ɡ', 'ɡ', 's')",kontɾadesis,kontɾadesis
90L_10NL,3,90L_10NL_3_1,1,210,"('ɡ', 'ɡ', 's')",kontɾadesis,kontɾadesis
90L_10NL,3,90L_10NL_3_1,1,210,"('ɡ', 'ɡ', 's')",kontɾadesis,kontɾadesis
90L_10NL,3,90L_10NL_3_1,1,210,"('ɡ', 'ɡ', 's')",kontɾadesis,kontɾadesis
90L_10NL,3,90L_10NL_3_1,1,210,"('ɡ', 'ɡ', 's')",kontɾadesis,kontɾadesis
90L_10NL,3,90L_10NL_3_1,1,210,"('ɡ', 'ɡ', 's')",kontɾadesis,kontɾadesis
90L_10NL,3,90L_10NL_3_1,1,210,"('ɡ', 'ɡ', 's')",kontɾadesis,kontɾadesis
90L_10NL,3,90L_10NL_3_1,1,210,"('ɡ', 'ɡ', 's')",kontɾadesis,kontɾadesis
90L_10NL,3,90L_10NL_3_1,1,210,"('ɡ', 'ɡ', 's')",kontɾadesis,kontɾadesis
90L_10NL,3,90L_10NL_3_1,1,210,"('ɡ', 'ɡ', 's')",kontɾadesis,kontɾadesis
90L_10NL,3,90L_10NL_3_1,1,210,"('ɡ', 'ɡ', 's')",kontɾadesis,kontɾadesis
90L_10NL,3,90L_10NL_3_1,1,210,"('ɡ', 'ɡ', 's')",kontɾadesis,kontɾadesis
90L_10NL,3,90L_10NL_3_1,1,210,"('ɡ', 'ɡ', 's')",kontɾadesis,kontɾadesis
90L_10NL,3,90L_10NL_3_1,1,210,"('ɡ', 'ɡ', 's')",kontɾadesis,kontɾadesis
90L_10NL,3,90L_10NL_3_1,1,210,"('ɡ', 'ɡ', 's')",kontɾadesis,kontɾadesis
90L_10NL,3,90L_10NL_3_1,1,210,"('ɡ', 'ɡ', 's')",kontɾadesis,kontɾadesis
90L_10NL,3,90L_10NL_3_1,0,210,"('ɡ', 'ɡ', 's')",kontɾadesen,kontɾadesis
90L_10NL,3,90L_10NL_3_1,0,210,"('ɡ', 'ɡ', 's')",kontɾadesen,kontɾadesis
90L_10NL,3,90L_10NL_3_1,0,210,"('ɡ', 'ɡ', 's')",kontɾadesen,kontɾadesis
90L_10NL,3,90L_10NL_3_1,0,210,"('ɡ', 'ɡ', 's')",kontɾadisen,kontɾadesis
90L_10NL,3,90L_10NL_3_1,1,1085,"('s', 's', 's')",kontɾadisen,kontɾadisen
90L_10NL,3,90L_10NL_3_1,1,1085,"('s', 's', 's')",kontɾadisen,kontɾadisen
90L_10NL,3,90L_10NL_3_1,1,1085,"('s', 's', 's')",kontɾadisen,kontɾadisen
90L_10NL,3,90L_10NL_3_1,1,280,"('s', 'ɡ', 's')",kontɾadisen,kontɾadisen
90L_10NL,3,90L_10NL_3_1,1,280,"('s', 'ɡ', 's')",kontɾadisen,kontɾadisen
90L_10NL,3,90L_10NL_3_1,1,280,"('s', 'ɡ', 's')",kontɾadisen,kontɾadisen
90L_10NL,3,90L_10NL_3_1,0,280,"('s', 'ɡ', 's')",kontɾadesen,kontɾadisen
90L_10NL,3,90L_10NL_3_1,0,280,"('s', 'ɡ', 's')",kontɾadesen,kontɾadisen
90L_10NL,3,90L_10NL_3_1,1,280,"('s', 'ɡ', 's')",kontɾadisen,kontɾadisen
90L_10NL,3,90L_10NL_3_1,1,280,"('s', 'ɡ', 's')",kontɾadisen,kontɾadisen
90L_10NL,3,90L_10NL_3_1,1,1085,"('s', 's', 's')",kontɾadisen,kontɾadisen
90L_10NL,3,90L_10NL_3_1,1,1085,"('s', 's', 's')",kontɾadisen,kontɾadisen
90L_10NL,3,90L_10NL_3_1,1,280,"('s', 'ɡ', 's')",kontɾadisen,kontɾadisen
90L_10NL,3,90L_10NL_3_1,1,280,"('s', 'ɡ', 's')",kontɾadisen,kontɾadisen
90L_10NL,3,90L_10NL_3_1,1,280,"('s', 'ɡ', 's')",kontɾadisen,kontɾadisen
90L_10NL,3,90L_10NL_3_1,1,280,"('s', 'ɡ', 's')",kontɾadisen,kontɾadisen
90L_10NL,3,90L_10NL_3_1,1,280,"('s', 'ɡ', 's')",kontɾadisen,kontɾadisen
90L_10NL,3,90L_10NL_3_1,1,280,"('s', 'ɡ', 's')",kontɾadisen,kontɾadisen
90L_10NL,3,90L_10NL_3_1,1,280,"('s', 'ɡ', 's')",kontɾadisen,kontɾadisen
90L_10NL,3,90L_10NL_3_1,1,1085,"('s', 's', 's')",kontɾadisen,kontɾadisen
90L_10NL,3,90L_10NL_3_1,1,280,"('s', 'ɡ', 's')",kontɾadisen,kontɾadisen
90L_10NL,3,90L_10NL_3_1,1,280,"('s', 'ɡ', 's')",kontɾadisen,kontɾadisen
90L_10NL,3,90L_10NL_3_1,1,280,"('s', 'ɡ', 's')",kontɾadisen,kontɾadisen
90L_10NL,3,90L_10NL_3_1,1,280,"('s', 'ɡ', 's')",kontɾadisen,kontɾadisen
90L_10NL,3,90L_10NL_3_1,1,280,"('s', 'ɡ', 's')",kontɾadisen,kontɾadisen
90L_10NL,3,90L_10NL_3_1,1,280,"('s', 'ɡ', 's')",kontɾadisen,kontɾadisen
90L_10NL,3,90L_10NL_3_1,1,280,"('s', 'ɡ', 's')",kontɾadisen,kontɾadisen
90L_10NL,3,90L_10NL_3_1,1,280,"('s', 'ɡ', 's')",kontɾadisen,kontɾadisen
90L_10NL,3,90L_10NL_3_1,1,280,"('s', 'ɡ', 's')",kontɾadisen,kontɾadisen
90L_10NL,3,90L_10NL_3_1,1,280,"('s', 'ɡ', 's')",kontɾadisen,kontɾadisen
90L_10NL,3,90L_10NL_3_1,1,280,"('s', 'ɡ', 's')",kontɾadisen,kontɾadisen
90L_10NL,3,90L_10NL_3_1,1,280,"('s', 'ɡ', 's')",kontɾadisen,kontɾadisen
90L_10NL,3,90L_10NL_3_1,1,280,"('s', 'ɡ', 's')",kontɾadisen,kontɾadisen
90L_10NL,3,90L_10NL_3_1,1,280,"('s', 'ɡ', 's')",kontɾadisen,kontɾadisen
90L_10NL,3,90L_10NL_3_1,1,210,"('ɡ', 'ɡ', 's')",kontɾadisen,kontɾadisen
90L_10NL,3,90L_10NL_3_1,1,210,"('ɡ', 'ɡ', 's')",kontɾadisen,kontɾadisen
90L_10NL,3,90L_10NL_3_1,1,210,"('ɡ', 'ɡ', 's')",kontɾadisen,kontɾadisen
90L_10NL,3,90L_10NL_3_1,1,210,"('ɡ', 'ɡ', 's')",kontɾadisen,kontɾadisen
90L_10NL,3,90L_10NL_3_1,1,210,"('ɡ', 'ɡ', 's')",kontɾadisen,kontɾadisen
90L_10NL,3,90L_10NL_3_1,1,210,"('ɡ', 'ɡ', 's')",kontɾadisen,kontɾadisen
90L_10NL,3,90L_10NL_3_1,1,210,"('ɡ', 'ɡ', 's')",kontɾadisen,kontɾadisen
90L_10NL,3,90L_10NL_3_1,1,210,"('ɡ', 'ɡ', 's')",kontɾadisen,kontɾadisen
90L_10NL,3,90L_10NL_3_1,1,210,"('ɡ', 'ɡ', 's')",kontɾadisen,kontɾadisen
90L_10NL,3,90L_10NL_3_1,1,210,"('ɡ', 'ɡ', 's')",kontɾadisen,kontɾadisen
90L_10NL,3,90L_10NL_3_1,1,210,"('ɡ', 'ɡ', 's')",kontɾadisen,kontɾadisen
90L_10NL,3,90L_10NL_3_1,1,210,"('ɡ', 'ɡ', 's')",kontɾadisen,kontɾadisen
90L_10NL,3,90L_10NL_3_1,1,210,"('ɡ', 'ɡ', 's')",kontɾadisen,kontɾadisen
90L_10NL,3,90L_10NL_3_1,1,210,"('ɡ', 'ɡ', 's')",kontɾadisen,kontɾadisen
90L_10NL,3,90L_10NL_3_1,1,210,"('ɡ', 'ɡ', 's')",kontɾadisen,kontɾadisen
90L_10NL,3,90L_10NL_3_1,1,210,"('ɡ', 'ɡ', 's')",kontɾadisen,kontɾadisen
90L_10NL,3,90L_10NL_3_1,1,210,"('ɡ', 'ɡ', 's')",kontɾadisen,kontɾadisen
90L_10NL,3,90L_10NL_3_1,0,210,"('ɡ', 'ɡ', 's')",kontɾadeses,kontɾadisen
90L_10NL,3,90L_10NL_3_1,0,210,"('ɡ', 'ɡ', 's')",kontɾadeses,kontɾadisen
90L_10NL,3,90L_10NL_3_1,0,210,"('ɡ', 'ɡ', 's')",kontɾadeses,kontɾadisen
90L_10NL,3,90L_10NL_3_1,0,210,"('ɡ', 'ɡ', 's')",kontɾadises,kontɾadisen
90L_10NL,3,90L_10NL_3_1,1,1085,"('s', 's', 's')",kontɾadises,kontɾadises
90L_10NL,3,90L_10NL_3_1,1,1085,"('s', 's', 's')",kontɾadises,kontɾadises
90L_10NL,3,90L_10NL_3_1,1,1085,"('s', 's', 's')",kontɾadises,kontɾadises
90L_10NL,3,90L_10NL_3_1,1,280,"('s', 'ɡ', 's')",kontɾadises,kontɾadises
90L_10NL,3,90L_10NL_3_1,1,280,"('s', 'ɡ', 's')",kontɾadises,kontɾadises
90L_10NL,3,90L_10NL_3_1,1,280,"('s', 'ɡ', 's')",kontɾadises,kontɾadises
90L_10NL,3,90L_10NL_3_1,0,280,"('s', 'ɡ', 's')",kontɾadeses,kontɾadises
90L_10NL,3,90L_10NL_3_1,0,280,"('s', 'ɡ', 's')",kontɾadeses,kontɾadises
90L_10NL,3,90L_10NL_3_1,1,280,"('s', 'ɡ', 's')",kontɾadises,kontɾadises
90L_10NL,3,90L_10NL_3_1,1,280,"('s', 'ɡ', 's')",kontɾadises,kontɾadises
90L_10NL,3,90L_10NL_3_1,1,1085,"('s', 's', 's')",kontɾadises,kontɾadises
90L_10NL,3,90L_10NL_3_1,1,1085,"('s', 's', 's')",kontɾadises,kontɾadises
90L_10NL,3,90L_10NL_3_1,1,280,"('s', 'ɡ', 's')",kontɾadises,kontɾadises
90L_10NL,3,90L_10NL_3_1,1,280,"('s', 'ɡ', 's')",kontɾadises,kontɾadises
90L_10NL,3,90L_10NL_3_1,1,280,"('s', 'ɡ', 's')",kontɾadises,kontɾadises
90L_10NL,3,90L_10NL_3_1,1,280,"('s', 'ɡ', 's')",kontɾadises,kontɾadises
90L_10NL,3,90L_10NL_3_1,1,280,"('s', 'ɡ', 's')",kontɾadises,kontɾadises
90L_10NL,3,90L_10NL_3_1,1,280,"('s', 'ɡ', 's')",kontɾadises,kontɾadises
90L_10NL,3,90L_10NL_3_1,1,280,"('s', 'ɡ', 's')",kontɾadises,kontɾadises
90L_10NL,3,90L_10NL_3_1,1,1085,"('s', 's', 's')",kontɾadises,kontɾadises
90L_10NL,3,90L_10NL_3_1,1,280,"('s', 'ɡ', 's')",kontɾadises,kontɾadises
90L_10NL,3,90L_10NL_3_1,1,280,"('s', 'ɡ', 's')",kontɾadises,kontɾadises
90L_10NL,3,90L_10NL_3_1,1,280,"('s', 'ɡ', 's')",kontɾadises,kontɾadises
90L_10NL,3,90L_10NL_3_1,1,280,"('s', 'ɡ', 's')",kontɾadises,kontɾadises
90L_10NL,3,90L_10NL_3_1,1,280,"('s', 'ɡ', 's')",kontɾadises,kontɾadises
90L_10NL,3,90L_10NL_3_1,1,280,"('s', 'ɡ', 's')",kontɾadises,kontɾadises
90L_10NL,3,90L_10NL_3_1,1,280,"('s', 'ɡ', 's')",kontɾadises,kontɾadises
90L_10NL,3,90L_10NL_3_1,1,280,"('s', 'ɡ', 's')",kontɾadises,kontɾadises
90L_10NL,3,90L_10NL_3_1,1,280,"('s', 'ɡ', 's')",kontɾadises,kontɾadises
90L_10NL,3,90L_10NL_3_1,1,280,"('s', 'ɡ', 's')",kontɾadises,kontɾadises
90L_10NL,3,90L_10NL_3_1,1,280,"('s', 'ɡ', 's')",kontɾadises,kontɾadises
90L_10NL,3,90L_10NL_3_1,1,280,"('s', 'ɡ', 's')",kontɾadises,kontɾadises
90L_10NL,3,90L_10NL_3_1,1,280,"('s', 'ɡ', 's')",kontɾadises,kontɾadises
90L_10NL,3,90L_10NL_3_1,1,280,"('s', 'ɡ', 's')",kontɾadises,kontɾadises
90L_10NL,3,90L_10NL_3_1,1,210,"('ɡ', 'ɡ', 's')",kontɾadises,kontɾadises
90L_10NL,3,90L_10NL_3_1,1,210,"('ɡ', 'ɡ', 's')",kontɾadises,kontɾadises
90L_10NL,3,90L_10NL_3_1,1,210,"('ɡ', 'ɡ', 's')",kontɾadises,kontɾadises
90L_10NL,3,90L_10NL_3_1,1,210,"('ɡ', 'ɡ', 's')",kontɾadises,kontɾadises
90L_10NL,3,90L_10NL_3_1,1,210,"('ɡ', 'ɡ', 's')",kontɾadises,kontɾadises
90L_10NL,3,90L_10NL_3_1,1,210,"('ɡ', 'ɡ', 's')",kontɾadises,kontɾadises
90L_10NL,3,90L_10NL_3_1,1,210,"('ɡ', 'ɡ', 's')",kontɾadises,kontɾadises
90L_10NL,3,90L_10NL_3_1,1,210,"('ɡ', 'ɡ', 's')",kontɾadises,kontɾadises
90L_10NL,3,90L_10NL_3_1,1,210,"('ɡ', 'ɡ', 's')",kontɾadises,kontɾadises
90L_10NL,3,90L_10NL_3_1,1,210,"('ɡ', 'ɡ', 's')",kontɾadises,kontɾadises
90L_10NL,3,90L_10NL_3_1,1,210,"('ɡ', 'ɡ', 's')",kontɾadises,kontɾadises
90L_10NL,3,90L_10NL_3_1,1,210,"('ɡ', 'ɡ', 's')",kontɾadises,kontɾadises
90L_10NL,3,90L_10NL_3_1,1,210,"('ɡ', 'ɡ', 's')",kontɾadises,kontɾadises
90L_10NL,3,90L_10NL_3_1,1,210,"('ɡ', 'ɡ', 's')",kontɾadises,kontɾadises
90L_10NL,3,90L_10NL_3_1,1,210,"('ɡ', 'ɡ', 's')",kontɾadises,kontɾadises
90L_10NL,3,90L_10NL_3_1,1,210,"('ɡ', 'ɡ', 's')",kontɾadises,kontɾadises
90L_10NL,3,90L_10NL_3_1,1,210,"('ɡ', 'ɡ', 's')",kontɾadises,kontɾadises
90L_10NL,3,90L_10NL_3_1,0,210,"('ɡ', 'ɡ', 's')",kontɾadese,kontɾadises
90L_10NL,3,90L_10NL_3_1,0,210,"('ɡ', 'ɡ', 's')",kontɾadese,kontɾadises
90L_10NL,3,90L_10NL_3_1,0,210,"('ɡ', 'ɡ', 's')",kontɾadese,kontɾadises
90L_10NL,3,90L_10NL_3_1,0,210,"('ɡ', 'ɡ', 's')",kontɾadise,kontɾadises
90L_10NL,3,90L_10NL_3_1,1,1085,"('s', 's', 's')",kontɾadise,kontɾadise
90L_10NL,3,90L_10NL_3_1,1,1085,"('s', 's', 's')",kontɾadise,kontɾadise
90L_10NL,3,90L_10NL_3_1,1,1085,"('s', 's', 's')",kontɾadise,kontɾadise
90L_10NL,3,90L_10NL_3_1,1,280,"('s', 'ɡ', 's')",kontɾadise,kontɾadise
90L_10NL,3,90L_10NL_3_1,1,280,"('s', 'ɡ', 's')",kontɾadise,kontɾadise
90L_10NL,3,90L_10NL_3_1,1,280,"('s', 'ɡ', 's')",kontɾadise,kontɾadise
90L_10NL,3,90L_10NL_3_1,0,280,"('s', 'ɡ', 's')",kontɾadese,kontɾadise
90L_10NL,3,90L_10NL_3_1,0,280,"('s', 'ɡ', 's')",kontɾadese,kontɾadise
90L_10NL,3,90L_10NL_3_1,1,280,"('s', 'ɡ', 's')",kontɾadise,kontɾadise
90L_10NL,3,90L_10NL_3_1,1,280,"('s', 'ɡ', 's')",kontɾadise,kontɾadise
90L_10NL,3,90L_10NL_3_1,1,1085,"('s', 's', 's')",kontɾadise,kontɾadise
90L_10NL,3,90L_10NL_3_1,1,1085,"('s', 's', 's')",kontɾadise,kontɾadise
90L_10NL,3,90L_10NL_3_1,1,280,"('s', 'ɡ', 's')",kontɾadise,kontɾadise
90L_10NL,3,90L_10NL_3_1,1,280,"('s', 'ɡ', 's')",kontɾadise,kontɾadise
90L_10NL,3,90L_10NL_3_1,1,280,"('s', 'ɡ', 's')",kontɾadise,kontɾadise
90L_10NL,3,90L_10NL_3_1,1,280,"('s', 'ɡ', 's')",kontɾadise,kontɾadise
90L_10NL,3,90L_10NL_3_1,1,280,"('s', 'ɡ', 's')",kontɾadise,kontɾadise
90L_10NL,3,90L_10NL_3_1,1,280,"('s', 'ɡ', 's')",kontɾadise,kontɾadise
90L_10NL,3,90L_10NL_3_1,1,280,"('s', 'ɡ', 's')",kontɾadise,kontɾadise
90L_10NL,3,90L_10NL_3_1,1,1085,"('s', 's', 's')",kontɾadise,kontɾadise
90L_10NL,3,90L_10NL_3_1,1,280,"('s', 'ɡ', 's')",kontɾadise,kontɾadise
90L_10NL,3,90L_10NL_3_1,1,280,"('s', 'ɡ', 's')",kontɾadise,kontɾadise
90L_10NL,3,90L_10NL_3_1,1,280,"('s', 'ɡ', 's')",kontɾadise,kontɾadise
90L_10NL,3,90L_10NL_3_1,1,280,"('s', 'ɡ', 's')",kontɾadise,kontɾadise
90L_10NL,3,90L_10NL_3_1,1,280,"('s', 'ɡ', 's')",kontɾadise,kontɾadise
90L_10NL,3,90L_10NL_3_1,1,280,"('s', 'ɡ', 's')",kontɾadise,kontɾadise
90L_10NL,3,90L_10NL_3_1,1,280,"('s', 'ɡ', 's')",kontɾadise,kontɾadise
90L_10NL,3,90L_10NL_3_1,1,280,"('s', 'ɡ', 's')",kontɾadise,kontɾadise
90L_10NL,3,90L_10NL_3_1,1,280,"('s', 'ɡ', 's')",kontɾadise,kontɾadise
90L_10NL,3,90L_10NL_3_1,1,280,"('s', 'ɡ', 's')",kontɾadise,kontɾadise
90L_10NL,3,90L_10NL_3_1,1,280,"('s', 'ɡ', 's')",kontɾadise,kontɾadise
90L_10NL,3,90L_10NL_3_1,1,280,"('s', 'ɡ', 's')",kontɾadise,kontɾadise
90L_10NL,3,90L_10NL_3_1,1,280,"('s', 'ɡ', 's')",kontɾadise,kontɾadise
90L_10NL,3,90L_10NL_3_1,1,280,"('s', 'ɡ', 's')",kontɾadise,kontɾadise
90L_10NL,3,90L_10NL_3_1,1,210,"('ɡ', 'ɡ', 's')",kontɾadise,kontɾadise
90L_10NL,3,90L_10NL_3_1,1,210,"('ɡ', 'ɡ', 's')",kontɾadise,kontɾadise
90L_10NL,3,90L_10NL_3_1,1,210,"('ɡ', 'ɡ', 's')",kontɾadise,kontɾadise
90L_10NL,3,90L_10NL_3_1,1,210,"('ɡ', 'ɡ', 's')",kontɾadise,kontɾadise
90L_10NL,3,90L_10NL_3_1,1,210,"('ɡ', 'ɡ', 's')",kontɾadise,kontɾadise
90L_10NL,3,90L_10NL_3_1,1,210,"('ɡ', 'ɡ', 's')",kontɾadise,kontɾadise
90L_10NL,3,90L_10NL_3_1,1,210,"('ɡ', 'ɡ', 's')",kontɾadise,kontɾadise
90L_10NL,3,90L_10NL_3_1,1,210,"('ɡ', 'ɡ', 's')",kontɾadise,kontɾadise
90L_10NL,3,90L_10NL_3_1,1,210,"('ɡ', 'ɡ', 's')",kontɾadise,kontɾadise
90L_10NL,3,90L_10NL_3_1,1,210,"('ɡ', 'ɡ', 's')",kontɾadise,kontɾadise
90L_10NL,3,90L_10NL_3_1,1,210,"('ɡ', 'ɡ', 's')",kontɾadise,kontɾadise
90L_10NL,3,90L_10NL_3_1,1,210,"('ɡ', 'ɡ', 's')",kontɾadise,kontɾadise
90L_10NL,3,90L_10NL_3_1,1,210,"('ɡ', 'ɡ', 's')",kontɾadise,kontɾadise
90L_10NL,3,90L_10NL_3_1,1,210,"('ɡ', 'ɡ', 's')",kontɾadise,kontɾadise
90L_10NL,3,90L_10NL_3_1,1,210,"('ɡ', 'ɡ', 's')",kontɾadise,kontɾadise
90L_10NL,3,90L_10NL_3_1,1,210,"('ɡ', 'ɡ', 's')",kontɾadise,kontɾadise
90L_10NL,3,90L_10NL_3_1,1,210,"('ɡ', 'ɡ', 's')",kontɾadise,kontɾadise
90L_10NL,3,90L_10NL_3_1,0,210,"('ɡ', 'ɡ', 's')",kontɾadeskajs,kontɾadise
90L_10NL,3,90L_10NL_3_1,0,210,"('ɡ', 'ɡ', 's')",kontɾadeskajs,kontɾadise
90L_10NL,3,90L_10NL_3_1,0,210,"('ɡ', 'ɡ', 's')",kontɾadeskajs,kontɾadise
90L_10NL,3,90L_10NL_3_1,0,210,"('ɡ', 'ɡ', 's')",kontɾadeskajs,kontɾadise
90L_10NL,3,90L_10NL_3_1,1,140,"('s', 's', 'ɡ')",kontɾadiɡajs,kontɾadiɡajs
90L_10NL,3,90L_10NL_3_1,1,140,"('s', 's', 'ɡ')",kontɾadiɡajs,kontɾadiɡajs
90L_10NL,3,90L_10NL_3_1,1,140,"('s', 's', 'ɡ')",kontɾadiɡajs,kontɾadiɡajs
90L_10NL,3,90L_10NL_3_1,1,140,"('s', 's', 'ɡ')",kontɾadiɡajs,kontɾadiɡajs
90L_10NL,3,90L_10NL_3_1,1,420,"('s', 'ɡ', 'ɡ')",kontɾadiɡajs,kontɾadiɡajs
90L_10NL,3,90L_10NL_3_1,1,420,"('s', 'ɡ', 'ɡ')",kontɾadiɡajs,kontɾadiɡajs
90L_10NL,3,90L_10NL_3_1,1,420,"('s', 'ɡ', 'ɡ')",kontɾadiɡajs,kontɾadiɡajs
90L_10NL,3,90L_10NL_3_1,0,420,"('s', 'ɡ', 'ɡ')",kontɾadeskajs,kontɾadiɡajs
90L_10NL,3,90L_10NL_3_1,0,420,"('s', 'ɡ', 'ɡ')",kontɾadeskajs,kontɾadiɡajs
90L_10NL,3,90L_10NL_3_1,1,420,"('s', 'ɡ', 'ɡ')",kontɾadiɡajs,kontɾadiɡajs
90L_10NL,3,90L_10NL_3_1,1,140,"('s', 's', 'ɡ')",kontɾadiɡajs,kontɾadiɡajs
90L_10NL,3,90L_10NL_3_1,1,140,"('s', 's', 'ɡ')",kontɾadiɡajs,kontɾadiɡajs
90L_10NL,3,90L_10NL_3_1,1,140,"('s', 's', 'ɡ')",kontɾadiɡajs,kontɾadiɡajs
90L_10NL,3,90L_10NL_3_1,1,420,"('s', 'ɡ', 'ɡ')",kontɾadiɡajs,kontɾadiɡajs
90L_10NL,3,90L_10NL_3_1,1,420,"('s', 'ɡ', 'ɡ')",kontɾadiɡajs,kontɾadiɡajs
90L_10NL,3,90L_10NL_3_1,1,420,"('s', 'ɡ', 'ɡ')",kontɾadiɡajs,kontɾadiɡajs
90L_10NL,3,90L_10NL_3_1,1,420,"('s', 'ɡ', 'ɡ')",kontɾadiɡajs,kontɾadiɡajs
90L_10NL,3,90L_10NL_3_1,1,420,"('s', 'ɡ', 'ɡ')",kontɾadiɡajs,kontɾadiɡajs
90L_10NL,3,90L_10NL_3_1,1,420,"('s', 'ɡ', 'ɡ')",kontɾadiɡajs,kontɾadiɡajs
90L_10NL,3,90L_10NL_3_1,1,140,"('s', 's', 'ɡ')",kontɾadiɡajs,kontɾadiɡajs
90L_10NL,3,90L_10NL_3_1,1,140,"('s', 's', 'ɡ')",kontɾadiɡajs,kontɾadiɡajs
90L_10NL,3,90L_10NL_3_1,1,420,"('s', 'ɡ', 'ɡ')",kontɾadiɡajs,kontɾadiɡajs
90L_10NL,3,90L_10NL_3_1,1,420,"('s', 'ɡ', 'ɡ')",kontɾadiɡajs,kontɾadiɡajs
90L_10NL,3,90L_10NL_3_1,1,420,"('s', 'ɡ', 'ɡ')",kontɾadiɡajs,kontɾadiɡajs
90L_10NL,3,90L_10NL_3_1,1,420,"('s', 'ɡ', 'ɡ')",kontɾadiɡajs,kontɾadiɡajs
90L_10NL,3,90L_10NL_3_1,1,420,"('s', 'ɡ', 'ɡ')",kontɾadiɡajs,kontɾadiɡajs
90L_10NL,3,90L_10NL_3_1,1,420,"('s', 'ɡ', 'ɡ')",kontɾadiɡajs,kontɾadiɡajs
90L_10NL,3,90L_10NL_3_1,1,140,"('s', 's', 'ɡ')",kontɾadiɡajs,kontɾadiɡajs
90L_10NL,3,90L_10NL_3_1,1,420,"('s', 'ɡ', 'ɡ')",kontɾadiɡajs,kontɾadiɡajs
90L_10NL,3,90L_10NL_3_1,1,420,"('s', 'ɡ', 'ɡ')",kontɾadiɡajs,kontɾadiɡajs
90L_10NL,3,90L_10NL_3_1,1,420,"('s', 'ɡ', 'ɡ')",kontɾadiɡajs,kontɾadiɡajs
90L_10NL,3,90L_10NL_3_1,1,420,"('s', 'ɡ', 'ɡ')",kontɾadiɡajs,kontɾadiɡajs
90L_10NL,3,90L_10NL_3_1,1,420,"('s', 'ɡ', 'ɡ')",kontɾadiɡajs,kontɾadiɡajs
90L_10NL,3,90L_10NL_3_1,1,420,"('s', 'ɡ', 'ɡ')",kontɾadiɡajs,kontɾadiɡajs
90L_10NL,3,90L_10NL_3_1,1,420,"('s', 'ɡ', 'ɡ')",kontɾadiɡajs,kontɾadiɡajs
90L_10NL,3,90L_10NL_3_1,1,420,"('s', 'ɡ', 'ɡ')",kontɾadiɡajs,kontɾadiɡajs
90L_10NL,3,90L_10NL_3_1,1,420,"('s', 'ɡ', 'ɡ')",kontɾadiɡajs,kontɾadiɡajs
90L_10NL,3,90L_10NL_3_1,1,420,"('s', 'ɡ', 'ɡ')",kontɾadiɡajs,kontɾadiɡajs
90L_10NL,3,90L_10NL_3_1,1,420,"('s', 'ɡ', 'ɡ')",kontɾadiɡajs,kontɾadiɡajs
90L_10NL,3,90L_10NL_3_1,1,420,"('s', 'ɡ', 'ɡ')",kontɾadiɡajs,kontɾadiɡajs
90L_10NL,3,90L_10NL_3_1,1,210,"('ɡ', 'ɡ', 'ɡ')",kontɾadiɡajs,kontɾadiɡajs
90L_10NL,3,90L_10NL_3_1,1,210,"('ɡ', 'ɡ', 'ɡ')",kontɾadiɡajs,kontɾadiɡajs
90L_10NL,3,90L_10NL_3_1,1,210,"('ɡ', 'ɡ', 'ɡ')",kontɾadiɡajs,kontɾadiɡajs
90L_10NL,3,90L_10NL_3_1,1,210,"('ɡ', 'ɡ', 'ɡ')",kontɾadiɡajs,kontɾadiɡajs
90L_10NL,3,90L_10NL_3_1,1,210,"('ɡ', 'ɡ', 'ɡ')",kontɾadiɡajs,kontɾadiɡajs
90L_10NL,3,90L_10NL_3_1,1,210,"('ɡ', 'ɡ', 'ɡ')",kontɾadiɡajs,kontɾadiɡajs
90L_10NL,3,90L_10NL_3_1,1,210,"('ɡ', 'ɡ', 'ɡ')",kontɾadiɡajs,kontɾadiɡajs
90L_10NL,3,90L_10NL_3_1,1,210,"('ɡ', 'ɡ', 'ɡ')",kontɾadiɡajs,kontɾadiɡajs
90L_10NL,3,90L_10NL_3_1,1,210,"('ɡ', 'ɡ', 'ɡ')",kontɾadiɡajs,kontɾadiɡajs
90L_10NL,3,90L_10NL_3_1,1,210,"('ɡ', 'ɡ', 'ɡ')",kontɾadiɡajs,kontɾadiɡajs
90L_10NL,3,90L_10NL_3_1,1,210,"('ɡ', 'ɡ', 'ɡ')",kontɾadiɡajs,kontɾadiɡajs
90L_10NL,3,90L_10NL_3_1,0,210,"('ɡ', 'ɡ', 'ɡ')",kontɾadeskamos,kontɾadiɡajs
90L_10NL,3,90L_10NL_3_1,0,210,"('ɡ', 'ɡ', 'ɡ')",kontɾadeskamos,kontɾadiɡajs
90L_10NL,3,90L_10NL_3_1,0,210,"('ɡ', 'ɡ', 'ɡ')",kontɾadeskamos,kontɾadiɡajs
90L_10NL,3,90L_10NL_3_1,0,210,"('ɡ', 'ɡ', 'ɡ')",kontɾadeskamos,kontɾadiɡajs
90L_10NL,3,90L_10NL_3_1,1,140,"('s', 's', 'ɡ')",kontɾadiɡamos,kontɾadiɡamos
90L_10NL,3,90L_10NL_3_1,1,140,"('s', 's', 'ɡ')",kontɾadiɡamos,kontɾadiɡamos
90L_10NL,3,90L_10NL_3_1,1,140,"('s', 's', 'ɡ')",kontɾadiɡamos,kontɾadiɡamos
90L_10NL,3,90L_10NL_3_1,1,140,"('s', 's', 'ɡ')",kontɾadiɡamos,kontɾadiɡamos
90L_10NL,3,90L_10NL_3_1,1,420,"('s', 'ɡ', 'ɡ')",kontɾadiɡamos,kontɾadiɡamos
90L_10NL,3,90L_10NL_3_1,1,420,"('s', 'ɡ', 'ɡ')",kontɾadiɡamos,kontɾadiɡamos
90L_10NL,3,90L_10NL_3_1,1,420,"('s', 'ɡ', 'ɡ')",kontɾadiɡamos,kontɾadiɡamos
90L_10NL,3,90L_10NL_3_1,1,420,"('s', 'ɡ', 'ɡ')",kontɾadiɡamos,kontɾadiɡamos
90L_10NL,3,90L_10NL_3_1,0,420,"('s', 'ɡ', 'ɡ')",kontɾadeskamos,kontɾadiɡamos
90L_10NL,3,90L_10NL_3_1,1,420,"('s', 'ɡ', 'ɡ')",kontɾadiɡamos,kontɾadiɡamos
90L_10NL,3,90L_10NL_3_1,1,140,"('s', 's', 'ɡ')",kontɾadiɡamos,kontɾadiɡamos
90L_10NL,3,90L_10NL_3_1,1,140,"('s', 's', 'ɡ')",kontɾadiɡamos,kontɾadiɡamos
90L_10NL,3,90L_10NL_3_1,1,140,"('s', 's', 'ɡ')",kontɾadiɡamos,kontɾadiɡamos
90L_10NL,3,90L_10NL_3_1,1,420,"('s', 'ɡ', 'ɡ')",kontɾadiɡamos,kontɾadiɡamos
90L_10NL,3,90L_10NL_3_1,1,420,"('s', 'ɡ', 'ɡ')",kontɾadiɡamos,kontɾadiɡamos
90L_10NL,3,90L_10NL_3_1,1,420,"('s', 'ɡ', 'ɡ')",kontɾadiɡamos,kontɾadiɡamos
90L_10NL,3,90L_10NL_3_1,1,420,"('s', 'ɡ', 'ɡ')",kontɾadiɡamos,kontɾadiɡamos
90L_10NL,3,90L_10NL_3_1,1,420,"('s', 'ɡ', 'ɡ')",kontɾadiɡamos,kontɾadiɡamos
90L_10NL,3,90L_10NL_3_1,1,420,"('s', 'ɡ', 'ɡ')",kontɾadiɡamos,kontɾadiɡamos
90L_10NL,3,90L_10NL_3_1,1,140,"('s', 's', 'ɡ')",kontɾadiɡamos,kontɾadiɡamos
90L_10NL,3,90L_10NL_3_1,1,140,"('s', 's', 'ɡ')",kontɾadiɡamos,kontɾadiɡamos
90L_10NL,3,90L_10NL_3_1,1,420,"('s', 'ɡ', 'ɡ')",kontɾadiɡamos,kontɾadiɡamos
90L_10NL,3,90L_10NL_3_1,1,420,"('s', 'ɡ', 'ɡ')",kontɾadiɡamos,kontɾadiɡamos
90L_10NL,3,90L_10NL_3_1,1,420,"('s', 'ɡ', 'ɡ')",kontɾadiɡamos,kontɾadiɡamos
90L_10NL,3,90L_10NL_3_1,1,420,"('s', 'ɡ', 'ɡ')",kontɾadiɡamos,kontɾadiɡamos
90L_10NL,3,90L_10NL_3_1,1,420,"('s', 'ɡ', 'ɡ')",kontɾadiɡamos,kontɾadiɡamos
90L_10NL,3,90L_10NL_3_1,1,420,"('s', 'ɡ', 'ɡ')",kontɾadiɡamos,kontɾadiɡamos
90L_10NL,3,90L_10NL_3_1,1,140,"('s', 's', 'ɡ')",kontɾadiɡamos,kontɾadiɡamos
90L_10NL,3,90L_10NL_3_1,1,420,"('s', 'ɡ', 'ɡ')",kontɾadiɡamos,kontɾadiɡamos
90L_10NL,3,90L_10NL_3_1,1,420,"('s', 'ɡ', 'ɡ')",kontɾadiɡamos,kontɾadiɡamos
90L_10NL,3,90L_10NL_3_1,1,420,"('s', 'ɡ', 'ɡ')",kontɾadiɡamos,kontɾadiɡamos
90L_10NL,3,90L_10NL_3_1,1,420,"('s', 'ɡ', 'ɡ')",kontɾadiɡamos,kontɾadiɡamos
90L_10NL,3,90L_10NL_3_1,1,420,"('s', 'ɡ', 'ɡ')",kontɾadiɡamos,kontɾadiɡamos
90L_10NL,3,90L_10NL_3_1,1,420,"('s', 'ɡ', 'ɡ')",kontɾadiɡamos,kontɾadiɡamos
90L_10NL,3,90L_10NL_3_1,1,420,"('s', 'ɡ', 'ɡ')",kontɾadiɡamos,kontɾadiɡamos
90L_10NL,3,90L_10NL_3_1,1,420,"('s', 'ɡ', 'ɡ')",kontɾadiɡamos,kontɾadiɡamos
90L_10NL,3,90L_10NL_3_1,1,420,"('s', 'ɡ', 'ɡ')",kontɾadiɡamos,kontɾadiɡamos
90L_10NL,3,90L_10NL_3_1,1,420,"('s', 'ɡ', 'ɡ')",kontɾadiɡamos,kontɾadiɡamos
90L_10NL,3,90L_10NL_3_1,1,420,"('s', 'ɡ', 'ɡ')",kontɾadiɡamos,kontɾadiɡamos
90L_10NL,3,90L_10NL_3_1,1,420,"('s', 'ɡ', 'ɡ')",kontɾadiɡamos,kontɾadiɡamos
90L_10NL,3,90L_10NL_3_1,1,210,"('ɡ', 'ɡ', 'ɡ')",kontɾadiɡamos,kontɾadiɡamos
90L_10NL,3,90L_10NL_3_1,1,210,"('ɡ', 'ɡ', 'ɡ')",kontɾadiɡamos,kontɾadiɡamos
90L_10NL,3,90L_10NL_3_1,1,210,"('ɡ', 'ɡ', 'ɡ')",kontɾadiɡamos,kontɾadiɡamos
90L_10NL,3,90L_10NL_3_1,1,210,"('ɡ', 'ɡ', 'ɡ')",kontɾadiɡamos,kontɾadiɡamos
90L_10NL,3,90L_10NL_3_1,1,210,"('ɡ', 'ɡ', 'ɡ')",kontɾadiɡamos,kontɾadiɡamos
90L_10NL,3,90L_10NL_3_1,1,210,"('ɡ', 'ɡ', 'ɡ')",kontɾadiɡamos,kontɾadiɡamos
90L_10NL,3,90L_10NL_3_1,1,210,"('ɡ', 'ɡ', 'ɡ')",kontɾadiɡamos,kontɾadiɡamos
90L_10NL,3,90L_10NL_3_1,1,210,"('ɡ', 'ɡ', 'ɡ')",kontɾadiɡamos,kontɾadiɡamos
90L_10NL,3,90L_10NL_3_1,1,210,"('ɡ', 'ɡ', 'ɡ')",kontɾadiɡamos,kontɾadiɡamos
90L_10NL,3,90L_10NL_3_1,1,210,"('ɡ', 'ɡ', 'ɡ')",kontɾadiɡamos,kontɾadiɡamos
90L_10NL,3,90L_10NL_3_1,1,210,"('ɡ', 'ɡ', 'ɡ')",kontɾadiɡamos,kontɾadiɡamos
90L_10NL,3,90L_10NL_3_1,0,210,"('ɡ', 'ɡ', 'ɡ')",kontɾadeskan,kontɾadiɡamos
90L_10NL,3,90L_10NL_3_1,0,210,"('ɡ', 'ɡ', 'ɡ')",kontɾadeskan,kontɾadiɡamos
90L_10NL,3,90L_10NL_3_1,0,210,"('ɡ', 'ɡ', 'ɡ')",kontɾadeskan,kontɾadiɡamos
90L_10NL,3,90L_10NL_3_1,0,210,"('ɡ', 'ɡ', 'ɡ')",kontɾadeskan,kontɾadiɡamos
90L_10NL,3,90L_10NL_3_1,1,140,"('s', 's', 'ɡ')",kontɾadiɡan,kontɾadiɡan
90L_10NL,3,90L_10NL_3_1,1,140,"('s', 's', 'ɡ')",kontɾadiɡan,kontɾadiɡan
90L_10NL,3,90L_10NL_3_1,1,140,"('s', 's', 'ɡ')",kontɾadiɡan,kontɾadiɡan
90L_10NL,3,90L_10NL_3_1,1,140,"('s', 's', 'ɡ')",kontɾadiɡan,kontɾadiɡan
90L_10NL,3,90L_10NL_3_1,1,420,"('s', 'ɡ', 'ɡ')",kontɾadiɡan,kontɾadiɡan
90L_10NL,3,90L_10NL_3_1,1,420,"('s', 'ɡ', 'ɡ')",kontɾadiɡan,kontɾadiɡan
90L_10NL,3,90L_10NL_3_1,0,420,"('s', 'ɡ', 'ɡ')",kontɾadeskan,kontɾadiɡan
90L_10NL,3,90L_10NL_3_1,0,420,"('s', 'ɡ', 'ɡ')",kontɾadeskan,kontɾadiɡan
90L_10NL,3,90L_10NL_3_1,0,420,"('s', 'ɡ', 'ɡ')",kontɾadeskan,kontɾadiɡan
90L_10NL,3,90L_10NL_3_1,1,420,"('s', 'ɡ', 'ɡ')",kontɾadiɡan,kontɾadiɡan
90L_10NL,3,90L_10NL_3_1,1,140,"('s', 's', 'ɡ')",kontɾadiɡan,kontɾadiɡan
90L_10NL,3,90L_10NL_3_1,1,140,"('s', 's', 'ɡ')",kontɾadiɡan,kontɾadiɡan
90L_10NL,3,90L_10NL_3_1,1,140,"('s', 's', 'ɡ')",kontɾadiɡan,kontɾadiɡan
90L_10NL,3,90L_10NL_3_1,1,420,"('s', 'ɡ', 'ɡ')",kontɾadiɡan,kontɾadiɡan
90L_10NL,3,90L_10NL_3_1,1,420,"('s', 'ɡ', 'ɡ')",kontɾadiɡan,kontɾadiɡan
90L_10NL,3,90L_10NL_3_1,1,420,"('s', 'ɡ', 'ɡ')",kontɾadiɡan,kontɾadiɡan
90L_10NL,3,90L_10NL_3_1,1,420,"('s', 'ɡ', 'ɡ')",kontɾadiɡan,kontɾadiɡan
90L_10NL,3,90L_10NL_3_1,1,420,"('s', 'ɡ', 'ɡ')",kontɾadiɡan,kontɾadiɡan
90L_10NL,3,90L_10NL_3_1,1,420,"('s', 'ɡ', 'ɡ')",kontɾadiɡan,kontɾadiɡan
90L_10NL,3,90L_10NL_3_1,1,140,"('s', 's', 'ɡ')",kontɾadiɡan,kontɾadiɡan
90L_10NL,3,90L_10NL_3_1,1,140,"('s', 's', 'ɡ')",kontɾadiɡan,kontɾadiɡan
90L_10NL,3,90L_10NL_3_1,1,420,"('s', 'ɡ', 'ɡ')",kontɾadiɡan,kontɾadiɡan
90L_10NL,3,90L_10NL_3_1,1,420,"('s', 'ɡ', 'ɡ')",kontɾadiɡan,kontɾadiɡan
90L_10NL,3,90L_10NL_3_1,1,420,"('s', 'ɡ', 'ɡ')",kontɾadiɡan,kontɾadiɡan
90L_10NL,3,90L_10NL_3_1,1,420,"('s', 'ɡ', 'ɡ')",kontɾadiɡan,kontɾadiɡan
90L_10NL,3,90L_10NL_3_1,1,420,"('s', 'ɡ', 'ɡ')",kontɾadiɡan,kontɾadiɡan
90L_10NL,3,90L_10NL_3_1,1,420,"('s', 'ɡ', 'ɡ')",kontɾadiɡan,kontɾadiɡan
90L_10NL,3,90L_10NL_3_1,1,140,"('s', 's', 'ɡ')",kontɾadiɡan,kontɾadiɡan
90L_10NL,3,90L_10NL_3_1,1,420,"('s', 'ɡ', 'ɡ')",kontɾadiɡan,kontɾadiɡan
90L_10NL,3,90L_10NL_3_1,1,420,"('s', 'ɡ', 'ɡ')",kontɾadiɡan,kontɾadiɡan
90L_10NL,3,90L_10NL_3_1,1,420,"('s', 'ɡ', 'ɡ')",kontɾadiɡan,kontɾadiɡan
90L_10NL,3,90L_10NL_3_1,1,420,"('s', 'ɡ', 'ɡ')",kontɾadiɡan,kontɾadiɡan
90L_10NL,3,90L_10NL_3_1,1,420,"('s', 'ɡ', 'ɡ')",kontɾadiɡan,kontɾadiɡan
90L_10NL,3,90L_10NL_3_1,1,420,"('s', 'ɡ', 'ɡ')",kontɾadiɡan,kontɾadiɡan
90L_10NL,3,90L_10NL_3_1,1,420,"('s', 'ɡ', 'ɡ')",kontɾadiɡan,kontɾadiɡan
90L_10NL,3,90L_10NL_3_1,1,420,"('s', 'ɡ', 'ɡ')",kontɾadiɡan,kontɾadiɡan
90L_10NL,3,90L_10NL_3_1,1,420,"('s', 'ɡ', 'ɡ')",kontɾadiɡan,kontɾadiɡan
90L_10NL,3,90L_10NL_3_1,1,420,"('s', 'ɡ', 'ɡ')",kontɾadiɡan,kontɾadiɡan
90L_10NL,3,90L_10NL_3_1,1,420,"('s', 'ɡ', 'ɡ')",kontɾadiɡan,kontɾadiɡan
90L_10NL,3,90L_10NL_3_1,1,420,"('s', 'ɡ', 'ɡ')",kontɾadiɡan,kontɾadiɡan
90L_10NL,3,90L_10NL_3_1,1,210,"('ɡ', 'ɡ', 'ɡ')",kontɾadiɡan,kontɾadiɡan
90L_10NL,3,90L_10NL_3_1,1,210,"('ɡ', 'ɡ', 'ɡ')",kontɾadiɡan,kontɾadiɡan
90L_10NL,3,90L_10NL_3_1,1,210,"('ɡ', 'ɡ', 'ɡ')",kontɾadiɡan,kontɾadiɡan
90L_10NL,3,90L_10NL_3_1,1,210,"('ɡ', 'ɡ', 'ɡ')",kontɾadiɡan,kontɾadiɡan
90L_10NL,3,90L_10NL_3_1,1,210,"('ɡ', 'ɡ', 'ɡ')",kontɾadiɡan,kontɾadiɡan
90L_10NL,3,90L_10NL_3_1,1,210,"('ɡ', 'ɡ', 'ɡ')",kontɾadiɡan,kontɾadiɡan
90L_10NL,3,90L_10NL_3_1,1,210,"('ɡ', 'ɡ', 'ɡ')",kontɾadiɡan,kontɾadiɡan
90L_10NL,3,90L_10NL_3_1,1,210,"('ɡ', 'ɡ', 'ɡ')",kontɾadiɡan,kontɾadiɡan
90L_10NL,3,90L_10NL_3_1,1,210,"('ɡ', 'ɡ', 'ɡ')",kontɾadiɡan,kontɾadiɡan
90L_10NL,3,90L_10NL_3_1,1,210,"('ɡ', 'ɡ', 'ɡ')",kontɾadiɡan,kontɾadiɡan
90L_10NL,3,90L_10NL_3_1,1,210,"('ɡ', 'ɡ', 'ɡ')",kontɾadiɡan,kontɾadiɡan
90L_10NL,3,90L_10NL_3_1,0,210,"('ɡ', 'ɡ', 'ɡ')",kontɾadeskas,kontɾadiɡan
90L_10NL,3,90L_10NL_3_1,0,210,"('ɡ', 'ɡ', 'ɡ')",kontɾadeskas,kontɾadiɡan
90L_10NL,3,90L_10NL_3_1,0,210,"('ɡ', 'ɡ', 'ɡ')",kontɾadeskas,kontɾadiɡan
90L_10NL,3,90L_10NL_3_1,0,210,"('ɡ', 'ɡ', 'ɡ')",kontɾadeskas,kontɾadiɡan
90L_10NL,3,90L_10NL_3_1,1,140,"('s', 's', 'ɡ')",kontɾadiɡas,kontɾadiɡas
90L_10NL,3,90L_10NL_3_1,1,140,"('s', 's', 'ɡ')",kontɾadiɡas,kontɾadiɡas
90L_10NL,3,90L_10NL_3_1,1,140,"('s', 's', 'ɡ')",kontɾadiɡas,kontɾadiɡas
90L_10NL,3,90L_10NL_3_1,1,140,"('s', 's', 'ɡ')",kontɾadiɡas,kontɾadiɡas
90L_10NL,3,90L_10NL_3_1,1,420,"('s', 'ɡ', 'ɡ')",kontɾadiɡas,kontɾadiɡas
90L_10NL,3,90L_10NL_3_1,1,420,"('s', 'ɡ', 'ɡ')",kontɾadiɡas,kontɾadiɡas
90L_10NL,3,90L_10NL_3_1,0,420,"('s', 'ɡ', 'ɡ')",kontɾadeskas,kontɾadiɡas
90L_10NL,3,90L_10NL_3_1,0,420,"('s', 'ɡ', 'ɡ')",kontɾadeskas,kontɾadiɡas
90L_10NL,3,90L_10NL_3_1,0,420,"('s', 'ɡ', 'ɡ')",kontɾadeskas,kontɾadiɡas
90L_10NL,3,90L_10NL_3_1,1,420,"('s', 'ɡ', 'ɡ')",kontɾadiɡas,kontɾadiɡas
90L_10NL,3,90L_10NL_3_1,1,140,"('s', 's', 'ɡ')",kontɾadiɡas,kontɾadiɡas
90L_10NL,3,90L_10NL_3_1,1,140,"('s', 's', 'ɡ')",kontɾadiɡas,kontɾadiɡas
90L_10NL,3,90L_10NL_3_1,1,140,"('s', 's', 'ɡ')",kontɾadiɡas,kontɾadiɡas
90L_10NL,3,90L_10NL_3_1,1,420,"('s', 'ɡ', 'ɡ')",kontɾadiɡas,kontɾadiɡas
90L_10NL,3,90L_10NL_3_1,1,420,"('s', 'ɡ', 'ɡ')",kontɾadiɡas,kontɾadiɡas
90L_10NL,3,90L_10NL_3_1,1,420,"('s', 'ɡ', 'ɡ')",kontɾadiɡas,kontɾadiɡas
90L_10NL,3,90L_10NL_3_1,1,420,"('s', 'ɡ', 'ɡ')",kontɾadiɡas,kontɾadiɡas
90L_10NL,3,90L_10NL_3_1,1,420,"('s', 'ɡ', 'ɡ')",kontɾadiɡas,kontɾadiɡas
90L_10NL,3,90L_10NL_3_1,1,420,"('s', 'ɡ', 'ɡ')",kontɾadiɡas,kontɾadiɡas
90L_10NL,3,90L_10NL_3_1,1,140,"('s', 's', 'ɡ')",kontɾadiɡas,kontɾadiɡas
90L_10NL,3,90L_10NL_3_1,1,140,"('s', 's', 'ɡ')",kontɾadiɡas,kontɾadiɡas
90L_10NL,3,90L_10NL_3_1,1,420,"('s', 'ɡ', 'ɡ')",kontɾadiɡas,kontɾadiɡas
90L_10NL,3,90L_10NL_3_1,1,420,"('s', 'ɡ', 'ɡ')",kontɾadiɡas,kontɾadiɡas
90L_10NL,3,90L_10NL_3_1,1,420,"('s', 'ɡ', 'ɡ')",kontɾadiɡas,kontɾadiɡas
90L_10NL,3,90L_10NL_3_1,1,420,"('s', 'ɡ', 'ɡ')",kontɾadiɡas,kontɾadiɡas
90L_10NL,3,90L_10NL_3_1,1,420,"('s', 'ɡ', 'ɡ')",kontɾadiɡas,kontɾadiɡas
90L_10NL,3,90L_10NL_3_1,1,420,"('s', 'ɡ', 'ɡ')",kontɾadiɡas,kontɾadiɡas
90L_10NL,3,90L_10NL_3_1,1,140,"('s', 's', 'ɡ')",kontɾadiɡas,kontɾadiɡas
90L_10NL,3,90L_10NL_3_1,1,420,"('s', 'ɡ', 'ɡ')",kontɾadiɡas,kontɾadiɡas
90L_10NL,3,90L_10NL_3_1,1,420,"('s', 'ɡ', 'ɡ')",kontɾadiɡas,kontɾadiɡas
90L_10NL,3,90L_10NL_3_1,1,420,"('s', 'ɡ', 'ɡ')",kontɾadiɡas,kontɾadiɡas
90L_10NL,3,90L_10NL_3_1,1,420,"('s', 'ɡ', 'ɡ')",kontɾadiɡas,kontɾadiɡas
90L_10NL,3,90L_10NL_3_1,1,420,"('s', 'ɡ', 'ɡ')",kontɾadiɡas,kontɾadiɡas
90L_10NL,3,90L_10NL_3_1,1,420,"('s', 'ɡ', 'ɡ')",kontɾadiɡas,kontɾadiɡas
90L_10NL,3,90L_10NL_3_1,1,420,"('s', 'ɡ', 'ɡ')",kontɾadiɡas,kontɾadiɡas
90L_10NL,3,90L_10NL_3_1,1,420,"('s', 'ɡ', 'ɡ')",kontɾadiɡas,kontɾadiɡas
90L_10NL,3,90L_10NL_3_1,1,420,"('s', 'ɡ', 'ɡ')",kontɾadiɡas,kontɾadiɡas
90L_10NL,3,90L_10NL_3_1,1,420,"('s', 'ɡ', 'ɡ')",kontɾadiɡas,kontɾadiɡas
90L_10NL,3,90L_10NL_3_1,1,420,"('s', 'ɡ', 'ɡ')",kontɾadiɡas,kontɾadiɡas
90L_10NL,3,90L_10NL_3_1,1,420,"('s', 'ɡ', 'ɡ')",kontɾadiɡas,kontɾadiɡas
90L_10NL,3,90L_10NL_3_1,1,210,"('ɡ', 'ɡ', 'ɡ')",kontɾadiɡas,kontɾadiɡas
90L_10NL,3,90L_10NL_3_1,1,210,"('ɡ', 'ɡ', 'ɡ')",kontɾadiɡas,kontɾadiɡas
90L_10NL,3,90L_10NL_3_1,1,210,"('ɡ', 'ɡ', 'ɡ')",kontɾadiɡas,kontɾadiɡas
90L_10NL,3,90L_10NL_3_1,1,210,"('ɡ', 'ɡ', 'ɡ')",kontɾadiɡas,kontɾadiɡas
90L_10NL,3,90L_10NL_3_1,1,210,"('ɡ', 'ɡ', 'ɡ')",kontɾadiɡas,kontɾadiɡas
90L_10NL,3,90L_10NL_3_1,1,210,"('ɡ', 'ɡ', 'ɡ')",kontɾadiɡas,kontɾadiɡas
90L_10NL,3,90L_10NL_3_1,1,210,"('ɡ', 'ɡ', 'ɡ')",kontɾadiɡas,kontɾadiɡas
90L_10NL,3,90L_10NL_3_1,1,210,"('ɡ', 'ɡ', 'ɡ')",kontɾadiɡas,kontɾadiɡas
90L_10NL,3,90L_10NL_3_1,1,210,"('ɡ', 'ɡ', 'ɡ')",kontɾadiɡas,kontɾadiɡas
90L_10NL,3,90L_10NL_3_1,1,210,"('ɡ', 'ɡ', 'ɡ')",kontɾadiɡas,kontɾadiɡas
90L_10NL,3,90L_10NL_3_1,1,210,"('ɡ', 'ɡ', 'ɡ')",kontɾadiɡas,kontɾadiɡas
90L_10NL,3,90L_10NL_3_1,0,210,"('ɡ', 'ɡ', 'ɡ')",kontɾadeska,kontɾadiɡas
90L_10NL,3,90L_10NL_3_1,0,210,"('ɡ', 'ɡ', 'ɡ')",kontɾadeska,kontɾadiɡas
90L_10NL,3,90L_10NL_3_1,0,210,"('ɡ', 'ɡ', 'ɡ')",kontɾadeska,kontɾadiɡas
90L_10NL,3,90L_10NL_3_1,0,210,"('ɡ', 'ɡ', 'ɡ')",kontɾadeska,kontɾadiɡas
90L_10NL,3,90L_10NL_3_1,1,140,"('s', 's', 'ɡ')",kontɾadiɡa,kontɾadiɡa
90L_10NL,3,90L_10NL_3_1,1,140,"('s', 's', 'ɡ')",kontɾadiɡa,kontɾadiɡa
90L_10NL,3,90L_10NL_3_1,1,140,"('s', 's', 'ɡ')",kontɾadiɡa,kontɾadiɡa
90L_10NL,3,90L_10NL_3_1,1,140,"('s', 's', 'ɡ')",kontɾadiɡa,kontɾadiɡa
90L_10NL,3,90L_10NL_3_1,0,420,"('s', 'ɡ', 'ɡ')",kontɾadeska,kontɾadiɡa
90L_10NL,3,90L_10NL_3_1,1,420,"('s', 'ɡ', 'ɡ')",kontɾadiɡa,kontɾadiɡa
90L_10NL,3,90L_10NL_3_1,0,420,"('s', 'ɡ', 'ɡ')",kontɾadeska,kontɾadiɡa
90L_10NL,3,90L_10NL_3_1,0,420,"('s', 'ɡ', 'ɡ')",kontɾadeska,kontɾadiɡa
90L_10NL,3,90L_10NL_3_1,0,420,"('s', 'ɡ', 'ɡ')",kontɾadeska,kontɾadiɡa
90L_10NL,3,90L_10NL_3_1,1,420,"('s', 'ɡ', 'ɡ')",kontɾadiɡa,kontɾadiɡa
90L_10NL,3,90L_10NL_3_1,1,140,"('s', 's', 'ɡ')",kontɾadiɡa,kontɾadiɡa
90L_10NL,3,90L_10NL_3_1,1,140,"('s', 's', 'ɡ')",kontɾadiɡa,kontɾadiɡa
90L_10NL,3,90L_10NL_3_1,1,140,"('s', 's', 'ɡ')",kontɾadiɡa,kontɾadiɡa
90L_10NL,3,90L_10NL_3_1,1,420,"('s', 'ɡ', 'ɡ')",kontɾadiɡa,kontɾadiɡa
90L_10NL,3,90L_10NL_3_1,1,420,"('s', 'ɡ', 'ɡ')",kontɾadiɡa,kontɾadiɡa
90L_10NL,3,90L_10NL_3_1,1,420,"('s', 'ɡ', 'ɡ')",kontɾadiɡa,kontɾadiɡa
90L_10NL,3,90L_10NL_3_1,1,420,"('s', 'ɡ', 'ɡ')",kontɾadiɡa,kontɾadiɡa
90L_10NL,3,90L_10NL_3_1,1,420,"('s', 'ɡ', 'ɡ')",kontɾadiɡa,kontɾadiɡa
90L_10NL,3,90L_10NL_3_1,1,420,"('s', 'ɡ', 'ɡ')",kontɾadiɡa,kontɾadiɡa
90L_10NL,3,90L_10NL_3_1,1,140,"('s', 's', 'ɡ')",kontɾadiɡa,kontɾadiɡa
90L_10NL,3,90L_10NL_3_1,1,140,"('s', 's', 'ɡ')",kontɾadiɡa,kontɾadiɡa
90L_10NL,3,90L_10NL_3_1,1,420,"('s', 'ɡ', 'ɡ')",kontɾadiɡa,kontɾadiɡa
90L_10NL,3,90L_10NL_3_1,1,420,"('s', 'ɡ', 'ɡ')",kontɾadiɡa,kontɾadiɡa
90L_10NL,3,90L_10NL_3_1,1,420,"('s', 'ɡ', 'ɡ')",kontɾadiɡa,kontɾadiɡa
90L_10NL,3,90L_10NL_3_1,1,420,"('s', 'ɡ', 'ɡ')",kontɾadiɡa,kontɾadiɡa
90L_10NL,3,90L_10NL_3_1,1,420,"('s', 'ɡ', 'ɡ')",kontɾadiɡa,kontɾadiɡa
90L_10NL,3,90L_10NL_3_1,1,420,"('s', 'ɡ', 'ɡ')",kontɾadiɡa,kontɾadiɡa
90L_10NL,3,90L_10NL_3_1,1,140,"('s', 's', 'ɡ')",kontɾadiɡa,kontɾadiɡa
90L_10NL,3,90L_10NL_3_1,1,420,"('s', 'ɡ', 'ɡ')",kontɾadiɡa,kontɾadiɡa
90L_10NL,3,90L_10NL_3_1,1,420,"('s', 'ɡ', 'ɡ')",kontɾadiɡa,kontɾadiɡa
90L_10NL,3,90L_10NL_3_1,1,420,"('s', 'ɡ', 'ɡ')",kontɾadiɡa,kontɾadiɡa
90L_10NL,3,90L_10NL_3_1,1,420,"('s', 'ɡ', 'ɡ')",kontɾadiɡa,kontɾadiɡa
90L_10NL,3,90L_10NL_3_1,1,420,"('s', 'ɡ', 'ɡ')",kontɾadiɡa,kontɾadiɡa
90L_10NL,3,90L_10NL_3_1,1,420,"('s', 'ɡ', 'ɡ')",kontɾadiɡa,kontɾadiɡa
90L_10NL,3,90L_10NL_3_1,1,420,"('s', 'ɡ', 'ɡ')",kontɾadiɡa,kontɾadiɡa
90L_10NL,3,90L_10NL_3_1,1,420,"('s', 'ɡ', 'ɡ')",kontɾadiɡa,kontɾadiɡa
90L_10NL,3,90L_10NL_3_1,1,420,"('s', 'ɡ', 'ɡ')",kontɾadiɡa,kontɾadiɡa
90L_10NL,3,90L_10NL_3_1,1,420,"('s', 'ɡ', 'ɡ')",kontɾadiɡa,kontɾadiɡa
90L_10NL,3,90L_10NL_3_1,1,420,"('s', 'ɡ', 'ɡ')",kontɾadiɡa,kontɾadiɡa
90L_10NL,3,90L_10NL_3_1,1,420,"('s', 'ɡ', 'ɡ')",kontɾadiɡa,kontɾadiɡa
90L_10NL,3,90L_10NL_3_1,1,210,"('ɡ', 'ɡ', 'ɡ')",kontɾadiɡa,kontɾadiɡa
90L_10NL,3,90L_10NL_3_1,1,210,"('ɡ', 'ɡ', 'ɡ')",kontɾadiɡa,kontɾadiɡa
90L_10NL,3,90L_10NL_3_1,1,210,"('ɡ', 'ɡ', 'ɡ')",kontɾadiɡa,kontɾadiɡa
90L_10NL,3,90L_10NL_3_1,1,210,"('ɡ', 'ɡ', 'ɡ')",kontɾadiɡa,kontɾadiɡa
90L_10NL,3,90L_10NL_3_1,1,210,"('ɡ', 'ɡ', 'ɡ')",kontɾadiɡa,kontɾadiɡa
90L_10NL,3,90L_10NL_3_1,1,210,"('ɡ', 'ɡ', 'ɡ')",kontɾadiɡa,kontɾadiɡa
90L_10NL,3,90L_10NL_3_1,1,210,"('ɡ', 'ɡ', 'ɡ')",kontɾadiɡa,kontɾadiɡa
90L_10NL,3,90L_10NL_3_1,1,210,"('ɡ', 'ɡ', 'ɡ')",kontɾadiɡa,kontɾadiɡa
90L_10NL,3,90L_10NL_3_1,1,210,"('ɡ', 'ɡ', 'ɡ')",kontɾadiɡa,kontɾadiɡa
90L_10NL,3,90L_10NL_3_1,1,210,"('ɡ', 'ɡ', 'ɡ')",kontɾadiɡa,kontɾadiɡa
90L_10NL,3,90L_10NL_3_1,1,210,"('ɡ', 'ɡ', 'ɡ')",kontɾadiɡa,kontɾadiɡa
90L_10NL,3,90L_10NL_3_1,0,210,"('ɡ', 'ɡ', 'ɡ')",kontɾadeska,kontɾadiɡa
90L_10NL,3,90L_10NL_3_1,0,210,"('ɡ', 'ɡ', 'ɡ')",kontɾadeska,kontɾadiɡa
90L_10NL,3,90L_10NL_3_1,0,210,"('ɡ', 'ɡ', 'ɡ')",kontɾadeska,kontɾadiɡa
90L_10NL,3,90L_10NL_3_1,0,210,"('ɡ', 'ɡ', 'ɡ')",kontɾadeska,kontɾadiɡa
90L_10NL,3,90L_10NL_3_1,1,140,"('s', 's', 'ɡ')",kontɾadiɡa,kontɾadiɡa
90L_10NL,3,90L_10NL_3_1,1,140,"('s', 's', 'ɡ')",kontɾadiɡa,kontɾadiɡa
90L_10NL,3,90L_10NL_3_1,1,140,"('s', 's', 'ɡ')",kontɾadiɡa,kontɾadiɡa
90L_10NL,3,90L_10NL_3_1,1,140,"('s', 's', 'ɡ')",kontɾadiɡa,kontɾadiɡa
90L_10NL,3,90L_10NL_3_1,1,420,"('s', 'ɡ', 'ɡ')",kontɾadiɡa,kontɾadiɡa
90L_10NL,3,90L_10NL_3_1,1,420,"('s', 'ɡ', 'ɡ')",kontɾadiɡa,kontɾadiɡa
90L_10NL,3,90L_10NL_3_1,0,420,"('s', 'ɡ', 'ɡ')",kontɾadeska,kontɾadiɡa
90L_10NL,3,90L_10NL_3_1,0,420,"('s', 'ɡ', 'ɡ')",kontɾadeska,kontɾadiɡa
90L_10NL,3,90L_10NL_3_1,0,420,"('s', 'ɡ', 'ɡ')",kontɾadeska,kontɾadiɡa
90L_10NL,3,90L_10NL_3_1,1,420,"('s', 'ɡ', 'ɡ')",kontɾadiɡa,kontɾadiɡa
90L_10NL,3,90L_10NL_3_1,1,140,"('s', 's', 'ɡ')",kontɾadiɡa,kontɾadiɡa
90L_10NL,3,90L_10NL_3_1,1,140,"('s', 's', 'ɡ')",kontɾadiɡa,kontɾadiɡa
90L_10NL,3,90L_10NL_3_1,1,140,"('s', 's', 'ɡ')",kontɾadiɡa,kontɾadiɡa
90L_10NL,3,90L_10NL_3_1,1,420,"('s', 'ɡ', 'ɡ')",kontɾadiɡa,kontɾadiɡa
90L_10NL,3,90L_10NL_3_1,1,420,"('s', 'ɡ', 'ɡ')",kontɾadiɡa,kontɾadiɡa
90L_10NL,3,90L_10NL_3_1,1,420,"('s', 'ɡ', 'ɡ')",kontɾadiɡa,kontɾadiɡa
90L_10NL,3,90L_10NL_3_1,1,420,"('s', 'ɡ', 'ɡ')",kontɾadiɡa,kontɾadiɡa
90L_10NL,3,90L_10NL_3_1,1,420,"('s', 'ɡ', 'ɡ')",kontɾadiɡa,kontɾadiɡa
90L_10NL,3,90L_10NL_3_1,1,420,"('s', 'ɡ', 'ɡ')",kontɾadiɡa,kontɾadiɡa
90L_10NL,3,90L_10NL_3_1,1,140,"('s', 's', 'ɡ')",kontɾadiɡa,kontɾadiɡa
90L_10NL,3,90L_10NL_3_1,1,140,"('s', 's', 'ɡ')",kontɾadiɡa,kontɾadiɡa
90L_10NL,3,90L_10NL_3_1,1,420,"('s', 'ɡ', 'ɡ')",kontɾadiɡa,kontɾadiɡa
90L_10NL,3,90L_10NL_3_1,1,420,"('s', 'ɡ', 'ɡ')",kontɾadiɡa,kontɾadiɡa
90L_10NL,3,90L_10NL_3_1,1,420,"('s', 'ɡ', 'ɡ')",kontɾadiɡa,kontɾadiɡa
90L_10NL,3,90L_10NL_3_1,1,420,"('s', 'ɡ', 'ɡ')",kontɾadiɡa,kontɾadiɡa
90L_10NL,3,90L_10NL_3_1,1,420,"('s', 'ɡ', 'ɡ')",kontɾadiɡa,kontɾadiɡa
90L_10NL,3,90L_10NL_3_1,1,420,"('s', 'ɡ', 'ɡ')",kontɾadiɡa,kontɾadiɡa
90L_10NL,3,90L_10NL_3_1,1,140,"('s', 's', 'ɡ')",kontɾadiɡa,kontɾadiɡa
90L_10NL,3,90L_10NL_3_1,1,420,"('s', 'ɡ', 'ɡ')",kontɾadiɡa,kontɾadiɡa
90L_10NL,3,90L_10NL_3_1,1,420,"('s', 'ɡ', 'ɡ')",kontɾadiɡa,kontɾadiɡa
90L_10NL,3,90L_10NL_3_1,1,420,"('s', 'ɡ', 'ɡ')",kontɾadiɡa,kontɾadiɡa
90L_10NL,3,90L_10NL_3_1,1,420,"('s', 'ɡ', 'ɡ')",kontɾadiɡa,kontɾadiɡa
90L_10NL,3,90L_10NL_3_1,1,420,"('s', 'ɡ', 'ɡ')",kontɾadiɡa,kontɾadiɡa
90L_10NL,3,90L_10NL_3_1,1,420,"('s', 'ɡ', 'ɡ')",kontɾadiɡa,kontɾadiɡa
90L_10NL,3,90L_10NL_3_1,1,420,"('s', 'ɡ', 'ɡ')",kontɾadiɡa,kontɾadiɡa
90L_10NL,3,90L_10NL_3_1,1,420,"('s', 'ɡ', 'ɡ')",kontɾadiɡa,kontɾadiɡa
90L_10NL,3,90L_10NL_3_1,1,420,"('s', 'ɡ', 'ɡ')",kontɾadiɡa,kontɾadiɡa
90L_10NL,3,90L_10NL_3_1,1,420,"('s', 'ɡ', 'ɡ')",kontɾadiɡa,kontɾadiɡa
90L_10NL,3,90L_10NL_3_1,1,420,"('s', 'ɡ', 'ɡ')",kontɾadiɡa,kontɾadiɡa
90L_10NL,3,90L_10NL_3_1,1,420,"('s', 'ɡ', 'ɡ')",kontɾadiɡa,kontɾadiɡa
90L_10NL,3,90L_10NL_3_1,1,210,"('ɡ', 'ɡ', 'ɡ')",kontɾadiɡa,kontɾadiɡa
90L_10NL,3,90L_10NL_3_1,1,210,"('ɡ', 'ɡ', 'ɡ')",kontɾadiɡa,kontɾadiɡa
90L_10NL,3,90L_10NL_3_1,1,210,"('ɡ', 'ɡ', 'ɡ')",kontɾadiɡa,kontɾadiɡa
90L_10NL,3,90L_10NL_3_1,1,210,"('ɡ', 'ɡ', 'ɡ')",kontɾadiɡa,kontɾadiɡa
90L_10NL,3,90L_10NL_3_1,1,210,"('ɡ', 'ɡ', 'ɡ')",kontɾadiɡa,kontɾadiɡa
90L_10NL,3,90L_10NL_3_1,1,210,"('ɡ', 'ɡ', 'ɡ')",kontɾadiɡa,kontɾadiɡa
90L_10NL,3,90L_10NL_3_1,1,210,"('ɡ', 'ɡ', 'ɡ')",kontɾadiɡa,kontɾadiɡa
90L_10NL,3,90L_10NL_3_1,1,210,"('ɡ', 'ɡ', 'ɡ')",kontɾadiɡa,kontɾadiɡa
90L_10NL,3,90L_10NL_3_1,1,210,"('ɡ', 'ɡ', 'ɡ')",kontɾadiɡa,kontɾadiɡa
90L_10NL,3,90L_10NL_3_1,1,210,"('ɡ', 'ɡ', 'ɡ')",kontɾadiɡa,kontɾadiɡa
90L_10NL,3,90L_10NL_3_1,1,210,"('ɡ', 'ɡ', 'ɡ')",kontɾadiɡa,kontɾadiɡa
90L_10NL,3,90L_10NL_3_1,0,210,"('ɡ', 'ɡ', 'ɡ')",kontɾadesko,kontɾadiɡa
90L_10NL,3,90L_10NL_3_1,0,210,"('ɡ', 'ɡ', 'ɡ')",kontɾadesko,kontɾadiɡa
90L_10NL,3,90L_10NL_3_1,0,210,"('ɡ', 'ɡ', 'ɡ')",kontɾadesko,kontɾadiɡa
90L_10NL,3,90L_10NL_3_1,0,210,"('ɡ', 'ɡ', 'ɡ')",kontɾadesko,kontɾadiɡa
90L_10NL,3,90L_10NL_3_1,1,140,"('s', 's', 'ɡ')",kontɾadiɡo,kontɾadiɡo
90L_10NL,3,90L_10NL_3_1,1,140,"('s', 's', 'ɡ')",kontɾadiɡo,kontɾadiɡo
90L_10NL,3,90L_10NL_3_1,0,140,"('s', 's', 'ɡ')",kontɾadesko,kontɾadiɡo
90L_10NL,3,90L_10NL_3_1,0,140,"('s', 's', 'ɡ')",kontɾadesko,kontɾadiɡo
90L_10NL,3,90L_10NL_3_1,0,420,"('s', 'ɡ', 'ɡ')",kontɾadesko,kontɾadiɡo
90L_10NL,3,90L_10NL_3_1,0,420,"('s', 'ɡ', 'ɡ')",kontɾadesko,kontɾadiɡo
90L_10NL,3,90L_10NL_3_1,0,420,"('s', 'ɡ', 'ɡ')",kontɾadesko,kontɾadiɡo
90L_10NL,3,90L_10NL_3_1,0,420,"('s', 'ɡ', 'ɡ')",kontɾadesko,kontɾadiɡo
90L_10NL,3,90L_10NL_3_1,0,420,"('s', 'ɡ', 'ɡ')",kontɾadesko,kontɾadiɡo
90L_10NL,3,90L_10NL_3_1,1,420,"('s', 'ɡ', 'ɡ')",kontɾadiɡo,kontɾadiɡo
90L_10NL,3,90L_10NL_3_1,1,140,"('s', 's', 'ɡ')",kontɾadiɡo,kontɾadiɡo
90L_10NL,3,90L_10NL_3_1,1,140,"('s', 's', 'ɡ')",kontɾadiɡo,kontɾadiɡo
90L_10NL,3,90L_10NL_3_1,1,140,"('s', 's', 'ɡ')",kontɾadiɡo,kontɾadiɡo
90L_10NL,3,90L_10NL_3_1,1,420,"('s', 'ɡ', 'ɡ')",kontɾadiɡo,kontɾadiɡo
90L_10NL,3,90L_10NL_3_1,1,420,"('s', 'ɡ', 'ɡ')",kontɾadiɡo,kontɾadiɡo
90L_10NL,3,90L_10NL_3_1,1,420,"('s', 'ɡ', 'ɡ')",kontɾadiɡo,kontɾadiɡo
90L_10NL,3,90L_10NL_3_1,1,420,"('s', 'ɡ', 'ɡ')",kontɾadiɡo,kontɾadiɡo
90L_10NL,3,90L_10NL_3_1,1,420,"('s', 'ɡ', 'ɡ')",kontɾadiɡo,kontɾadiɡo
90L_10NL,3,90L_10NL_3_1,1,420,"('s', 'ɡ', 'ɡ')",kontɾadiɡo,kontɾadiɡo
90L_10NL,3,90L_10NL_3_1,1,140,"('s', 's', 'ɡ')",kontɾadiɡo,kontɾadiɡo
90L_10NL,3,90L_10NL_3_1,1,140,"('s', 's', 'ɡ')",kontɾadiɡo,kontɾadiɡo
90L_10NL,3,90L_10NL_3_1,1,420,"('s', 'ɡ', 'ɡ')",kontɾadiɡo,kontɾadiɡo
90L_10NL,3,90L_10NL_3_1,1,420,"('s', 'ɡ', 'ɡ')",kontɾadiɡo,kontɾadiɡo
90L_10NL,3,90L_10NL_3_1,1,420,"('s', 'ɡ', 'ɡ')",kontɾadiɡo,kontɾadiɡo
90L_10NL,3,90L_10NL_3_1,1,420,"('s', 'ɡ', 'ɡ')",kontɾadiɡo,kontɾadiɡo
90L_10NL,3,90L_10NL_3_1,1,420,"('s', 'ɡ', 'ɡ')",kontɾadiɡo,kontɾadiɡo
90L_10NL,3,90L_10NL_3_1,1,420,"('s', 'ɡ', 'ɡ')",kontɾadiɡo,kontɾadiɡo
90L_10NL,3,90L_10NL_3_1,1,140,"('s', 's', 'ɡ')",kontɾadiɡo,kontɾadiɡo
90L_10NL,3,90L_10NL_3_1,1,420,"('s', 'ɡ', 'ɡ')",kontɾadiɡo,kontɾadiɡo
90L_10NL,3,90L_10NL_3_1,1,420,"('s', 'ɡ', 'ɡ')",kontɾadiɡo,kontɾadiɡo
90L_10NL,3,90L_10NL_3_1,1,420,"('s', 'ɡ', 'ɡ')",kontɾadiɡo,kontɾadiɡo
90L_10NL,3,90L_10NL_3_1,1,420,"('s', 'ɡ', 'ɡ')",kontɾadiɡo,kontɾadiɡo
90L_10NL,3,90L_10NL_3_1,1,420,"('s', 'ɡ', 'ɡ')",kontɾadiɡo,kontɾadiɡo
90L_10NL,3,90L_10NL_3_1,1,420,"('s', 'ɡ', 'ɡ')",kontɾadiɡo,kontɾadiɡo
90L_10NL,3,90L_10NL_3_1,1,420,"('s', 'ɡ', 'ɡ')",kontɾadiɡo,kontɾadiɡo
90L_10NL,3,90L_10NL_3_1,1,420,"('s', 'ɡ', 'ɡ')",kontɾadiɡo,kontɾadiɡo
90L_10NL,3,90L_10NL_3_1,1,420,"('s', 'ɡ', 'ɡ')",kontɾadiɡo,kontɾadiɡo
90L_10NL,3,90L_10NL_3_1,1,420,"('s', 'ɡ', 'ɡ')",kontɾadiɡo,kontɾadiɡo
90L_10NL,3,90L_10NL_3_1,1,420,"('s', 'ɡ', 'ɡ')",kontɾadiɡo,kontɾadiɡo
90L_10NL,3,90L_10NL_3_1,1,420,"('s', 'ɡ', 'ɡ')",kontɾadiɡo,kontɾadiɡo
90L_10NL,3,90L_10NL_3_1,1,210,"('ɡ', 'ɡ', 'ɡ')",kontɾadiɡo,kontɾadiɡo
90L_10NL,3,90L_10NL_3_1,1,210,"('ɡ', 'ɡ', 'ɡ')",kontɾadiɡo,kontɾadiɡo
90L_10NL,3,90L_10NL_3_1,1,210,"('ɡ', 'ɡ', 'ɡ')",kontɾadiɡo,kontɾadiɡo
90L_10NL,3,90L_10NL_3_1,1,210,"('ɡ', 'ɡ', 'ɡ')",kontɾadiɡo,kontɾadiɡo
90L_10NL,3,90L_10NL_3_1,1,210,"('ɡ', 'ɡ', 'ɡ')",kontɾadiɡo,kontɾadiɡo
90L_10NL,3,90L_10NL_3_1,1,210,"('ɡ', 'ɡ', 'ɡ')",kontɾadiɡo,kontɾadiɡo
90L_10NL,3,90L_10NL_3_1,1,210,"('ɡ', 'ɡ', 'ɡ')",kontɾadiɡo,kontɾadiɡo
90L_10NL,3,90L_10NL_3_1,1,210,"('ɡ', 'ɡ', 'ɡ')",kontɾadiɡo,kontɾadiɡo
90L_10NL,3,90L_10NL_3_1,1,210,"('ɡ', 'ɡ', 'ɡ')",kontɾadiɡo,kontɾadiɡo
90L_10NL,3,90L_10NL_3_1,1,210,"('ɡ', 'ɡ', 'ɡ')",kontɾadiɡo,kontɾadiɡo
90L_10NL,3,90L_10NL_3_1,1,210,"('ɡ', 'ɡ', 'ɡ')",kontɾadiɡo,kontɾadiɡo
90L_10NL,3,90L_10NL_3_1,0,210,"('ɡ', 'ɡ', 'ɡ')",konbenesejs,kontɾadiɡo
90L_10NL,3,90L_10NL_3_1,0,210,"('ɡ', 'ɡ', 'ɡ')",konbenesejs,kontɾadiɡo
90L_10NL,3,90L_10NL_3_1,0,210,"('ɡ', 'ɡ', 'ɡ')",konbenesejs,kontɾadiɡo
90L_10NL,3,90L_10NL_3_1,0,210,"('ɡ', 'ɡ', 'ɡ')",konbenesejs,kontɾadiɡo
90L_10NL,3,90L_10NL_3_1,0,1320,"('ns', 'ns', 'ns')",konbenesejs,konbensejs
90L_10NL,3,90L_10NL_3_1,0,1320,"('ns', 'ns', 'ns')",konbenesejs,konbensejs
90L_10NL,3,90L_10NL_3_1,0,1320,"('ns', 'ns', 'ns')",konbenesejs,konbensejs
90L_10NL,3,90L_10NL_3_1,0,1320,"('ns', 'ns', 'ns')",konbenesejs,konbensejs
90L_10NL,3,90L_10NL_3_1,0,1320,"('ns', 'ns', 'ns')",konbenesejs,konbensejs
90L_10NL,3,90L_10NL_3_1,0,1320,"('ns', 'ns', 'ns')",konbenesejs,konbensejs
90L_10NL,3,90L_10NL_3_1,0,1320,"('ns', 'ns', 'ns')",konbenesejs,konbensejs
90L_10NL,3,90L_10NL_3_1,0,1320,"('ns', 'ns', 'ns')",konbenesejs,konbensejs
90L_10NL,3,90L_10NL_3_1,0,1320,"('ns', 'ns', 'ns')",konbenesejs,konbensejs
90L_10NL,3,90L_10NL_3_1,0,1320,"('ns', 'ns', 'ns')",konbenesejs,konbensejs
90L_10NL,3,90L_10NL_3_1,0,1320,"('ns', 'ns', 'ns')",konbenesejs,konbensejs
90L_10NL,3,90L_10NL_3_1,0,1320,"('ns', 'ns', 'ns')",konbenesejs,konbensejs
90L_10NL,3,90L_10NL_3_1,0,1320,"('ns', 'ns', 'ns')",konbenesejs,konbensejs
90L_10NL,3,90L_10NL_3_1,0,1320,"('ns', 'ns', 'ns')",konbenesejs,konbensejs
90L_10NL,3,90L_10NL_3_1,0,1320,"('ns', 'ns', 'ns')",konbenesejs,konbensejs
90L_10NL,3,90L_10NL_3_1,0,1320,"('ns', 'ns', 'ns')",konbenesejs,konbensejs
90L_10NL,3,90L_10NL_3_1,0,1320,"('ns', 'ns', 'ns')",konbenesejs,konbensejs
90L_10NL,3,90L_10NL_3_1,0,1320,"('ns', 'ns', 'ns')",konbenesejs,konbensejs
90L_10NL,3,90L_10NL_3_1,0,1320,"('ns', 'ns', 'ns')",konbenesejs,konbensejs
90L_10NL,3,90L_10NL_3_1,0,1320,"('ns', 'ns', 'ns')",konbenesejs,konbensejs
90L_10NL,3,90L_10NL_3_1,0,1320,"('ns', 'ns', 'ns')",konbenesejs,konbensejs
90L_10NL,3,90L_10NL_3_1,0,1320,"('ns', 'ns', 'ns')",konbenesejs,konbensejs
90L_10NL,3,90L_10NL_3_1,0,1320,"('ns', 'ns', 'ns')",konbenesejs,konbensejs
90L_10NL,3,90L_10NL_3_1,0,1320,"('ns', 'ns', 'ns')",konbenesejs,konbensejs
90L_10NL,3,90L_10NL_3_1,0,1320,"('ns', 'ns', 'ns')",konbenesejs,konbensejs
90L_10NL,3,90L_10NL_3_1,0,1320,"('ns', 'ns', 'ns')",konbenesejs,konbensejs
90L_10NL,3,90L_10NL_3_1,0,1320,"('ns', 'ns', 'ns')",konbenis,konbensejs
90L_10NL,3,90L_10NL_3_1,0,1320,"('ns', 'ns', 'ns')",konbenesejs,konbensejs
90L_10NL,3,90L_10NL_3_1,0,1320,"('ns', 'ns', 'ns')",konbenesejs,konbensejs
90L_10NL,3,90L_10NL_3_1,0,1320,"('ns', 'ns', 'ns')",konbenesejs,konbensejs
90L_10NL,3,90L_10NL_3_1,0,1320,"('ns', 'ns', 'ns')",konbenesejs,konbensejs
90L_10NL,3,90L_10NL_3_1,0,1320,"('ns', 'ns', 'ns')",konbenesejs,konbensejs
90L_10NL,3,90L_10NL_3_1,0,1320,"('ns', 'ns', 'ns')",konbenis,konbensejs
90L_10NL,3,90L_10NL_3_1,0,1320,"('ns', 'ns', 'ns')",konbenis,konbensejs
90L_10NL,3,90L_10NL_3_1,0,1320,"('ns', 'ns', 'ns')",konbenis,konbensejs
90L_10NL,3,90L_10NL_3_1,0,1320,"('ns', 'ns', 'ns')",konbenesejs,konbensejs
90L_10NL,3,90L_10NL_3_1,0,1320,"('ns', 'ns', 'ns')",konbenesejs,konbensejs
90L_10NL,3,90L_10NL_3_1,0,1320,"('ns', 'ns', 'ns')",konbenesejs,konbensejs
90L_10NL,3,90L_10NL_3_1,0,1320,"('ns', 'ns', 'ns')",konbenesejs,konbensejs
90L_10NL,3,90L_10NL_3_1,0,1320,"('ns', 'ns', 'ns')",konbenis,konbensejs
90L_10NL,3,90L_10NL_3_1,0,1320,"('ns', 'ns', 'ns')",konbenesejs,konbensejs
90L_10NL,3,90L_10NL_3_1,0,1320,"('ns', 'ns', 'ns')",konbenis,konbensejs
90L_10NL,3,90L_10NL_3_1,0,1320,"('ns', 'ns', 'ns')",konbenis,konbensejs
90L_10NL,3,90L_10NL_3_1,0,1320,"('ns', 'ns', 'ns')",konbenis,konbensejs
90L_10NL,3,90L_10NL_3_1,0,1320,"('ns', 'ns', 'ns')",konbenesejs,konbensejs
90L_10NL,3,90L_10NL_3_1,0,1320,"('ns', 'ns', 'ns')",konbenis,konbensejs
90L_10NL,3,90L_10NL_3_1,0,1320,"('ns', 'ns', 'ns')",konbenis,konbensejs
90L_10NL,3,90L_10NL_3_1,0,1320,"('ns', 'ns', 'ns')",konbenis,konbensejs
90L_10NL,3,90L_10NL_3_1,0,1320,"('ns', 'ns', 'ns')",konbenis,konbensejs
90L_10NL,3,90L_10NL_3_1,0,1320,"('ns', 'ns', 'ns')",konbenis,konbensejs
90L_10NL,3,90L_10NL_3_1,0,1320,"('ns', 'ns', 'ns')",konbenis,konbensejs
90L_10NL,3,90L_10NL_3_1,0,1320,"('ns', 'ns', 'ns')",konbenesemos,konbensejs
90L_10NL,3,90L_10NL_3_1,0,1320,"('ns', 'ns', 'ns')",konbenesemos,konbensejs
90L_10NL,3,90L_10NL_3_1,0,1320,"('ns', 'ns', 'ns')",konbenesemos,konbensejs
90L_10NL,3,90L_10NL_3_1,0,1320,"('ns', 'ns', 'ns')",konbenesemos,konbensejs
90L_10NL,3,90L_10NL_3_1,0,1320,"('ns', 'ns', 'ns')",konbenesemos,konbensemos
90L_10NL,3,90L_10NL_3_1,0,1320,"('ns', 'ns', 'ns')",konbenesemos,konbensemos
90L_10NL,3,90L_10NL_3_1,0,1320,"('ns', 'ns', 'ns')",konbenesemos,konbensemos
90L_10NL,3,90L_10NL_3_1,0,1320,"('ns', 'ns', 'ns')",konbenesemos,konbensemos
90L_10NL,3,90L_10NL_3_1,0,1320,"('ns', 'ns', 'ns')",konbenesemos,konbensemos
90L_10NL,3,90L_10NL_3_1,0,1320,"('ns', 'ns', 'ns')",konbenesemos,konbensemos
90L_10NL,3,90L_10NL_3_1,0,1320,"('ns', 'ns', 'ns')",konbenesemos,konbensemos
90L_10NL,3,90L_10NL_3_1,0,1320,"('ns', 'ns', 'ns')",konbenesemos,konbensemos
90L_10NL,3,90L_10NL_3_1,0,1320,"('ns', 'ns', 'ns')",konbenesemos,konbensemos
90L_10NL,3,90L_10NL_3_1,0,1320,"('ns', 'ns', 'ns')",konbenesemos,konbensemos
90L_10NL,3,90L_10NL_3_1,0,1320,"('ns', 'ns', 'ns')",konbenesemos,konbensemos
90L_10NL,3,90L_10NL_3_1,0,1320,"('ns', 'ns', 'ns')",konbenesemos,konbensemos
90L_10NL,3,90L_10NL_3_1,0,1320,"('ns', 'ns', 'ns')",konbenesemos,konbensemos
90L_10NL,3,90L_10NL_3_1,0,1320,"('ns', 'ns', 'ns')",konbenesemos,konbensemos
90L_10NL,3,90L_10NL_3_1,0,1320,"('ns', 'ns', 'ns')",konbenesemos,konbensemos
90L_10NL,3,90L_10NL_3_1,0,1320,"('ns', 'ns', 'ns')",konbenesemos,konbensemos
90L_10NL,3,90L_10NL_3_1,0,1320,"('ns', 'ns', 'ns')",konbenesemos,konbensemos
90L_10NL,3,90L_10NL_3_1,0,1320,"('ns', 'ns', 'ns')",konbenesemos,konbensemos
90L_10NL,3,90L_10NL_3_1,0,1320,"('ns', 'ns', 'ns')",konbenesemos,konbensemos
90L_10NL,3,90L_10NL_3_1,0,1320,"('ns', 'ns', 'ns')",konbenesemos,konbensemos
90L_10NL,3,90L_10NL_3_1,0,1320,"('ns', 'ns', 'ns')",konbenesemos,konbensemos
90L_10NL,3,90L_10NL_3_1,0,1320,"('ns', 'ns', 'ns')",konbenesemos,konbensemos
90L_10NL,3,90L_10NL_3_1,0,1320,"('ns', 'ns', 'ns')",konbenesemos,konbensemos
90L_10NL,3,90L_10NL_3_1,0,1320,"('ns', 'ns', 'ns')",konbenesemos,konbensemos
90L_10NL,3,90L_10NL_3_1,0,1320,"('ns', 'ns', 'ns')",konbenesemos,konbensemos
90L_10NL,3,90L_10NL_3_1,0,1320,"('ns', 'ns', 'ns')",konbenesemos,konbensemos
90L_10NL,3,90L_10NL_3_1,0,1320,"('ns', 'ns', 'ns')",konbenesemos,konbensemos
90L_10NL,3,90L_10NL_3_1,0,1320,"('ns', 'ns', 'ns')",konbenesemos,konbensemos
90L_10NL,3,90L_10NL_3_1,0,1320,"('ns', 'ns', 'ns')",konbenesemos,konbensemos
90L_10NL,3,90L_10NL_3_1,0,1320,"('ns', 'ns', 'ns')",konbenesemos,konbensemos
90L_10NL,3,90L_10NL_3_1,0,1320,"('ns', 'ns', 'ns')",konbenesemos,konbensemos
90L_10NL,3,90L_10NL_3_1,0,1320,"('ns', 'ns', 'ns')",konbenesemos,konbensemos
90L_10NL,3,90L_10NL_3_1,0,1320,"('ns', 'ns', 'ns')",konbenesemos,konbensemos
90L_10NL,3,90L_10NL_3_1,0,1320,"('ns', 'ns', 'ns')",konbenesemos,konbensemos
90L_10NL,3,90L_10NL_3_1,0,1320,"('ns', 'ns', 'ns')",konbenimos,konbensemos
90L_10NL,3,90L_10NL_3_1,0,1320,"('ns', 'ns', 'ns')",konbenesemos,konbensemos
90L_10NL,3,90L_10NL_3_1,0,1320,"('ns', 'ns', 'ns')",konbenesemos,konbensemos
90L_10NL,3,90L_10NL_3_1,0,1320,"('ns', 'ns', 'ns')",konbenesemos,konbensemos
90L_10NL,3,90L_10NL_3_1,0,1320,"('ns', 'ns', 'ns')",konbenesemos,konbensemos
90L_10NL,3,90L_10NL_3_1,0,1320,"('ns', 'ns', 'ns')",konbenesemos,konbensemos
90L_10NL,3,90L_10NL_3_1,0,1320,"('ns', 'ns', 'ns')",konbenesemos,konbensemos
90L_10NL,3,90L_10NL_3_1,0,1320,"('ns', 'ns', 'ns')",konbenimos,konbensemos
90L_10NL,3,90L_10NL_3_1,0,1320,"('ns', 'ns', 'ns')",konbenesemos,konbensemos
90L_10NL,3,90L_10NL_3_1,0,1320,"('ns', 'ns', 'ns')",konbenesemos,konbensemos
90L_10NL,3,90L_10NL_3_1,0,1320,"('ns', 'ns', 'ns')",konbenesemos,konbensemos
90L_10NL,3,90L_10NL_3_1,0,1320,"('ns', 'ns', 'ns')",konbenimos,konbensemos
90L_10NL,3,90L_10NL_3_1,0,1320,"('ns', 'ns', 'ns')",konbenimos,konbensemos
90L_10NL,3,90L_10NL_3_1,0,1320,"('ns', 'ns', 'ns')",konbenesemos,konbensemos
90L_10NL,3,90L_10NL_3_1,0,1320,"('ns', 'ns', 'ns')",konbenimos,konbensemos
90L_10NL,3,90L_10NL_3_1,0,1320,"('ns', 'ns', 'ns')",konbenimos,konbensemos
90L_10NL,3,90L_10NL_3_1,0,1320,"('ns', 'ns', 'ns')",konbenimos,konbensemos
90L_10NL,3,90L_10NL_3_1,0,1320,"('ns', 'ns', 'ns')",konbjenen,konbensemos
90L_10NL,3,90L_10NL_3_1,0,1320,"('ns', 'ns', 'ns')",konbjenen,konbensemos
90L_10NL,3,90L_10NL_3_1,0,1320,"('ns', 'ns', 'ns')",konbjenen,konbensemos
90L_10NL,3,90L_10NL_3_1,0,1320,"('ns', 'ns', 'ns')",konbjenen,konbensemos
90L_10NL,3,90L_10NL_3_1,0,1320,"('ns', 'ns', 'ns')",konbjenen,konbensen
90L_10NL,3,90L_10NL_3_1,0,1320,"('ns', 'ns', 'ns')",konbjenen,konbensen
90L_10NL,3,90L_10NL_3_1,0,1320,"('ns', 'ns', 'ns')",konbjenen,konbensen
90L_10NL,3,90L_10NL_3_1,0,1320,"('ns', 'ns', 'ns')",konbjenen,konbensen
90L_10NL,3,90L_10NL_3_1,0,1320,"('ns', 'ns', 'ns')",konbjenen,konbensen
90L_10NL,3,90L_10NL_3_1,0,1320,"('ns', 'ns', 'ns')",konbjenen,konbensen
90L_10NL,3,90L_10NL_3_1,0,1320,"('ns', 'ns', 'ns')",konbjenen,konbensen
90L_10NL,3,90L_10NL_3_1,0,1320,"('ns', 'ns', 'ns')",konbjenen,konbensen
90L_10NL,3,90L_10NL_3_1,0,1320,"('ns', 'ns', 'ns')",konbjenen,konbensen
90L_10NL,3,90L_10NL_3_1,0,1320,"('ns', 'ns', 'ns')",konbjenen,konbensen
90L_10NL,3,90L_10NL_3_1,0,1320,"('ns', 'ns', 'ns')",konbjenen,konbensen
90L_10NL,3,90L_10NL_3_1,0,1320,"('ns', 'ns', 'ns')",konbjenen,konbensen
90L_10NL,3,90L_10NL_3_1,0,1320,"('ns', 'ns', 'ns')",konbjenen,konbensen
90L_10NL,3,90L_10NL_3_1,0,1320,"('ns', 'ns', 'ns')",konbjenen,konbensen
90L_10NL,3,90L_10NL_3_1,0,1320,"('ns', 'ns', 'ns')",konbjenen,konbensen
90L_10NL,3,90L_10NL_3_1,0,1320,"('ns', 'ns', 'ns')",konbjenen,konbensen
90L_10NL,3,90L_10NL_3_1,0,1320,"('ns', 'ns', 'ns')",konbjenen,konbensen
90L_10NL,3,90L_10NL_3_1,0,1320,"('ns', 'ns', 'ns')",konbjenen,konbensen
90L_10NL,3,90L_10NL_3_1,0,1320,"('ns', 'ns', 'ns')",konbjenen,konbensen
90L_10NL,3,90L_10NL_3_1,0,1320,"('ns', 'ns', 'ns')",konbjenen,konbensen
90L_10NL,3,90L_10NL_3_1,0,1320,"('ns', 'ns', 'ns')",konbjenen,konbensen
90L_10NL,3,90L_10NL_3_1,0,1320,"('ns', 'ns', 'ns')",konbjenen,konbensen
90L_10NL,3,90L_10NL_3_1,0,1320,"('ns', 'ns', 'ns')",konbjenen,konbensen
90L_10NL,3,90L_10NL_3_1,0,1320,"('ns', 'ns', 'ns')",konbjenen,konbensen
90L_10NL,3,90L_10NL_3_1,0,1320,"('ns', 'ns', 'ns')",konbjenen,konbensen
90L_10NL,3,90L_10NL_3_1,0,1320,"('ns', 'ns', 'ns')",konbjenen,konbensen
90L_10NL,3,90L_10NL_3_1,0,1320,"('ns', 'ns', 'ns')",konbjenen,konbensen
90L_10NL,3,90L_10NL_3_1,0,1320,"('ns', 'ns', 'ns')",konbjenen,konbensen
90L_10NL,3,90L_10NL_3_1,0,1320,"('ns', 'ns', 'ns')",konbjenen,konbensen
90L_10NL,3,90L_10NL_3_1,0,1320,"('ns', 'ns', 'ns')",konbjenen,konbensen
90L_10NL,3,90L_10NL_3_1,0,1320,"('ns', 'ns', 'ns')",konbjenen,konbensen
90L_10NL,3,90L_10NL_3_1,0,1320,"('ns', 'ns', 'ns')",konbjenen,konbensen
90L_10NL,3,90L_10NL_3_1,0,1320,"('ns', 'ns', 'ns')",konbjenen,konbensen
90L_10NL,3,90L_10NL_3_1,0,1320,"('ns', 'ns', 'ns')",konbjenen,konbensen
90L_10NL,3,90L_10NL_3_1,0,1320,"('ns', 'ns', 'ns')",konbjenen,konbensen
90L_10NL,3,90L_10NL_3_1,0,1320,"('ns', 'ns', 'ns')",konbjenen,konbensen
90L_10NL,3,90L_10NL_3_1,0,1320,"('ns', 'ns', 'ns')",konbjenen,konbensen
90L_10NL,3,90L_10NL_3_1,0,1320,"('ns', 'ns', 'ns')",konbjenen,konbensen
90L_10NL,3,90L_10NL_3_1,0,1320,"('ns', 'ns', 'ns')",konbjenen,konbensen
90L_10NL,3,90L_10NL_3_1,0,1320,"('ns', 'ns', 'ns')",konbjenen,konbensen
90L_10NL,3,90L_10NL_3_1,0,1320,"('ns', 'ns', 'ns')",konbjenen,konbensen
90L_10NL,3,90L_10NL_3_1,0,1320,"('ns', 'ns', 'ns')",konbjenen,konbensen
90L_10NL,3,90L_10NL_3_1,0,1320,"('ns', 'ns', 'ns')",konbjenen,konbensen
90L_10NL,3,90L_10NL_3_1,0,1320,"('ns', 'ns', 'ns')",konbjenen,konbensen
90L_10NL,3,90L_10NL_3_1,0,1320,"('ns', 'ns', 'ns')",konbjenen,konbensen
90L_10NL,3,90L_10NL_3_1,0,1320,"('ns', 'ns', 'ns')",konbjenen,konbensen
90L_10NL,3,90L_10NL_3_1,0,1320,"('ns', 'ns', 'ns')",konbjenen,konbensen
90L_10NL,3,90L_10NL_3_1,0,1320,"('ns', 'ns', 'ns')",konbjenen,konbensen
90L_10NL,3,90L_10NL_3_1,0,1320,"('ns', 'ns', 'ns')",konbjenen,konbensen
90L_10NL,3,90L_10NL_3_1,0,1320,"('ns', 'ns', 'ns')",konbjenen,konbensen
90L_10NL,3,90L_10NL_3_1,0,1320,"('ns', 'ns', 'ns')",konbjenen,konbensen
90L_10NL,3,90L_10NL_3_1,0,1320,"('ns', 'ns', 'ns')",konbjenes,konbensen
90L_10NL,3,90L_10NL_3_1,0,1320,"('ns', 'ns', 'ns')",konbjenes,konbensen
90L_10NL,3,90L_10NL_3_1,0,1320,"('ns', 'ns', 'ns')",konbjenes,konbensen
90L_10NL,3,90L_10NL_3_1,0,1320,"('ns', 'ns', 'ns')",konbjenes,konbensen
90L_10NL,3,90L_10NL_3_1,0,1320,"('ns', 'ns', 'ns')",konbjenes,konbenses
90L_10NL,3,90L_10NL_3_1,0,1320,"('ns', 'ns', 'ns')",konbjenes,konbenses
90L_10NL,3,90L_10NL_3_1,0,1320,"('ns', 'ns', 'ns')",konbjenes,konbenses
90L_10NL,3,90L_10NL_3_1,0,1320,"('ns', 'ns', 'ns')",konbjenes,konbenses
90L_10NL,3,90L_10NL_3_1,0,1320,"('ns', 'ns', 'ns')",konbjenes,konbenses
90L_10NL,3,90L_10NL_3_1,0,1320,"('ns', 'ns', 'ns')",konbjenes,konbenses
90L_10NL,3,90L_10NL_3_1,0,1320,"('ns', 'ns', 'ns')",konbjenes,konbenses
90L_10NL,3,90L_10NL_3_1,0,1320,"('ns', 'ns', 'ns')",konbjenes,konbenses
90L_10NL,3,90L_10NL_3_1,0,1320,"('ns', 'ns', 'ns')",konbjenes,konbenses
90L_10NL,3,90L_10NL_3_1,0,1320,"('ns', 'ns', 'ns')",konbjenes,konbenses
90L_10NL,3,90L_10NL_3_1,0,1320,"('ns', 'ns', 'ns')",konbjenes,konbenses
90L_10NL,3,90L_10NL_3_1,0,1320,"('ns', 'ns', 'ns')",konbjenes,konbenses
90L_10NL,3,90L_10NL_3_1,0,1320,"('ns', 'ns', 'ns')",konbjenes,konbenses
90L_10NL,3,90L_10NL_3_1,0,1320,"('ns', 'ns', 'ns')",konbjenes,konbenses
90L_10NL,3,90L_10NL_3_1,0,1320,"('ns', 'ns', 'ns')",konbjenes,konbenses
90L_10NL,3,90L_10NL_3_1,0,1320,"('ns', 'ns', 'ns')",konbjenes,konbenses
90L_10NL,3,90L_10NL_3_1,0,1320,"('ns', 'ns', 'ns')",konbjenes,konbenses
90L_10NL,3,90L_10NL_3_1,0,1320,"('ns', 'ns', 'ns')",konbjenes,konbenses
90L_10NL,3,90L_10NL_3_1,0,1320,"('ns', 'ns', 'ns')",konbjenes,konbenses
90L_10NL,3,90L_10NL_3_1,0,1320,"('ns', 'ns', 'ns')",konbjenes,konbenses
90L_10NL,3,90L_10NL_3_1,0,1320,"('ns', 'ns', 'ns')",konbjenes,konbenses
90L_10NL,3,90L_10NL_3_1,0,1320,"('ns', 'ns', 'ns')",konbjenes,konbenses
90L_10NL,3,90L_10NL_3_1,0,1320,"('ns', 'ns', 'ns')",konbjenes,konbenses
90L_10NL,3,90L_10NL_3_1,0,1320,"('ns', 'ns', 'ns')",konbjenes,konbenses
90L_10NL,3,90L_10NL_3_1,0,1320,"('ns', 'ns', 'ns')",konbjenes,konbenses
90L_10NL,3,90L_10NL_3_1,0,1320,"('ns', 'ns', 'ns')",konbjenes,konbenses
90L_10NL,3,90L_10NL_3_1,0,1320,"('ns', 'ns', 'ns')",konbjenes,konbenses
90L_10NL,3,90L_10NL_3_1,0,1320,"('ns', 'ns', 'ns')",konbjenes,konbenses
90L_10NL,3,90L_10NL_3_1,0,1320,"('ns', 'ns', 'ns')",konbjenes,konbenses
90L_10NL,3,90L_10NL_3_1,0,1320,"('ns', 'ns', 'ns')",konbjenes,konbenses
90L_10NL,3,90L_10NL_3_1,0,1320,"('ns', 'ns', 'ns')",konbjenes,konbenses
90L_10NL,3,90L_10NL_3_1,0,1320,"('ns', 'ns', 'ns')",konbjenes,konbenses
90L_10NL,3,90L_10NL_3_1,0,1320,"('ns', 'ns', 'ns')",konbjenes,konbenses
90L_10NL,3,90L_10NL_3_1,0,1320,"('ns', 'ns', 'ns')",konbjenes,konbenses
90L_10NL,3,90L_10NL_3_1,0,1320,"('ns', 'ns', 'ns')",konbjenes,konbenses
90L_10NL,3,90L_10NL_3_1,0,1320,"('ns', 'ns', 'ns')",konbjenes,konbenses
90L_10NL,3,90L_10NL_3_1,0,1320,"('ns', 'ns', 'ns')",konbjenes,konbenses
90L_10NL,3,90L_10NL_3_1,0,1320,"('ns', 'ns', 'ns')",konbjenes,konbenses
90L_10NL,3,90L_10NL_3_1,0,1320,"('ns', 'ns', 'ns')",konbjenes,konbenses
90L_10NL,3,90L_10NL_3_1,0,1320,"('ns', 'ns', 'ns')",konbjenes,konbenses
90L_10NL,3,90L_10NL_3_1,0,1320,"('ns', 'ns', 'ns')",konbjenes,konbenses
90L_10NL,3,90L_10NL_3_1,0,1320,"('ns', 'ns', 'ns')",konbjenes,konbenses
90L_10NL,3,90L_10NL_3_1,0,1320,"('ns', 'ns', 'ns')",konbjenes,konbenses
90L_10NL,3,90L_10NL_3_1,0,1320,"('ns', 'ns', 'ns')",konbjenes,konbenses
90L_10NL,3,90L_10NL_3_1,0,1320,"('ns', 'ns', 'ns')",konbjenes,konbenses
90L_10NL,3,90L_10NL_3_1,0,1320,"('ns', 'ns', 'ns')",konbjenes,konbenses
90L_10NL,3,90L_10NL_3_1,0,1320,"('ns', 'ns', 'ns')",konbjenes,konbenses
90L_10NL,3,90L_10NL_3_1,0,1320,"('ns', 'ns', 'ns')",konbjenes,konbenses
90L_10NL,3,90L_10NL_3_1,0,1320,"('ns', 'ns', 'ns')",konbjenes,konbenses
90L_10NL,3,90L_10NL_3_1,0,1320,"('ns', 'ns', 'ns')",konbjenes,konbenses
90L_10NL,3,90L_10NL_3_1,0,1320,"('ns', 'ns', 'ns')",konbjenes,konbenses
90L_10NL,3,90L_10NL_3_1,0,1320,"('ns', 'ns', 'ns')",konbjene,konbenses
90L_10NL,3,90L_10NL_3_1,0,1320,"('ns', 'ns', 'ns')",konbjene,konbenses
90L_10NL,3,90L_10NL_3_1,0,1320,"('ns', 'ns', 'ns')",konbjene,konbenses
90L_10NL,3,90L_10NL_3_1,0,1320,"('ns', 'ns', 'ns')",konbjene,konbenses
90L_10NL,3,90L_10NL_3_1,0,1320,"('ns', 'ns', 'ns')",konbjene,konbense
90L_10NL,3,90L_10NL_3_1,0,1320,"('ns', 'ns', 'ns')",konbjene,konbense
90L_10NL,3,90L_10NL_3_1,0,1320,"('ns', 'ns', 'ns')",konbjene,konbense
90L_10NL,3,90L_10NL_3_1,0,1320,"('ns', 'ns', 'ns')",konbjene,konbense
90L_10NL,3,90L_10NL_3_1,0,1320,"('ns', 'ns', 'ns')",konbjene,konbense
90L_10NL,3,90L_10NL_3_1,0,1320,"('ns', 'ns', 'ns')",konbjene,konbense
90L_10NL,3,90L_10NL_3_1,0,1320,"('ns', 'ns', 'ns')",konbjene,konbense
90L_10NL,3,90L_10NL_3_1,0,1320,"('ns', 'ns', 'ns')",konbjene,konbense
90L_10NL,3,90L_10NL_3_1,0,1320,"('ns', 'ns', 'ns')",konbjene,konbense
90L_10NL,3,90L_10NL_3_1,0,1320,"('ns', 'ns', 'ns')",konbjene,konbense
90L_10NL,3,90L_10NL_3_1,0,1320,"('ns', 'ns', 'ns')",konbjene,konbense
90L_10NL,3,90L_10NL_3_1,0,1320,"('ns', 'ns', 'ns')",konbjene,konbense
90L_10NL,3,90L_10NL_3_1,0,1320,"('ns', 'ns', 'ns')",konbjene,konbense
90L_10NL,3,90L_10NL_3_1,0,1320,"('ns', 'ns', 'ns')",konbjene,konbense
90L_10NL,3,90L_10NL_3_1,0,1320,"('ns', 'ns', 'ns')",konbjene,konbense
90L_10NL,3,90L_10NL_3_1,0,1320,"('ns', 'ns', 'ns')",konbjene,konbense
90L_10NL,3,90L_10NL_3_1,0,1320,"('ns', 'ns', 'ns')",konbjene,konbense
90L_10NL,3,90L_10NL_3_1,0,1320,"('ns', 'ns', 'ns')",konbjene,konbense
90L_10NL,3,90L_10NL_3_1,0,1320,"('ns', 'ns', 'ns')",konbjene,konbense
90L_10NL,3,90L_10NL_3_1,0,1320,"('ns', 'ns', 'ns')",konbjene,konbense
90L_10NL,3,90L_10NL_3_1,0,1320,"('ns', 'ns', 'ns')",konbjene,konbense
90L_10NL,3,90L_10NL_3_1,0,1320,"('ns', 'ns', 'ns')",konbjene,konbense
90L_10NL,3,90L_10NL_3_1,0,1320,"('ns', 'ns', 'ns')",konbjene,konbense
90L_10NL,3,90L_10NL_3_1,0,1320,"('ns', 'ns', 'ns')",konbjene,konbense
90L_10NL,3,90L_10NL_3_1,0,1320,"('ns', 'ns', 'ns')",konbjene,konbense
90L_10NL,3,90L_10NL_3_1,0,1320,"('ns', 'ns', 'ns')",konbjene,konbense
90L_10NL,3,90L_10NL_3_1,0,1320,"('ns', 'ns', 'ns')",konbjene,konbense
90L_10NL,3,90L_10NL_3_1,0,1320,"('ns', 'ns', 'ns')",konbjene,konbense
90L_10NL,3,90L_10NL_3_1,0,1320,"('ns', 'ns', 'ns')",konbjene,konbense
90L_10NL,3,90L_10NL_3_1,0,1320,"('ns', 'ns', 'ns')",konbjene,konbense
90L_10NL,3,90L_10NL_3_1,0,1320,"('ns', 'ns', 'ns')",konbjene,konbense
90L_10NL,3,90L_10NL_3_1,0,1320,"('ns', 'ns', 'ns')",konbjene,konbense
90L_10NL,3,90L_10NL_3_1,0,1320,"('ns', 'ns', 'ns')",konbjene,konbense
90L_10NL,3,90L_10NL_3_1,0,1320,"('ns', 'ns', 'ns')",konbjene,konbense
90L_10NL,3,90L_10NL_3_1,0,1320,"('ns', 'ns', 'ns')",konbjene,konbense
90L_10NL,3,90L_10NL_3_1,0,1320,"('ns', 'ns', 'ns')",konbjene,konbense
90L_10NL,3,90L_10NL_3_1,0,1320,"('ns', 'ns', 'ns')",konbjene,konbense
90L_10NL,3,90L_10NL_3_1,0,1320,"('ns', 'ns', 'ns')",konbjene,konbense
90L_10NL,3,90L_10NL_3_1,0,1320,"('ns', 'ns', 'ns')",konbjene,konbense
90L_10NL,3,90L_10NL_3_1,0,1320,"('ns', 'ns', 'ns')",konbjene,konbense
90L_10NL,3,90L_10NL_3_1,0,1320,"('ns', 'ns', 'ns')",konbjene,konbense
90L_10NL,3,90L_10NL_3_1,0,1320,"('ns', 'ns', 'ns')",konbjene,konbense
90L_10NL,3,90L_10NL_3_1,0,1320,"('ns', 'ns', 'ns')",konbjene,konbense
90L_10NL,3,90L_10NL_3_1,0,1320,"('ns', 'ns', 'ns')",konbjene,konbense
90L_10NL,3,90L_10NL_3_1,0,1320,"('ns', 'ns', 'ns')",konbjene,konbense
90L_10NL,3,90L_10NL_3_1,0,1320,"('ns', 'ns', 'ns')",konbjene,konbense
90L_10NL,3,90L_10NL_3_1,0,1320,"('ns', 'ns', 'ns')",konbjene,konbense
90L_10NL,3,90L_10NL_3_1,0,1320,"('ns', 'ns', 'ns')",konbjene,konbense
90L_10NL,3,90L_10NL_3_1,0,1320,"('ns', 'ns', 'ns')",konbjene,konbense
90L_10NL,3,90L_10NL_3_1,0,1320,"('ns', 'ns', 'ns')",konbjene,konbense
90L_10NL,3,90L_10NL_3_1,0,1320,"('ns', 'ns', 'ns')",konbjene,konbense
90L_10NL,3,90L_10NL_3_1,0,1320,"('ns', 'ns', 'ns')",konbeneskajs,konbense
90L_10NL,3,90L_10NL_3_1,0,1320,"('ns', 'ns', 'ns')",konbeneskajs,konbense
90L_10NL,3,90L_10NL_3_1,0,1320,"('ns', 'ns', 'ns')",konbeneskajs,konbense
90L_10NL,3,90L_10NL_3_1,0,1320,"('ns', 'ns', 'ns')",konbeneskajs,konbense
90L_10NL,3,90L_10NL_3_1,0,1320,"('ns', 'ns', 'ns')",konbeneskajs,konbensajs
90L_10NL,3,90L_10NL_3_1,0,1320,"('ns', 'ns', 'ns')",konbeneskajs,konbensajs
90L_10NL,3,90L_10NL_3_1,0,1320,"('ns', 'ns', 'ns')",konbeneskajs,konbensajs
90L_10NL,3,90L_10NL_3_1,0,1320,"('ns', 'ns', 'ns')",konbeneskajs,konbensajs
90L_10NL,3,90L_10NL_3_1,0,1320,"('ns', 'ns', 'ns')",konbeneskajs,konbensajs
90L_10NL,3,90L_10NL_3_1,0,1320,"('ns', 'ns', 'ns')",konbeneskajs,konbensajs
90L_10NL,3,90L_10NL_3_1,0,1320,"('ns', 'ns', 'ns')",konbeneskajs,konbensajs
90L_10NL,3,90L_10NL_3_1,0,1320,"('ns', 'ns', 'ns')",konbeneskajs,konbensajs
90L_10NL,3,90L_10NL_3_1,0,1320,"('ns', 'ns', 'ns')",konbeneskajs,konbensajs
90L_10NL,3,90L_10NL_3_1,0,1320,"('ns', 'ns', 'ns')",konbeneskajs,konbensajs
90L_10NL,3,90L_10NL_3_1,0,1320,"('ns', 'ns', 'ns')",konbeneskajs,konbensajs
90L_10NL,3,90L_10NL_3_1,0,1320,"('ns', 'ns', 'ns')",konbeneskajs,konbensajs
90L_10NL,3,90L_10NL_3_1,0,1320,"('ns', 'ns', 'ns')",konbeneskajs,konbensajs
90L_10NL,3,90L_10NL_3_1,0,1320,"('ns', 'ns', 'ns')",konbeneskajs,konbensajs
90L_10NL,3,90L_10NL_3_1,0,1320,"('ns', 'ns', 'ns')",konbeneskajs,konbensajs
90L_10NL,3,90L_10NL_3_1,0,1320,"('ns', 'ns', 'ns')",konbeneskajs,konbensajs
90L_10NL,3,90L_10NL_3_1,0,1320,"('ns', 'ns', 'ns')",konbeneskajs,konbensajs
90L_10NL,3,90L_10NL_3_1,0,1320,"('ns', 'ns', 'ns')",konbeneskajs,konbensajs
90L_10NL,3,90L_10NL_3_1,0,1320,"('ns', 'ns', 'ns')",konbeneskajs,konbensajs
90L_10NL,3,90L_10NL_3_1,0,1320,"('ns', 'ns', 'ns')",konbeneskajs,konbensajs
90L_10NL,3,90L_10NL_3_1,0,1320,"('ns', 'ns', 'ns')",konbeneskajs,konbensajs
90L_10NL,3,90L_10NL_3_1,0,1320,"('ns', 'ns', 'ns')",konbeneskajs,konbensajs
90L_10NL,3,90L_10NL_3_1,0,1320,"('ns', 'ns', 'ns')",konbeneskajs,konbensajs
90L_10NL,3,90L_10NL_3_1,0,1320,"('ns', 'ns', 'ns')",konbeneskajs,konbensajs
90L_10NL,3,90L_10NL_3_1,0,1320,"('ns', 'ns', 'ns')",konbeneskajs,konbensajs
90L_10NL,3,90L_10NL_3_1,0,1320,"('ns', 'ns', 'ns')",konbeneskajs,konbensajs
90L_10NL,3,90L_10NL_3_1,0,1320,"('ns', 'ns', 'ns')",konbeneskajs,konbensajs
90L_10NL,3,90L_10NL_3_1,0,1320,"('ns', 'ns', 'ns')",konbeneskajs,konbensajs
90L_10NL,3,90L_10NL_3_1,0,1320,"('ns', 'ns', 'ns')",konbeneskajs,konbensajs
90L_10NL,3,90L_10NL_3_1,0,1320,"('ns', 'ns', 'ns')",konbeneskajs,konbensajs
90L_10NL,3,90L_10NL_3_1,0,1320,"('ns', 'ns', 'ns')",konbenɡajs,konbensajs
90L_10NL,3,90L_10NL_3_1,0,1320,"('ns', 'ns', 'ns')",konbenɡajs,konbensajs
90L_10NL,3,90L_10NL_3_1,0,1320,"('ns', 'ns', 'ns')",konbenɡajs,konbensajs
90L_10NL,3,90L_10NL_3_1,0,1320,"('ns', 'ns', 'ns')",konbenɡajs,konbensajs
90L_10NL,3,90L_10NL_3_1,0,1320,"('ns', 'ns', 'ns')",konbenɡajs,konbensajs
90L_10NL,3,90L_10NL_3_1,0,1320,"('ns', 'ns', 'ns')",konbenɡajs,konbensajs
90L_10NL,3,90L_10NL_3_1,0,1320,"('ns', 'ns', 'ns')",konbenɡajs,konbensajs
90L_10NL,3,90L_10NL_3_1,0,1320,"('ns', 'ns', 'ns')",konbenɡajs,konbensajs
90L_10NL,3,90L_10NL_3_1,0,1320,"('ns', 'ns', 'ns')",konbenɡajs,konbensajs
90L_10NL,3,90L_10NL_3_1,0,1320,"('ns', 'ns', 'ns')",konbenɡajs,konbensajs
90L_10NL,3,90L_10NL_3_1,0,1320,"('ns', 'ns', 'ns')",konbeneskajs,konbensajs
90L_10NL,3,90L_10NL_3_1,0,1320,"('ns', 'ns', 'ns')",konbenɡajs,konbensajs
90L_10NL,3,90L_10NL_3_1,0,1320,"('ns', 'ns', 'ns')",konbenɡajs,konbensajs
90L_10NL,3,90L_10NL_3_1,0,1320,"('ns', 'ns', 'ns')",konbenɡajs,konbensajs
90L_10NL,3,90L_10NL_3_1,0,1320,"('ns', 'ns', 'ns')",konbeneskajs,konbensajs
90L_10NL,3,90L_10NL_3_1,0,1320,"('ns', 'ns', 'ns')",konbenɡajs,konbensajs
90L_10NL,3,90L_10NL_3_1,0,1320,"('ns', 'ns', 'ns')",konbenɡajs,konbensajs
90L_10NL,3,90L_10NL_3_1,0,1320,"('ns', 'ns', 'ns')",konbenɡajs,konbensajs
90L_10NL,3,90L_10NL_3_1,0,1320,"('ns', 'ns', 'ns')",konbenɡajs,konbensajs
90L_10NL,3,90L_10NL_3_1,0,1320,"('ns', 'ns', 'ns')",konbenɡajs,konbensajs
90L_10NL,3,90L_10NL_3_1,0,1320,"('ns', 'ns', 'ns')",konbenɡajs,konbensajs
90L_10NL,3,90L_10NL_3_1,0,1320,"('ns', 'ns', 'ns')",konbeneskamos,konbensajs
90L_10NL,3,90L_10NL_3_1,0,1320,"('ns', 'ns', 'ns')",konbeneskamos,konbensajs
90L_10NL,3,90L_10NL_3_1,0,1320,"('ns', 'ns', 'ns')",konbeneskamos,konbensajs
90L_10NL,3,90L_10NL_3_1,0,1320,"('ns', 'ns', 'ns')",konbeneskamos,konbensajs
90L_10NL,3,90L_10NL_3_1,0,1320,"('ns', 'ns', 'ns')",konbeneskamos,konbensamos
90L_10NL,3,90L_10NL_3_1,0,1320,"('ns', 'ns', 'ns')",konbeneskamos,konbensamos
90L_10NL,3,90L_10NL_3_1,0,1320,"('ns', 'ns', 'ns')",konbeneskamos,konbensamos
90L_10NL,3,90L_10NL_3_1,0,1320,"('ns', 'ns', 'ns')",konbeneskamos,konbensamos
90L_10NL,3,90L_10NL_3_1,0,1320,"('ns', 'ns', 'ns')",konbeneskamos,konbensamos
90L_10NL,3,90L_10NL_3_1,0,1320,"('ns', 'ns', 'ns')",konbeneskamos,konbensamos
90L_10NL,3,90L_10NL_3_1,0,1320,"('ns', 'ns', 'ns')",konbeneskamos,konbensamos
90L_10NL,3,90L_10NL_3_1,0,1320,"('ns', 'ns', 'ns')",konbeneskamos,konbensamos
90L_10NL,3,90L_10NL_3_1,0,1320,"('ns', 'ns', 'ns')",konbeneskamos,konbensamos
90L_10NL,3,90L_10NL_3_1,0,1320,"('ns', 'ns', 'ns')",konbeneskamos,konbensamos
90L_10NL,3,90L_10NL_3_1,0,1320,"('ns', 'ns', 'ns')",konbeneskamos,konbensamos
90L_10NL,3,90L_10NL_3_1,0,1320,"('ns', 'ns', 'ns')",konbeneskamos,konbensamos
90L_10NL,3,90L_10NL_3_1,0,1320,"('ns', 'ns', 'ns')",konbeneskamos,konbensamos
90L_10NL,3,90L_10NL_3_1,0,1320,"('ns', 'ns', 'ns')",konbeneskamos,konbensamos
90L_10NL,3,90L_10NL_3_1,0,1320,"('ns', 'ns', 'ns')",konbeneskamos,konbensamos
90L_10NL,3,90L_10NL_3_1,0,1320,"('ns', 'ns', 'ns')",konbeneskamos,konbensamos
90L_10NL,3,90L_10NL_3_1,0,1320,"('ns', 'ns', 'ns')",konbeneskamos,konbensamos
90L_10NL,3,90L_10NL_3_1,0,1320,"('ns', 'ns', 'ns')",konbeneskamos,konbensamos
90L_10NL,3,90L_10NL_3_1,0,1320,"('ns', 'ns', 'ns')",konbeneskamos,konbensamos
90L_10NL,3,90L_10NL_3_1,0,1320,"('ns', 'ns', 'ns')",konbeneskamos,konbensamos
90L_10NL,3,90L_10NL_3_1,0,1320,"('ns', 'ns', 'ns')",konbeneskamos,konbensamos
90L_10NL,3,90L_10NL_3_1,0,1320,"('ns', 'ns', 'ns')",konbeneskamos,konbensamos
90L_10NL,3,90L_10NL_3_1,0,1320,"('ns', 'ns', 'ns')",konbeneskamos,konbensamos
90L_10NL,3,90L_10NL_3_1,0,1320,"('ns', 'ns', 'ns')",konbeneskamos,konbensamos
90L_10NL,3,90L_10NL_3_1,0,1320,"('ns', 'ns', 'ns')",konbeneskamos,konbensamos
90L_10NL,3,90L_10NL_3_1,0,1320,"('ns', 'ns', 'ns')",konbeneskamos,konbensamos
90L_10NL,3,90L_10NL_3_1,0,1320,"('ns', 'ns', 'ns')",konbeneskamos,konbensamos
90L_10NL,3,90L_10NL_3_1,0,1320,"('ns', 'ns', 'ns')",konbeneskamos,konbensamos
90L_10NL,3,90L_10NL_3_1,0,1320,"('ns', 'ns', 'ns')",konbeneskamos,konbensamos
90L_10NL,3,90L_10NL_3_1,0,1320,"('ns', 'ns', 'ns')",konbeneskamos,konbensamos
90L_10NL,3,90L_10NL_3_1,0,1320,"('ns', 'ns', 'ns')",konbeneskamos,konbensamos
90L_10NL,3,90L_10NL_3_1,0,1320,"('ns', 'ns', 'ns')",konbeneskamos,konbensamos
90L_10NL,3,90L_10NL_3_1,0,1320,"('ns', 'ns', 'ns')",konbenɡamos,konbensamos
90L_10NL,3,90L_10NL_3_1,0,1320,"('ns', 'ns', 'ns')",konbeneskamos,konbensamos
90L_10NL,3,90L_10NL_3_1,0,1320,"('ns', 'ns', 'ns')",konbenɡamos,konbensamos
90L_10NL,3,90L_10NL_3_1,0,1320,"('ns', 'ns', 'ns')",konbeneskamos,konbensamos
90L_10NL,3,90L_10NL_3_1,0,1320,"('ns', 'ns', 'ns')",konbenɡamos,konbensamos
90L_10NL,3,90L_10NL_3_1,0,1320,"('ns', 'ns', 'ns')",konbenɡamos,konbensamos
90L_10NL,3,90L_10NL_3_1,0,1320,"('ns', 'ns', 'ns')",konbenɡamos,konbensamos
90L_10NL,3,90L_10NL_3_1,0,1320,"('ns', 'ns', 'ns')",konbenɡamos,konbensamos
90L_10NL,3,90L_10NL_3_1,0,1320,"('ns', 'ns', 'ns')",konbeneskamos,konbensamos
90L_10NL,3,90L_10NL_3_1,0,1320,"('ns', 'ns', 'ns')",konbenɡamos,konbensamos
90L_10NL,3,90L_10NL_3_1,0,1320,"('ns', 'ns', 'ns')",konbenɡamos,konbensamos
90L_10NL,3,90L_10NL_3_1,0,1320,"('ns', 'ns', 'ns')",konbenɡamos,konbensamos
90L_10NL,3,90L_10NL_3_1,0,1320,"('ns', 'ns', 'ns')",konbeneskamos,konbensamos
90L_10NL,3,90L_10NL_3_1,0,1320,"('ns', 'ns', 'ns')",konbenɡamos,konbensamos
90L_10NL,3,90L_10NL_3_1,0,1320,"('ns', 'ns', 'ns')",konbenɡamos,konbensamos
90L_10NL,3,90L_10NL_3_1,0,1320,"('ns', 'ns', 'ns')",konbenɡamos,konbensamos
90L_10NL,3,90L_10NL_3_1,0,1320,"('ns', 'ns', 'ns')",konbenɡamos,konbensamos
90L_10NL,3,90L_10NL_3_1,0,1320,"('ns', 'ns', 'ns')",konbenɡamos,konbensamos
90L_10NL,3,90L_10NL_3_1,0,1320,"('ns', 'ns', 'ns')",konbenɡamos,konbensamos
90L_10NL,3,90L_10NL_3_1,0,1320,"('ns', 'ns', 'ns')",konbenɡan,konbensamos
90L_10NL,3,90L_10NL_3_1,0,1320,"('ns', 'ns', 'ns')",konbenɡan,konbensamos
90L_10NL,3,90L_10NL_3_1,0,1320,"('ns', 'ns', 'ns')",konbenɡan,konbensamos
90L_10NL,3,90L_10NL_3_1,0,1320,"('ns', 'ns', 'ns')",konbenɡan,konbensamos
90L_10NL,3,90L_10NL_3_1,0,1320,"('ns', 'ns', 'ns')",konbenɡan,konbensan
90L_10NL,3,90L_10NL_3_1,0,1320,"('ns', 'ns', 'ns')",konbenɡan,konbensan
90L_10NL,3,90L_10NL_3_1,0,1320,"('ns', 'ns', 'ns')",konbenɡan,konbensan
90L_10NL,3,90L_10NL_3_1,0,1320,"('ns', 'ns', 'ns')",konbenɡan,konbensan
90L_10NL,3,90L_10NL_3_1,0,1320,"('ns', 'ns', 'ns')",konbenɡan,konbensan
90L_10NL,3,90L_10NL_3_1,0,1320,"('ns', 'ns', 'ns')",konbenɡan,konbensan
90L_10NL,3,90L_10NL_3_1,0,1320,"('ns', 'ns', 'ns')",konbenɡan,konbensan
90L_10NL,3,90L_10NL_3_1,0,1320,"('ns', 'ns', 'ns')",konbenɡan,konbensan
90L_10NL,3,90L_10NL_3_1,0,1320,"('ns', 'ns', 'ns')",konbenɡan,konbensan
90L_10NL,3,90L_10NL_3_1,0,1320,"('ns', 'ns', 'ns')",konbenɡan,konbensan
90L_10NL,3,90L_10NL_3_1,0,1320,"('ns', 'ns', 'ns')",konbenɡan,konbensan
90L_10NL,3,90L_10NL_3_1,0,1320,"('ns', 'ns', 'ns')",konbenɡan,konbensan
90L_10NL,3,90L_10NL_3_1,0,1320,"('ns', 'ns', 'ns')",konbenɡan,konbensan
90L_10NL,3,90L_10NL_3_1,0,1320,"('ns', 'ns', 'ns')",konbenɡan,konbensan
90L_10NL,3,90L_10NL_3_1,0,1320,"('ns', 'ns', 'ns')",konbenɡan,konbensan
90L_10NL,3,90L_10NL_3_1,0,1320,"('ns', 'ns', 'ns')",konbenɡan,konbensan
90L_10NL,3,90L_10NL_3_1,0,1320,"('ns', 'ns', 'ns')",konbenɡan,konbensan
90L_10NL,3,90L_10NL_3_1,0,1320,"('ns', 'ns', 'ns')",konbenɡan,konbensan
90L_10NL,3,90L_10NL_3_1,0,1320,"('ns', 'ns', 'ns')",konbenɡan,konbensan
90L_10NL,3,90L_10NL_3_1,0,1320,"('ns', 'ns', 'ns')",konbenɡan,konbensan
90L_10NL,3,90L_10NL_3_1,0,1320,"('ns', 'ns', 'ns')",konbenɡan,konbensan
90L_10NL,3,90L_10NL_3_1,0,1320,"('ns', 'ns', 'ns')",konbenɡan,konbensan
90L_10NL,3,90L_10NL_3_1,0,1320,"('ns', 'ns', 'ns')",konbenɡan,konbensan
90L_10NL,3,90L_10NL_3_1,0,1320,"('ns', 'ns', 'ns')",konbenɡan,konbensan
90L_10NL,3,90L_10NL_3_1,0,1320,"('ns', 'ns', 'ns')",konbenɡan,konbensan
90L_10NL,3,90L_10NL_3_1,0,1320,"('ns', 'ns', 'ns')",konbenɡan,konbensan
90L_10NL,3,90L_10NL_3_1,0,1320,"('ns', 'ns', 'ns')",konbenɡan,konbensan
90L_10NL,3,90L_10NL_3_1,0,1320,"('ns', 'ns', 'ns')",konbenɡan,konbensan
90L_10NL,3,90L_10NL_3_1,0,1320,"('ns', 'ns', 'ns')",konbenɡan,konbensan
90L_10NL,3,90L_10NL_3_1,0,1320,"('ns', 'ns', 'ns')",konbenɡan,konbensan
90L_10NL,3,90L_10NL_3_1,0,1320,"('ns', 'ns', 'ns')",konbenɡan,konbensan
90L_10NL,3,90L_10NL_3_1,0,1320,"('ns', 'ns', 'ns')",konbenɡan,konbensan
90L_10NL,3,90L_10NL_3_1,0,1320,"('ns', 'ns', 'ns')",konbenɡan,konbensan
90L_10NL,3,90L_10NL_3_1,0,1320,"('ns', 'ns', 'ns')",konbenɡan,konbensan
90L_10NL,3,90L_10NL_3_1,0,1320,"('ns', 'ns', 'ns')",konbenɡan,konbensan
90L_10NL,3,90L_10NL_3_1,0,1320,"('ns', 'ns', 'ns')",konbenɡan,konbensan
90L_10NL,3,90L_10NL_3_1,0,1320,"('ns', 'ns', 'ns')",konbenɡan,konbensan
90L_10NL,3,90L_10NL_3_1,0,1320,"('ns', 'ns', 'ns')",konbenɡan,konbensan
90L_10NL,3,90L_10NL_3_1,0,1320,"('ns', 'ns', 'ns')",konbenɡan,konbensan
90L_10NL,3,90L_10NL_3_1,0,1320,"('ns', 'ns', 'ns')",konbenɡan,konbensan
90L_10NL,3,90L_10NL_3_1,0,1320,"('ns', 'ns', 'ns')",konbenɡan,konbensan
90L_10NL,3,90L_10NL_3_1,0,1320,"('ns', 'ns', 'ns')",konbenɡan,konbensan
90L_10NL,3,90L_10NL_3_1,0,1320,"('ns', 'ns', 'ns')",konbenɡan,konbensan
90L_10NL,3,90L_10NL_3_1,0,1320,"('ns', 'ns', 'ns')",konbenɡan,konbensan
90L_10NL,3,90L_10NL_3_1,0,1320,"('ns', 'ns', 'ns')",konbenɡan,konbensan
90L_10NL,3,90L_10NL_3_1,0,1320,"('ns', 'ns', 'ns')",konbenɡan,konbensan
90L_10NL,3,90L_10NL_3_1,0,1320,"('ns', 'ns', 'ns')",konbenɡan,konbensan
90L_10NL,3,90L_10NL_3_1,0,1320,"('ns', 'ns', 'ns')",konbenɡan,konbensan
90L_10NL,3,90L_10NL_3_1,0,1320,"('ns', 'ns', 'ns')",konbenɡan,konbensan
90L_10NL,3,90L_10NL_3_1,0,1320,"('ns', 'ns', 'ns')",konbenɡan,konbensan
90L_10NL,3,90L_10NL_3_1,0,1320,"('ns', 'ns', 'ns')",konbenɡan,konbensan
90L_10NL,3,90L_10NL_3_1,0,1320,"('ns', 'ns', 'ns')",konbenɡas,konbensan
90L_10NL,3,90L_10NL_3_1,0,1320,"('ns', 'ns', 'ns')",konbenɡas,konbensan
90L_10NL,3,90L_10NL_3_1,0,1320,"('ns', 'ns', 'ns')",konbenɡas,konbensan
90L_10NL,3,90L_10NL_3_1,0,1320,"('ns', 'ns', 'ns')",konbenɡas,konbensan
90L_10NL,3,90L_10NL_3_1,0,1320,"('ns', 'ns', 'ns')",konbenɡas,konbensas
90L_10NL,3,90L_10NL_3_1,0,1320,"('ns', 'ns', 'ns')",konbenɡas,konbensas
90L_10NL,3,90L_10NL_3_1,0,1320,"('ns', 'ns', 'ns')",konbenɡas,konbensas
90L_10NL,3,90L_10NL_3_1,0,1320,"('ns', 'ns', 'ns')",konbenɡas,konbensas
90L_10NL,3,90L_10NL_3_1,0,1320,"('ns', 'ns', 'ns')",konbenɡas,konbensas
90L_10NL,3,90L_10NL_3_1,0,1320,"('ns', 'ns', 'ns')",konbenɡas,konbensas
90L_10NL,3,90L_10NL_3_1,0,1320,"('ns', 'ns', 'ns')",konbenɡas,konbensas
90L_10NL,3,90L_10NL_3_1,0,1320,"('ns', 'ns', 'ns')",konbenɡas,konbensas
90L_10NL,3,90L_10NL_3_1,0,1320,"('ns', 'ns', 'ns')",konbenɡas,konbensas
90L_10NL,3,90L_10NL_3_1,0,1320,"('ns', 'ns', 'ns')",konbenɡas,konbensas
90L_10NL,3,90L_10NL_3_1,0,1320,"('ns', 'ns', 'ns')",konbenɡas,konbensas
90L_10NL,3,90L_10NL_3_1,0,1320,"('ns', 'ns', 'ns')",konbenɡas,konbensas
90L_10NL,3,90L_10NL_3_1,0,1320,"('ns', 'ns', 'ns')",konbenɡas,konbensas
90L_10NL,3,90L_10NL_3_1,0,1320,"('ns', 'ns', 'ns')",konbenɡas,konbensas
90L_10NL,3,90L_10NL_3_1,0,1320,"('ns', 'ns', 'ns')",konbenɡas,konbensas
90L_10NL,3,90L_10NL_3_1,0,1320,"('ns', 'ns', 'ns')",konbenɡas,konbensas
90L_10NL,3,90L_10NL_3_1,0,1320,"('ns', 'ns', 'ns')",konbenɡas,konbensas
90L_10NL,3,90L_10NL_3_1,0,1320,"('ns', 'ns', 'ns')",konbenɡas,konbensas
90L_10NL,3,90L_10NL_3_1,0,1320,"('ns', 'ns', 'ns')",konbenɡas,konbensas
90L_10NL,3,90L_10NL_3_1,0,1320,"('ns', 'ns', 'ns')",konbenɡas,konbensas
90L_10NL,3,90L_10NL_3_1,0,1320,"('ns', 'ns', 'ns')",konbenɡas,konbensas
90L_10NL,3,90L_10NL_3_1,0,1320,"('ns', 'ns', 'ns')",konbenɡas,konbensas
90L_10NL,3,90L_10NL_3_1,0,1320,"('ns', 'ns', 'ns')",konbenɡas,konbensas
90L_10NL,3,90L_10NL_3_1,0,1320,"('ns', 'ns', 'ns')",konbenɡas,konbensas
90L_10NL,3,90L_10NL_3_1,0,1320,"('ns', 'ns', 'ns')",konbenɡas,konbensas
90L_10NL,3,90L_10NL_3_1,0,1320,"('ns', 'ns', 'ns')",konbenɡas,konbensas
90L_10NL,3,90L_10NL_3_1,0,1320,"('ns', 'ns', 'ns')",konbenɡas,konbensas
90L_10NL,3,90L_10NL_3_1,0,1320,"('ns', 'ns', 'ns')",konbenɡas,konbensas
90L_10NL,3,90L_10NL_3_1,0,1320,"('ns', 'ns', 'ns')",konbenɡas,konbensas
90L_10NL,3,90L_10NL_3_1,0,1320,"('ns', 'ns', 'ns')",konbenɡas,konbensas
90L_10NL,3,90L_10NL_3_1,0,1320,"('ns', 'ns', 'ns')",konbenɡas,konbensas
90L_10NL,3,90L_10NL_3_1,0,1320,"('ns', 'ns', 'ns')",konbenɡas,konbensas
90L_10NL,3,90L_10NL_3_1,0,1320,"('ns', 'ns', 'ns')",konbenɡas,konbensas
90L_10NL,3,90L_10NL_3_1,0,1320,"('ns', 'ns', 'ns')",konbenɡas,konbensas
90L_10NL,3,90L_10NL_3_1,0,1320,"('ns', 'ns', 'ns')",konbenɡas,konbensas
90L_10NL,3,90L_10NL_3_1,0,1320,"('ns', 'ns', 'ns')",konbenɡas,konbensas
90L_10NL,3,90L_10NL_3_1,0,1320,"('ns', 'ns', 'ns')",konbenɡas,konbensas
90L_10NL,3,90L_10NL_3_1,0,1320,"('ns', 'ns', 'ns')",konbenɡas,konbensas
90L_10NL,3,90L_10NL_3_1,0,1320,"('ns', 'ns', 'ns')",konbenɡas,konbensas
90L_10NL,3,90L_10NL_3_1,0,1320,"('ns', 'ns', 'ns')",konbenɡas,konbensas
90L_10NL,3,90L_10NL_3_1,0,1320,"('ns', 'ns', 'ns')",konbenɡas,konbensas
90L_10NL,3,90L_10NL_3_1,0,1320,"('ns', 'ns', 'ns')",konbenɡas,konbensas
90L_10NL,3,90L_10NL_3_1,0,1320,"('ns', 'ns', 'ns')",konbenɡas,konbensas
90L_10NL,3,90L_10NL_3_1,0,1320,"('ns', 'ns', 'ns')",konbenɡas,konbensas
90L_10NL,3,90L_10NL_3_1,0,1320,"('ns', 'ns', 'ns')",konbenɡas,konbensas
90L_10NL,3,90L_10NL_3_1,0,1320,"('ns', 'ns', 'ns')",konbenɡas,konbensas
90L_10NL,3,90L_10NL_3_1,0,1320,"('ns', 'ns', 'ns')",konbenɡas,konbensas
90L_10NL,3,90L_10NL_3_1,0,1320,"('ns', 'ns', 'ns')",konbenɡas,konbensas
90L_10NL,3,90L_10NL_3_1,0,1320,"('ns', 'ns', 'ns')",konbenɡas,konbensas
90L_10NL,3,90L_10NL_3_1,0,1320,"('ns', 'ns', 'ns')",konbenɡas,konbensas
90L_10NL,3,90L_10NL_3_1,0,1320,"('ns', 'ns', 'ns')",konbenɡas,konbensas
90L_10NL,3,90L_10NL_3_1,0,1320,"('ns', 'ns', 'ns')",konbenɡa,konbensas
90L_10NL,3,90L_10NL_3_1,0,1320,"('ns', 'ns', 'ns')",konbenɡa,konbensas
90L_10NL,3,90L_10NL_3_1,0,1320,"('ns', 'ns', 'ns')",konbenɡa,konbensas
90L_10NL,3,90L_10NL_3_1,0,1320,"('ns', 'ns', 'ns')",konbenɡa,konbensas
90L_10NL,3,90L_10NL_3_1,0,1320,"('ns', 'ns', 'ns')",konbenɡa,konbensa
90L_10NL,3,90L_10NL_3_1,0,1320,"('ns', 'ns', 'ns')",konbenɡa,konbensa
90L_10NL,3,90L_10NL_3_1,0,1320,"('ns', 'ns', 'ns')",konbenɡa,konbensa
90L_10NL,3,90L_10NL_3_1,0,1320,"('ns', 'ns', 'ns')",konbenɡa,konbensa
90L_10NL,3,90L_10NL_3_1,0,1320,"('ns', 'ns', 'ns')",konbenɡa,konbensa
90L_10NL,3,90L_10NL_3_1,0,1320,"('ns', 'ns', 'ns')",konbenɡa,konbensa
90L_10NL,3,90L_10NL_3_1,0,1320,"('ns', 'ns', 'ns')",konbenɡa,konbensa
90L_10NL,3,90L_10NL_3_1,0,1320,"('ns', 'ns', 'ns')",konbenɡa,konbensa
90L_10NL,3,90L_10NL_3_1,0,1320,"('ns', 'ns', 'ns')",konbenɡa,konbensa
90L_10NL,3,90L_10NL_3_1,0,1320,"('ns', 'ns', 'ns')",konbenɡa,konbensa
90L_10NL,3,90L_10NL_3_1,0,1320,"('ns', 'ns', 'ns')",konbenɡa,konbensa
90L_10NL,3,90L_10NL_3_1,0,1320,"('ns', 'ns', 'ns')",konbenɡa,konbensa
90L_10NL,3,90L_10NL_3_1,0,1320,"('ns', 'ns', 'ns')",konbenɡa,konbensa
90L_10NL,3,90L_10NL_3_1,0,1320,"('ns', 'ns', 'ns')",konbenɡa,konbensa
90L_10NL,3,90L_10NL_3_1,0,1320,"('ns', 'ns', 'ns')",konbenɡa,konbensa
90L_10NL,3,90L_10NL_3_1,0,1320,"('ns', 'ns', 'ns')",konbenɡa,konbensa
90L_10NL,3,90L_10NL_3_1,0,1320,"('ns', 'ns', 'ns')",konbenɡa,konbensa
90L_10NL,3,90L_10NL_3_1,0,1320,"('ns', 'ns', 'ns')",konbenɡa,konbensa
90L_10NL,3,90L_10NL_3_1,0,1320,"('ns', 'ns', 'ns')",konbenɡa,konbensa
90L_10NL,3,90L_10NL_3_1,0,1320,"('ns', 'ns', 'ns')",konbenɡa,konbensa
90L_10NL,3,90L_10NL_3_1,0,1320,"('ns', 'ns', 'ns')",konbenɡa,konbensa
90L_10NL,3,90L_10NL_3_1,0,1320,"('ns', 'ns', 'ns')",konbenɡa,konbensa
90L_10NL,3,90L_10NL_3_1,0,1320,"('ns', 'ns', 'ns')",konbenɡa,konbensa
90L_10NL,3,90L_10NL_3_1,0,1320,"('ns', 'ns', 'ns')",konbenɡa,konbensa
90L_10NL,3,90L_10NL_3_1,0,1320,"('ns', 'ns', 'ns')",konbenɡa,konbensa
90L_10NL,3,90L_10NL_3_1,0,1320,"('ns', 'ns', 'ns')",konbenɡa,konbensa
90L_10NL,3,90L_10NL_3_1,0,1320,"('ns', 'ns', 'ns')",konbenɡa,konbensa
90L_10NL,3,90L_10NL_3_1,0,1320,"('ns', 'ns', 'ns')",konbenɡa,konbensa
90L_10NL,3,90L_10NL_3_1,0,1320,"('ns', 'ns', 'ns')",konbenɡa,konbensa
90L_10NL,3,90L_10NL_3_1,0,1320,"('ns', 'ns', 'ns')",konbenɡa,konbensa
90L_10NL,3,90L_10NL_3_1,0,1320,"('ns', 'ns', 'ns')",konbenɡa,konbensa
90L_10NL,3,90L_10NL_3_1,0,1320,"('ns', 'ns', 'ns')",konbenɡa,konbensa
90L_10NL,3,90L_10NL_3_1,0,1320,"('ns', 'ns', 'ns')",konbenɡa,konbensa
90L_10NL,3,90L_10NL_3_1,0,1320,"('ns', 'ns', 'ns')",konbenɡa,konbensa
90L_10NL,3,90L_10NL_3_1,0,1320,"('ns', 'ns', 'ns')",konbenɡa,konbensa
90L_10NL,3,90L_10NL_3_1,0,1320,"('ns', 'ns', 'ns')",konbenɡa,konbensa
90L_10NL,3,90L_10NL_3_1,0,1320,"('ns', 'ns', 'ns')",konbenɡa,konbensa
90L_10NL,3,90L_10NL_3_1,0,1320,"('ns', 'ns', 'ns')",konbenɡa,konbensa
90L_10NL,3,90L_10NL_3_1,0,1320,"('ns', 'ns', 'ns')",konbenɡa,konbensa
90L_10NL,3,90L_10NL_3_1,0,1320,"('ns', 'ns', 'ns')",konbenɡa,konbensa
90L_10NL,3,90L_10NL_3_1,0,1320,"('ns', 'ns', 'ns')",konbenɡa,konbensa
90L_10NL,3,90L_10NL_3_1,0,1320,"('ns', 'ns', 'ns')",konbenɡa,konbensa
90L_10NL,3,90L_10NL_3_1,0,1320,"('ns', 'ns', 'ns')",konbenɡa,konbensa
90L_10NL,3,90L_10NL_3_1,0,1320,"('ns', 'ns', 'ns')",konbenɡa,konbensa
90L_10NL,3,90L_10NL_3_1,0,1320,"('ns', 'ns', 'ns')",konbenɡa,konbensa
90L_10NL,3,90L_10NL_3_1,0,1320,"('ns', 'ns', 'ns')",konbenɡa,konbensa
90L_10NL,3,90L_10NL_3_1,0,1320,"('ns', 'ns', 'ns')",konbenɡa,konbensa
90L_10NL,3,90L_10NL_3_1,0,1320,"('ns', 'ns', 'ns')",konbenɡa,konbensa
90L_10NL,3,90L_10NL_3_1,0,1320,"('ns', 'ns', 'ns')",konbenɡa,konbensa
90L_10NL,3,90L_10NL_3_1,0,1320,"('ns', 'ns', 'ns')",konbenɡa,konbensa
90L_10NL,3,90L_10NL_3_1,0,1320,"('ns', 'ns', 'ns')",konbenɡa,konbensa
90L_10NL,3,90L_10NL_3_1,0,1320,"('ns', 'ns', 'ns')",konbenɡa,konbensa
90L_10NL,3,90L_10NL_3_1,0,1320,"('ns', 'ns', 'ns')",konbenɡa,konbensa
90L_10NL,3,90L_10NL_3_1,0,1320,"('ns', 'ns', 'ns')",konbenɡa,konbensa
90L_10NL,3,90L_10NL_3_1,0,1320,"('ns', 'ns', 'ns')",konbenɡa,konbensa
90L_10NL,3,90L_10NL_3_1,0,1320,"('ns', 'ns', 'ns')",konbenɡa,konbensa
90L_10NL,3,90L_10NL_3_1,0,1320,"('ns', 'ns', 'ns')",konbenɡa,konbensa
90L_10NL,3,90L_10NL_3_1,0,1320,"('ns', 'ns', 'ns')",konbenɡa,konbensa
90L_10NL,3,90L_10NL_3_1,0,1320,"('ns', 'ns', 'ns')",konbenɡa,konbensa
90L_10NL,3,90L_10NL_3_1,0,1320,"('ns', 'ns', 'ns')",konbenɡa,konbensa
90L_10NL,3,90L_10NL_3_1,0,1320,"('ns', 'ns', 'ns')",konbenɡa,konbensa
90L_10NL,3,90L_10NL_3_1,0,1320,"('ns', 'ns', 'ns')",konbenɡa,konbensa
90L_10NL,3,90L_10NL_3_1,0,1320,"('ns', 'ns', 'ns')",konbenɡa,konbensa
90L_10NL,3,90L_10NL_3_1,0,1320,"('ns', 'ns', 'ns')",konbenɡa,konbensa
90L_10NL,3,90L_10NL_3_1,0,1320,"('ns', 'ns', 'ns')",konbenɡa,konbensa
90L_10NL,3,90L_10NL_3_1,0,1320,"('ns', 'ns', 'ns')",konbenɡa,konbensa
90L_10NL,3,90L_10NL_3_1,0,1320,"('ns', 'ns', 'ns')",konbenɡa,konbensa
90L_10NL,3,90L_10NL_3_1,0,1320,"('ns', 'ns', 'ns')",konbenɡa,konbensa
90L_10NL,3,90L_10NL_3_1,0,1320,"('ns', 'ns', 'ns')",konbenɡa,konbensa
90L_10NL,3,90L_10NL_3_1,0,1320,"('ns', 'ns', 'ns')",konbenɡa,konbensa
90L_10NL,3,90L_10NL_3_1,0,1320,"('ns', 'ns', 'ns')",konbenɡa,konbensa
90L_10NL,3,90L_10NL_3_1,0,1320,"('ns', 'ns', 'ns')",konbenɡa,konbensa
90L_10NL,3,90L_10NL_3_1,0,1320,"('ns', 'ns', 'ns')",konbenɡa,konbensa
90L_10NL,3,90L_10NL_3_1,0,1320,"('ns', 'ns', 'ns')",konbenɡa,konbensa
90L_10NL,3,90L_10NL_3_1,0,1320,"('ns', 'ns', 'ns')",konbenɡa,konbensa
90L_10NL,3,90L_10NL_3_1,0,1320,"('ns', 'ns', 'ns')",konbenɡa,konbensa
90L_10NL,3,90L_10NL_3_1,0,1320,"('ns', 'ns', 'ns')",konbenɡa,konbensa
90L_10NL,3,90L_10NL_3_1,0,1320,"('ns', 'ns', 'ns')",konbenɡa,konbensa
90L_10NL,3,90L_10NL_3_1,0,1320,"('ns', 'ns', 'ns')",konbenɡa,konbensa
90L_10NL,3,90L_10NL_3_1,0,1320,"('ns', 'ns', 'ns')",konbenɡa,konbensa
90L_10NL,3,90L_10NL_3_1,0,1320,"('ns', 'ns', 'ns')",konbenɡa,konbensa
90L_10NL,3,90L_10NL_3_1,0,1320,"('ns', 'ns', 'ns')",konbenɡa,konbensa
90L_10NL,3,90L_10NL_3_1,0,1320,"('ns', 'ns', 'ns')",konbenɡa,konbensa
90L_10NL,3,90L_10NL_3_1,0,1320,"('ns', 'ns', 'ns')",konbenɡa,konbensa
90L_10NL,3,90L_10NL_3_1,0,1320,"('ns', 'ns', 'ns')",konbenɡa,konbensa
90L_10NL,3,90L_10NL_3_1,0,1320,"('ns', 'ns', 'ns')",konbenɡa,konbensa
90L_10NL,3,90L_10NL_3_1,0,1320,"('ns', 'ns', 'ns')",konbenɡa,konbensa
90L_10NL,3,90L_10NL_3_1,0,1320,"('ns', 'ns', 'ns')",konbenɡa,konbensa
90L_10NL,3,90L_10NL_3_1,0,1320,"('ns', 'ns', 'ns')",konbenɡa,konbensa
90L_10NL,3,90L_10NL_3_1,0,1320,"('ns', 'ns', 'ns')",konbenɡa,konbensa
90L_10NL,3,90L_10NL_3_1,0,1320,"('ns', 'ns', 'ns')",konbenɡa,konbensa
90L_10NL,3,90L_10NL_3_1,0,1320,"('ns', 'ns', 'ns')",konbenɡa,konbensa
90L_10NL,3,90L_10NL_3_1,0,1320,"('ns', 'ns', 'ns')",konbenɡa,konbensa
90L_10NL,3,90L_10NL_3_1,0,1320,"('ns', 'ns', 'ns')",konbenɡa,konbensa
90L_10NL,3,90L_10NL_3_1,0,1320,"('ns', 'ns', 'ns')",konbenɡa,konbensa
90L_10NL,3,90L_10NL_3_1,0,1320,"('ns', 'ns', 'ns')",konbenɡa,konbensa
90L_10NL,3,90L_10NL_3_1,0,1320,"('ns', 'ns', 'ns')",konbenɡa,konbensa
90L_10NL,3,90L_10NL_3_1,0,1320,"('ns', 'ns', 'ns')",konbenɡa,konbensa
90L_10NL,3,90L_10NL_3_1,0,1320,"('ns', 'ns', 'ns')",konbenɡa,konbensa
90L_10NL,3,90L_10NL_3_1,0,1320,"('ns', 'ns', 'ns')",konbenɡa,konbensa
90L_10NL,3,90L_10NL_3_1,0,1320,"('ns', 'ns', 'ns')",konbenɡa,konbensa
90L_10NL,3,90L_10NL_3_1,0,1320,"('ns', 'ns', 'ns')",konbenɡa,konbensa
90L_10NL,3,90L_10NL_3_1,0,1320,"('ns', 'ns', 'ns')",konbenɡa,konbensa
90L_10NL,3,90L_10NL_3_1,0,1320,"('ns', 'ns', 'ns')",konbenɡa,konbensa
90L_10NL,3,90L_10NL_3_1,0,1320,"('ns', 'ns', 'ns')",konbenɡa,konbensa
90L_10NL,3,90L_10NL_3_1,0,1320,"('ns', 'ns', 'ns')",konbenɡa,konbensa
90L_10NL,3,90L_10NL_3_1,0,1320,"('ns', 'ns', 'ns')",konbenɡo,konbensa
90L_10NL,3,90L_10NL_3_1,0,1320,"('ns', 'ns', 'ns')",konbenɡo,konbensa
90L_10NL,3,90L_10NL_3_1,0,1320,"('ns', 'ns', 'ns')",konbenɡo,konbensa
90L_10NL,3,90L_10NL_3_1,0,1320,"('ns', 'ns', 'ns')",konbenɡo,konbensa
90L_10NL,3,90L_10NL_3_1,0,1320,"('ns', 'ns', 'ns')",konbenɡo,konbenso
90L_10NL,3,90L_10NL_3_1,0,1320,"('ns', 'ns', 'ns')",konbenɡo,konbenso
90L_10NL,3,90L_10NL_3_1,0,1320,"('ns', 'ns', 'ns')",konbenɡo,konbenso
90L_10NL,3,90L_10NL_3_1,0,1320,"('ns', 'ns', 'ns')",konbenɡo,konbenso
90L_10NL,3,90L_10NL_3_1,0,1320,"('ns', 'ns', 'ns')",konbenɡo,konbenso
90L_10NL,3,90L_10NL_3_1,0,1320,"('ns', 'ns', 'ns')",konbenɡo,konbenso
90L_10NL,3,90L_10NL_3_1,0,1320,"('ns', 'ns', 'ns')",konbenɡo,konbenso
90L_10NL,3,90L_10NL_3_1,0,1320,"('ns', 'ns', 'ns')",konbenɡo,konbenso
90L_10NL,3,90L_10NL_3_1,0,1320,"('ns', 'ns', 'ns')",konbenɡo,konbenso
90L_10NL,3,90L_10NL_3_1,0,1320,"('ns', 'ns', 'ns')",konbenɡo,konbenso
90L_10NL,3,90L_10NL_3_1,0,1320,"('ns', 'ns', 'ns')",konbenɡo,konbenso
90L_10NL,3,90L_10NL_3_1,0,1320,"('ns', 'ns', 'ns')",konbenɡo,konbenso
90L_10NL,3,90L_10NL_3_1,0,1320,"('ns', 'ns', 'ns')",konbenɡo,konbenso
90L_10NL,3,90L_10NL_3_1,0,1320,"('ns', 'ns', 'ns')",konbenɡo,konbenso
90L_10NL,3,90L_10NL_3_1,0,1320,"('ns', 'ns', 'ns')",konbenɡo,konbenso
90L_10NL,3,90L_10NL_3_1,0,1320,"('ns', 'ns', 'ns')",konbenɡo,konbenso
90L_10NL,3,90L_10NL_3_1,0,1320,"('ns', 'ns', 'ns')",konbenɡo,konbenso
90L_10NL,3,90L_10NL_3_1,0,1320,"('ns', 'ns', 'ns')",konbenɡo,konbenso
90L_10NL,3,90L_10NL_3_1,0,1320,"('ns', 'ns', 'ns')",konbenɡo,konbenso
90L_10NL,3,90L_10NL_3_1,0,1320,"('ns', 'ns', 'ns')",konbenɡo,konbenso
90L_10NL,3,90L_10NL_3_1,0,1320,"('ns', 'ns', 'ns')",konbenɡo,konbenso
90L_10NL,3,90L_10NL_3_1,0,1320,"('ns', 'ns', 'ns')",konbenɡo,konbenso
90L_10NL,3,90L_10NL_3_1,0,1320,"('ns', 'ns', 'ns')",konbenɡo,konbenso
90L_10NL,3,90L_10NL_3_1,0,1320,"('ns', 'ns', 'ns')",konbenɡo,konbenso
90L_10NL,3,90L_10NL_3_1,0,1320,"('ns', 'ns', 'ns')",konbenɡo,konbenso
90L_10NL,3,90L_10NL_3_1,0,1320,"('ns', 'ns', 'ns')",konbenɡo,konbenso
90L_10NL,3,90L_10NL_3_1,0,1320,"('ns', 'ns', 'ns')",konbenɡo,konbenso
90L_10NL,3,90L_10NL_3_1,0,1320,"('ns', 'ns', 'ns')",konbenɡo,konbenso
90L_10NL,3,90L_10NL_3_1,0,1320,"('ns', 'ns', 'ns')",konbenɡo,konbenso
90L_10NL,3,90L_10NL_3_1,0,1320,"('ns', 'ns', 'ns')",konbenɡo,konbenso
90L_10NL,3,90L_10NL_3_1,0,1320,"('ns', 'ns', 'ns')",konbenɡo,konbenso
90L_10NL,3,90L_10NL_3_1,0,1320,"('ns', 'ns', 'ns')",konbenɡo,konbenso
90L_10NL,3,90L_10NL_3_1,0,1320,"('ns', 'ns', 'ns')",konbenɡo,konbenso
90L_10NL,3,90L_10NL_3_1,0,1320,"('ns', 'ns', 'ns')",konbenɡo,konbenso
90L_10NL,3,90L_10NL_3_1,0,1320,"('ns', 'ns', 'ns')",konbenɡo,konbenso
90L_10NL,3,90L_10NL_3_1,0,1320,"('ns', 'ns', 'ns')",konbenɡo,konbenso
90L_10NL,3,90L_10NL_3_1,0,1320,"('ns', 'ns', 'ns')",konbenɡo,konbenso
90L_10NL,3,90L_10NL_3_1,0,1320,"('ns', 'ns', 'ns')",konbenɡo,konbenso
90L_10NL,3,90L_10NL_3_1,0,1320,"('ns', 'ns', 'ns')",konbenɡo,konbenso
90L_10NL,3,90L_10NL_3_1,0,1320,"('ns', 'ns', 'ns')",konbenɡo,konbenso
90L_10NL,3,90L_10NL_3_1,0,1320,"('ns', 'ns', 'ns')",konbenɡo,konbenso
90L_10NL,3,90L_10NL_3_1,0,1320,"('ns', 'ns', 'ns')",konbenɡo,konbenso
90L_10NL,3,90L_10NL_3_1,0,1320,"('ns', 'ns', 'ns')",konbenɡo,konbenso
90L_10NL,3,90L_10NL_3_1,0,1320,"('ns', 'ns', 'ns')",konbenɡo,konbenso
90L_10NL,3,90L_10NL_3_1,0,1320,"('ns', 'ns', 'ns')",konbenɡo,konbenso
90L_10NL,3,90L_10NL_3_1,0,1320,"('ns', 'ns', 'ns')",konbenɡo,konbenso
90L_10NL,3,90L_10NL_3_1,0,1320,"('ns', 'ns', 'ns')",konbenɡo,konbenso
90L_10NL,3,90L_10NL_3_1,0,1320,"('ns', 'ns', 'ns')",konbenɡo,konbenso
90L_10NL,3,90L_10NL_3_1,0,1320,"('ns', 'ns', 'ns')",konbenɡo,konbenso
90L_10NL,3,90L_10NL_3_1,0,1320,"('ns', 'ns', 'ns')",konbenɡo,konbenso
90L_10NL,3,90L_10NL_3_1,0,1320,"('ns', 'ns', 'ns')",konbenɡo,konbenso
90L_10NL,3,90L_10NL_3_1,0,1320,"('ns', 'ns', 'ns')",desbanesejs,konbenso
90L_10NL,3,90L_10NL_3_1,0,1320,"('ns', 'ns', 'ns')",desbanesejs,konbenso
90L_10NL,3,90L_10NL_3_1,0,1320,"('ns', 'ns', 'ns')",desbanesejs,konbenso
90L_10NL,3,90L_10NL_3_1,0,1320,"('ns', 'ns', 'ns')",desbanesejs,konbenso
90L_10NL,3,90L_10NL_3_1,1,1085,"('s', 's', 's')",desbanesejs,desbanesejs
90L_10NL,3,90L_10NL_3_1,1,1085,"('s', 's', 's')",desbanesejs,desbanesejs
90L_10NL,3,90L_10NL_3_1,1,1085,"('s', 's', 's')",desbanesejs,desbanesejs
90L_10NL,3,90L_10NL_3_1,1,3500,"('s', 'sk', 's')",desbanesejs,desbanesejs
90L_10NL,3,90L_10NL_3_1,1,3500,"('s', 'sk', 's')",desbanesejs,desbanesejs
90L_10NL,3,90L_10NL_3_1,1,3500,"('s', 'sk', 's')",desbanesejs,desbanesejs
90L_10NL,3,90L_10NL_3_1,1,3500,"('s', 'sk', 's')",desbanesejs,desbanesejs
90L_10NL,3,90L_10NL_3_1,1,3500,"('s', 'sk', 's')",desbanesejs,desbanesejs
90L_10NL,3,90L_10NL_3_1,1,3500,"('s', 'sk', 's')",desbanesejs,desbanesejs
90L_10NL,3,90L_10NL_3_1,1,3500,"('s', 'sk', 's')",desbanesejs,desbanesejs
90L_10NL,3,90L_10NL_3_1,1,1085,"('s', 's', 's')",desbanesejs,desbanesejs
90L_10NL,3,90L_10NL_3_1,1,1085,"('s', 's', 's')",desbanesejs,desbanesejs
90L_10NL,3,90L_10NL_3_1,1,3500,"('s', 'sk', 's')",desbanesejs,desbanesejs
90L_10NL,3,90L_10NL_3_1,1,3500,"('s', 'sk', 's')",desbanesejs,desbanesejs
90L_10NL,3,90L_10NL_3_1,1,3500,"('s', 'sk', 's')",desbanesejs,desbanesejs
90L_10NL,3,90L_10NL_3_1,1,3500,"('s', 'sk', 's')",desbanesejs,desbanesejs
90L_10NL,3,90L_10NL_3_1,1,3500,"('s', 'sk', 's')",desbanesejs,desbanesejs
90L_10NL,3,90L_10NL_3_1,1,3500,"('s', 'sk', 's')",desbanesejs,desbanesejs
90L_10NL,3,90L_10NL_3_1,1,3500,"('s', 'sk', 's')",desbanesejs,desbanesejs
90L_10NL,3,90L_10NL_3_1,1,1085,"('s', 's', 's')",desbanesejs,desbanesejs
90L_10NL,3,90L_10NL_3_1,1,3500,"('s', 'sk', 's')",desbanesejs,desbanesejs
90L_10NL,3,90L_10NL_3_1,1,3500,"('s', 'sk', 's')",desbanesejs,desbanesejs
90L_10NL,3,90L_10NL_3_1,1,3500,"('s', 'sk', 's')",desbanesejs,desbanesejs
90L_10NL,3,90L_10NL_3_1,1,3500,"('s', 'sk', 's')",desbanesejs,desbanesejs
90L_10NL,3,90L_10NL_3_1,1,3500,"('s', 'sk', 's')",desbanesejs,desbanesejs
90L_10NL,3,90L_10NL_3_1,1,3500,"('s', 'sk', 's')",desbanesejs,desbanesejs
90L_10NL,3,90L_10NL_3_1,1,3500,"('s', 'sk', 's')",desbanesejs,desbanesejs
90L_10NL,3,90L_10NL_3_1,1,3500,"('s', 'sk', 's')",desbanesejs,desbanesejs
90L_10NL,3,90L_10NL_3_1,1,3500,"('s', 'sk', 's')",desbanesejs,desbanesejs
90L_10NL,3,90L_10NL_3_1,1,3500,"('s', 'sk', 's')",desbanesejs,desbanesejs
90L_10NL,3,90L_10NL_3_1,1,3500,"('s', 'sk', 's')",desbanesejs,desbanesejs
90L_10NL,3,90L_10NL_3_1,1,3500,"('s', 'sk', 's')",desbanesejs,desbanesejs
90L_10NL,3,90L_10NL_3_1,1,3500,"('s', 'sk', 's')",desbanesejs,desbanesejs
90L_10NL,3,90L_10NL_3_1,1,3500,"('s', 'sk', 's')",desbanesejs,desbanesejs
90L_10NL,3,90L_10NL_3_1,1,2625,"('sk', 'sk', 's')",desbanesejs,desbanesejs
90L_10NL,3,90L_10NL_3_1,1,2625,"('sk', 'sk', 's')",desbanesejs,desbanesejs
90L_10NL,3,90L_10NL_3_1,1,2625,"('sk', 'sk', 's')",desbanesejs,desbanesejs
90L_10NL,3,90L_10NL_3_1,1,2625,"('sk', 'sk', 's')",desbanesejs,desbanesejs
90L_10NL,3,90L_10NL_3_1,1,2625,"('sk', 'sk', 's')",desbanesejs,desbanesejs
90L_10NL,3,90L_10NL_3_1,1,2625,"('sk', 'sk', 's')",desbanesejs,desbanesejs
90L_10NL,3,90L_10NL_3_1,1,2625,"('sk', 'sk', 's')",desbanesejs,desbanesejs
90L_10NL,3,90L_10NL_3_1,1,2625,"('sk', 'sk', 's')",desbanesejs,desbanesejs
90L_10NL,3,90L_10NL_3_1,1,2625,"('sk', 'sk', 's')",desbanesejs,desbanesejs
90L_10NL,3,90L_10NL_3_1,1,2625,"('sk', 'sk', 's')",desbanesejs,desbanesejs
90L_10NL,3,90L_10NL_3_1,1,2625,"('sk', 'sk', 's')",desbanesejs,desbanesejs
90L_10NL,3,90L_10NL_3_1,1,2625,"('sk', 'sk', 's')",desbanesejs,desbanesejs
90L_10NL,3,90L_10NL_3_1,1,2625,"('sk', 'sk', 's')",desbanesejs,desbanesejs
90L_10NL,3,90L_10NL_3_1,1,2625,"('sk', 'sk', 's')",desbanesejs,desbanesejs
90L_10NL,3,90L_10NL_3_1,1,2625,"('sk', 'sk', 's')",desbanesejs,desbanesejs
90L_10NL,3,90L_10NL_3_1,1,2625,"('sk', 'sk', 's')",desbanesejs,desbanesejs
90L_10NL,3,90L_10NL_3_1,1,2625,"('sk', 'sk', 's')",desbanesejs,desbanesejs
90L_10NL,3,90L_10NL_3_1,0,2625,"('sk', 'sk', 's')",desbanesemos,desbanesejs
90L_10NL,3,90L_10NL_3_1,0,2625,"('sk', 'sk', 's')",desbanesemos,desbanesejs
90L_10NL,3,90L_10NL_3_1,0,2625,"('sk', 'sk', 's')",desbanesemos,desbanesejs
90L_10NL,3,90L_10NL_3_1,0,2625,"('sk', 'sk', 's')",desbanesemos,desbanesejs
90L_10NL,3,90L_10NL_3_1,1,1085,"('s', 's', 's')",desbanesemos,desbanesemos
90L_10NL,3,90L_10NL_3_1,1,1085,"('s', 's', 's')",desbanesemos,desbanesemos
90L_10NL,3,90L_10NL_3_1,1,1085,"('s', 's', 's')",desbanesemos,desbanesemos
90L_10NL,3,90L_10NL_3_1,1,3500,"('s', 'sk', 's')",desbanesemos,desbanesemos
90L_10NL,3,90L_10NL_3_1,1,3500,"('s', 'sk', 's')",desbanesemos,desbanesemos
90L_10NL,3,90L_10NL_3_1,1,3500,"('s', 'sk', 's')",desbanesemos,desbanesemos
90L_10NL,3,90L_10NL_3_1,1,3500,"('s', 'sk', 's')",desbanesemos,desbanesemos
90L_10NL,3,90L_10NL_3_1,1,3500,"('s', 'sk', 's')",desbanesemos,desbanesemos
90L_10NL,3,90L_10NL_3_1,1,3500,"('s', 'sk', 's')",desbanesemos,desbanesemos
90L_10NL,3,90L_10NL_3_1,1,3500,"('s', 'sk', 's')",desbanesemos,desbanesemos
90L_10NL,3,90L_10NL_3_1,1,1085,"('s', 's', 's')",desbanesemos,desbanesemos
90L_10NL,3,90L_10NL_3_1,1,1085,"('s', 's', 's')",desbanesemos,desbanesemos
90L_10NL,3,90L_10NL_3_1,1,3500,"('s', 'sk', 's')",desbanesemos,desbanesemos
90L_10NL,3,90L_10NL_3_1,1,3500,"('s', 'sk', 's')",desbanesemos,desbanesemos
90L_10NL,3,90L_10NL_3_1,1,3500,"('s', 'sk', 's')",desbanesemos,desbanesemos
90L_10NL,3,90L_10NL_3_1,1,3500,"('s', 'sk', 's')",desbanesemos,desbanesemos
90L_10NL,3,90L_10NL_3_1,1,3500,"('s', 'sk', 's')",desbanesemos,desbanesemos
90L_10NL,3,90L_10NL_3_1,1,3500,"('s', 'sk', 's')",desbanesemos,desbanesemos
90L_10NL,3,90L_10NL_3_1,1,3500,"('s', 'sk', 's')",desbanesemos,desbanesemos
90L_10NL,3,90L_10NL_3_1,1,1085,"('s', 's', 's')",desbanesemos,desbanesemos
90L_10NL,3,90L_10NL_3_1,1,3500,"('s', 'sk', 's')",desbanesemos,desbanesemos
90L_10NL,3,90L_10NL_3_1,1,3500,"('s', 'sk', 's')",desbanesemos,desbanesemos
90L_10NL,3,90L_10NL_3_1,1,3500,"('s', 'sk', 's')",desbanesemos,desbanesemos
90L_10NL,3,90L_10NL_3_1,1,3500,"('s', 'sk', 's')",desbanesemos,desbanesemos
90L_10NL,3,90L_10NL_3_1,1,3500,"('s', 'sk', 's')",desbanesemos,desbanesemos
90L_10NL,3,90L_10NL_3_1,1,3500,"('s', 'sk', 's')",desbanesemos,desbanesemos
90L_10NL,3,90L_10NL_3_1,1,3500,"('s', 'sk', 's')",desbanesemos,desbanesemos
90L_10NL,3,90L_10NL_3_1,1,3500,"('s', 'sk', 's')",desbanesemos,desbanesemos
90L_10NL,3,90L_10NL_3_1,1,3500,"('s', 'sk', 's')",desbanesemos,desbanesemos
90L_10NL,3,90L_10NL_3_1,1,3500,"('s', 'sk', 's')",desbanesemos,desbanesemos
90L_10NL,3,90L_10NL_3_1,1,3500,"('s', 'sk', 's')",desbanesemos,desbanesemos
90L_10NL,3,90L_10NL_3_1,1,3500,"('s', 'sk', 's')",desbanesemos,desbanesemos
90L_10NL,3,90L_10NL_3_1,1,3500,"('s', 'sk', 's')",desbanesemos,desbanesemos
90L_10NL,3,90L_10NL_3_1,1,3500,"('s', 'sk', 's')",desbanesemos,desbanesemos
90L_10NL,3,90L_10NL_3_1,1,2625,"('sk', 'sk', 's')",desbanesemos,desbanesemos
90L_10NL,3,90L_10NL_3_1,1,2625,"('sk', 'sk', 's')",desbanesemos,desbanesemos
90L_10NL,3,90L_10NL_3_1,1,2625,"('sk', 'sk', 's')",desbanesemos,desbanesemos
90L_10NL,3,90L_10NL_3_1,1,2625,"('sk', 'sk', 's')",desbanesemos,desbanesemos
90L_10NL,3,90L_10NL_3_1,1,2625,"('sk', 'sk', 's')",desbanesemos,desbanesemos
90L_10NL,3,90L_10NL_3_1,1,2625,"('sk', 'sk', 's')",desbanesemos,desbanesemos
90L_10NL,3,90L_10NL_3_1,1,2625,"('sk', 'sk', 's')",desbanesemos,desbanesemos
90L_10NL,3,90L_10NL_3_1,1,2625,"('sk', 'sk', 's')",desbanesemos,desbanesemos
90L_10NL,3,90L_10NL_3_1,1,2625,"('sk', 'sk', 's')",desbanesemos,desbanesemos
90L_10NL,3,90L_10NL_3_1,1,2625,"('sk', 'sk', 's')",desbanesemos,desbanesemos
90L_10NL,3,90L_10NL_3_1,1,2625,"('sk', 'sk', 's')",desbanesemos,desbanesemos
90L_10NL,3,90L_10NL_3_1,1,2625,"('sk', 'sk', 's')",desbanesemos,desbanesemos
90L_10NL,3,90L_10NL_3_1,1,2625,"('sk', 'sk', 's')",desbanesemos,desbanesemos
90L_10NL,3,90L_10NL_3_1,1,2625,"('sk', 'sk', 's')",desbanesemos,desbanesemos
90L_10NL,3,90L_10NL_3_1,1,2625,"('sk', 'sk', 's')",desbanesemos,desbanesemos
90L_10NL,3,90L_10NL_3_1,1,2625,"('sk', 'sk', 's')",desbanesemos,desbanesemos
90L_10NL,3,90L_10NL_3_1,1,2625,"('sk', 'sk', 's')",desbanesemos,desbanesemos
90L_10NL,3,90L_10NL_3_1,0,2625,"('sk', 'sk', 's')",desbanesen,desbanesemos
90L_10NL,3,90L_10NL_3_1,0,2625,"('sk', 'sk', 's')",desbanesen,desbanesemos
90L_10NL,3,90L_10NL_3_1,0,2625,"('sk', 'sk', 's')",desbanesen,desbanesemos
90L_10NL,3,90L_10NL_3_1,0,2625,"('sk', 'sk', 's')",desbanesen,desbanesemos
90L_10NL,3,90L_10NL_3_1,1,1085,"('s', 's', 's')",desbanesen,desbanesen
90L_10NL,3,90L_10NL_3_1,1,1085,"('s', 's', 's')",desbanesen,desbanesen
90L_10NL,3,90L_10NL_3_1,1,1085,"('s', 's', 's')",desbanesen,desbanesen
90L_10NL,3,90L_10NL_3_1,1,3500,"('s', 'sk', 's')",desbanesen,desbanesen
90L_10NL,3,90L_10NL_3_1,1,3500,"('s', 'sk', 's')",desbanesen,desbanesen
90L_10NL,3,90L_10NL_3_1,1,3500,"('s', 'sk', 's')",desbanesen,desbanesen
90L_10NL,3,90L_10NL_3_1,1,3500,"('s', 'sk', 's')",desbanesen,desbanesen
90L_10NL,3,90L_10NL_3_1,1,3500,"('s', 'sk', 's')",desbanesen,desbanesen
90L_10NL,3,90L_10NL_3_1,1,3500,"('s', 'sk', 's')",desbanesen,desbanesen
90L_10NL,3,90L_10NL_3_1,1,3500,"('s', 'sk', 's')",desbanesen,desbanesen
90L_10NL,3,90L_10NL_3_1,1,1085,"('s', 's', 's')",desbanesen,desbanesen
90L_10NL,3,90L_10NL_3_1,1,1085,"('s', 's', 's')",desbanesen,desbanesen
90L_10NL,3,90L_10NL_3_1,1,3500,"('s', 'sk', 's')",desbanesen,desbanesen
90L_10NL,3,90L_10NL_3_1,1,3500,"('s', 'sk', 's')",desbanesen,desbanesen
90L_10NL,3,90L_10NL_3_1,1,3500,"('s', 'sk', 's')",desbanesen,desbanesen
90L_10NL,3,90L_10NL_3_1,1,3500,"('s', 'sk', 's')",desbanesen,desbanesen
90L_10NL,3,90L_10NL_3_1,1,3500,"('s', 'sk', 's')",desbanesen,desbanesen
90L_10NL,3,90L_10NL_3_1,1,3500,"('s', 'sk', 's')",desbanesen,desbanesen
90L_10NL,3,90L_10NL_3_1,1,3500,"('s', 'sk', 's')",desbanesen,desbanesen
90L_10NL,3,90L_10NL_3_1,1,1085,"('s', 's', 's')",desbanesen,desbanesen
90L_10NL,3,90L_10NL_3_1,1,3500,"('s', 'sk', 's')",desbanesen,desbanesen
90L_10NL,3,90L_10NL_3_1,1,3500,"('s', 'sk', 's')",desbanesen,desbanesen
90L_10NL,3,90L_10NL_3_1,1,3500,"('s', 'sk', 's')",desbanesen,desbanesen
90L_10NL,3,90L_10NL_3_1,1,3500,"('s', 'sk', 's')",desbanesen,desbanesen
90L_10NL,3,90L_10NL_3_1,1,3500,"('s', 'sk', 's')",desbanesen,desbanesen
90L_10NL,3,90L_10NL_3_1,1,3500,"('s', 'sk', 's')",desbanesen,desbanesen
90L_10NL,3,90L_10NL_3_1,1,3500,"('s', 'sk', 's')",desbanesen,desbanesen
90L_10NL,3,90L_10NL_3_1,1,3500,"('s', 'sk', 's')",desbanesen,desbanesen
90L_10NL,3,90L_10NL_3_1,1,3500,"('s', 'sk', 's')",desbanesen,desbanesen
90L_10NL,3,90L_10NL_3_1,1,3500,"('s', 'sk', 's')",desbanesen,desbanesen
90L_10NL,3,90L_10NL_3_1,1,3500,"('s', 'sk', 's')",desbanesen,desbanesen
90L_10NL,3,90L_10NL_3_1,1,3500,"('s', 'sk', 's')",desbanesen,desbanesen
90L_10NL,3,90L_10NL_3_1,1,3500,"('s', 'sk', 's')",desbanesen,desbanesen
90L_10NL,3,90L_10NL_3_1,1,3500,"('s', 'sk', 's')",desbanesen,desbanesen
90L_10NL,3,90L_10NL_3_1,1,2625,"('sk', 'sk', 's')",desbanesen,desbanesen
90L_10NL,3,90L_10NL_3_1,1,2625,"('sk', 'sk', 's')",desbanesen,desbanesen
90L_10NL,3,90L_10NL_3_1,1,2625,"('sk', 'sk', 's')",desbanesen,desbanesen
90L_10NL,3,90L_10NL_3_1,1,2625,"('sk', 'sk', 's')",desbanesen,desbanesen
90L_10NL,3,90L_10NL_3_1,1,2625,"('sk', 'sk', 's')",desbanesen,desbanesen
90L_10NL,3,90L_10NL_3_1,1,2625,"('sk', 'sk', 's')",desbanesen,desbanesen
90L_10NL,3,90L_10NL_3_1,1,2625,"('sk', 'sk', 's')",desbanesen,desbanesen
90L_10NL,3,90L_10NL_3_1,1,2625,"('sk', 'sk', 's')",desbanesen,desbanesen
90L_10NL,3,90L_10NL_3_1,1,2625,"('sk', 'sk', 's')",desbanesen,desbanesen
90L_10NL,3,90L_10NL_3_1,1,2625,"('sk', 'sk', 's')",desbanesen,desbanesen
90L_10NL,3,90L_10NL_3_1,1,2625,"('sk', 'sk', 's')",desbanesen,desbanesen
90L_10NL,3,90L_10NL_3_1,1,2625,"('sk', 'sk', 's')",desbanesen,desbanesen
90L_10NL,3,90L_10NL_3_1,1,2625,"('sk', 'sk', 's')",desbanesen,desbanesen
90L_10NL,3,90L_10NL_3_1,1,2625,"('sk', 'sk', 's')",desbanesen,desbanesen
90L_10NL,3,90L_10NL_3_1,1,2625,"('sk', 'sk', 's')",desbanesen,desbanesen
90L_10NL,3,90L_10NL_3_1,1,2625,"('sk', 'sk', 's')",desbanesen,desbanesen
90L_10NL,3,90L_10NL_3_1,1,2625,"('sk', 'sk', 's')",desbanesen,desbanesen
90L_10NL,3,90L_10NL_3_1,0,2625,"('sk', 'sk', 's')",desbaneses,desbanesen
90L_10NL,3,90L_10NL_3_1,0,2625,"('sk', 'sk', 's')",desbaneses,desbanesen
90L_10NL,3,90L_10NL_3_1,0,2625,"('sk', 'sk', 's')",desbaneses,desbanesen
90L_10NL,3,90L_10NL_3_1,0,2625,"('sk', 'sk', 's')",desbaneses,desbanesen
90L_10NL,3,90L_10NL_3_1,1,1085,"('s', 's', 's')",desbaneses,desbaneses
90L_10NL,3,90L_10NL_3_1,1,1085,"('s', 's', 's')",desbaneses,desbaneses
90L_10NL,3,90L_10NL_3_1,1,1085,"('s', 's', 's')",desbaneses,desbaneses
90L_10NL,3,90L_10NL_3_1,1,3500,"('s', 'sk', 's')",desbaneses,desbaneses
90L_10NL,3,90L_10NL_3_1,1,3500,"('s', 'sk', 's')",desbaneses,desbaneses
90L_10NL,3,90L_10NL_3_1,1,3500,"('s', 'sk', 's')",desbaneses,desbaneses
90L_10NL,3,90L_10NL_3_1,1,3500,"('s', 'sk', 's')",desbaneses,desbaneses
90L_10NL,3,90L_10NL_3_1,1,3500,"('s', 'sk', 's')",desbaneses,desbaneses
90L_10NL,3,90L_10NL_3_1,1,3500,"('s', 'sk', 's')",desbaneses,desbaneses
90L_10NL,3,90L_10NL_3_1,1,3500,"('s', 'sk', 's')",desbaneses,desbaneses
90L_10NL,3,90L_10NL_3_1,1,1085,"('s', 's', 's')",desbaneses,desbaneses
90L_10NL,3,90L_10NL_3_1,1,1085,"('s', 's', 's')",desbaneses,desbaneses
90L_10NL,3,90L_10NL_3_1,1,3500,"('s', 'sk', 's')",desbaneses,desbaneses
90L_10NL,3,90L_10NL_3_1,1,3500,"('s', 'sk', 's')",desbaneses,desbaneses
90L_10NL,3,90L_10NL_3_1,1,3500,"('s', 'sk', 's')",desbaneses,desbaneses
90L_10NL,3,90L_10NL_3_1,1,3500,"('s', 'sk', 's')",desbaneses,desbaneses
90L_10NL,3,90L_10NL_3_1,1,3500,"('s', 'sk', 's')",desbaneses,desbaneses
90L_10NL,3,90L_10NL_3_1,1,3500,"('s', 'sk', 's')",desbaneses,desbaneses
90L_10NL,3,90L_10NL_3_1,1,3500,"('s', 'sk', 's')",desbaneses,desbaneses
90L_10NL,3,90L_10NL_3_1,1,1085,"('s', 's', 's')",desbaneses,desbaneses
90L_10NL,3,90L_10NL_3_1,1,3500,"('s', 'sk', 's')",desbaneses,desbaneses
90L_10NL,3,90L_10NL_3_1,1,3500,"('s', 'sk', 's')",desbaneses,desbaneses
90L_10NL,3,90L_10NL_3_1,1,3500,"('s', 'sk', 's')",desbaneses,desbaneses
90L_10NL,3,90L_10NL_3_1,1,3500,"('s', 'sk', 's')",desbaneses,desbaneses
90L_10NL,3,90L_10NL_3_1,1,3500,"('s', 'sk', 's')",desbaneses,desbaneses
90L_10NL,3,90L_10NL_3_1,1,3500,"('s', 'sk', 's')",desbaneses,desbaneses
90L_10NL,3,90L_10NL_3_1,1,3500,"('s', 'sk', 's')",desbaneses,desbaneses
90L_10NL,3,90L_10NL_3_1,1,3500,"('s', 'sk', 's')",desbaneses,desbaneses
90L_10NL,3,90L_10NL_3_1,1,3500,"('s', 'sk', 's')",desbaneses,desbaneses
90L_10NL,3,90L_10NL_3_1,1,3500,"('s', 'sk', 's')",desbaneses,desbaneses
90L_10NL,3,90L_10NL_3_1,1,3500,"('s', 'sk', 's')",desbaneses,desbaneses
90L_10NL,3,90L_10NL_3_1,1,3500,"('s', 'sk', 's')",desbaneses,desbaneses
90L_10NL,3,90L_10NL_3_1,1,3500,"('s', 'sk', 's')",desbaneses,desbaneses
90L_10NL,3,90L_10NL_3_1,1,3500,"('s', 'sk', 's')",desbaneses,desbaneses
90L_10NL,3,90L_10NL_3_1,1,2625,"('sk', 'sk', 's')",desbaneses,desbaneses
90L_10NL,3,90L_10NL_3_1,1,2625,"('sk', 'sk', 's')",desbaneses,desbaneses
90L_10NL,3,90L_10NL_3_1,1,2625,"('sk', 'sk', 's')",desbaneses,desbaneses
90L_10NL,3,90L_10NL_3_1,1,2625,"('sk', 'sk', 's')",desbaneses,desbaneses
90L_10NL,3,90L_10NL_3_1,1,2625,"('sk', 'sk', 's')",desbaneses,desbaneses
90L_10NL,3,90L_10NL_3_1,1,2625,"('sk', 'sk', 's')",desbaneses,desbaneses
90L_10NL,3,90L_10NL_3_1,1,2625,"('sk', 'sk', 's')",desbaneses,desbaneses
90L_10NL,3,90L_10NL_3_1,1,2625,"('sk', 'sk', 's')",desbaneses,desbaneses
90L_10NL,3,90L_10NL_3_1,1,2625,"('sk', 'sk', 's')",desbaneses,desbaneses
90L_10NL,3,90L_10NL_3_1,1,2625,"('sk', 'sk', 's')",desbaneses,desbaneses
90L_10NL,3,90L_10NL_3_1,1,2625,"('sk', 'sk', 's')",desbaneses,desbaneses
90L_10NL,3,90L_10NL_3_1,1,2625,"('sk', 'sk', 's')",desbaneses,desbaneses
90L_10NL,3,90L_10NL_3_1,1,2625,"('sk', 'sk', 's')",desbaneses,desbaneses
90L_10NL,3,90L_10NL_3_1,1,2625,"('sk', 'sk', 's')",desbaneses,desbaneses
90L_10NL,3,90L_10NL_3_1,1,2625,"('sk', 'sk', 's')",desbaneses,desbaneses
90L_10NL,3,90L_10NL_3_1,1,2625,"('sk', 'sk', 's')",desbaneses,desbaneses
90L_10NL,3,90L_10NL_3_1,1,2625,"('sk', 'sk', 's')",desbaneses,desbaneses
90L_10NL,3,90L_10NL_3_1,0,2625,"('sk', 'sk', 's')",desbanese,desbaneses
90L_10NL,3,90L_10NL_3_1,0,2625,"('sk', 'sk', 's')",desbanese,desbaneses
90L_10NL,3,90L_10NL_3_1,0,2625,"('sk', 'sk', 's')",desbanese,desbaneses
90L_10NL,3,90L_10NL_3_1,0,2625,"('sk', 'sk', 's')",desbanese,desbaneses
90L_10NL,3,90L_10NL_3_1,1,1085,"('s', 's', 's')",desbanese,desbanese
90L_10NL,3,90L_10NL_3_1,1,1085,"('s', 's', 's')",desbanese,desbanese
90L_10NL,3,90L_10NL_3_1,1,1085,"('s', 's', 's')",desbanese,desbanese
90L_10NL,3,90L_10NL_3_1,1,3500,"('s', 'sk', 's')",desbanese,desbanese
90L_10NL,3,90L_10NL_3_1,1,3500,"('s', 'sk', 's')",desbanese,desbanese
90L_10NL,3,90L_10NL_3_1,1,3500,"('s', 'sk', 's')",desbanese,desbanese
90L_10NL,3,90L_10NL_3_1,1,3500,"('s', 'sk', 's')",desbanese,desbanese
90L_10NL,3,90L_10NL_3_1,1,3500,"('s', 'sk', 's')",desbanese,desbanese
90L_10NL,3,90L_10NL_3_1,1,3500,"('s', 'sk', 's')",desbanese,desbanese
90L_10NL,3,90L_10NL_3_1,1,3500,"('s', 'sk', 's')",desbanese,desbanese
90L_10NL,3,90L_10NL_3_1,1,1085,"('s', 's', 's')",desbanese,desbanese
90L_10NL,3,90L_10NL_3_1,1,1085,"('s', 's', 's')",desbanese,desbanese
90L_10NL,3,90L_10NL_3_1,1,3500,"('s', 'sk', 's')",desbanese,desbanese
90L_10NL,3,90L_10NL_3_1,1,3500,"('s', 'sk', 's')",desbanese,desbanese
90L_10NL,3,90L_10NL_3_1,1,3500,"('s', 'sk', 's')",desbanese,desbanese
90L_10NL,3,90L_10NL_3_1,1,3500,"('s', 'sk', 's')",desbanese,desbanese
90L_10NL,3,90L_10NL_3_1,1,3500,"('s', 'sk', 's')",desbanese,desbanese
90L_10NL,3,90L_10NL_3_1,1,3500,"('s', 'sk', 's')",desbanese,desbanese
90L_10NL,3,90L_10NL_3_1,1,3500,"('s', 'sk', 's')",desbanese,desbanese
90L_10NL,3,90L_10NL_3_1,1,1085,"('s', 's', 's')",desbanese,desbanese
90L_10NL,3,90L_10NL_3_1,1,3500,"('s', 'sk', 's')",desbanese,desbanese
90L_10NL,3,90L_10NL_3_1,1,3500,"('s', 'sk', 's')",desbanese,desbanese
90L_10NL,3,90L_10NL_3_1,1,3500,"('s', 'sk', 's')",desbanese,desbanese
90L_10NL,3,90L_10NL_3_1,1,3500,"('s', 'sk', 's')",desbanese,desbanese
90L_10NL,3,90L_10NL_3_1,1,3500,"('s', 'sk', 's')",desbanese,desbanese
90L_10NL,3,90L_10NL_3_1,1,3500,"('s', 'sk', 's')",desbanese,desbanese
90L_10NL,3,90L_10NL_3_1,1,3500,"('s', 'sk', 's')",desbanese,desbanese
90L_10NL,3,90L_10NL_3_1,1,3500,"('s', 'sk', 's')",desbanese,desbanese
90L_10NL,3,90L_10NL_3_1,1,3500,"('s', 'sk', 's')",desbanese,desbanese
90L_10NL,3,90L_10NL_3_1,1,3500,"('s', 'sk', 's')",desbanese,desbanese
90L_10NL,3,90L_10NL_3_1,1,3500,"('s', 'sk', 's')",desbanese,desbanese
90L_10NL,3,90L_10NL_3_1,1,3500,"('s', 'sk', 's')",desbanese,desbanese
90L_10NL,3,90L_10NL_3_1,1,3500,"('s', 'sk', 's')",desbanese,desbanese
90L_10NL,3,90L_10NL_3_1,1,3500,"('s', 'sk', 's')",desbanese,desbanese
90L_10NL,3,90L_10NL_3_1,1,2625,"('sk', 'sk', 's')",desbanese,desbanese
90L_10NL,3,90L_10NL_3_1,1,2625,"('sk', 'sk', 's')",desbanese,desbanese
90L_10NL,3,90L_10NL_3_1,1,2625,"('sk', 'sk', 's')",desbanese,desbanese
90L_10NL,3,90L_10NL_3_1,1,2625,"('sk', 'sk', 's')",desbanese,desbanese
90L_10NL,3,90L_10NL_3_1,1,2625,"('sk', 'sk', 's')",desbanese,desbanese
90L_10NL,3,90L_10NL_3_1,1,2625,"('sk', 'sk', 's')",desbanese,desbanese
90L_10NL,3,90L_10NL_3_1,1,2625,"('sk', 'sk', 's')",desbanese,desbanese
90L_10NL,3,90L_10NL_3_1,1,2625,"('sk', 'sk', 's')",desbanese,desbanese
90L_10NL,3,90L_10NL_3_1,1,2625,"('sk', 'sk', 's')",desbanese,desbanese
90L_10NL,3,90L_10NL_3_1,1,2625,"('sk', 'sk', 's')",desbanese,desbanese
90L_10NL,3,90L_10NL_3_1,1,2625,"('sk', 'sk', 's')",desbanese,desbanese
90L_10NL,3,90L_10NL_3_1,1,2625,"('sk', 'sk', 's')",desbanese,desbanese
90L_10NL,3,90L_10NL_3_1,1,2625,"('sk', 'sk', 's')",desbanese,desbanese
90L_10NL,3,90L_10NL_3_1,1,2625,"('sk', 'sk', 's')",desbanese,desbanese
90L_10NL,3,90L_10NL_3_1,1,2625,"('sk', 'sk', 's')",desbanese,desbanese
90L_10NL,3,90L_10NL_3_1,1,2625,"('sk', 'sk', 's')",desbanese,desbanese
90L_10NL,3,90L_10NL_3_1,1,2625,"('sk', 'sk', 's')",desbanese,desbanese
90L_10NL,3,90L_10NL_3_1,0,2625,"('sk', 'sk', 's')",desbaneskajs,desbanese
90L_10NL,3,90L_10NL_3_1,0,2625,"('sk', 'sk', 's')",desbaneskajs,desbanese
90L_10NL,3,90L_10NL_3_1,0,2625,"('sk', 'sk', 's')",desbaneskajs,desbanese
90L_10NL,3,90L_10NL_3_1,0,2625,"('sk', 'sk', 's')",desbaneskajs,desbanese
90L_10NL,3,90L_10NL_3_1,1,1750,"('s', 's', 'sk')",desbaneskajs,desbaneskajs
90L_10NL,3,90L_10NL_3_1,1,1750,"('s', 's', 'sk')",desbaneskajs,desbaneskajs
90L_10NL,3,90L_10NL_3_1,1,1750,"('s', 's', 'sk')",desbaneskajs,desbaneskajs
90L_10NL,3,90L_10NL_3_1,1,1750,"('s', 's', 'sk')",desbaneskajs,desbaneskajs
90L_10NL,3,90L_10NL_3_1,1,5250,"('s', 'sk', 'sk')",desbaneskajs,desbaneskajs
90L_10NL,3,90L_10NL_3_1,1,5250,"('s', 'sk', 'sk')",desbaneskajs,desbaneskajs
90L_10NL,3,90L_10NL_3_1,1,5250,"('s', 'sk', 'sk')",desbaneskajs,desbaneskajs
90L_10NL,3,90L_10NL_3_1,1,5250,"('s', 'sk', 'sk')",desbaneskajs,desbaneskajs
90L_10NL,3,90L_10NL_3_1,1,5250,"('s', 'sk', 'sk')",desbaneskajs,desbaneskajs
90L_10NL,3,90L_10NL_3_1,1,5250,"('s', 'sk', 'sk')",desbaneskajs,desbaneskajs
90L_10NL,3,90L_10NL_3_1,1,1750,"('s', 's', 'sk')",desbaneskajs,desbaneskajs
90L_10NL,3,90L_10NL_3_1,1,1750,"('s', 's', 'sk')",desbaneskajs,desbaneskajs
90L_10NL,3,90L_10NL_3_1,1,1750,"('s', 's', 'sk')",desbaneskajs,desbaneskajs
90L_10NL,3,90L_10NL_3_1,1,5250,"('s', 'sk', 'sk')",desbaneskajs,desbaneskajs
90L_10NL,3,90L_10NL_3_1,1,5250,"('s', 'sk', 'sk')",desbaneskajs,desbaneskajs
90L_10NL,3,90L_10NL_3_1,1,5250,"('s', 'sk', 'sk')",desbaneskajs,desbaneskajs
90L_10NL,3,90L_10NL_3_1,1,5250,"('s', 'sk', 'sk')",desbaneskajs,desbaneskajs
90L_10NL,3,90L_10NL_3_1,1,5250,"('s', 'sk', 'sk')",desbaneskajs,desbaneskajs
90L_10NL,3,90L_10NL_3_1,1,5250,"('s', 'sk', 'sk')",desbaneskajs,desbaneskajs
90L_10NL,3,90L_10NL_3_1,1,1750,"('s', 's', 'sk')",desbaneskajs,desbaneskajs
90L_10NL,3,90L_10NL_3_1,1,1750,"('s', 's', 'sk')",desbaneskajs,desbaneskajs
90L_10NL,3,90L_10NL_3_1,1,5250,"('s', 'sk', 'sk')",desbaneskajs,desbaneskajs
90L_10NL,3,90L_10NL_3_1,1,5250,"('s', 'sk', 'sk')",desbaneskajs,desbaneskajs
90L_10NL,3,90L_10NL_3_1,1,5250,"('s', 'sk', 'sk')",desbaneskajs,desbaneskajs
90L_10NL,3,90L_10NL_3_1,1,5250,"('s', 'sk', 'sk')",desbaneskajs,desbaneskajs
90L_10NL,3,90L_10NL_3_1,1,5250,"('s', 'sk', 'sk')",desbaneskajs,desbaneskajs
90L_10NL,3,90L_10NL_3_1,1,5250,"('s', 'sk', 'sk')",desbaneskajs,desbaneskajs
90L_10NL,3,90L_10NL_3_1,1,1750,"('s', 's', 'sk')",desbaneskajs,desbaneskajs
90L_10NL,3,90L_10NL_3_1,1,5250,"('s', 'sk', 'sk')",desbaneskajs,desbaneskajs
90L_10NL,3,90L_10NL_3_1,1,5250,"('s', 'sk', 'sk')",desbaneskajs,desbaneskajs
90L_10NL,3,90L_10NL_3_1,1,5250,"('s', 'sk', 'sk')",desbaneskajs,desbaneskajs
90L_10NL,3,90L_10NL_3_1,1,5250,"('s', 'sk', 'sk')",desbaneskajs,desbaneskajs
90L_10NL,3,90L_10NL_3_1,1,5250,"('s', 'sk', 'sk')",desbaneskajs,desbaneskajs
90L_10NL,3,90L_10NL_3_1,1,5250,"('s', 'sk', 'sk')",desbaneskajs,desbaneskajs
90L_10NL,3,90L_10NL_3_1,1,5250,"('s', 'sk', 'sk')",desbaneskajs,desbaneskajs
90L_10NL,3,90L_10NL_3_1,1,5250,"('s', 'sk', 'sk')",desbaneskajs,desbaneskajs
90L_10NL,3,90L_10NL_3_1,1,5250,"('s', 'sk', 'sk')",desbaneskajs,desbaneskajs
90L_10NL,3,90L_10NL_3_1,1,5250,"('s', 'sk', 'sk')",desbaneskajs,desbaneskajs
90L_10NL,3,90L_10NL_3_1,1,5250,"('s', 'sk', 'sk')",desbaneskajs,desbaneskajs
90L_10NL,3,90L_10NL_3_1,1,5250,"('s', 'sk', 'sk')",desbaneskajs,desbaneskajs
90L_10NL,3,90L_10NL_3_1,1,2625,"('sk', 'sk', 'sk')",desbaneskajs,desbaneskajs
90L_10NL,3,90L_10NL_3_1,1,2625,"('sk', 'sk', 'sk')",desbaneskajs,desbaneskajs
90L_10NL,3,90L_10NL_3_1,1,2625,"('sk', 'sk', 'sk')",desbaneskajs,desbaneskajs
90L_10NL,3,90L_10NL_3_1,1,2625,"('sk', 'sk', 'sk')",desbaneskajs,desbaneskajs
90L_10NL,3,90L_10NL_3_1,1,2625,"('sk', 'sk', 'sk')",desbaneskajs,desbaneskajs
90L_10NL,3,90L_10NL_3_1,1,2625,"('sk', 'sk', 'sk')",desbaneskajs,desbaneskajs
90L_10NL,3,90L_10NL_3_1,1,2625,"('sk', 'sk', 'sk')",desbaneskajs,desbaneskajs
90L_10NL,3,90L_10NL_3_1,1,2625,"('sk', 'sk', 'sk')",desbaneskajs,desbaneskajs
90L_10NL,3,90L_10NL_3_1,1,2625,"('sk', 'sk', 'sk')",desbaneskajs,desbaneskajs
90L_10NL,3,90L_10NL_3_1,1,2625,"('sk', 'sk', 'sk')",desbaneskajs,desbaneskajs
90L_10NL,3,90L_10NL_3_1,1,2625,"('sk', 'sk', 'sk')",desbaneskajs,desbaneskajs
90L_10NL,3,90L_10NL_3_1,0,2625,"('sk', 'sk', 'sk')",desbaneskamos,desbaneskajs
90L_10NL,3,90L_10NL_3_1,0,2625,"('sk', 'sk', 'sk')",desbaneskamos,desbaneskajs
90L_10NL,3,90L_10NL_3_1,0,2625,"('sk', 'sk', 'sk')",desbaneskamos,desbaneskajs
90L_10NL,3,90L_10NL_3_1,0,2625,"('sk', 'sk', 'sk')",desbaneskamos,desbaneskajs
90L_10NL,3,90L_10NL_3_1,1,1750,"('s', 's', 'sk')",desbaneskamos,desbaneskamos
90L_10NL,3,90L_10NL_3_1,1,1750,"('s', 's', 'sk')",desbaneskamos,desbaneskamos
90L_10NL,3,90L_10NL_3_1,1,1750,"('s', 's', 'sk')",desbaneskamos,desbaneskamos
90L_10NL,3,90L_10NL_3_1,1,1750,"('s', 's', 'sk')",desbaneskamos,desbaneskamos
90L_10NL,3,90L_10NL_3_1,1,5250,"('s', 'sk', 'sk')",desbaneskamos,desbaneskamos
90L_10NL,3,90L_10NL_3_1,1,5250,"('s', 'sk', 'sk')",desbaneskamos,desbaneskamos
90L_10NL,3,90L_10NL_3_1,1,5250,"('s', 'sk', 'sk')",desbaneskamos,desbaneskamos
90L_10NL,3,90L_10NL_3_1,1,5250,"('s', 'sk', 'sk')",desbaneskamos,desbaneskamos
90L_10NL,3,90L_10NL_3_1,1,5250,"('s', 'sk', 'sk')",desbaneskamos,desbaneskamos
90L_10NL,3,90L_10NL_3_1,1,5250,"('s', 'sk', 'sk')",desbaneskamos,desbaneskamos
90L_10NL,3,90L_10NL_3_1,1,1750,"('s', 's', 'sk')",desbaneskamos,desbaneskamos
90L_10NL,3,90L_10NL_3_1,1,1750,"('s', 's', 'sk')",desbaneskamos,desbaneskamos
90L_10NL,3,90L_10NL_3_1,1,1750,"('s', 's', 'sk')",desbaneskamos,desbaneskamos
90L_10NL,3,90L_10NL_3_1,1,5250,"('s', 'sk', 'sk')",desbaneskamos,desbaneskamos
90L_10NL,3,90L_10NL_3_1,1,5250,"('s', 'sk', 'sk')",desbaneskamos,desbaneskamos
90L_10NL,3,90L_10NL_3_1,1,5250,"('s', 'sk', 'sk')",desbaneskamos,desbaneskamos
90L_10NL,3,90L_10NL_3_1,1,5250,"('s', 'sk', 'sk')",desbaneskamos,desbaneskamos
90L_10NL,3,90L_10NL_3_1,1,5250,"('s', 'sk', 'sk')",desbaneskamos,desbaneskamos
90L_10NL,3,90L_10NL_3_1,1,5250,"('s', 'sk', 'sk')",desbaneskamos,desbaneskamos
90L_10NL,3,90L_10NL_3_1,1,1750,"('s', 's', 'sk')",desbaneskamos,desbaneskamos
90L_10NL,3,90L_10NL_3_1,1,1750,"('s', 's', 'sk')",desbaneskamos,desbaneskamos
90L_10NL,3,90L_10NL_3_1,1,5250,"('s', 'sk', 'sk')",desbaneskamos,desbaneskamos
90L_10NL,3,90L_10NL_3_1,1,5250,"('s', 'sk', 'sk')",desbaneskamos,desbaneskamos
90L_10NL,3,90L_10NL_3_1,1,5250,"('s', 'sk', 'sk')",desbaneskamos,desbaneskamos
90L_10NL,3,90L_10NL_3_1,1,5250,"('s', 'sk', 'sk')",desbaneskamos,desbaneskamos
90L_10NL,3,90L_10NL_3_1,1,5250,"('s', 'sk', 'sk')",desbaneskamos,desbaneskamos
90L_10NL,3,90L_10NL_3_1,1,5250,"('s', 'sk', 'sk')",desbaneskamos,desbaneskamos
90L_10NL,3,90L_10NL_3_1,1,1750,"('s', 's', 'sk')",desbaneskamos,desbaneskamos
90L_10NL,3,90L_10NL_3_1,1,5250,"('s', 'sk', 'sk')",desbaneskamos,desbaneskamos
90L_10NL,3,90L_10NL_3_1,1,5250,"('s', 'sk', 'sk')",desbaneskamos,desbaneskamos
90L_10NL,3,90L_10NL_3_1,1,5250,"('s', 'sk', 'sk')",desbaneskamos,desbaneskamos
90L_10NL,3,90L_10NL_3_1,1,5250,"('s', 'sk', 'sk')",desbaneskamos,desbaneskamos
90L_10NL,3,90L_10NL_3_1,1,5250,"('s', 'sk', 'sk')",desbaneskamos,desbaneskamos
90L_10NL,3,90L_10NL_3_1,1,5250,"('s', 'sk', 'sk')",desbaneskamos,desbaneskamos
90L_10NL,3,90L_10NL_3_1,1,5250,"('s', 'sk', 'sk')",desbaneskamos,desbaneskamos
90L_10NL,3,90L_10NL_3_1,1,5250,"('s', 'sk', 'sk')",desbaneskamos,desbaneskamos
90L_10NL,3,90L_10NL_3_1,1,5250,"('s', 'sk', 'sk')",desbaneskamos,desbaneskamos
90L_10NL,3,90L_10NL_3_1,1,5250,"('s', 'sk', 'sk')",desbaneskamos,desbaneskamos
90L_10NL,3,90L_10NL_3_1,1,5250,"('s', 'sk', 'sk')",desbaneskamos,desbaneskamos
90L_10NL,3,90L_10NL_3_1,1,5250,"('s', 'sk', 'sk')",desbaneskamos,desbaneskamos
90L_10NL,3,90L_10NL_3_1,1,2625,"('sk', 'sk', 'sk')",desbaneskamos,desbaneskamos
90L_10NL,3,90L_10NL_3_1,1,2625,"('sk', 'sk', 'sk')",desbaneskamos,desbaneskamos
90L_10NL,3,90L_10NL_3_1,1,2625,"('sk', 'sk', 'sk')",desbaneskamos,desbaneskamos
90L_10NL,3,90L_10NL_3_1,1,2625,"('sk', 'sk', 'sk')",desbaneskamos,desbaneskamos
90L_10NL,3,90L_10NL_3_1,1,2625,"('sk', 'sk', 'sk')",desbaneskamos,desbaneskamos
90L_10NL,3,90L_10NL_3_1,1,2625,"('sk', 'sk', 'sk')",desbaneskamos,desbaneskamos
90L_10NL,3,90L_10NL_3_1,1,2625,"('sk', 'sk', 'sk')",desbaneskamos,desbaneskamos
90L_10NL,3,90L_10NL_3_1,1,2625,"('sk', 'sk', 'sk')",desbaneskamos,desbaneskamos
90L_10NL,3,90L_10NL_3_1,1,2625,"('sk', 'sk', 'sk')",desbaneskamos,desbaneskamos
90L_10NL,3,90L_10NL_3_1,1,2625,"('sk', 'sk', 'sk')",desbaneskamos,desbaneskamos
90L_10NL,3,90L_10NL_3_1,1,2625,"('sk', 'sk', 'sk')",desbaneskamos,desbaneskamos
90L_10NL,3,90L_10NL_3_1,0,2625,"('sk', 'sk', 'sk')",desbaneskan,desbaneskamos
90L_10NL,3,90L_10NL_3_1,0,2625,"('sk', 'sk', 'sk')",desbaneskan,desbaneskamos
90L_10NL,3,90L_10NL_3_1,0,2625,"('sk', 'sk', 'sk')",desbaneskan,desbaneskamos
90L_10NL,3,90L_10NL_3_1,0,2625,"('sk', 'sk', 'sk')",desbaneskan,desbaneskamos
90L_10NL,3,90L_10NL_3_1,1,1750,"('s', 's', 'sk')",desbaneskan,desbaneskan
90L_10NL,3,90L_10NL_3_1,1,1750,"('s', 's', 'sk')",desbaneskan,desbaneskan
90L_10NL,3,90L_10NL_3_1,1,1750,"('s', 's', 'sk')",desbaneskan,desbaneskan
90L_10NL,3,90L_10NL_3_1,1,1750,"('s', 's', 'sk')",desbaneskan,desbaneskan
90L_10NL,3,90L_10NL_3_1,1,5250,"('s', 'sk', 'sk')",desbaneskan,desbaneskan
90L_10NL,3,90L_10NL_3_1,1,5250,"('s', 'sk', 'sk')",desbaneskan,desbaneskan
90L_10NL,3,90L_10NL_3_1,1,5250,"('s', 'sk', 'sk')",desbaneskan,desbaneskan
90L_10NL,3,90L_10NL_3_1,1,5250,"('s', 'sk', 'sk')",desbaneskan,desbaneskan
90L_10NL,3,90L_10NL_3_1,1,5250,"('s', 'sk', 'sk')",desbaneskan,desbaneskan
90L_10NL,3,90L_10NL_3_1,1,5250,"('s', 'sk', 'sk')",desbaneskan,desbaneskan
90L_10NL,3,90L_10NL_3_1,1,1750,"('s', 's', 'sk')",desbaneskan,desbaneskan
90L_10NL,3,90L_10NL_3_1,1,1750,"('s', 's', 'sk')",desbaneskan,desbaneskan
90L_10NL,3,90L_10NL_3_1,1,1750,"('s', 's', 'sk')",desbaneskan,desbaneskan
90L_10NL,3,90L_10NL_3_1,1,5250,"('s', 'sk', 'sk')",desbaneskan,desbaneskan
90L_10NL,3,90L_10NL_3_1,1,5250,"('s', 'sk', 'sk')",desbaneskan,desbaneskan
90L_10NL,3,90L_10NL_3_1,1,5250,"('s', 'sk', 'sk')",desbaneskan,desbaneskan
90L_10NL,3,90L_10NL_3_1,1,5250,"('s', 'sk', 'sk')",desbaneskan,desbaneskan
90L_10NL,3,90L_10NL_3_1,1,5250,"('s', 'sk', 'sk')",desbaneskan,desbaneskan
90L_10NL,3,90L_10NL_3_1,1,5250,"('s', 'sk', 'sk')",desbaneskan,desbaneskan
90L_10NL,3,90L_10NL_3_1,1,1750,"('s', 's', 'sk')",desbaneskan,desbaneskan
90L_10NL,3,90L_10NL_3_1,1,1750,"('s', 's', 'sk')",desbaneskan,desbaneskan
90L_10NL,3,90L_10NL_3_1,1,5250,"('s', 'sk', 'sk')",desbaneskan,desbaneskan
90L_10NL,3,90L_10NL_3_1,1,5250,"('s', 'sk', 'sk')",desbaneskan,desbaneskan
90L_10NL,3,90L_10NL_3_1,1,5250,"('s', 'sk', 'sk')",desbaneskan,desbaneskan
90L_10NL,3,90L_10NL_3_1,1,5250,"('s', 'sk', 'sk')",desbaneskan,desbaneskan
90L_10NL,3,90L_10NL_3_1,1,5250,"('s', 'sk', 'sk')",desbaneskan,desbaneskan
90L_10NL,3,90L_10NL_3_1,1,5250,"('s', 'sk', 'sk')",desbaneskan,desbaneskan
90L_10NL,3,90L_10NL_3_1,1,1750,"('s', 's', 'sk')",desbaneskan,desbaneskan
90L_10NL,3,90L_10NL_3_1,1,5250,"('s', 'sk', 'sk')",desbaneskan,desbaneskan
90L_10NL,3,90L_10NL_3_1,1,5250,"('s', 'sk', 'sk')",desbaneskan,desbaneskan
90L_10NL,3,90L_10NL_3_1,1,5250,"('s', 'sk', 'sk')",desbaneskan,desbaneskan
90L_10NL,3,90L_10NL_3_1,1,5250,"('s', 'sk', 'sk')",desbaneskan,desbaneskan
90L_10NL,3,90L_10NL_3_1,1,5250,"('s', 'sk', 'sk')",desbaneskan,desbaneskan
90L_10NL,3,90L_10NL_3_1,1,5250,"('s', 'sk', 'sk')",desbaneskan,desbaneskan
90L_10NL,3,90L_10NL_3_1,1,5250,"('s', 'sk', 'sk')",desbaneskan,desbaneskan
90L_10NL,3,90L_10NL_3_1,1,5250,"('s', 'sk', 'sk')",desbaneskan,desbaneskan
90L_10NL,3,90L_10NL_3_1,1,5250,"('s', 'sk', 'sk')",desbaneskan,desbaneskan
90L_10NL,3,90L_10NL_3_1,1,5250,"('s', 'sk', 'sk')",desbaneskan,desbaneskan
90L_10NL,3,90L_10NL_3_1,1,5250,"('s', 'sk', 'sk')",desbaneskan,desbaneskan
90L_10NL,3,90L_10NL_3_1,1,5250,"('s', 'sk', 'sk')",desbaneskan,desbaneskan
90L_10NL,3,90L_10NL_3_1,1,2625,"('sk', 'sk', 'sk')",desbaneskan,desbaneskan
90L_10NL,3,90L_10NL_3_1,1,2625,"('sk', 'sk', 'sk')",desbaneskan,desbaneskan
90L_10NL,3,90L_10NL_3_1,1,2625,"('sk', 'sk', 'sk')",desbaneskan,desbaneskan
90L_10NL,3,90L_10NL_3_1,1,2625,"('sk', 'sk', 'sk')",desbaneskan,desbaneskan
90L_10NL,3,90L_10NL_3_1,1,2625,"('sk', 'sk', 'sk')",desbaneskan,desbaneskan
90L_10NL,3,90L_10NL_3_1,1,2625,"('sk', 'sk', 'sk')",desbaneskan,desbaneskan
90L_10NL,3,90L_10NL_3_1,1,2625,"('sk', 'sk', 'sk')",desbaneskan,desbaneskan
90L_10NL,3,90L_10NL_3_1,1,2625,"('sk', 'sk', 'sk')",desbaneskan,desbaneskan
90L_10NL,3,90L_10NL_3_1,1,2625,"('sk', 'sk', 'sk')",desbaneskan,desbaneskan
90L_10NL,3,90L_10NL_3_1,1,2625,"('sk', 'sk', 'sk')",desbaneskan,desbaneskan
90L_10NL,3,90L_10NL_3_1,1,2625,"('sk', 'sk', 'sk')",desbaneskan,desbaneskan
90L_10NL,3,90L_10NL_3_1,0,2625,"('sk', 'sk', 'sk')",desbaneskas,desbaneskan
90L_10NL,3,90L_10NL_3_1,0,2625,"('sk', 'sk', 'sk')",desbaneskas,desbaneskan
90L_10NL,3,90L_10NL_3_1,0,2625,"('sk', 'sk', 'sk')",desbaneskas,desbaneskan
90L_10NL,3,90L_10NL_3_1,0,2625,"('sk', 'sk', 'sk')",desbaneskas,desbaneskan
90L_10NL,3,90L_10NL_3_1,1,1750,"('s', 's', 'sk')",desbaneskas,desbaneskas
90L_10NL,3,90L_10NL_3_1,1,1750,"('s', 's', 'sk')",desbaneskas,desbaneskas
90L_10NL,3,90L_10NL_3_1,1,1750,"('s', 's', 'sk')",desbaneskas,desbaneskas
90L_10NL,3,90L_10NL_3_1,1,1750,"('s', 's', 'sk')",desbaneskas,desbaneskas
90L_10NL,3,90L_10NL_3_1,1,5250,"('s', 'sk', 'sk')",desbaneskas,desbaneskas
90L_10NL,3,90L_10NL_3_1,1,5250,"('s', 'sk', 'sk')",desbaneskas,desbaneskas
90L_10NL,3,90L_10NL_3_1,1,5250,"('s', 'sk', 'sk')",desbaneskas,desbaneskas
90L_10NL,3,90L_10NL_3_1,1,5250,"('s', 'sk', 'sk')",desbaneskas,desbaneskas
90L_10NL,3,90L_10NL_3_1,1,5250,"('s', 'sk', 'sk')",desbaneskas,desbaneskas
90L_10NL,3,90L_10NL_3_1,1,5250,"('s', 'sk', 'sk')",desbaneskas,desbaneskas
90L_10NL,3,90L_10NL_3_1,1,1750,"('s', 's', 'sk')",desbaneskas,desbaneskas
90L_10NL,3,90L_10NL_3_1,1,1750,"('s', 's', 'sk')",desbaneskas,desbaneskas
90L_10NL,3,90L_10NL_3_1,1,1750,"('s', 's', 'sk')",desbaneskas,desbaneskas
90L_10NL,3,90L_10NL_3_1,1,5250,"('s', 'sk', 'sk')",desbaneskas,desbaneskas
90L_10NL,3,90L_10NL_3_1,1,5250,"('s', 'sk', 'sk')",desbaneskas,desbaneskas
90L_10NL,3,90L_10NL_3_1,1,5250,"('s', 'sk', 'sk')",desbaneskas,desbaneskas
90L_10NL,3,90L_10NL_3_1,1,5250,"('s', 'sk', 'sk')",desbaneskas,desbaneskas
90L_10NL,3,90L_10NL_3_1,1,5250,"('s', 'sk', 'sk')",desbaneskas,desbaneskas
90L_10NL,3,90L_10NL_3_1,1,5250,"('s', 'sk', 'sk')",desbaneskas,desbaneskas
90L_10NL,3,90L_10NL_3_1,1,1750,"('s', 's', 'sk')",desbaneskas,desbaneskas
90L_10NL,3,90L_10NL_3_1,1,1750,"('s', 's', 'sk')",desbaneskas,desbaneskas
90L_10NL,3,90L_10NL_3_1,1,5250,"('s', 'sk', 'sk')",desbaneskas,desbaneskas
90L_10NL,3,90L_10NL_3_1,1,5250,"('s', 'sk', 'sk')",desbaneskas,desbaneskas
90L_10NL,3,90L_10NL_3_1,1,5250,"('s', 'sk', 'sk')",desbaneskas,desbaneskas
90L_10NL,3,90L_10NL_3_1,1,5250,"('s', 'sk', 'sk')",desbaneskas,desbaneskas
90L_10NL,3,90L_10NL_3_1,1,5250,"('s', 'sk', 'sk')",desbaneskas,desbaneskas
90L_10NL,3,90L_10NL_3_1,1,5250,"('s', 'sk', 'sk')",desbaneskas,desbaneskas
90L_10NL,3,90L_10NL_3_1,1,1750,"('s', 's', 'sk')",desbaneskas,desbaneskas
90L_10NL,3,90L_10NL_3_1,1,5250,"('s', 'sk', 'sk')",desbaneskas,desbaneskas
90L_10NL,3,90L_10NL_3_1,1,5250,"('s', 'sk', 'sk')",desbaneskas,desbaneskas
90L_10NL,3,90L_10NL_3_1,1,5250,"('s', 'sk', 'sk')",desbaneskas,desbaneskas
90L_10NL,3,90L_10NL_3_1,1,5250,"('s', 'sk', 'sk')",desbaneskas,desbaneskas
90L_10NL,3,90L_10NL_3_1,1,5250,"('s', 'sk', 'sk')",desbaneskas,desbaneskas
90L_10NL,3,90L_10NL_3_1,1,5250,"('s', 'sk', 'sk')",desbaneskas,desbaneskas
90L_10NL,3,90L_10NL_3_1,1,5250,"('s', 'sk', 'sk')",desbaneskas,desbaneskas
90L_10NL,3,90L_10NL_3_1,1,5250,"('s', 'sk', 'sk')",desbaneskas,desbaneskas
90L_10NL,3,90L_10NL_3_1,1,5250,"('s', 'sk', 'sk')",desbaneskas,desbaneskas
90L_10NL,3,90L_10NL_3_1,1,5250,"('s', 'sk', 'sk')",desbaneskas,desbaneskas
90L_10NL,3,90L_10NL_3_1,1,5250,"('s', 'sk', 'sk')",desbaneskas,desbaneskas
90L_10NL,3,90L_10NL_3_1,1,5250,"('s', 'sk', 'sk')",desbaneskas,desbaneskas
90L_10NL,3,90L_10NL_3_1,1,2625,"('sk', 'sk', 'sk')",desbaneskas,desbaneskas
90L_10NL,3,90L_10NL_3_1,1,2625,"('sk', 'sk', 'sk')",desbaneskas,desbaneskas
90L_10NL,3,90L_10NL_3_1,1,2625,"('sk', 'sk', 'sk')",desbaneskas,desbaneskas
90L_10NL,3,90L_10NL_3_1,1,2625,"('sk', 'sk', 'sk')",desbaneskas,desbaneskas
90L_10NL,3,90L_10NL_3_1,1,2625,"('sk', 'sk', 'sk')",desbaneskas,desbaneskas
90L_10NL,3,90L_10NL_3_1,1,2625,"('sk', 'sk', 'sk')",desbaneskas,desbaneskas
90L_10NL,3,90L_10NL_3_1,1,2625,"('sk', 'sk', 'sk')",desbaneskas,desbaneskas
90L_10NL,3,90L_10NL_3_1,1,2625,"('sk', 'sk', 'sk')",desbaneskas,desbaneskas
90L_10NL,3,90L_10NL_3_1,1,2625,"('sk', 'sk', 'sk')",desbaneskas,desbaneskas
90L_10NL,3,90L_10NL_3_1,1,2625,"('sk', 'sk', 'sk')",desbaneskas,desbaneskas
90L_10NL,3,90L_10NL_3_1,1,2625,"('sk', 'sk', 'sk')",desbaneskas,desbaneskas
90L_10NL,3,90L_10NL_3_1,0,2625,"('sk', 'sk', 'sk')",desbaneska,desbaneskas
90L_10NL,3,90L_10NL_3_1,0,2625,"('sk', 'sk', 'sk')",desbaneska,desbaneskas
90L_10NL,3,90L_10NL_3_1,0,2625,"('sk', 'sk', 'sk')",desbaneska,desbaneskas
90L_10NL,3,90L_10NL_3_1,0,2625,"('sk', 'sk', 'sk')",desbaneska,desbaneskas
90L_10NL,3,90L_10NL_3_1,1,1750,"('s', 's', 'sk')",desbaneska,desbaneska
90L_10NL,3,90L_10NL_3_1,1,1750,"('s', 's', 'sk')",desbaneska,desbaneska
90L_10NL,3,90L_10NL_3_1,1,1750,"('s', 's', 'sk')",desbaneska,desbaneska
90L_10NL,3,90L_10NL_3_1,1,1750,"('s', 's', 'sk')",desbaneska,desbaneska
90L_10NL,3,90L_10NL_3_1,1,5250,"('s', 'sk', 'sk')",desbaneska,desbaneska
90L_10NL,3,90L_10NL_3_1,1,5250,"('s', 'sk', 'sk')",desbaneska,desbaneska
90L_10NL,3,90L_10NL_3_1,1,5250,"('s', 'sk', 'sk')",desbaneska,desbaneska
90L_10NL,3,90L_10NL_3_1,1,5250,"('s', 'sk', 'sk')",desbaneska,desbaneska
90L_10NL,3,90L_10NL_3_1,1,5250,"('s', 'sk', 'sk')",desbaneska,desbaneska
90L_10NL,3,90L_10NL_3_1,1,5250,"('s', 'sk', 'sk')",desbaneska,desbaneska
90L_10NL,3,90L_10NL_3_1,1,1750,"('s', 's', 'sk')",desbaneska,desbaneska
90L_10NL,3,90L_10NL_3_1,1,1750,"('s', 's', 'sk')",desbaneska,desbaneska
90L_10NL,3,90L_10NL_3_1,1,1750,"('s', 's', 'sk')",desbaneska,desbaneska
90L_10NL,3,90L_10NL_3_1,1,5250,"('s', 'sk', 'sk')",desbaneska,desbaneska
90L_10NL,3,90L_10NL_3_1,1,5250,"('s', 'sk', 'sk')",desbaneska,desbaneska
90L_10NL,3,90L_10NL_3_1,1,5250,"('s', 'sk', 'sk')",desbaneska,desbaneska
90L_10NL,3,90L_10NL_3_1,1,5250,"('s', 'sk', 'sk')",desbaneska,desbaneska
90L_10NL,3,90L_10NL_3_1,1,5250,"('s', 'sk', 'sk')",desbaneska,desbaneska
90L_10NL,3,90L_10NL_3_1,1,5250,"('s', 'sk', 'sk')",desbaneska,desbaneska
90L_10NL,3,90L_10NL_3_1,1,1750,"('s', 's', 'sk')",desbaneska,desbaneska
90L_10NL,3,90L_10NL_3_1,1,1750,"('s', 's', 'sk')",desbaneska,desbaneska
90L_10NL,3,90L_10NL_3_1,1,5250,"('s', 'sk', 'sk')",desbaneska,desbaneska
90L_10NL,3,90L_10NL_3_1,1,5250,"('s', 'sk', 'sk')",desbaneska,desbaneska
90L_10NL,3,90L_10NL_3_1,1,5250,"('s', 'sk', 'sk')",desbaneska,desbaneska
90L_10NL,3,90L_10NL_3_1,1,5250,"('s', 'sk', 'sk')",desbaneska,desbaneska
90L_10NL,3,90L_10NL_3_1,1,5250,"('s', 'sk', 'sk')",desbaneska,desbaneska
90L_10NL,3,90L_10NL_3_1,1,5250,"('s', 'sk', 'sk')",desbaneska,desbaneska
90L_10NL,3,90L_10NL_3_1,1,1750,"('s', 's', 'sk')",desbaneska,desbaneska
90L_10NL,3,90L_10NL_3_1,1,5250,"('s', 'sk', 'sk')",desbaneska,desbaneska
90L_10NL,3,90L_10NL_3_1,1,5250,"('s', 'sk', 'sk')",desbaneska,desbaneska
90L_10NL,3,90L_10NL_3_1,1,5250,"('s', 'sk', 'sk')",desbaneska,desbaneska
90L_10NL,3,90L_10NL_3_1,1,5250,"('s', 'sk', 'sk')",desbaneska,desbaneska
90L_10NL,3,90L_10NL_3_1,1,5250,"('s', 'sk', 'sk')",desbaneska,desbaneska
90L_10NL,3,90L_10NL_3_1,1,5250,"('s', 'sk', 'sk')",desbaneska,desbaneska
90L_10NL,3,90L_10NL_3_1,1,5250,"('s', 'sk', 'sk')",desbaneska,desbaneska
90L_10NL,3,90L_10NL_3_1,1,5250,"('s', 'sk', 'sk')",desbaneska,desbaneska
90L_10NL,3,90L_10NL_3_1,1,5250,"('s', 'sk', 'sk')",desbaneska,desbaneska
90L_10NL,3,90L_10NL_3_1,1,5250,"('s', 'sk', 'sk')",desbaneska,desbaneska
90L_10NL,3,90L_10NL_3_1,1,5250,"('s', 'sk', 'sk')",desbaneska,desbaneska
90L_10NL,3,90L_10NL_3_1,1,5250,"('s', 'sk', 'sk')",desbaneska,desbaneska
90L_10NL,3,90L_10NL_3_1,1,2625,"('sk', 'sk', 'sk')",desbaneska,desbaneska
90L_10NL,3,90L_10NL_3_1,1,2625,"('sk', 'sk', 'sk')",desbaneska,desbaneska
90L_10NL,3,90L_10NL_3_1,1,2625,"('sk', 'sk', 'sk')",desbaneska,desbaneska
90L_10NL,3,90L_10NL_3_1,1,2625,"('sk', 'sk', 'sk')",desbaneska,desbaneska
90L_10NL,3,90L_10NL_3_1,1,2625,"('sk', 'sk', 'sk')",desbaneska,desbaneska
90L_10NL,3,90L_10NL_3_1,1,2625,"('sk', 'sk', 'sk')",desbaneska,desbaneska
90L_10NL,3,90L_10NL_3_1,1,2625,"('sk', 'sk', 'sk')",desbaneska,desbaneska
90L_10NL,3,90L_10NL_3_1,1,2625,"('sk', 'sk', 'sk')",desbaneska,desbaneska
90L_10NL,3,90L_10NL_3_1,1,2625,"('sk', 'sk', 'sk')",desbaneska,desbaneska
90L_10NL,3,90L_10NL_3_1,1,2625,"('sk', 'sk', 'sk')",desbaneska,desbaneska
90L_10NL,3,90L_10NL_3_1,1,2625,"('sk', 'sk', 'sk')",desbaneska,desbaneska
90L_10NL,3,90L_10NL_3_1,1,2625,"('sk', 'sk', 'sk')",desbaneska,desbaneska
90L_10NL,3,90L_10NL_3_1,1,2625,"('sk', 'sk', 'sk')",desbaneska,desbaneska
90L_10NL,3,90L_10NL_3_1,1,2625,"('sk', 'sk', 'sk')",desbaneska,desbaneska
90L_10NL,3,90L_10NL_3_1,1,2625,"('sk', 'sk', 'sk')",desbaneska,desbaneska
90L_10NL,3,90L_10NL_3_1,1,1750,"('s', 's', 'sk')",desbaneska,desbaneska
90L_10NL,3,90L_10NL_3_1,1,1750,"('s', 's', 'sk')",desbaneska,desbaneska
90L_10NL,3,90L_10NL_3_1,1,1750,"('s', 's', 'sk')",desbaneska,desbaneska
90L_10NL,3,90L_10NL_3_1,1,1750,"('s', 's', 'sk')",desbaneska,desbaneska
90L_10NL,3,90L_10NL_3_1,1,5250,"('s', 'sk', 'sk')",desbaneska,desbaneska
90L_10NL,3,90L_10NL_3_1,1,5250,"('s', 'sk', 'sk')",desbaneska,desbaneska
90L_10NL,3,90L_10NL_3_1,1,5250,"('s', 'sk', 'sk')",desbaneska,desbaneska
90L_10NL,3,90L_10NL_3_1,1,5250,"('s', 'sk', 'sk')",desbaneska,desbaneska
90L_10NL,3,90L_10NL_3_1,1,5250,"('s', 'sk', 'sk')",desbaneska,desbaneska
90L_10NL,3,90L_10NL_3_1,1,5250,"('s', 'sk', 'sk')",desbaneska,desbaneska
90L_10NL,3,90L_10NL_3_1,1,1750,"('s', 's', 'sk')",desbaneska,desbaneska
90L_10NL,3,90L_10NL_3_1,1,1750,"('s', 's', 'sk')",desbaneska,desbaneska
90L_10NL,3,90L_10NL_3_1,1,1750,"('s', 's', 'sk')",desbaneska,desbaneska
90L_10NL,3,90L_10NL_3_1,1,5250,"('s', 'sk', 'sk')",desbaneska,desbaneska
90L_10NL,3,90L_10NL_3_1,1,5250,"('s', 'sk', 'sk')",desbaneska,desbaneska
90L_10NL,3,90L_10NL_3_1,1,5250,"('s', 'sk', 'sk')",desbaneska,desbaneska
90L_10NL,3,90L_10NL_3_1,1,5250,"('s', 'sk', 'sk')",desbaneska,desbaneska
90L_10NL,3,90L_10NL_3_1,1,5250,"('s', 'sk', 'sk')",desbaneska,desbaneska
90L_10NL,3,90L_10NL_3_1,1,5250,"('s', 'sk', 'sk')",desbaneska,desbaneska
90L_10NL,3,90L_10NL_3_1,1,1750,"('s', 's', 'sk')",desbaneska,desbaneska
90L_10NL,3,90L_10NL_3_1,1,1750,"('s', 's', 'sk')",desbaneska,desbaneska
90L_10NL,3,90L_10NL_3_1,1,5250,"('s', 'sk', 'sk')",desbaneska,desbaneska
90L_10NL,3,90L_10NL_3_1,1,5250,"('s', 'sk', 'sk')",desbaneska,desbaneska
90L_10NL,3,90L_10NL_3_1,1,5250,"('s', 'sk', 'sk')",desbaneska,desbaneska
90L_10NL,3,90L_10NL_3_1,1,5250,"('s', 'sk', 'sk')",desbaneska,desbaneska
90L_10NL,3,90L_10NL_3_1,1,5250,"('s', 'sk', 'sk')",desbaneska,desbaneska
90L_10NL,3,90L_10NL_3_1,1,5250,"('s', 'sk', 'sk')",desbaneska,desbaneska
90L_10NL,3,90L_10NL_3_1,1,1750,"('s', 's', 'sk')",desbaneska,desbaneska
90L_10NL,3,90L_10NL_3_1,1,5250,"('s', 'sk', 'sk')",desbaneska,desbaneska
90L_10NL,3,90L_10NL_3_1,1,5250,"('s', 'sk', 'sk')",desbaneska,desbaneska
90L_10NL,3,90L_10NL_3_1,1,5250,"('s', 'sk', 'sk')",desbaneska,desbaneska
90L_10NL,3,90L_10NL_3_1,1,5250,"('s', 'sk', 'sk')",desbaneska,desbaneska
90L_10NL,3,90L_10NL_3_1,1,5250,"('s', 'sk', 'sk')",desbaneska,desbaneska
90L_10NL,3,90L_10NL_3_1,1,5250,"('s', 'sk', 'sk')",desbaneska,desbaneska
90L_10NL,3,90L_10NL_3_1,1,5250,"('s', 'sk', 'sk')",desbaneska,desbaneska
90L_10NL,3,90L_10NL_3_1,1,5250,"('s', 'sk', 'sk')",desbaneska,desbaneska
90L_10NL,3,90L_10NL_3_1,1,5250,"('s', 'sk', 'sk')",desbaneska,desbaneska
90L_10NL,3,90L_10NL_3_1,1,5250,"('s', 'sk', 'sk')",desbaneska,desbaneska
90L_10NL,3,90L_10NL_3_1,1,5250,"('s', 'sk', 'sk')",desbaneska,desbaneska
90L_10NL,3,90L_10NL_3_1,1,5250,"('s', 'sk', 'sk')",desbaneska,desbaneska
90L_10NL,3,90L_10NL_3_1,1,2625,"('sk', 'sk', 'sk')",desbaneska,desbaneska
90L_10NL,3,90L_10NL_3_1,1,2625,"('sk', 'sk', 'sk')",desbaneska,desbaneska
90L_10NL,3,90L_10NL_3_1,1,2625,"('sk', 'sk', 'sk')",desbaneska,desbaneska
90L_10NL,3,90L_10NL_3_1,1,2625,"('sk', 'sk', 'sk')",desbaneska,desbaneska
90L_10NL,3,90L_10NL_3_1,1,2625,"('sk', 'sk', 'sk')",desbaneska,desbaneska
90L_10NL,3,90L_10NL_3_1,1,2625,"('sk', 'sk', 'sk')",desbaneska,desbaneska
90L_10NL,3,90L_10NL_3_1,1,2625,"('sk', 'sk', 'sk')",desbaneska,desbaneska
90L_10NL,3,90L_10NL_3_1,1,2625,"('sk', 'sk', 'sk')",desbaneska,desbaneska
90L_10NL,3,90L_10NL_3_1,1,2625,"('sk', 'sk', 'sk')",desbaneska,desbaneska
90L_10NL,3,90L_10NL_3_1,1,2625,"('sk', 'sk', 'sk')",desbaneska,desbaneska
90L_10NL,3,90L_10NL_3_1,1,2625,"('sk', 'sk', 'sk')",desbaneska,desbaneska
90L_10NL,3,90L_10NL_3_1,0,2625,"('sk', 'sk', 'sk')",desbanesko,desbaneska
90L_10NL,3,90L_10NL_3_1,0,2625,"('sk', 'sk', 'sk')",desbanesko,desbaneska
90L_10NL,3,90L_10NL_3_1,0,2625,"('sk', 'sk', 'sk')",desbanesko,desbaneska
90L_10NL,3,90L_10NL_3_1,0,2625,"('sk', 'sk', 'sk')",desbanesko,desbaneska
90L_10NL,3,90L_10NL_3_1,1,1750,"('s', 's', 'sk')",desbanesko,desbanesko
90L_10NL,3,90L_10NL_3_1,1,1750,"('s', 's', 'sk')",desbanesko,desbanesko
90L_10NL,3,90L_10NL_3_1,1,1750,"('s', 's', 'sk')",desbanesko,desbanesko
90L_10NL,3,90L_10NL_3_1,1,1750,"('s', 's', 'sk')",desbanesko,desbanesko
90L_10NL,3,90L_10NL_3_1,1,5250,"('s', 'sk', 'sk')",desbanesko,desbanesko
90L_10NL,3,90L_10NL_3_1,1,5250,"('s', 'sk', 'sk')",desbanesko,desbanesko
90L_10NL,3,90L_10NL_3_1,1,5250,"('s', 'sk', 'sk')",desbanesko,desbanesko
90L_10NL,3,90L_10NL_3_1,1,5250,"('s', 'sk', 'sk')",desbanesko,desbanesko
90L_10NL,3,90L_10NL_3_1,1,5250,"('s', 'sk', 'sk')",desbanesko,desbanesko
90L_10NL,3,90L_10NL_3_1,1,5250,"('s', 'sk', 'sk')",desbanesko,desbanesko
90L_10NL,3,90L_10NL_3_1,1,1750,"('s', 's', 'sk')",desbanesko,desbanesko
90L_10NL,3,90L_10NL_3_1,1,1750,"('s', 's', 'sk')",desbanesko,desbanesko
90L_10NL,3,90L_10NL_3_1,1,1750,"('s', 's', 'sk')",desbanesko,desbanesko
90L_10NL,3,90L_10NL_3_1,1,5250,"('s', 'sk', 'sk')",desbanesko,desbanesko
90L_10NL,3,90L_10NL_3_1,1,5250,"('s', 'sk', 'sk')",desbanesko,desbanesko
90L_10NL,3,90L_10NL_3_1,1,5250,"('s', 'sk', 'sk')",desbanesko,desbanesko
90L_10NL,3,90L_10NL_3_1,1,5250,"('s', 'sk', 'sk')",desbanesko,desbanesko
90L_10NL,3,90L_10NL_3_1,1,5250,"('s', 'sk', 'sk')",desbanesko,desbanesko
90L_10NL,3,90L_10NL_3_1,1,5250,"('s', 'sk', 'sk')",desbanesko,desbanesko
90L_10NL,3,90L_10NL_3_1,1,1750,"('s', 's', 'sk')",desbanesko,desbanesko
90L_10NL,3,90L_10NL_3_1,1,1750,"('s', 's', 'sk')",desbanesko,desbanesko
90L_10NL,3,90L_10NL_3_1,1,5250,"('s', 'sk', 'sk')",desbanesko,desbanesko
90L_10NL,3,90L_10NL_3_1,1,5250,"('s', 'sk', 'sk')",desbanesko,desbanesko
90L_10NL,3,90L_10NL_3_1,1,5250,"('s', 'sk', 'sk')",desbanesko,desbanesko
90L_10NL,3,90L_10NL_3_1,1,5250,"('s', 'sk', 'sk')",desbanesko,desbanesko
90L_10NL,3,90L_10NL_3_1,1,5250,"('s', 'sk', 'sk')",desbanesko,desbanesko
90L_10NL,3,90L_10NL_3_1,1,5250,"('s', 'sk', 'sk')",desbanesko,desbanesko
90L_10NL,3,90L_10NL_3_1,1,1750,"('s', 's', 'sk')",desbanesko,desbanesko
90L_10NL,3,90L_10NL_3_1,1,5250,"('s', 'sk', 'sk')",desbanesko,desbanesko
90L_10NL,3,90L_10NL_3_1,1,5250,"('s', 'sk', 'sk')",desbanesko,desbanesko
90L_10NL,3,90L_10NL_3_1,1,5250,"('s', 'sk', 'sk')",desbanesko,desbanesko
90L_10NL,3,90L_10NL_3_1,1,5250,"('s', 'sk', 'sk')",desbanesko,desbanesko
90L_10NL,3,90L_10NL_3_1,1,5250,"('s', 'sk', 'sk')",desbanesko,desbanesko
90L_10NL,3,90L_10NL_3_1,1,5250,"('s', 'sk', 'sk')",desbanesko,desbanesko
90L_10NL,3,90L_10NL_3_1,1,5250,"('s', 'sk', 'sk')",desbanesko,desbanesko
90L_10NL,3,90L_10NL_3_1,1,5250,"('s', 'sk', 'sk')",desbanesko,desbanesko
90L_10NL,3,90L_10NL_3_1,1,5250,"('s', 'sk', 'sk')",desbanesko,desbanesko
90L_10NL,3,90L_10NL_3_1,1,5250,"('s', 'sk', 'sk')",desbanesko,desbanesko
90L_10NL,3,90L_10NL_3_1,1,5250,"('s', 'sk', 'sk')",desbanesko,desbanesko
90L_10NL,3,90L_10NL_3_1,1,5250,"('s', 'sk', 'sk')",desbanesko,desbanesko
90L_10NL,3,90L_10NL_3_1,1,2625,"('sk', 'sk', 'sk')",desbanesko,desbanesko
90L_10NL,3,90L_10NL_3_1,1,2625,"('sk', 'sk', 'sk')",desbanesko,desbanesko
90L_10NL,3,90L_10NL_3_1,1,2625,"('sk', 'sk', 'sk')",desbanesko,desbanesko
90L_10NL,3,90L_10NL_3_1,1,2625,"('sk', 'sk', 'sk')",desbanesko,desbanesko
90L_10NL,3,90L_10NL_3_1,1,2625,"('sk', 'sk', 'sk')",desbanesko,desbanesko
90L_10NL,3,90L_10NL_3_1,1,2625,"('sk', 'sk', 'sk')",desbanesko,desbanesko
90L_10NL,3,90L_10NL_3_1,1,2625,"('sk', 'sk', 'sk')",desbanesko,desbanesko
90L_10NL,3,90L_10NL_3_1,1,2625,"('sk', 'sk', 'sk')",desbanesko,desbanesko
90L_10NL,3,90L_10NL_3_1,1,2625,"('sk', 'sk', 'sk')",desbanesko,desbanesko
90L_10NL,3,90L_10NL_3_1,1,2625,"('sk', 'sk', 'sk')",desbanesko,desbanesko
90L_10NL,3,90L_10NL_3_1,1,2625,"('sk', 'sk', 'sk')",desbanesko,desbanesko
90L_10NL,3,90L_10NL_3_1,0,2625,"('sk', 'sk', 'sk')",entaʃajs,desbanesko
90L_10NL,3,90L_10NL_3_1,0,2625,"('sk', 'sk', 'sk')",entaʃajs,desbanesko
90L_10NL,3,90L_10NL_3_1,0,2625,"('sk', 'sk', 'sk')",entaʃajs,desbanesko
90L_10NL,3,90L_10NL_3_1,0,2625,"('sk', 'sk', 'sk')",entaʃajs,desbanesko
